2827	-0.0601503759398496
2828	-0.0601503759398496
2829	-0.0751879699248121
2840	-0.157894736842105
2841	-0.165413533834586
2848	-0.0977443609022555
2849	-0.0977443609022555
2858	-0.120300751879699
2859	-0.105263157894737
2860	-0.0827067669172932
2861	-0.0676691729323307
2862	-0.0751879699248121
2863	-0.0902255639097744
2864	-0.0977443609022555
2865	-0.0902255639097744
2866	-0.0902255639097744
5549	-0.781954887218045
5550	-0.759398496240602
5551	-0.774436090225564
5552	-0.674436090225564
5553	-0.704511278195489
5554	-0.781954887218045
5555	-0.774436090225564
5556	-0.774436090225564
5557	-0.804511278195489
5558	-0.81203007518797
5559	-0.81203007518797
5560	-0.789473684210526
5561	-0.789473684210526
5562	-0.81203007518797
5563	-0.81203007518797
5564	-0.834586466165413
5565	-0.81203007518797
5566	-0.849624060150376
5568	-0.857142857142857
5569	-0.864661654135338
5570	-0.834586466165413
5571	-0.819548872180451
5572	-0.827067669172932
5733	-0.744360902255639
5734	-0.736842105263158
5738	-0.706766917293233
5739	-0.714285714285714
5740	-0.691729323308271
5741	-0.584210526315789
5742	-0.591729323308271
5743	-0.584210526315789
5744	-0.584210526315789
5745	-0.584210526315789
5746	-0.576691729323308
5747	-0.591729323308271
5748	-0.599248120300752
5749	-0.606766917293233
5750	-0.569172932330827
5751	-0.584210526315789
5752	-0.599248120300752
5753	-0.599248120300752
5754	-0.606766917293233
5755	-0.469172932330827
5756	-0.476691729323308
5757	-0.491729323308271
5758	-0.536842105263158
5759	-0.514285714285714
5760	-0.484210526315789
5761	-0.506766917293233
5762	-0.584210526315789
5763	-0.699248120300752
5764	-0.661654135338346
5765	-0.646616541353383
5766	-0.661654135338346
5767	-0.729323308270677
5768	-0.629323308270677
5769	-0.614285714285714
5770	-0.721804511278195
5771	-0.736842105263158
5772	-0.736842105263158
5773	-0.699248120300752
5774	-0.706766917293233
5775	-0.691729323308271
5776	-0.699248120300752
5777	-0.691729323308271
