2	0.112275132275132
3	0.247407407407407
4	0.391216931216931
5	0.513544973544974
6	0.583280423280423
7	0.678624338624339
8	0.811005291005291
9	0.887830687830688
10	0.951851851851852
11	1.0357671957672
12	1.0826455026455
13	1.19513227513228
14	1.27767195767196
15	1.30603174603175
16	1.44275132275132
17	1.53809523809524
18	1.60349206349206
19	1.80148148148148
20	1.97227513227513
21	1.99925925925926
22	1.9805291005291
23	2.1442328042328
24	2.31798941798942
25	2.40624338624339
26	2.4231746031746
27	2.59121693121693
28	2.70507936507936
29	2.82603174603175
30	2.94835978835979
31	3.02084656084656
32	3.06634920634921
33	3.21724867724868
34	3.22433862433862
35	3.35100529100529
36	3.38232804232804
37	3.36243386243386
38	3.44359788359788
39	3.47354497354497
40	3.46349206349206
41	3.56042328042328
42	3.56042328042328
43	3.62444444444444
44	3.54328042328042
45	3.66285714285714
46	3.8978835978836
47	3.89216931216931
48	3.97058201058201
49	4.05883597883598
50	4.03597883597884
51	4.0231746031746
52	4.17407407407407
53	4.22529100529101
54	4.30074074074074
55	4.42740740740741
56	4.44021164021164
57	4.45439153439153
58	4.64825396825397
59	4.68232804232804
60	4.64232804232804
61	4.76190476190476
62	5.01407407407407
63	5.12222222222222
64	5.0778835978836
65	5.23037037037037
66	5.38994708994709
67	5.54518518518518
68	5.75301587301587
69	6.08910052910053
70	6.33534391534392
71	6.35386243386243
72	6.48920634920635
73	6.61724867724868
74	5.61100529100529
75	6.88793650793651
76	7.06169312169312
77	7.10994708994709
78	7.29354497354498
79	7.34201058201058
80	7.37195767195767
81	7.49862433862434
82	7.4615873015873
83	7.65248677248677
84	7.8447619047619
85	7.73502645502646
86	8.00571428571429
87	8.15386243386243
88	8.10539682539683
89	8.36899470899471
90	8.32624338624339
91	8.28920634920635
92	8.27640211640212
93	8.52148148148148
94	8.45587301587302
95	8.52719576719577
96	8.75513227513228
97	8.97005291005291
98	9.11798941798942
99	9.05534391534392
100	9.17925925925926
101	9.25904761904762
102	9.35576719576719
103	9.24190476190476
104	9.31322751322752
105	9.23640211640212
106	9.21650793650794
107	9.31756613756614
108	9.3189417989418
109	9.26063492063492
110	9.2805291005291
111	9.22634920634921
112	9.19502645502646
113	9.09121693121693
114	8.90328042328042
115	8.98010582010582
116	9.15523809523809
117	9.02285714285714
118	9.06402116402116
119	9.0994708994709
120	8.98402116402116
121	9.02656084656085
122	8.78857142857143
123	9.02359788359789
124	8.965291005291
125	8.74010582010582
126	8.85830687830688
127	8.82973544973545
128	8.98222222222222
129	8.99640211640212
130	9.22433862433862
131	9.06613756613757
132	8.90793650793651
133	8.68730158730159
134	8.45523809523809
135	8.34412698412699
136	8.34433862433863
137	8.19047619047619
138	8.24190476190476
139	8.20486772486773
140	8.05968253968254
141	7.78761904761905
142	7.57820105820106
143	7.40031746031746
144	7.34613756613757
145	7.32328042328042
146	7.15089947089947
147	7.2178835978836
148	6.97714285714286
149	7.03978835978836
150	7.11386243386243
151	7.05121693121693
152	6.96
153	6.94010582010582
154	6.84063492063492
155	6.59439153439154
156	6.53746031746032
157	6.68582010582011
158	6.5847619047619
159	6.37534391534392
160	6.35957671957672
161	6.36253968253968
162	6.30835978835979
163	6.39820105820106
164	6.20296296296296
165	5.96497354497354
166	5.83671957671958
167	5.82253968253968
168	5.80560846560847
169	5.7941798941799
170	5.72010582010582
171	5.7941798941799
172	5.60465608465608
173	5.80402116402116
174	5.64582010582011
175	5.70137566137566
176	5.63851851851852
177	5.75809523809524
178	5.82232804232804
179	5.92772486772487
180	5.82095238095238
181	5.86804232804233
182	5.87513227513227
183	5.81820105820106
184	5.85386243386243
185	5.88952380952381
186	5.9194708994709
187	6.05915343915344
188	5.95809523809524
189	5.9837037037037
190	6.06190476190476
191	6.20137566137566
192	6.14719576719577
193	5.96042328042328
194	6.11978835978836
195	6.23089947089947
196	6.40899470899471
197	6.48719576719577
198	6.56402116402116
199	6.43005291005291
200	6.33470899470899
201	6.47301587301587
202	6.38179894179894
203	6.34455026455026
204	6.2789417989418
205	6.33174603174603
206	6.23915343915344
207	6.22063492063492
208	6.25767195767196
209	5.94719576719577
210	5.90306878306878
211	5.68084656084656
212	5.73089947089947
213	5.6426455026455
214	5.61703703703704
215	5.50021164021164
216	5.53862433862434
217	5.52148148148148
218	5.56285714285714
219	5.61132275132275
220	5.70529100529101
221	5.50867724867725
222	5.44444444444444
223	5.24624338624339
224	5.26772486772487
225	5.23343915343915
226	5.17216931216931
227	5.02835978835979
228	5.09671957671958
229	5.10243386243386
230	5.02285714285714
231	4.80201058201058
232	4.53269841269841
233	4.29492063492064
234	4.08433862433862
235	4.0431746031746
236	3.96910052910053
237	3.91354497354497
238	3.85386243386243
239	3.85978835978836
240	3.79280423280423
241	3.59047619047619
242	3.54772486772487
243	3.44232804232804
244	3.46793650793651
245	3.51777777777778
246	3.50063492063492
247	3.62867724867725
248	3.60857142857143
249	3.66391534391534
250	3.69068783068783
251	3.62783068783069
252	3.64063492063492
253	3.55809523809524
254	3.46550264550264
255	3.37862433862434
256	3.24761904761905
257	3.27185185185185
258	3.1778835978836
259	3.12962962962963
260	3.18084656084656
261	3.1552380952381
262	2.93439153439153
263	2.88021164021164
264	2.86031746031746
265	2.84338624338624
266	2.9373544973545
267	2.9773544973545
268	3.06994708994709
269	3.14402116402116
270	3.15544973544974
271	3.16962962962963
272	3.25216931216931
273	3.20941798941799
274	3.19227513227513
275	3.21216931216931
276	3.35185185185185
277	3.41312169312169
278	3.5015873015873
279	3.58137566137566
280	3.57291005291005
281	3.56878306878307
282	3.4421164021164
283	3.36825396825397
284	3.31291005291005
285	3.27470899470899
286	3.15100529100529
287	3.22941798941799
288	3.13978835978836
289	3.12126984126984
290	3.14984126984127
291	3.06708994708995
292	3.01724867724868
293	2.99164021164021
294	2.95185185185185
295	2.90201058201058
296	2.83798941798942
297	2.72412698412698
298	2.84391534391534
299	2.87957671957672
300	2.82835978835979
301	2.85830687830688
302	2.76296296296296
303	2.674708994709
304	2.88984126984127
305	2.87132275132275
306	2.88984126984127
307	2.87566137566138
308	2.78740740740741
309	2.71904761904762
310	2.80455026455026
311	2.87015873015873
312	2.80751322751323
313	2.78761904761905
314	2.73915343915344
315	2.68931216931217
316	2.67216931216931
317	2.64931216931217
318	2.56518518518519
319	2.68338624338624
320	2.80867724867725
321	2.6989417989418
322	2.7231746031746
323	2.75883597883598
324	2.83566137566138
325	2.81005291005291
326	2.83428571428571
327	2.85714285714286
328	2.92984126984127
329	3.03227513227513
330	3.18179894179894
331	3.2757671957672
332	3.26433862433862
333	3.49502645502645
334	3.43809523809524
335	3.48518518518518
336	3.46804232804233
337	3.27989417989418
338	3.35396825396825
339	3.40952380952381
340	3.24148148148148
341	3.22296296296296
342	3.35259259259259
343	3.27989417989418
344	3.37820105820106
345	3.52497354497355
346	3.54349206349206
347	3.51925925925926
348	3.53343915343915
349	3.55333333333333
350	3.56613756613757
351	3.5789417989418
352	3.64592592592593
353	3.67153439153439
354	3.87248677248677
355	3.99068783068783
356	4.0021164021164
357	4.12603174603175
358	4.21703703703704
359	4.28677248677249
360	4.27830687830688
361	4.34666666666667
362	4.40359788359788
363	4.42645502645503
364	4.52042328042328
365	4.48201058201058
366	4.41365079365079
367	4.50624338624339
368	4.62444444444444
369	4.64730158730159
370	4.75703703703704
371	4.81968253968254
372	4.77555555555556
373	4.90380952380952
374	4.77121693121693
375	4.7968253968254
376	4.82814814814815
377	4.87936507936508
378	4.86222222222222
379	4.9362962962963
380	4.79386243386243
381	4.77671957671958
382	4.66126984126984
383	4.82656084656085
384	4.91915343915344
385	4.83089947089947
386	4.95915343915344
387	5.0615873015873
388	5.20402116402116
389	5.31513227513227
390	5.22962962962963
391	5.1
392	5.14275132275132
393	5.09291005291005
394	4.87777777777778
395	4.89492063492064
396	4.94042328042328
397	5.01587301587302
398	5.01724867724868
399	4.97587301587302
400	4.98433862433862
401	4.98296296296296
402	4.89608465608466
403	4.72941798941799
404	4.77925925925926
405	4.56846560846561
406	4.5826455026455
407	4.47724867724868
408	4.45164021164021
409	4.48592592592593
410	4.56296296296296
411	4.50603174603175
412	4.3962962962963
413	4.37502645502645
414	4.24539682539683
415	4.2568253968254
416	4.26962962962963
417	4.21269841269841
418	4.19005291005291
419	3.94222222222222
420	3.75428571428571
421	3.8226455026455
422	3.77851851851852
423	3.62624338624339
424	3.38984126984127
425	3.25746031746032
426	3.2005291005291
427	3.24328042328042
428	3.09650793650794
429	3.11068783068783
430	3.21492063492063
431	3.11661375661376
432	3.00984126984127
433	2.82878306878307
434	2.8957671957672
435	2.95566137566138
436	2.93005291005291
437	2.86169312169312
438	2.90878306878307
439	3.03703703703704
440	2.87746031746032
441	2.98148148148148
442	2.82486772486772
443	2.84910052910053
444	2.96021164021164
445	2.88888888888889
446	2.97005291005291
447	3.03978835978836
448	2.98857142857143
449	3.00708994708995
450	3.06402116402116
451	3.09968253968254
452	3.14243386243386
453	3.1552380952381
454	3.31185185185185
455	3.39301587301587
456	3.51693121693122
457	3.67216931216931
458	3.78899470899471
459	3.89439153439153
460	3.97693121693122
461	4.07089947089947
462	4.02952380952381
463	3.95407407407407
464	4.02677248677249
465	4.04529100529101
466	4.14359788359788
467	4.21058201058201
468	4.40857142857143
469	4.50984126984127
470	4.3815873015873
471	4.42433862433862
472	4.47280423280423
473	4.73206349206349
474	4.72634920634921
475	4.7405291005291
476	4.93005291005291
477	4.91428571428571
478	5.03661375661376
479	5.08645502645503
480	5.26296296296296
481	5.46804232804233
482	5.45661375661376
483	5.45661375661376
484	5.67312169312169
485	5.74285714285714
486	5.74719576719577
487	5.73005291005291
488	5.72571428571429
489	5.73142857142857
490	5.76275132275132
491	5.78126984126984
492	5.70994708994709
493	5.62306878306878
494	5.55037037037037
495	5.68412698412698
496	5.6242328042328
497	5.63703703703704
498	5.74243386243386
499	5.86634920634921
500	6.1141798941799
501	6.20814814814815
502	6.14529100529101
503	6.10825396825397
504	6.00285714285714
505	5.91597883597884
506	5.94455026455027
507	5.91322751322751
508	5.84486772486772
509	5.72666666666667
510	5.70243386243386
511	5.65121693121693
512	5.7394708994709
513	5.65830687830688
514	5.59428571428572
515	5.61417989417989
516	5.41915343915344
517	5.24539682539683
518	5.16857142857143
519	5.14867724867725
520	5.12740740740741
521	5.0405291005291
522	5.02201058201058
523	5.02338624338624
524	5.04624338624339
525	5.10751322751323
526	5.02497354497354
527	4.95936507936508
528	5.05195767195767
529	4.92232804232804
530	4.8368253968254
531	4.70740740740741
532	4.87132275132275
533	4.87269841269841
534	4.90126984126984
535	4.93259259259259
536	4.77301587301587
537	4.74031746031746
538	4.70624338624339
539	4.754708994709
540	4.76613756613757
541	4.84730158730159
542	4.82740740740741
543	4.82306878306878
544	4.77322751322751
545	4.71195767195767
546	4.70624338624339
547	4.5837037037037
548	4.2631746031746
549	4.27460317460318
550	4.23047619047619
551	4.2405291005291
552	4.29174603174603
553	4.22772486772487
554	4.40010582010582
555	4.45132275132275
556	4.4426455026455
557	4.50116402116402
558	4.65915343915344
559	4.67767195767196
560	4.58920634920635
561	4.59904761904762
562	4.76984126984127
563	4.76275132275132
564	4.68433862433862
565	4.82677248677249
566	4.84529100529101
567	4.68708994708995
568	4.64137566137566
569	4.55312169312169
570	4.63428571428571
571	4.56296296296296
572	4.40201058201058
573	4.30507936507937
574	4.49597883597884
575	4.50444444444445
576	4.51724867724868
577	4.56846560846561
578	4.58402116402116
579	4.55269841269841
580	4.70084656084656
581	4.82042328042328
582	4.94571428571429
583	4.98116402116402
584	5.25185185185185
585	5.20476190476191
586	5.31428571428571
587	5.26857142857143
588	5.15746031746032
589	5.29417989417989
590	5.25417989417989
591	5.14878306878307
592	5.10465608465608
593	5.17301587301587
594	5.01502645502646
595	4.84126984126984
596	4.91396825396825
597	4.78730158730159
598	4.66910052910053
599	4.62634920634921
600	4.67206349206349
601	4.50539682539683
602	4.4242328042328
603	4.57809523809524
604	4.54539682539683
605	4.49830687830688
606	4.39428571428571
607	4.2989417989418
608	4.30306878306878
609	4.32021164021164
610	4.11216931216931
611	4.14783068783069
612	4.12359788359788
613	4.0168253968254
614	3.97978835978836
615	3.93132275132275
616	3.73470899470899
617	3.6178835978836
618	3.5010582010582
619	3.51248677248677
620	3.43703703703704
621	3.51978835978836
622	3.56550264550265
623	3.45301587301587
624	3.56253968253968
625	3.4242328042328
626	3.44433862433862
627	3.44296296296296
628	3.39862433862434
629	3.24613756613757
630	3.20042328042328
631	3.22740740740741
632	3.32571428571429
633	3.41396825396825
634	3.19449735449736
635	3.34698412698413
636	3.47798941798942
637	3.68740740740741
638	3.76719576719577
639	3.68878306878307
640	3.66888888888889
641	3.73153439153439
642	3.74867724867725
643	3.80994708994709
644	3.81724867724868
645	3.86708994708995
646	3.86
647	3.80582010582011
648	3.86275132275132
649	4.01936507936508
650	4.04222222222222
651	4.24730158730159
652	4.3184126984127
653	4.3184126984127
654	4.37259259259259
655	4.48666666666667
656	4.43386243386243
657	4.44941798941799
658	4.38243386243386
659	4.46222222222222
660	4.6162962962963
661	4.57492063492064
662	4.51640211640212
663	4.52624338624339
664	4.62751322751323
665	4.76857142857143
666	4.95671957671958
667	5.06783068783069
668	4.97089947089947
669	5.19883597883598
670	5.3826455026455
671	5.51915343915344
672	5.39661375661376
673	5.31111111111111
674	5.33238095238095
675	5.43206349206349
676	5.49037037037037
677	5.59439153439153
678	5.85068783068783
679	5.99587301587302
680	6.10126984126984
681	6.13259259259259
682	6.40740740740741
683	6.46730158730159
684	6.38910052910053
685	6.31798941798942
686	6.34931216931217
687	6.1984126984127
688	6.30677248677249
689	6.30814814814815
690	6.38222222222222
691	6.4178835978836
692	6.4562962962963
693	6.50751322751323
694	6.62
695	6.70984126984127
696	6.63851851851852
697	6.81248677248677
698	6.82825396825397
699	6.86550264550265
700	6.80857142857143
701	6.67047619047619
702	6.50952380952381
703	6.55798941798942
704	6.7973544973545
705	6.82730158730159
706	7.06232804232804
707	6.9015873015873
708	6.95142857142857
709	7.01978835978836
710	7.0184126984127
711	6.94867724867725
712	6.86042328042328
713	6.78497354497355
714	6.71957671957672
715	6.61851851851852
716	6.5757671957672
717	6.52021164021164
718	6.44338624338624
719	6.36497354497354
720	6.43746031746032
721	6.50719576719577
722	6.63820105820106
723	6.69513227513227
724	6.59544973544974
725	6.6610582010582
726	6.65968253968254
727	6.84761904761905
728	6.90888888888889
729	6.88761904761905
730	6.81354497354497
731	6.71936507936508
732	6.71798941798942
733	6.77058201058201
734	6.75481481481482
735	6.83439153439154
736	6.86137566137566
737	6.89978835978836
738	6.7815873015873
739	6.86708994708995
740	6.64349206349206
741	6.41989417989418
742	6.13227513227513
743	6.12084656084656
744	6.02550264550265
745	6.04835978835979
746	6.08814814814815
747	6.0952380952381
748	6.02825396825397
749	6.14074074074074
750	6.04952380952381
751	5.93269841269841
752	5.86433862433863
753	5.9242328042328
754	5.81015873015873
755	5.90846560846561
756	5.86867724867725
757	5.89291005291005
758	5.70201058201058
759	5.6178835978836
760	5.57079365079365
761	5.5637037037037
762	5.52804232804233
763	5.21185185185185
764	5.04518518518519
765	5.0152380952381
766	5.03671957671958
767	5.05111111111111
768	5.06687830687831
769	4.88603174603175
770	4.96582010582011
771	4.89883597883598
772	4.85037037037037
773	4.88444444444444
774	4.87597883597884
775	4.91005291005291
776	4.88582010582011
777	4.75322751322751
778	4.84148148148148
779	4.86137566137566
780	4.84994708994709
781	4.77587301587302
782	4.65354497354497
783	4.56529100529101
784	4.56962962962963
785	4.32751322751323
786	4.16518518518519
787	4.05132275132275
788	4.01862433862434
789	3.85767195767196
790	3.7552380952381
791	3.56867724867725
792	3.53026455026455
793	3.45343915343915
794	3.34804232804233
795	3.28402116402116
796	3.19142857142857
797	3.08031746031746
798	3.02338624338624
799	3.03619047619048
800	3.08190476190476
801	2.99936507936508
802	2.8384126984127
803	2.75724867724868
804	2.57777777777778
805	2.50941798941799
806	2.35417989417989
807	2.20190476190476
808	2.06952380952381
809	1.97693121693122
810	2.00253968253968
811	1.8031746031746
812	1.74899470899471
813	1.72201058201058
814	1.5994708994709
815	1.4442328042328
816	1.36306878306878
817	1.18497354497354
818	1.17079365079365
819	1.1394708994709
820	1.05968253968254
821	1.07957671957672
822	1.08666666666667
823	1.13079365079365
824	1.06814814814815
825	1.04095238095238
826	1.09513227513228
827	1.05238095238095
828	0.911322751322752
829	0.83015873015873
830	0.84021164021164
831	0.786031746031746
832	0.776190476190476
833	0.734814814814815
834	0.606560846560847
835	0.48973544973545
836	0.441269841269841
837	0.38
838	0.357142857142857
839	0.322857142857143
840	0.274391534391534
841	0.227301587301587
842	0.178835978835979
843	0.148888888888889
844	0.167407407407407
845	0.151851851851852
846	-0.0420105820105821
847	-0.0234920634920635
848	-0.11037037037037
849	-0.0989417989417991
850	-0.174391534391534
851	-0.198624338624339
852	-0.252804232804233
853	-0.252804232804233
854	-0.311322751322751
855	-0.318412698412698
856	-0.331216931216931
857	-0.33968253968254
858	-0.412380952380952
859	-0.462222222222222
860	-0.490793650793651
861	-0.463597883597884
862	-0.544761904761905
863	-0.550476190476191
864	-0.544761904761905
865	-0.587513227513228
866	-0.594603174603175
867	-0.59026455026455
868	-0.59026455026455
869	-0.615873015873016
870	-0.568783068783069
871	-0.528783068783069
872	-0.572910052910053
873	-0.60994708994709
874	-0.617037037037037
875	-0.625502645502646
876	-0.632592592592593
877	-0.616825396825397
878	-0.56973544973545
879	-0.571111111111111
880	-0.603809523809524
881	-0.610899470899471
882	-0.570899470899471
883	-0.579365079365079
884	-0.545079365079365
885	-0.582116402116402
886	-0.563597883597884
887	-0.512169312169312
888	-0.496402116402116
889	-0.467830687830688
890	-0.407936507936508
891	-0.443597883597884
892	-0.430793650793651
893	-0.443597883597884
894	-0.432169312169312
895	-0.437883597883598
896	-0.379365079365079
897	-0.379365079365079
898	-0.377989417989418
899	-0.383703703703704
900	-0.377989417989418
901	-0.402222222222222
902	-0.415026455026455
903	-0.420740740740741
904	-0.420740740740741
905	-0.416402116402116
906	-0.433544973544974
907	-0.413650793650794
908	-0.380952380952381
909	-0.362433862433862
910	-0.368148148148148
911	-0.338201058201058
912	-0.295449735449736
913	-0.286984126984127
914	-0.29978835978836
915	-0.238518518518518
916	-0.181587301587302
917	-0.21015873015873
918	-0.191640211640212
919	-0.173121693121693
920	-0.106137566137566
921	-0.0277248677248678
922	-0.0048677248677248
923	0.0335449735449735
924	0.126137566137566
925	0.183068783068783
926	0.134603174603175
927	0.0946031746031745
928	0.18010582010582
929	0.217142857142857
930	0.277037037037037
931	0.326878306878307
932	0.396613756613757
933	0.380846560846561
934	0.386560846560847
935	0.477777777777778
936	0.541798941798942
937	0.645820105820106
938	0.701375661375661
939	0.762645502645503
940	0.762645502645503
941	0.776825396825397
942	0.836719576719577
943	0.873756613756614
944	0.873756613756614
945	0.949206349206349
946	1.0973544973545
947	1.05873015873016
948	1.12846560846561
949	1.26243386243386
950	1.3378835978836
951	1.38338624338624
952	1.32349206349206
953	1.37195767195767
954	1.3605291005291
955	1.36328042328042
956	1.37746031746032
957	1.29333333333333
958	1.27619047619048
959	1.2405291005291
960	1.17354497354497
961	1.11089947089947
962	1.1778835978836
963	1.27343915343915
964	1.19227513227513
965	1.1794708994709
966	1.17375661375661
967	1.16232804232804
968	1.11111111111111
969	1.13396825396825
970	1.14677248677249
971	1.04412698412698
972	0.981481481481482
973	0.883174603174603
974	0.871746031746032
975	0.914497354497354
976	0.938730158730159
977	0.957248677248677
978	0.901693121693122
979	0.884550264550265
980	0.885925925925926
981	0.864656084656085
982	0.757883597883598
983	0.766560846560847
984	0.733862433862434
985	0.592804232804233
986	0.534497354497355
987	0.417671957671957
988	0.433439153439154
989	0.419259259259259
990	0.460634920634921
991	0.417883597883598
992	0.403703703703704
993	0.452169312169312
994	0.482116402116402
995	0.537671957671958
996	0.543386243386243
997	0.549100529100529
998	0.526243386243386
999	0.5205291005291
1000	0.509100529100529
1001	0.527619047619048
1002	0.497671957671957
1003	0.466349206349207
1004	0.466349206349207
1005	0.447830687830688
1006	0.489206349206349
1007	0.524867724867725
1008	0.542010582010582
1009	0.523492063492064
1010	0.492169312169312
1011	0.439365079365079
1012	0.556190476190476
1013	0.483492063492064
1014	0.384973544973545
1015	0.365079365079365
1016	0.362328042328042
1017	0.350899470899471
1018	0.457671957671957
1019	0.50042328042328
1020	0.433439153439154
1021	0.427724867724868
1022	0.434814814814815
1023	0.450582010582011
1024	0.486243386243386
1025	0.456296296296296
1026	0.426349206349206
1027	0.443492063492064
1028	0.365079365079365
1029	0.35936507936508
1030	0.365079365079365
1031	0.339470899470899
1032	0.328042328042328
1033	0.328042328042328
1034	0.291005291005291
1035	0.291005291005291
1036	0.302433862433862
1037	0.298095238095238
1038	0.292380952380952
1039	0.317989417989418
1040	0.265185185185185
1041	0.253756613756614
1042	0.211005291005291
1043	0.186772486772487
1044	0.151111111111111
1045	0.158201058201058
1046	0.196613756613757
1047	0.12962962962963
1048	-0.0356613756613755
1049	-0.0171428571428571
1050	0.0470899470899472
1051	0.0228571428571428
1052	-0.0198941798941799
1053	-0.0855026455026454
1054	-0.178095238095238
1055	-0.195238095238095
1056	-0.165291005291005
1057	-0.142433862433863
1058	-0.142433862433863
1059	-0.165291005291005
1060	-0.225185185185185
1061	-0.200952380952381
1062	-0.172380952380952
1063	-0.173756613756614
1064	-0.168042328042328
1065	-0.138095238095238
1066	-0.175132275132275
1067	-0.206455026455026
1068	-0.220634920634921
1069	-0.237777777777778
1070	-0.213544973544974
1071	-0.244867724867725
1072	-0.250582010582011
1073	-0.299047619047619
1074	-0.276190476190476
1075	-0.296084656084656
1076	-0.291746031746032
1077	-0.298835978835979
1078	-0.281693121693122
1079	-0.334497354497355
1080	-0.311640211640212
1081	-0.288783068783069
1082	-0.345714285714286
1083	-0.324232804232804
1084	-0.307089947089947
1085	-0.321269841269841
1086	-0.305502645502646
1087	-0.288359788359788
1088	-0.271216931216931
1089	-0.238306878306878
1090	-0.282433862433862
1091	-0.296613756613757
1092	-0.339365079365079
1093	-0.340740740740741
1094	-0.342116402116402
1095	-0.319259259259259
1096	-0.302116402116402
1097	-0.309206349206349
1098	-0.350582010582011
1099	-0.373439153439153
1100	-0.350582010582011
1137	-0.280634920634921
1138	-0.242222222222222
1139	-0.22941798941799
1140	-0.233756613756614
1141	-0.220952380952381
1142	-0.188253968253968
1143	-0.142751322751323
1144	-0.154179894179894
1145	-0.148465608465608
1146	-0.177037037037037
1147	-0.175661375661376
1148	-0.175661375661376
1149	-0.187089947089947
1150	-0.168571428571429
1151	-0.138624338624339
1152	-0.107301587301587
1153	-0.118730158730159
1154	-0.0574603174603174
1155	-0.086031746031746
1156	-0.108888888888889
1157	-0.107513227513228
1158	-0.0832804232804234
1159	-0.0775661375661376
1160	-0.0233862433862434
1161	0.00656084656084654
1162	0.0250793650793651
1163	0.0207407407407408
1164	0.0534391534391536
1165	0.107619047619048
1166	0.138941798941799
1167	0.137566137566138
1168	0.186031746031746
1169	0.198835978835979
1170	0.215978835978836
1171	0.247301587301587
1172	0.225820105820106
1173	0.184444444444445
1174	0.16021164021164
1175	0.141693121693122
1176	0.154497354497355
1177	0.168677248677249
1178	0.157248677248677
1179	0.161587301587302
1180	0.191534391534391
1181	0.181481481481482
1182	0.217142857142857
1183	0.241375661375661
1184	0.25989417989418
1185	0.248465608465609
1186	0.237037037037037
1187	0.231322751322751
1188	0.2
1189	0.242751322751323
1190	0.194285714285714
1191	0.174391534391534
1192	0.138730158730159
1193	0.138730158730159
1194	0.114497354497355
1195	0.108783068783069
1196	0.104444444444445
1197	0.0802116402116404
1198	0.0845502645502646
1199	0.107407407407408
1200	0.0632804232804233
1201	0.0148148148148148
1202	0.0433862433862433
1203	0.0632804232804233
1204	0.0148148148148148
1205	0.00910052910052916
1206	0.0817989417989419
1207	0.0433862433862433
1208	0.0776719576719577
1209	0.108994708994709
1210	0.121798941798942
1211	0.11037037037037
1212	0.111746031746032
1213	0.116084656084656
1214	0.0891005291005291
1215	0.0463492063492063
1216	0.0719576719576721
1217	0.0820105820105821
1218	0.0749206349206348
1219	0.0321693121693123
1220	0.00222222222222235
1221	0.00656084656084654
1222	-0.0119576719576721
1223	-0.0133333333333334
1224	-0.0361904761904763
1225	-0.048994708994709
1226	-0.0432804232804233
1227	-0.048994708994709
1228	0.0479365079365079
1229	0.0536507936507937
1230	0.0593650793650794
1231	0.0964021164021164
1232	0.114920634920635
1233	0.140529100529101
1234	0.173227513227513
1235	0.18031746031746
1236	0.205925925925926
1237	0.28
1238	0.294179894179894
1239	0.268571428571428
1240	0.288465608465609
1241	0.275661375661376
1242	0.214391534391534
1243	0.191534391534391
1244	0.25989417989418
1245	0.221481481481482
1246	0.231534391534391
1247	0.242962962962963
1248	0.221693121693122
1249	0.208888888888889
1250	0.208888888888889
1251	0.19037037037037
1252	0.153333333333333
1253	0.147619047619048
1254	0.13047619047619
1255	0.16042328042328
1256	0.208888888888889
1257	0.21026455026455
1258	0.215978835978836
1259	0.211640211640212
1260	0.254391534391535
1261	0.218730158730159
1262	0.205925925925926
1263	0.23015873015873
1264	0.161798941798942
1265	0.143280423280423
1266	0.126137566137566
1267	0.0591534391534392
1268	0.0035978835978836
1269	-0.0206349206349205
1270	-0.0391534391534391
1271	-0.111851851851852
1272	-0.108888888888889
1273	-0.205820105820106
1274	-0.271428571428572
1275	-0.288571428571429
1276	-0.302751322751323
1277	-0.314179894179894
1278	-0.344126984126984
1279	-0.315555555555556
1280	-0.413862433862434
1281	-0.425291005291005
1282	-0.4794708994709
1283	-0.478095238095238
1284	-0.478095238095238
1285	-0.490899470899471
1286	-0.485185185185185
1287	-0.473756613756614
1288	-0.503703703703704
1289	-0.509417989417989
1290	-0.490899470899471
1291	-0.509417989417989
1292	-0.540740740740741
1293	-0.542116402116402
1294	-0.519259259259259
1295	-0.537777777777778
1296	-0.557671957671958
1297	-0.546243386243386
1298	-0.540529100529101
1370	-0.694814814814815
1371	-0.623492063492064
1372	-0.593544973544973
1373	-0.576402116402116
1374	-0.569312169312169
1375	-0.557883597883598
1376	-0.604973544973545
1377	-0.579365079365079
1378	-0.549417989417989
1379	-0.548042328042328
1380	-0.511005291005291
1381	-0.481058201058201
1382	-0.492486772486772
1383	-0.51968253968254
1384	-0.534074074074074
1385	-0.516931216931217
1386	-0.511216931216931
1387	-0.478518518518518
1388	-0.524232804232804
1389	-0.522857142857143
1390	-0.505714285714286
1391	-0.502962962962963
1392	-0.473015873015873
1393	-0.514391534391535
1394	-0.497248677248677
1395	-0.462962962962963
1396	-0.502962962962963
1397	-0.502962962962963
1398	-0.527195767195767
1399	-0.49015873015873
1400	-0.495873015873016
1401	-0.468677248677249
1402	-0.461587301587302
1403	-0.497248677248677
1404	-0.515767195767196
1405	-0.597142857142857
1406	-0.605820105820106
1407	-0.64010582010582
1408	-0.68010582010582
1409	-0.66021164021164
1410	-0.671640211640212
1411	-0.70021164021164
1412	-0.644656084656085
1413	-0.681693121693122
1414	-0.675978835978836
1415	-0.70021164021164
1416	-0.737248677248677
1417	-0.772910052910053
1418	-0.761481481481481
1419	-0.701587301587302
1420	-0.698624338624339
1421	-0.715767195767196
1422	-0.721481481481481
1423	-0.788465608465608
1424	-0.782751322751323
1425	-0.78984126984127
1426	-0.795555555555556
1427	-0.77978835978836
1428	-0.74984126984127
1429	-0.691322751322751
1430	-0.737037037037037
1431	-0.758518518518518
1432	-0.758518518518518
1433	-0.804232804232804
1434	-0.815661375661376
1435	-0.824126984126984
1436	-0.852698412698413
1437	-0.864126984126984
1438	-0.865502645502645
1439	-0.825502645502645
1440	-0.831216931216931
1441	-0.755555555555556
1442	-0.79968253968254
1443	-0.836719576719577
1444	-0.802433862433862
1445	-0.802433862433862
1446	-0.838095238095238
1447	-0.826666666666667
1448	-0.870793650793651
1449	-0.852275132275132
1450	-0.869417989417989
1451	-0.856613756613756
1452	-0.869417989417989
1453	-0.815238095238095
1454	-0.806772486772487
1455	-0.838095238095238
1456	-0.808148148148148
1457	-0.812486772486772
1458	-0.768359788359788
1459	-0.664338624338624
1460	-0.641481481481481
1461	-0.64010582010582
1462	-0.68010582010582
1463	-0.715767195767196
1464	-0.751428571428571
1465	-0.762857142857143
1466	-0.762857142857143
1467	-0.752804232804233
1468	-0.7
1469	-0.641481481481481
1470	-0.612910052910053
1471	-0.628677248677249
1472	-0.60010582010582
1473	-0.581587301587302
1474	-0.587301587301587
1475	-0.615873015873016
1476	-0.634391534391534
1477	-0.645820105820106
1478	-0.622962962962963
1479	-0.594391534391534
1480	-0.595767195767196
1481	-0.638518518518519
1482	-0.585714285714286
1483	-0.542962962962963
1484	-0.504550264550265
1485	-0.533121693121693
1486	-0.531746031746032
1487	-0.533121693121693
1488	-0.526031746031746
1489	-0.563068783068783
1490	-0.582962962962963
1491	-0.59005291005291
1492	-0.62
1493	-0.60994708994709
1494	-0.63989417989418
1495	-0.731111111111111
1496	-0.71968253968254
1497	-0.715343915343915
1498	-0.675343915343915
1499	-0.673968253968254
1500	-0.681058201058201
1501	-0.663915343915344
1502	-0.646772486772487
1503	-0.63968253968254
1504	-0.658201058201058
1505	-0.633968253968254
1506	-0.67968253968254
1507	-0.675343915343915
1508	-0.698201058201058
1509	-0.711005291005291
1510	-0.703915343915344
1511	-0.668253968253968
1512	-0.61978835978836
1513	-0.642645502645503
1514	-0.631216931216931
1515	-0.654074074074074
1516	-0.646984126984127
1517	-0.628465608465609
1518	-0.617037037037037
1519	-0.671216931216931
1520	-0.673968253968254
1521	-0.63968253968254
1522	-0.65957671957672
1523	-0.65957671957672
1524	-0.660952380952381
1525	-0.646772486772487
1526	-0.622539682539683
1527	-0.59968253968254
1528	-0.532698412698413
1529	-0.514179894179894
1530	-0.522645502645503
1531	-0.506878306878307
1532	-0.475555555555556
1533	-0.485608465608466
1534	-0.472804232804233
1535	-0.474179894179894
1536	-0.438518518518519
1537	-0.442857142857143
1538	-0.477142857142857
1539	-0.465714285714286
1540	-0.445820105820106
1541	-0.471428571428571
1542	-0.447195767195767
1543	-0.475767195767196
1544	-0.44010582010582
1545	-0.385925925925926
1546	-0.333121693121693
1547	-0.357354497354497
1548	-0.405820105820106
1549	-0.353015873015873
1550	-0.37015873015873
1551	-0.347301587301587
1552	-0.354391534391534
1553	-0.354391534391534
1554	-0.342962962962963
1555	-0.29015873015873
1556	-0.295873015873016
1557	-0.302962962962963
1558	-0.297248677248677
1559	-0.26021164021164
1560	-0.248783068783069
1561	-0.28010582010582
1562	-0.304338624338624
1563	-0.315767195767196
1564	-0.358518518518518
1565	-0.364232804232804
1566	-0.362857142857143
1567	-0.301587301587302
1568	-0.342962962962963
1569	-0.325820105820106
1570	-0.327195767195767
1571	-0.32010582010582
1572	-0.331534391534392
1573	-0.39005291005291
1574	-0.30021164021164
1575	-0.324444444444444
1576	-0.344338624338624
1577	-0.337248677248677
1578	-0.332910052910053
1579	-0.273015873015873
1580	-0.265925925925926
1581	-0.295873015873016
1582	-0.354391534391534
1583	-0.331534391534392
1584	-0.285820105820106
1585	-0.285820105820106
1586	-0.224550264550265
1587	-0.186137566137566
1588	-0.0750264550264549
1589	-0.0935449735449734
1590	-0.0864550264550265
1591	-0.103597883597883
1592	-0.0665608465608464
1593	-0.0823280423280424
1594	-0.105185185185185
1595	-0.0866666666666667
1596	-0.109523809523809
1597	-0.0155555555555554
1598	-0.00275132275132273
1599	0.0370370370370372
1600	0.111111111111111
1601	0.156613756613757
1602	0.236402116402116
1603	0.262010582010582
1604	0.266349206349206
1605	0.327619047619047
1606	0.464338624338624
1607	0.505714285714286
1608	0.487195767195767
1609	0.54
1610	0.502962962962963
1611	0.55005291005291
1612	0.564232804232804
1613	0.632592592592593
1614	0.671005291005291
1615	0.68952380952381
1616	0.757883597883598
1617	0.776402116402116
1618	0.874708994708995
1619	0.881798941798942
1620	0.866031746031746
1621	0.89026455026455
1622	0.884550264550265
1623	0.817566137566138
1624	0.695026455026455
1625	0.754920634920635
1626	0.736402116402116
1627	0.712169312169312
1628	0.695026455026455
1629	0.710793650793651
1630	0.764973544973545
1631	0.720846560846561
1632	0.732275132275132
1633	0.668253968253968
1634	0.692486772486773
1635	0.671216931216931
1636	0.676931216931217
1637	0.698412698412698
1638	0.662751322751323
1639	0.655661375661376
1640	0.674179894179894
1641	0.618624338624339
1642	0.496084656084656
1643	0.575873015873016
1644	0.605820105820106
1645	0.617248677248677
1646	0.671428571428571
1647	0.638518518518519
1648	0.686984126984127
1649	0.624338624338624
1650	0.617248677248677
1651	0.593015873015873
1652	0.566031746031746
1653	0.558941798941799
1654	0.489206349206349
1655	0.526243386243386
1656	0.53058201058201
1657	0.524867724867725
1658	0.480740740740741
1659	0.547724867724868
1660	0.571957671957672
1661	0.536296296296296
1662	0.547724867724868
1663	0.627513227513227
1664	0.656084656084656
1665	0.638941798941799
1666	0.603280423280423
1667	0.64031746031746
1668	0.67026455026455
1669	0.688783068783069
1670	0.70021164021164
1671	0.675978835978836
1672	0.67026455026455
1673	0.601904761904762
1674	0.623386243386243
1675	0.586349206349207
1676	0.579259259259259
1677	0.609206349206349
1678	0.583597883597884
1679	0.493756613756614
1680	0.476613756613757
1681	0.46952380952381
1682	0.41968253968254
1683	0.496719576719577
1684	0.446878306878307
1685	0.45968253968254
1686	0.445502645502646
1687	0.421269841269842
1688	0.378518518518519
1689	0.371428571428571
1690	0.377142857142857
1691	0.34010582010582
1692	0.34010582010582
1693	0.303068783068783
1694	0.303068783068783
1695	0.264656084656085
1696	0.251851851851852
1697	0.244761904761905
1698	0.231957671957672
1699	0.163597883597884
1700	0.0966137566137565
1701	0.0966137566137565
1702	0.0838095238095238
1703	0.0767195767195767
1704	0.041058201058201
1705	0.0225396825396825
1706	-0.0144973544973546
1707	0.00973544973544971
1708	-0.0586243386243386
1709	-0.0529100529100528
1710	-0.0842328042328042
1711	-0.132698412698413
1712	-0.121269841269841
1713	-0.175449735449735
1714	-0.164021164021164
1715	-0.213862433862434
1716	-0.220952380952381
1717	-0.233756613756614
1718	-0.220952380952381
1719	-0.289312169312169
1720	-0.283597883597884
1721	-0.296402116402116
1722	-0.277883597883598
1723	-0.319259259259259
1724	-0.349206349206349
1725	-0.383492063492063
1726	-0.419153439153439
1727	-0.443386243386243
1728	-0.419153439153439
1729	-0.437671957671958
1730	-0.431957671957672
1731	-0.419153439153439
1732	-0.407724867724868
1733	-0.402010582010582
1734	-0.419153439153439
1735	-0.419153439153439
1736	-0.419153439153439
1737	-0.370687830687831
1738	-0.382116402116402
1739	-0.423492063492063
1740	-0.423492063492063
1741	-0.453439153439153
1742	-0.436296296296296
1743	-0.489100529100529
1796	-0.249100529100529
1797	-0.230582010582011
1798	-0.270582010582011
1799	-0.257777777777778
1800	-0.262116402116402
1801	-0.273544973544973
1802	-0.277883597883598
1803	-0.287936507936508
1804	-0.268042328042328
1805	-0.17978835978836
1806	-0.201269841269841
1807	-0.235555555555556
1808	-0.197142857142857
1809	-0.19005291005291
1810	-0.14021164021164
1811	-0.114603174603175
1812	-0.113227513227513
1813	-0.0819047619047619
1814	-0.0562962962962963
1815	-0.0606349206349206
1816	-0.0777777777777777
1817	-0.0393650793650794
1818	-0.00941798941798933
1819	-0.0379894179894178
1820	-0.0366137566137565
1821	-0.0167195767195768
1822	-0.0224338624338625
1823	-0.0281481481481481
1824	-0.021058201058201
1825	-0.0253968253968255
1826	-0.0125925925925925
1827	-0.0125925925925925
1828	0.0500529100529102
1829	0.0941798941798944
1830	0.0884656084656086
1831	0.0941798941798944
1832	0.118412698412699
1833	0.136931216931217
1834	0.253756613756614
1835	0.240952380952381
1836	0.276613756613757
1837	0.283703703703704
1838	0.283703703703704
1839	0.266560846560847
1840	0.252380952380952
1841	0.165502645502646
1842	0.16984126984127
1843	0.19978835978836
1844	0.14994708994709
1845	0.125714285714286
1846	0.112910052910053
1847	0.131428571428571
1848	0.141481481481482
1849	0.11015873015873
1850	0.0674074074074076
1851	0.0603174603174602
1852	0.0774603174603175
1853	0.0431746031746031
1854	0.0616931216931218
1855	0.0802116402116404
1856	0.0973544973544975
1857	0.0788359788359789
1858	0.0260317460317461
1859	0.0701587301587302
1860	0.0344973544973547
1861	0.0715343915343916
1862	0.0601058201058202
1863	0.0372486772486772
1864	-0.0240211640211638
1865	-0.0653968253968256
1866	-0.0169312169312167
1867	-0.011216931216931
1868	-0.051216931216931
1869	-0.10973544973545
1870	-0.196613756613757
1871	-0.182433862433862
1872	-0.200952380952381
1873	-0.196613756613757
1874	-0.192275132275132
1875	-0.205079365079365
1876	-0.227936507936508
1877	-0.252169312169312
1878	-0.158201058201058
1879	-0.108359788359788
1880	-0.0998941798941799
1881	-0.127089947089947
1882	-0.16984126984127
1883	-0.212592592592593
1884	-0.241164021164021
1885	-0.271111111111111
1886	-0.238412698412698
1887	-0.23978835978836
1888	-0.202751322751323
1889	-0.234074074074074
1890	-0.276825396825397
1891	-0.293968253968254
1892	-0.335343915343915
1893	-0.353862433862434
1894	-0.306772486772487
1895	-0.3794708994709
1896	-0.373756613756614
1897	-0.373756613756614
1898	-0.336719576719577
1899	-0.349523809523809
1900	-0.385185185185185
1901	-0.422222222222222
1902	-0.493544973544974
1903	-0.480740740740741
1904	-0.464973544973545
1905	-0.42931216931217
1906	-0.436402116402116
1907	-0.443492063492063
1908	-0.473439153439154
1909	-0.479153439153439
1910	-0.484867724867725
1911	-0.454920634920635
1912	-0.443492063492063
1913	-0.437777777777778
1914	-0.577460317460318
1915	-0.601693121693122
1916	-0.655873015873016
1917	-0.615873015873016
1918	-0.548888888888889
1919	-0.56031746031746
1920	-0.499047619047619
1921	-0.493333333333333
1922	-0.548888888888889
1923	-0.528994708994709
1924	-0.551851851851852
1925	-0.547513227513228
1926	-0.541798941798942
1927	-0.537460317460317
1928	-0.52031746031746
1929	-0.507513227513228
1930	-0.526031746031746
1931	-0.52031746031746
1932	-0.508888888888889
1933	-0.541587301587302
1934	-0.574285714285714
1935	-0.58
1936	-0.55005291005291
1937	-0.568571428571429
1938	-0.55005291005291
1939	-0.615661375661376
1940	-0.651322751322751
1941	-0.66984126984127
1942	-0.675555555555556
1943	-0.705502645502646
1944	-0.705502645502646
1945	-0.705502645502646
1946	-0.728359788359788
1947	-0.746878306878307
1948	-0.76973544973545
1949	-0.76973544973545
1950	-0.72973544973545
1951	-0.731111111111111
1952	-0.661164021164021
1953	-0.67968253968254
1954	-0.685396825396825
1955	-0.692486772486772
1956	-0.730899470899471
1957	-0.755132275132275
1958	-0.726560846560847
1959	-0.745079365079365
1960	-0.752169312169312
1961	-0.735026455026455
1962	-0.769312169312169
1963	-0.770687830687831
1964	-0.787830687830688
1965	-0.806349206349206
1966	-0.793544973544974
1967	-0.793544973544974
1968	-0.799259259259259
1969	-0.797883597883598
1970	-0.819365079365079
1971	-0.832169312169312
1972	-0.873544973544974
1973	-0.844973544973545
1974	-0.880634920634921
1975	-0.869206349206349
1976	-0.852063492063492
1977	-0.870582010582011
1978	-0.927724867724868
1979	-0.916296296296296
1980	-0.922010582010582
1981	-0.967724867724868
1982	-0.927724867724868
1983	-0.922010582010582
1984	-0.906243386243386
1985	-0.911957671957672
1986	-0.934814814814815
2117	-0.860529100529101
2118	-0.831957671957672
2119	-0.809100529100529
2120	-0.797671957671958
2121	-0.774814814814815
2122	-0.757671957671958
2123	-0.740529100529101
2419	-0.843386243386243
2420	-0.831957671957672
2421	-0.831957671957672
2428	-0.854814814814815
2429	-0.829206349206349
2430	-0.802010582010582
2431	-0.796296296296296
2432	-0.807724867724868
2433	-0.802010582010582
2434	-0.791957671957672
2435	-0.791957671957672
2439	-0.820529100529101
2440	-0.831957671957672
2441	-0.843386243386243
2442	-0.883386243386243
2443	-0.854814814814815
2446	-0.929100529100529
2447	-0.991957671957672
2448	-1.01481481481481
2449	-0.990582010582011
2450	-1.00772486772487
2451	-0.984867724867725
2459	-0.9805291005291
2460	-0.967724867724868
2461	-0.979153439153439
2462	-0.973439153439154
2463	-0.967724867724868
2480	-0.956296296296296
2481	-0.954920634920635
2482	-0.920634920634921
2483	-0.869206349206349
2484	-0.852063492063492
2485	-0.840634920634921
2486	-0.869206349206349
2487	-0.880634920634921
2488	-0.874920634920635
2489	-0.844973544973545
2490	-0.856402116402116
2491	-0.844973544973545
2492	-0.874920634920635
2493	-0.827830687830688
2494	-0.827830687830688
2495	-0.799259259259259
2496	-0.816402116402116
2497	-0.776402116402116
2498	-0.747830687830688
2499	-0.742116402116402
2500	-0.759259259259259
2501	-0.742116402116402
2502	-0.782116402116402
2503	-0.793544973544974
2504	-0.787830687830688
2505	-0.804973544973545
2506	-0.840634920634921
2507	-0.816402116402116
2508	-0.792169312169312
2509	-0.827830687830688
2510	-0.837883597883598
2511	-0.879259259259259
2512	-0.884973544973545
2513	-0.856402116402116
2514	-0.873544973544974
2515	-0.863492063492063
2516	-0.9005291005291
3602	-0.704867724867725
3603	-0.673544973544974
3604	-0.672169312169312
3605	-0.670793650793651
3606	-0.699365079365079
3607	-0.656613756613757
3608	-0.669417989417989
3609	-0.6794708994709
3610	-0.690899470899471
3611	-0.706666666666667
3612	-0.712380952380953
3613	-0.675343915343915
3614	-0.658201058201058
3615	-0.566984126984127
3616	-0.555555555555556
3617	-0.526984126984127
3618	-0.455661375661376
3619	-0.467089947089947
3620	-0.458624338624339
3621	-0.445820105820106
3622	-0.44010582010582
3623	-0.421587301587302
3624	-0.371746031746032
3625	-0.381798941798942
3626	-0.344761904761905
3627	-0.263597883597884
3628	-0.215132275132275
3629	-0.165291005291005
3630	-0.158201058201058
3631	-0.126878306878307
3632	-0.0784126984126984
3633	-0.0827513227513228
3634	-0.00571428571428578
3635	0.0356613756613757
3636	-0.0128042328042328
3637	-0.0185185185185184
3638	-0.0569312169312167
3639	-0.081164021164021
3640	-0.105396825396826
3641	-0.0868783068783069
3642	-0.0525925925925924
3643	-0.123915343915344
3644	-0.141058201058201
3645	-0.142433862433863
3646	-0.171005291005291
3647	-0.155238095238095
3648	-0.143809523809524
3649	-0.197989417989418
3650	-0.186560846560846
3651	-0.260634920634921
3652	-0.254920634920635
3653	-0.266349206349206
3654	-0.320529100529101
3655	-0.320529100529101
3656	-0.381798941798942
3657	-0.40031746031746
3658	-0.424550264550265
3659	-0.448783068783069
3660	-0.492910052910053
3661	-0.501375661375661
3662	-0.542751322751323
3663	-0.628253968253968
3664	-0.68952380952381
3665	-0.733650793650794
3666	-0.727936507936508
3667	-0.735026455026455
3668	-0.777777777777778
3669	-0.757883597883598
3670	-0.817777777777778
3671	-0.799259259259259
3672	-0.757883597883598
3673	-0.696613756613757
3674	-0.718095238095238
3675	-0.712380952380953
3676	-0.688148148148148
3677	-0.683809523809524
3678	-0.678095238095238
3679	-0.643809523809524
3680	-0.626666666666667
3681	-0.595343915343915
3682	-0.564021164021164
3683	-0.514179894179894
3684	-0.477142857142857
3685	-0.43005291005291
3686	-0.398730158730159
3687	-0.294708994708995
3688	-0.237777777777778
3689	-0.232063492063492
3690	-0.226349206349206
3691	-0.226349206349206
3692	-0.226349206349206
3693	-0.220634920634921
3694	-0.214920634920635
3695	-0.197777777777778
3696	-0.226349206349206
3697	-0.232063492063492
3698	-0.244867724867725
3699	-0.274814814814815
3700	-0.274814814814815
3701	-0.303386243386243
3702	-0.247830687830688
3703	-0.266349206349206
3704	-0.223597883597884
3705	-0.243492063492063
3706	-0.232063492063492
3707	-0.256296296296296
3708	-0.280529100529101
3709	-0.288994708994709
3710	-0.231851851851852
3711	-0.233227513227513
3712	-0.268888888888889
3713	-0.286031746031746
3714	-0.308888888888889
3715	-0.326031746031746
3716	-0.301798941798942
3717	-0.321693121693122
3718	-0.33015873015873
3719	-0.38
3720	-0.434179894179894
3721	-0.458412698412698
3722	-0.518306878306878
3723	-0.662328042328042
3724	-0.696402116402116
3725	-0.677883597883598
3726	-0.665079365079365
3727	-0.642222222222222
3728	-0.619365079365079
3729	-0.619365079365079
3730	-0.625079365079365
3731	-0.653650793650794
3732	-0.642222222222222
3733	-0.665079365079365
3734	-0.687936507936508
3735	-0.687936507936508
3736	-0.670793650793651
3737	-0.623703703703704
3738	-0.686349206349206
3739	-0.656402116402117
3740	-0.704867724867725
3741	-0.694814814814815
3742	-0.677671957671958
3882	-0.586243386243386
3883	-0.574814814814815
3884	-0.586243386243386
3885	-0.563386243386243
3886	-0.563386243386243
3887	-0.580529100529101
3888	-0.537777777777778
3889	-0.549206349206349
3890	-0.576402116402116
3891	-0.569312169312169
3892	-0.562222222222222
3893	-0.580740740740741
3894	-0.525185185185185
3895	-0.519470899470899
3896	-0.493862433862434
3897	-0.43968253968254
3898	-0.41978835978836
3899	-0.442645502645503
3900	-0.436931216931217
3901	-0.442645502645503
3902	-0.411322751322751
3903	-0.40994708994709
3904	-0.404232804232804
3905	-0.444232804232804
3906	-0.468465608465608
3907	-0.47989417989418
3908	-0.405820105820106
3909	-0.404444444444444
3910	-0.41015873015873
3911	-0.385925925925926
3912	-0.391640211640212
3913	-0.422962962962963
3914	-0.471428571428571
3915	-0.488571428571429
3916	-0.458624338624339
3917	-0.428677248677249
3918	-0.471428571428571
3919	-0.477142857142857
3920	-0.434391534391534
3921	-0.438730158730159
3922	-0.437354497354497
3923	-0.428888888888889
3924	-0.434603174603175
3925	-0.397566137566138
3926	-0.381798941798942
3927	-0.38042328042328
3928	-0.376084656084656
3929	-0.381798941798942
3930	-0.435978835978836
3931	-0.374708994708995
3932	-0.391851851851852
3933	-0.438941798941799
3934	-0.45037037037037
3935	-0.390476190476191
3936	-0.369206349206349
3937	-0.326455026455026
3938	-0.309312169312169
3939	-0.260846560846561
3940	-0.195238095238095
3941	-0.148148148148148
3942	-0.15957671957672
3943	-0.160952380952381
3944	-0.227936507936508
3945	-0.220846560846561
3946	-0.225185185185185
3947	-0.235238095238095
3948	-0.161164021164021
3949	-0.154074074074074
3950	-0.067195767195767
3951	0.0866666666666667
3952	0.125079365079365
3953	0.139259259259259
3954	0.134920634920635
3955	0.217460317460318
3956	0.213121693121693
3957	0.248783068783069
3958	0.255873015873016
3959	0.28010582010582
3960	0.243068783068783
3961	0.26021164021164
3962	0.273015873015873
3963	0.23026455026455
3964	0.25015873015873
3965	0.274391534391534
3966	0.244444444444445
3967	0.188888888888889
3968	0.217460317460318
3969	0.241693121693122
3970	0.216084656084656
3971	0.161904761904762
3972	0.153439153439153
3973	0.127830687830688
3974	0.067936507936508
3975	0.0137566137566139
3976	-0.0104761904761905
3977	-0.0161904761904761
3978	-0.0219047619047621
3979	-0.0561904761904761
3980	-0.0134391534391536
3981	-0.0148148148148148
3982	0.00370370370370376
3983	0.00232804232804229
3984	-0.0703703703703704
3985	-0.117460317460317
3986	-0.167301587301587
3987	-0.322539682539682
3988	-0.383809523809524
3989	-0.3794708994709
3990	-0.355238095238095
3991	-0.413544973544974
3992	-0.419259259259259
3993	-0.446455026455026
3994	-0.405079365079365
3995	-0.376507936507937
3996	-0.333756613756614
3997	-0.375132275132275
3998	-0.326666666666667
3999	-0.272486772486772
4000	-0.301058201058201
4001	-0.271111111111111
4002	-0.252592592592592
4003	-0.234074074074074
4004	-0.21989417989418
4005	-0.244126984126984
4006	-0.178518518518518
4007	-0.135767195767196
4008	-0.112910052910053
4009	-0.0930158730158728
4010	-0.0317460317460316
4011	-0.0374603174603174
4012	-0.0616931216931218
4013	-0.0744973544973544
4014	-0.0388359788359789
4015	0.00825396825396818
4016	-0.0516402116402115
4017	-0.11015873015873
4018	-0.104444444444444
4019	-0.0744973544973544
4020	-0.0744973544973544
4021	-0.0216931216931218
4022	-0.0516402116402115
4023	0.00687830687830693
4024	0.0226455026455026
4025	-0.0315343915343913
4026	-0.0685714285714285
4027	-0.0443386243386243
4028	-0.077037037037037
4029	-0.0868783068783069
4030	-0.165291005291005
4031	-0.220846560846561
4032	-0.250793650793651
4033	-0.246455026455026
4034	-0.313439153439153
4035	-0.314814814814815
4036	-0.283280423280423
4037	-0.32031746031746
4038	-0.315978835978836
4039	-0.323068783068783
4040	-0.38
4041	-0.374285714285714
4042	-0.411322751322751
4043	-0.45978835978836
4044	-0.471216931216931
4045	-0.508253968253968
4046	-0.573862433862434
4047	-0.568148148148148
4048	-0.561058201058201
4049	-0.572486772486772
4050	-0.602433862433863
4051	-0.632380952380952
4052	-0.638095238095238
4053	-0.60952380952381
4054	-0.617989417989418
4055	-0.666455026455027
4056	-0.662116402116402
4057	-0.660740740740741
4058	-0.650687830687831
4059	-0.697777777777778
4060	-0.727724867724868
4061	-0.716296296296296
4062	-0.699153439153439
4069	-0.780529100529101
4070	-0.756296296296296
4071	-0.784867724867725
4072	-0.772063492063492
4073	-0.783492063492064
4074	-0.794920634920635
4075	-0.800634920634921
4076	-0.806349206349206
4077	-0.824867724867725
4078	-0.847724867724868
4079	-0.842010582010582
4080	-0.843386243386243
4081	-0.831957671957672
4545	-0.646349206349206
4546	-0.639259259259259
4547	-0.600846560846561
4548	-0.583703703703704
4549	-0.566560846560846
4550	-0.566560846560846
4551	-0.58941798941799
4552	-0.617989417989418
4553	-0.635132275132275
4554	-0.635132275132275
4555	-0.696613756613757
4556	-0.685185185185185
4557	-0.696613756613757
4558	-0.685185185185185
4559	-0.690899470899471
4560	-0.690899470899471
4561	-0.673756613756614
4562	-0.708042328042328
4563	-0.685185185185185
4564	-0.696613756613757
4565	-0.672380952380953
4566	-0.708042328042328
4567	-0.696613756613757
4568	-0.685185185185185
4569	-0.703703703703704
4570	-0.716507936507937
4571	-0.756507936507936
4572	-0.792169312169312
4573	-0.786455026455027
4574	-0.773650793650794
4575	-0.727936507936508
4576	-0.750793650793651
4577	-0.809312169312169
4578	-0.833544973544974
4579	-0.829206349206349
4580	-0.874920634920635
5337	-1.75767195767196
5338	-1.74624338624339
5339	-1.72338624338624
5340	-1.73481481481481
5341	-1.77481481481482
5342	-1.78624338624339
5346	-1.77481481481482
5347	-1.73915343915344
5348	-1.7562962962963
5349	-1.73915343915344
5350	-1.69206349206349
5351	-1.6762962962963
5352	-1.65915343915344
5353	-1.71058201058201
5354	-1.72201058201058
5355	-1.69777777777778
5356	-1.62645502645503
5357	-1.62507936507936
5358	-1.60380952380952
5359	-1.64380952380952
5360	-1.64814814814815
5361	-1.58825396825397
5362	-1.53978835978836
5363	-1.51714285714286
5364	-1.63142857142857
5365	-1.67142857142857
5366	-1.64285714285714
5367	-1.6442328042328
5368	-1.61291005291005
5369	-1.60582010582011
5370	-1.55301587301587
5371	-1.56306878306878
5372	-1.57587301587302
5373	-1.54592592592593
5374	-1.51322751322751
5375	-1.53608465608466
5376	-1.54751322751323
5377	-1.58179894179894
5378	-1.57037037037037
5379	-1.50338624338624
5380	-1.52783068783069
5381	-1.56074074074074
5382	-1.59068783068783
5383	-1.67206349206349
5384	-1.66497354497354
5385	-1.68645502645503
5386	-1.73925925925926
5387	-1.78359788359788
5388	-1.78931216931217
5389	-1.7378835978836
5390	-1.72507936507936
5391	-1.7778835978836
5392	-1.81925925925926
5393	-1.88349206349206
5394	-1.91047619047619
5395	-1.89333333333333
5396	-1.93470899470899
5397	-2.00031746031746
5398	-2.05449735449735
5399	-2.0757671957672
5400	-2.02571428571429
5401	-2.00285714285714
5402	-2.03714285714286
5403	-2.06
5404	-2.09703703703704
5405	-2.0984126984127
5406	-2.15830687830688
5407	-2.12539682539683
5408	-2.12539682539683
5409	-2.17820105820106
5410	-2.24952380952381
5411	-2.24380952380952
5412	-2.2552380952381
5413	-2.19809523809524
5414	-2.18529100529101
5415	-2.27513227513228
5416	-2.29640211640212
5417	-2.21777777777778
5418	-2.18349206349206
5419	-2.11492063492063
5420	-2.12201058201058
5421	-2.10624338624339
5422	-2.1405291005291
5430	-2.04338624338624
5431	-2.03492063492063
5432	-2.02783068783069
5433	-2.00497354497354
5434	-2.02783068783069
5435	-2.08634920634921
5436	-2.07925925925926
5437	-2.05640211640212
5438	-2.02507936507937
5439	-1.97227513227513
5440	-1.94095238095238
5441	-1.96952380952381
5442	-1.90962962962963
5443	-1.91121693121693
5444	-1.8984126984127
5445	-1.88698412698413
5446	-1.87121693121693
5447	-1.86116402116402
5448	-1.82687830687831
5449	-1.78984126984127
5450	-1.74275132275132
5451	-1.70846560846561
5452	-1.67989417989418
5453	-1.68560846560847
5454	-1.65269841269841
5455	-1.66412698412698
5456	-1.64698412698413
5457	-1.68560846560847
5458	-1.65703703703704
5459	-1.62571428571429
5460	-1.5957671957672
5461	-1.61291005291005
5462	-1.59439153439153
5463	-1.60719576719577
5464	-1.57724867724868
5465	-1.61862433862434
5466	-1.62
5467	-1.59989417989418
5468	-1.55417989417989
5469	-1.51851851851852
5470	-1.54
5471	-1.47005291005291
5472	-1.43439153439153
5473	-1.52010582010582
5474	-1.58
5475	-1.60719576719577
5476	-1.6842328042328
5477	-1.6357671957672
5478	-1.64148148148148
5479	-1.66984126984127
5480	-1.6826455026455
5481	-1.72402116402116
5482	-1.71259259259259
5483	-1.71259259259259
5484	-1.70550264550265
5485	-1.68973544973545
5486	-1.74391534391534
5487	-1.72539682539683
5488	-1.74116402116402
5489	-1.75259259259259
5490	-1.76973544973545
5491	-1.7626455026455
5492	-1.74984126984127
5493	-1.72835978835979
5494	-1.69132275132275
5495	-1.73407407407407
5496	-1.71259259259259
5497	-1.71830687830688
5498	-1.73544973544974
5499	-1.72973544973545
5500	-1.71968253968254
5501	-1.70116402116402
5502	-1.75121693121693
5503	-1.76835978835979
5504	-1.78687830687831
5505	-1.8168253968254
5506	-1.75534391534392
5507	-1.77957671957672
5508	-1.75809523809524
5509	-1.71809523809524
5510	-1.67809523809524
5511	-1.65227513227513
5512	-1.60656084656085
5513	-1.62074074074074
5514	-1.62920634920635
5515	-1.65777777777778
5516	-1.63492063492064
5517	-1.58920634920635
5518	-1.56634920634921
5519	-1.59492063492063
5520	-1.61343915343915
5521	-1.61915343915344
5522	-1.56063492063492
5523	-1.5562962962963
5524	-1.56910052910053
5525	-1.5805291005291
5526	-1.59767195767196
5731	-2.4205291005291
5732	-2.40338624338624
5733	-2.36338624338624
5734	-2.41481481481481
5735	-2.36634920634921
5736	-2.38349206349206
5737	-2.38074074074074
5738	-2.36793650793651
5739	-2.34666666666667
5740	-2.29386243386243
5741	-2.28952380952381
5742	-2.2794708994709
5743	-2.26666666666667
5744	-2.2552380952381
5745	-2.26666666666667
5746	-2.20952380952381
5747	-2.16814814814815
5748	-2.22095238095238
5749	-2.25957671957672
5750	-2.26529100529101
5751	-2.20814814814815
5752	-2.13248677248677
5753	-2.06962962962963
5754	-2.03259259259259
5755	-1.97269841269841
5756	-1.93862433862434
5757	-1.96148148148148
5758	-1.90021164021164
5759	-1.90592592592593
5760	-1.90888888888889
5761	-1.90179894179894
5762	-1.91756613756614
5763	-1.89470899470899
5764	-1.81195767195767
5765	-1.74042328042328
5766	-1.66063492063492
5767	-1.68920634920635
5768	-1.58656084656085
5769	-1.54539682539683
5770	-1.46973544973545
5771	-1.43978835978836
5772	-1.3984126984127
5773	-1.3584126984127
5774	-1.30285714285714
5775	-1.26719576719577
5776	-1.16042328042328
5777	-1.04359788359788
5778	-0.951005291005291
5779	-0.905502645502645
5780	-0.915555555555556
5781	-0.70042328042328
5782	-0.659259259259259
5783	-0.586560846560847
5784	-0.401164021164021
5785	-0.336931216931217
5786	-0.183068783068783
5787	-0.156084656084656
5788	-0.127724867724868
5789	-0.00518518518518452
5790	0.0576719576719582
5791	0.0647619047619048
5792	0.0805291005291009
5793	0.187513227513227
5794	0.26021164021164
5795	0.294497354497354
5796	0.34021164021164
5797	0.518306878306878
5798	0.6010582010582
5799	0.649523809523809
5800	0.772063492063492
5801	0.883174603174604
5802	0.908783068783069
5803	1.00708994708995
5804	1.04687830687831
5805	1.16232804232804
5806	1.23481481481481
5807	1.35164021164021
5808	1.47280423280423
5809	1.5626455026455
5810	1.61957671957672
5811	1.64243386243386
5812	1.54846560846561
5813	1.51280423280423
5814	1.53132275132275
5815	1.67259259259259
5816	1.75534391534392
5817	1.62275132275132
5818	1.60285714285714
5819	1.55005291005291
5820	1.52148148148148
5821	1.47005291005291
5822	1.4373544973545
5823	1.45724867724868
5824	1.49587301587302
5825	1.41470899470899
5826	1.49449735449735
5827	1.50592592592593
5828	1.52582010582011
5829	1.50296296296296
5830	1.52994708994709
5831	1.59259259259259
5832	1.66232804232804
5833	1.59121693121693
5834	1.58116402116402
5835	1.60539682539683
5836	1.63968253968254
5837	1.75650793650794
5838	1.8605291005291
5839	1.94328042328042
5840	1.94624338624339
5841	1.96476190476191
5842	2.10010582010582
5843	2.30814814814815
5844	2.55026455026455
5845	2.6341798941799
5846	2.70412698412698
5847	2.72835978835979
5848	2.90349206349206
5849	3.02031746031746
5850	3.0815873015873
5851	3.08296296296296
5852	3.23111111111111
5853	3.29259259259259
5854	3.29693121693122
5855	3.52645502645503
5856	3.57925925925926
5857	3.70910052910053
5858	3.75047619047619
5859	3.88169312169312
5860	3.98137566137566
5861	4.25481481481481
5862	4.33597883597884
5863	4.42148148148148
5864	4.70222222222222
5865	4.88031746031746
5866	4.84624338624339
5867	4.96306878306878
5868	5.07714285714286
5869	5.21661375661376
5870	5.30074074074074
5871	5.39195767195767
5872	5.36910052910053
5873	5.47015873015873
5874	5.43883597883598
5875	5.43174603174603
5876	5.47587301587302
5877	5.49005291005291
5878	5.59978835978836
5879	5.44730158730159
5880	5.35333333333333
5881	5.28793650793651
5882	5.15671957671958
5883	5.12677248677249
5884	5.20656084656085
5885	5.07259259259259
5886	4.96857142857143
5887	4.83164021164021
5888	4.73174603174603
5889	4.68465608465609
5890	4.73449735449736
5891	4.5362962962963
5892	4.44349206349206
5893	4.34931216931217
5894	4.35206349206349
5895	4.25079365079365
5896	4.24095238095238
5897	3.96592592592593
5898	3.88613756613757
5899	3.78920634920635
5900	3.58687830687831
5901	3.36031746031746
5902	3.35597883597884
5903	3.19777777777778
5904	3.11365079365079
5905	2.96275132275132
5906	2.90010582010582
5907	2.83312169312169
5908	2.70783068783069
5909	2.52698412698413
5910	2.44444444444444
5911	2.35756613756614
5912	2.38888888888889
5913	2.34910052910053
5914	2.07566137566138
5915	2.06857142857143
5916	1.97026455026455
5917	2.00867724867725
5918	2.05142857142857
5919	2.17396825396825
5920	2.12708994708995
5921	2.28529100529101
5922	2.44190476190476
5923	2.57312169312169
5924	2.66592592592593
5925	2.79121693121693
5926	3.0205291005291
5927	3.05915343915344
5928	3.19746031746032
5929	3.42973544973545
5930	3.41259259259259
5931	3.46814814814815
5932	3.45375661375661
5933	3.54222222222222
5934	3.48941798941799
5935	3.6162962962963
5936	3.61058201058201
5937	3.73312169312169
5938	3.72465608465609
5939	3.80740740740741
5940	3.79460317460317
5941	3.85587301587302
5942	3.84878306878307
5943	3.9015873015873
5944	3.98137566137566
5945	3.90867724867725
5946	3.90867724867725
5947	3.9541798941799
5948	3.84878306878307
5949	3.79597883597884
5950	3.76306878306878
5951	3.58772486772487
5952	3.47661375661376
5953	3.34698412698413
5954	3.27015873015873
5955	3.18169312169312
5956	3.06465608465608
5957	2.80814814814815
5958	2.63714285714286
5959	2.56719576719577
5960	2.44603174603175
5961	2.27089947089947
5962	1.95174603174603
5963	1.99015873015873
5964	1.8189417989418
5965	1.62074074074074
5966	1.52793650793651
5967	1.54783068783069
5968	1.46941798941799
5969	1.42095238095238
5970	1.36126984126984
5971	1.28857142857143
5972	1.15322751322751
5973	1.03068783068783
5974	0.976507936507937
5975	0.913862433862434
5976	0.791322751322752
5977	0.665820105820106
5978	0.625820105820106
5979	0.51037037037037
5980	0.449100529100529
5981	0.37936507936508
5982	0.343703703703703
5983	0.222539682539682
5984	0.102751322751323
5985	-0.0296296296296297
5986	-0.0522751322751325
5987	-0.0863492063492064
5988	-0.0749206349206348
5989	-0.0833862433862436
5990	-0.079047619047619
5991	-0.152910052910053
5992	-0.203915343915344
5993	-0.171005291005291
5994	-0.196402116402116
5995	-0.277354497354497
5996	-0.307089947089947
5997	-0.291322751322751
5998	-0.272592592592592
5999	-0.355132275132275
6000	-0.341904761904762
6001	-0.362962962962963
6002	-0.361164021164021
6003	-0.491957671957672
6004	-0.523068783068783
6005	-0.551428571428572
6006	-0.547089947089947
6007	-0.575449735449735
6008	-0.543915343915344
6009	-0.505291005291005
6010	-0.502328042328042
6011	-0.497989417989418
6012	-0.446560846560846
6013	-0.422116402116402
6014	-0.402010582010582
6015	-0.374814814814815
