2	0.811797235023042
3	1.19483870967742
4	1.46230414746544
5	1.88331797235023
6	2.21529953917051
7	2.50359447004608
8	2.7273732718894
9	3.11244239631336
10	3.27741935483871
11	3.876866359447
12	4.28276497695853
13	4.36239631336406
14	4.78543778801843
15	4.96552995391705
16	5.59926267281106
17	5.91981566820277
18	6.13216589861751
19	6.48129032258065
20	6.88147465437788
21	7.0141935483871
22	7.35926267281106
23	7.77087557603687
24	7.95299539170507
25	8.28497695852534
26	8.42138248847926
27	8.63004608294931
28	8.95059907834101
29	9.19520737327189
30	9.71299539170507
31	10.0106912442396
32	10.2401843317972
33	10.5929953917051
34	10.7751152073733
35	11.154470046083
36	11.4068202764977
37	10.9400921658986
38	11.0254377880184
39	10.9723502304147
40	10.9115207373272
41	10.9343778801843
42	10.9021198156682
43	11.0670967741935
44	11.304331797235
45	11.5983410138249
46	11.7216589861751
47	11.5546543778802
48	11.8033179723502
49	12.4901382488479
50	12.8221198156682
51	13.2794470046083
52	13.6322580645161
53	13.6416589861751
54	13.6245161290323
55	14.3264516129032
56	14.578801843318
57	14.9752995391705
58	15.2145622119816
59	15.4326267281106
60	15.7152073732719
61	16.4285714285714
62	16.8916129032258
63	17.2387096774194
64	17.3048847926267
65	17.618064516129
66	17.8230414746544
67	18.1987096774194
68	18.8569585253456
69	19.4033179723502
70	20.3992626728111
71	21.1734562211982
72	21.5985253456221
73	22.0252534562212
74	18.5273732718894
75	23.2302304147465
76	24.1865437788018
77	24.5107834101382
78	25.2923502304148
79	25.0779723502304
80	24.8958525345622
81	24.9848847926267
82	25.4042396313364
83	25.9260829493088
84	26.3985253456221
85	25.8329953917051
86	26.3605529953917
87	26.4573271889401
88	25.6071889400922
89	25.8558525345622
90	27.0114285714286
91	26.624331797235
92	26.2429493087558
93	26.8787096774194
94	27.6565898617512
95	28.6908755760369
96	30.1159447004608
97	31.1176036866359
98	31.8497695852535
99	32.0547465437788
100	33.2748387096774
101	34.4095852534562
102	35.196866359447
103	35.6827649769585
104	35.6847926267281
105	35.6545622119816
106	35.7684792626728
107	35.643133640553
108	36.6905069124424
109	37.4989861751152
110	37.6108755760369
111	37.6259907834101
112	37.2446082949309
113	37.4364976958525
114	37.4707834101383
115	38.4687557603687
116	39.3111520737327
117	40.3131797235023
118	40.4552995391705
119	41.978801843318
120	42.6011059907834
121	43.4035023041475
122	43.1111520737327
123	44.3635023041475
124	45.0106912442396
125	45.5835944700461
126	46.0237788018433
127	46.6403686635945
128	47.3729032258064
129	48.1564976958525
130	48.3880184331797
131	48.5207373271889
132	49.105069124424
133	48.5493087557604
134	48.6272811059908
135	48.6595391705069
136	48.1854377880184
137	47.8248847926267
138	46.9408294930876
139	47.5859907834101
140	47.4969585253456
141	47.7929953917051
142	47.4647004608295
143	46.9146543778802
144	45.8975115207373
145	45.5198156682028
146	45.6753917050691
147	46.4287557603687
148	46.3319815668203
149	46.2237788018433
150	45.5141013824885
151	45.4287557603687
152	45.7341935483871
153	44.8158525345622
154	44.3854377880184
155	42.5830414746544
156	41.8582488479263
157	42.4809216589862
158	43.2514285714286
159	42.5360368663595
160	42.7920737327189
161	42.6707834101382
162	42.6536405529954
163	43.913732718894
164	44.2722580645161
165	44.1089400921659
166	44.575668202765
167	44.4694930875576
168	43.7524423963134
169	44.1281105990783
170	43.3216589861751
171	43.0958525345622
172	42.0407373271889
173	42.8565898617512
174	42.9570506912442
175	42.7957603686636
176	43.2812903225806
177	43.6075576036866
178	44.6855299539171
179	44.6475576036866
180	43.8962211981567
181	43.7635023041475
182	43.5585253456221
183	43.1885714285714
184	43.4960368663594
185	44.5131797235023
186	45.4923502304147
187	45.2951152073733
188	44.4849769585253
189	44.4412903225806
190	45.3898617511521
191	45.5054377880184
192	45.5205529953917
193	44.5279262672811
194	44.3037788018433
195	44.6908755760369
196	45.0248847926267
197	45.1992626728111
198	45.4230414746544
199	44.0776036866359
200	43.2731797235023
201	43.0285714285714
202	41.5275576036866
203	40.7435944700461
204	39.553732718894
205	38.6202764976958
206	38.5235023041475
207	38.5880184331797
208	38.6847926267281
209	37.0302304147465
210	36.3319815668203
211	35.1061751152074
212	33.8199078341014
213	32.7782488479263
214	31.2735483870968
215	30.5581566820277
216	30.4764976958525
217	30.1045161290323
218	29.4822119815668
219	28.8484792626728
220	28.1539170506912
221	27.0779723502304
222	26.0967741935484
223	25.7701382488479
224	25.1327188940092
225	25.0339170506912
226	24.0604608294931
227	23.6317050691244
228	23.2711520737327
229	23.4704147465438
230	22.6357603686636
231	21.8444239631336
232	20.5255299539171
233	19.4042396313364
234	17.3931797235023
235	16.9284792626728
236	16.1542857142857
237	15.1542857142857
238	14.5282949308756
239	13.8986175115207
240	13.4678341013825
241	12.9668202764977
242	12.606267281106
243	12.2248847926267
244	12.2457142857143
245	12.3367741935484
246	12.6422119815668
247	12.9076497695853
248	13.2053456221198
249	13.5181566820277
250	13.7378801843318
251	14.0298617511521
252	14.4435023041475
253	14.3430414746544
254	14.2140092165899
255	14.0906912442396
256	14.1400921658986
257	13.4038709677419
258	13.2597235023041
259	12.9354838709677
260	13.009400921659
261	12.8272811059908
262	12.3585253456221
263	12.2446082949309
264	11.9391705069124
265	11.2221198156682
266	10.7856221198157
267	10.4707834101382
268	10.8256221198157
269	11.0191705069124
270	11.2241474654378
271	11.1367741935484
272	10.9146543778802
273	11.0057142857143
274	10.9563133640553
275	10.8101382488479
276	11.0322580645161
277	11.1024884792627
278	11.1216589861751
279	10.9015668202765
280	10.9301382488479
281	10.594470046083
282	10.3441474654378
283	9.90230414746544
284	9.49271889400922
285	9.42285714285714
286	9.01898617511521
287	9.04184331797235
288	8.63023041474654
289	8.4689400921659
290	8.49751152073733
291	8.22599078341014
292	7.97364055299539
293	8.21087557603687
294	8.11612903225806
295	8.02506912442396
296	7.82783410138249
297	7.53953917050691
298	7.52073732718894
299	7.40884792626728
300	7.49622119815668
301	7.63668202764977
302	7.47741935483871
303	7.46801843317972
304	7.09235023041475
305	7.18912442396313
306	7.28589861751152
307	7.14746543778802
308	7.13806451612903
309	7.0147465437788
310	7.47778801843318
311	7.8289400921659
312	7.48552995391705
313	7.30912442396313
314	7.52350230414747
315	7.46470046082949
316	7.35078341013825
317	7.94082949308756
318	8.1058064516129
319	8.38470046082949
320	8.523133640553
321	8.53824884792627
322	8.7052534562212
323	8.56110599078341
324	8.81714285714286
325	8.92534562211982
326	9.12460829493087
327	9.0184331797235
328	9.42267281105991
329	9.40921658986175
330	9.6178801843318
331	9.85880184331797
332	10.4280184331797
333	10.9800921658986
334	11.2230414746544
335	11.4129032258065
336	11.492534562212
337	11.4202764976959
338	11.710599078341
339	11.6460829493088
340	11.7922580645161
341	11.5987096774194
342	11.8245161290323
343	12.1944700460829
344	12.4259907834101
345	13.0560368663594
346	12.8947465437788
347	12.8567741935484
348	13.0919815668203
349	13.4941935483871
350	13.5852534562212
351	13.9988940092166
352	14.1716129032258
353	13.8053456221198
354	14.1299539170507
355	14.7314285714286
356	15.1944700460829
357	15.3823041474654
358	15.5832258064516
359	15.7216589861751
360	16.0405529953917
361	16.4541935483871
362	16.7596313364055
363	17.1695852534562
364	17.1847004608295
365	17.5889400921659
366	17.9817511520737
367	18.2075576036866
368	18.5832258064516
369	18.670599078341
370	18.9135483870968
371	19.1279262672811
372	18.978064516129
373	19.1564976958525
374	19.0842396313364
375	19.1373271889401
376	19.2929032258065
377	19.6571428571429
378	19.1561290322581
379	19.64
380	20.065069124424
381	20.0479262672811
382	20.283133640553
383	20.5260829493088
384	20.7841474654378
385	20.4199078341014
386	20.4693087557604
387	20.8752073732719
388	21.2565898617511
389	21.3211059907834
390	21.1806451612903
391	20.7935483870968
392	21.2186175115207
393	21.0307834101382
394	20.9870967741936
395	21.2300460829493
396	20.8466359447005
397	20.7004608294931
398	20.4575115207373
399	20.4991705069124
400	20.6964055299539
401	20.778064516129
402	20.5902304147465
403	20.4934562211982
404	20.2296774193548
405	19.6927188940092
406	19.5730875576037
407	19.6110599078341
408	19.7515207373272
409	19.7535483870968
410	19.6322580645161
411	19.7461751152074
412	19.9870967741935
413	20.4084792626728
414	21.0213824884793
415	21.0328110599078
416	21.1561290322581
417	20.8506912442396
418	20.353732718894
419	20.2361290322581
420	19.9800921658986
421	20.3292165898617
422	19.9858064516129
423	19.5533640552995
424	19.4471889400922
425	19.6105069124424
426	19.5953917050691
427	19.3752995391705
428	18.9065437788018
429	19.1740092165899
430	19.1629493087558
431	19.028202764977
432	19.0833179723502
433	19.1931797235023
434	19.3336405529954
435	19.5500460829493
436	19.4001843317972
437	19.276866359447
438	18.9828571428571
439	18.741935483871
440	18.5047004608295
441	18.8387096774194
442	18.5447004608295
443	18.098801843318
444	18.2923502304147
445	18.2903225806452
446	18.1821198156682
447	18.0302304147465
448	17.7950230414747
449	17.633732718894
450	17.7456221198157
451	17.1821198156682
452	16.8329953917051
453	16.7305069124424
454	16.9277419354839
455	17.1098617511521
456	17.2976958525346
457	17.6733640552995
458	17.6145622119816
459	17.544331797235
460	17.4189861751152
461	17.5953917050691
462	17.2176958525346
463	17.2670967741935
464	17.2842396313364
465	17.0906912442396
466	17.0964055299539
467	17.0433179723502
468	17.1343778801843
469	16.9542857142857
470	16.8403686635945
471	16.6847926267281
472	16.6317050691244
473	16.5994470046083
474	16.851797235023
475	17.4095852534562
476	17.7872811059908
477	17.8820276497696
478	18.3675576036866
479	18.9424884792627
480	19.3483870967742
481	19.9764055299539
482	20.5456221198157
483	21.126267281106
484	21.5399078341014
485	21.1299539170507
486	20.8624884792627
487	21.2001843317972
488	21.403133640553
489	21.5378801843318
490	21.8224884792627
491	22.2418433179724
492	22.3688479262673
493	22.0519815668203
494	22.2283870967742
495	22.4995391705069
496	22.7024884792627
497	22.4387096774194
498	23.0458986175115
499	23.4272811059908
500	24.0287557603687
501	24.56
502	24.7552073732719
503	25.2068202764977
504	25.470599078341
505	25.6376036866359
506	25.7629493087558
507	26.0589861751152
508	26.2582488479263
509	26.56
510	26.8123502304147
511	26.9642396313364
512	26.8123502304147
513	26.7915207373272
514	27.0136405529954
515	27.0287557603687
516	26.3970506912442
517	26.5375115207373
518	26.7330875576037
519	26.9115207373272
520	26.8812903225806
521	27.3063594470046
522	27.2095852534562
523	27.4182488479263
524	27.344331797235
525	27.2532718894009
526	27.0237788018433
527	26.4468202764977
528	26.4790783410138
529	26.7048847926267
530	27.3386175115207
531	27.058064516129
532	27.4794470046083
533	28.4300460829493
534	28.5553917050691
535	28.8722580645161
536	28.7640552995392
537	29.0127188940092
538	28.7946543778802
539	28.8060829493088
540	29.2046082949309
541	29.354470046083
542	28.8554838709677
543	28.3810138248848
544	27.9996313364055
545	27.1552073732719
546	26.3430414746544
547	25.6864516129032
548	25.1000921658986
549	24.563133640553
550	23.9616589861751
551	23.2805529953917
552	23.2576958525346
553	22.4475576036866
554	21.8403686635945
555	21.1723502304147
556	21.1588940092166
557	20.7472811059908
558	21.6047926267281
559	21.572534562212
560	21.908202764977
561	22.185069124424
562	22.4239631336406
563	22.403133640553
564	22.4447926267281
565	21.987465437788
566	21.7939170506912
567	21.8943778801843
568	21.1067281105991
569	19.8715207373272
570	19.6665437788018
571	18.9548387096774
572	18.1541013824885
573	17.034470046083
574	16.8788940092166
575	16.1083870967742
576	14.9413824884793
577	14.7572350230415
578	15.0075576036866
579	14.6261751152074
580	14.9810138248848
581	15.4685714285714
582	15.8328110599078
583	16.0014746543779
584	16.141935483871
585	16.1133640552995
586	16.5078341013825
587	16.7201843317972
588	16.8169585253456
589	16.8377880184332
590	16.7977880184332
591	16.6422119815668
592	16.2020276497696
593	15.9382488479263
594	14.9839631336406
595	14.221198156682
596	13.6254377880184
597	12.9880184331797
598	12.5800921658986
599	12.1550230414747
600	11.4265437788018
601	11.2329953917051
602	10.9218433179723
603	10.508202764977
604	10.3697695852535
605	10.2444239631336
606	9.91041474654378
607	9.71889400921659
608	9.79649769585254
609	9.58783410138249
610	9.46820276497696
611	9.64663594470046
612	9.96350230414746
613	9.59926267281106
614	9.37345622119816
615	9.23299539170507
616	8.96350230414747
617	8.69972350230415
618	8.33917050691244
619	8.09253456221198
620	8.33548387096774
621	8.3489400921659
622	7.81400921658986
623	7.54082949308756
624	7.2578801843318
625	7.37345622119816
626	7.36608294930876
627	7.48
628	7.3526267281106
629	7.52331797235023
630	7.67115207373272
631	8.15870967741936
632	8.29345622119816
633	8.62543778801843
634	8.78470046082949
635	9.06562211981567
636	9.46783410138249
637	9.66709677419355
638	9.54377880184332
639	9.55317972350231
640	9.60258064516129
641	9.55889400921659
642	9.80184331797235
643	9.90433179723502
644	9.80589861751152
645	10.2195391705069
646	10.5535483870968
647	10.6331797235023
648	10.745069124424
649	11.4261751152074
650	11.4812903225806
651	11.8189861751152
652	12.0047926267281
653	12.48866359447
654	12.538064516129
655	13.0296774193548
656	12.9308755760369
657	13.2457142857143
658	13.6858986175115
659	14.1109677419355
660	14.061935483871
661	14.1035944700461
662	14.1926267281106
663	14.2114285714286
664	14.547465437788
665	14.913732718894
666	14.8892165898618
667	14.8892165898618
668	15.221198156682
669	16.2591705069124
670	16.7924423963134
671	17.7067281105991
672	18.0501382488479
673	18.458064516129
674	19.3592626728111
675	19.9284792626728
676	21.2812903225806
677	22.1959447004608
678	22.4785253456221
679	22.9223963133641
680	23.0457142857143
681	23.2658064516129
682	23.3225806451613
683	23.3454377880184
684	22.8484792626728
685	22.436866359447
686	22.5601843317972
687	22.6267281105991
688	23.3384331797235
689	23.5470967741935
690	24.6761290322581
691	24.8868202764977
692	25.7729032258065
693	26.7823041474654
694	27.1522580645161
695	27.4123502304147
696	27.8941935483871
697	28.2151152073733
698	28.4752073732719
699	28.8720737327189
700	28.7924423963134
701	28.5952073732719
702	29.052534562212
703	29.2575115207373
704	29.0165898617512
705	28.092534562212
706	28.6029493087558
707	29.4248847926267
708	30.2901382488479
709	31.0263594470046
710	31.172534562212
711	31.1953917050691
712	30.8311520737327
713	30.7192626728111
714	30.7649769585253
715	31.0193548387097
716	31.4652534562212
717	31.3362211981567
718	31.6608294930876
719	31.8637788018433
720	32.6776036866359
721	33.1063594470046
722	33.9924423963134
723	34.6527188940092
724	34.6641474654378
725	34.5959447004608
726	34.3872811059908
727	34.7078341013825
728	34.3264516129032
729	34.134930875576
730	34.4252534562212
731	34.7552073732719
732	36.1271889400922
733	36.9581566820276
734	37.0206451612903
735	37.6940092165899
736	37.9235023041475
737	38.6482949308756
738	38.1113364055299
739	38.4776036866359
740	38.6560368663594
741	38.0280184331797
742	37.815668202765
743	36.3203686635945
744	35.9030414746544
745	35.5065437788018
746	35.9561290322581
747	36.1705069124424
748	36.2881105990783
749	35.8838709677419
750	36.0280184331797
751	36.1190783410138
752	35.7699539170507
753	35.6960368663594
754	35.4302304147465
755	35.0165898617512
756	33.9541013824885
757	34.5404608294931
758	34.4379723502304
759	34.7642396313364
760	34.251797235023
761	34.1664516129032
762	33.7622119815668
763	33.5858064516129
764	33.36
765	32.9292165898618
766	33.0014746543779
767	32.6658064516129
768	30.8936405529954
769	29.5616589861751
770	29.5673732718894
771	29.3623963133641
772	29.3509677419355
773	28.9238709677419
774	29.8234101382488
775	30.1059907834101
776	30.1970506912442
777	30.4473732718894
778	30.1341935483871
779	30.310599078341
780	29.5894930875576
781	28.9120737327189
782	27.6846082949309
783	26.5784331797235
784	25.8593548387097
785	24.9732718894009
786	24.221935483871
787	23.094930875576
788	22.7306912442396
789	22.2847926267281
790	21.3305069124424
791	21.0895852534562
792	21.074470046083
793	20.4958525345622
794	19.8564055299539
795	18.5946543778802
796	18.1430414746544
797	17.5946543778802
798	16.9021198156682
799	16.3480184331797
800	15.9421198156682
801	15.0997235023041
802	13.9441474654378
803	13.2781566820276
804	13.058064516129
805	12.7734562211982
806	12.107465437788
807	10.8685714285714
808	10.1609216589862
809	9.54801843317972
810	7.98820276497696
811	7.0110599078341
812	6.31649769585253
813	5.73216589861751
814	5.49493087557604
815	5.08700460829493
816	4.8726267281106
817	4.34506912442396
818	3.94857142857143
819	3.92202764976958
820	3.9163133640553
821	3.86691244239631
822	3.82322580645161
823	3.77953917050691
824	3.72645161290323
825	3.64847926267281
826	3.60110599078341
827	3.56313364055299
828	3.58396313364055
829	3.04700460829493
830	2.91428571428571
831	2.73585253456221
832	2.65253456221198
833	2.37161290322581
834	2.16092165898618
835	2.09069124423963
836	1.88571428571429
837	1.88
838	1.85714285714286
839	1.85511520737327
840	1.77917050691244
841	1.78285714285714
842	1.77142857142857
843	1.79225806451613
844	1.66322580645161
845	1.5741935483871
846	1.65751152073733
847	1.52847926267281
848	1.27612903225806
849	1.09400921658986
850	0.788571428571429
851	0.55705069124424
852	0.346359447004608
853	0.314101382488479
854	0.209585253456221
855	0.156497695852534
856	0.16221198156682
857	0.15852534562212
858	0.0123502304147465
859	0.0180645161290323
860	-0.042764976958525
861	-0.0293087557603686
862	-0.0501382488479261
863	-0.0558525345622121
864	-0.211428571428571
865	-0.249400921658986
866	-0.367004608294931
867	-0.344147465437788
868	-0.473179723502304
869	-0.494009216589862
870	-0.465437788018433
871	-0.489953917050691
872	-0.510783410138249
873	-0.510783410138249
874	-0.531612903225807
875	-0.535299539170507
876	-0.491612903225807
877	-0.52184331797235
878	-0.525529953917051
879	-0.540645161290323
880	-0.51778801843318
928	-0.428018433179724
929	-0.428018433179724
930	-0.405161290322581
931	-0.443133640552995
932	-0.465990783410138
933	-0.500276497695853
934	-0.462304147465438
935	-0.412903225806452
936	-0.409216589861751
937	-0.39778801843318
938	-0.365529953917051
939	-0.359815668202765
940	-0.359815668202765
941	-0.285898617511521
942	-0.19852534562212
943	-0.101751152073733
944	0.124055299539171
945	0.397235023041475
946	0.429493087557604
947	0.469124423963134
948	0.510783410138249
949	0.759447004608295
950	0.935852534562212
951	1.06857142857143
952	1.1747465437788
953	1.34746543778802
954	1.33603686635945
955	1.46304147465438
956	1.40792626728111
957	1.37935483870968
958	1.32995391705069
959	1.31281105990783
960	1.33364055299539
961	1.40958525345622
962	1.42101382488479
963	1.49327188940092
964	1.44018433179724
965	1.51041474654378
966	1.56921658986175
967	1.59004608294931
968	1.64516129032258
969	1.70027649769585
970	1.7268202764977
971	1.76276497695852
972	1.74193548387097
973	1.83299539170507
974	1.78930875576037
975	1.79502304147465
976	1.83299539170507
977	1.73622119815668
978	1.67170506912442
979	1.59004608294931
980	1.37935483870968
981	1.12331797235023
982	1.11391705069124
983	1.06285714285714
984	1.08571428571429
985	0.88073732718894
986	0.72147465437788
987	0.586728110599078
988	0.556497695852535
989	0.418064516129032
990	0.473179723502304
991	0.306175115207373
992	0.490322580645161
993	0.534009216589862
994	0.545437788018433
995	0.545437788018433
996	0.551152073732719
997	0.556866359447005
998	0.663041474654378
999	0.786359447004608
1000	0.839447004608295
1001	0.807188940092166
1002	0.763502304147465
1003	0.769216589861751
1004	0.769216589861751
1005	0.769216589861751
1006	0.759815668202765
1007	0.712442396313364
1008	0.729585253456221
1009	0.632811059907834
1010	0.703041474654378
1011	0.668755760368664
1012	0.674470046082949
1013	0.754101382488479
1014	0.738617511520737
1015	0.788018433179724
1016	0.790046082949309
1017	0.972165898617512
1018	1.01382488479263
1019	1.01953917050691
1020	1.0726267281106
1021	1.03465437788018
1022	1.05548387096774
1023	1.12202764976959
1024	1.13917050691244
1025	1.16
1026	1.1163133640553
1027	1.13345622119816
1028	0.981566820276498
1029	0.975852534562212
1030	0.981566820276498
1031	1.05751152073733
1032	1.14285714285714
1033	1.04608294930876
1034	0.884792626728111
1035	0.723502304147465
1036	0.702672811059908
1037	0.679815668202765
1038	0.674101382488479
1039	0.662672811059908
1040	0.596129032258064
1041	0.584700460829493
1042	0.611244239631336
1043	0.573271889400922
1044	0.556129032258065
1045	0.673732718894009
1046	0.656589861751152
1047	0.645161290322581
1048	0.563502304147465
1049	0.563502304147465
1050	0.576958525345622
1051	0.603502304147465
1052	0.630046082949309
1053	0.440184331797235
1054	0.407926267281106
1055	0.423041474654378
1056	0.305437788018433
1057	0.328294930875576
1058	0.296036866359447
1059	0.208663594470046
1060	0.121290322580645
1061	0.0624884792626728
1062	0.0910599078341012
1063	0.108202764976958
1064	0.0816589861751151
1065	0.0285714285714286
1066	0.0285714285714286
1067	-0.0302304147465438
1068	-0.136405529953917
1069	-0.153548387096774
1070	-0.0833179723502304
1071	-0.0776036866359446
1072	-0.11557603686636
1073	-0.15926267281106
1074	-0.136405529953917
1075	-0.151520737327189
1076	-0.128663594470046
1077	-0.149493087557604
1078	-0.196866359447005
1079	-0.231152073732719
1080	-0.208294930875576
1081	-0.314470046082949
1082	-0.36184331797235
1083	-0.32184331797235
1084	-0.304700460829493
1085	-0.378617511520737
1086	-0.376589861751152
1170	-0.368847926267281
1171	-0.213271889400922
1172	-0.221013824884793
1173	-0.243870967741936
1174	-0.185069124423963
1175	-0.152811059907834
1176	-0.0617511520737329
1177	-0.116866359447005
1178	-0.128294930875576
1179	-0.105437788018433
1180	-0.0940092165898618
1181	-0.0903225806451614
1182	-0.0731797235023043
1183	-0.0674654377880185
1184	-0.0674654377880185
1185	-0.07889400921659
1186	-0.0903225806451614
1187	-0.128294930875576
1188	-0.12258064516129
1189	-0.116866359447005
1190	-0.160552995391705
1191	-0.143410138248848
1192	-0.192811059907834
1193	-0.192811059907834
1194	-0.19852534562212
1195	-0.204239631336405
1196	-0.194838709677419
1197	-0.232811059907834
1198	-0.209953917050691
1199	-0.187096774193548
1200	-0.207926267281106
1201	-0.187096774193548
1202	-0.15852534562212
1203	-0.175668202764977
1204	-0.187096774193548
1205	-0.160552995391705
1206	-0.143410138248848
1207	-0.255299539170507
1208	-0.253271889400922
1209	-0.258986175115207
1210	-0.264700460829493
1211	-0.308387096774194
1212	-0.390046082949309
1213	-0.23815668202765
1214	0.209769585253456
1215	0.2363133640553
1216	0.192626728110599
1217	0.221198156682028
1218	0.264884792626728
1219	0.291428571428571
1220	0.28
1221	0.302857142857143
1222	0.302857142857143
1223	0.32
1224	0.329400921658986
1225	0.335115207373272
1226	0.340829493087558
1227	0.335115207373272
1228	0.357972350230415
1229	0.428202764976958
1230	0.498433179723502
1231	0.627465437788018
1232	0.691981566820277
1233	0.680552995391705
1234	0.689953917050691
1235	0.743041474654378
1236	0.828387096774194
1237	0.796129032258065
1238	0.805529953917051
1239	0.849216589861751
1240	0.864331797235023
1241	0.83778801843318
1242	0.799815668202765
1243	0.744700460829493
1244	0.835760368663594
1245	0.852903225806452
1246	0.816958525345622
1247	0.828387096774194
1248	0.830414746543779
1249	0.707096774193548
1250	0.287741935483871
1251	0.255483870967742
1252	0.255483870967742
1253	0.217511520737327
1254	0.168110599078341
1255	0.147281105990783
1256	0.158709677419355
1257	0.141566820276498
1258	0.179539170506913
1259	0.15668202764977
1260	0.130138248847926
1261	0.112995391705069
1262	0.118709677419355
1263	0.15668202764977
1264	0.162396313364055
1265	0.162396313364055
1266	0.08073732718894
1267	-0.0919815668202766
1268	-0.188755760368664
1269	-0.16221198156682
1270	-0.194470046082949
1271	-0.276129032258064
1272	-0.332903225806452
1273	-0.355760368663594
1274	-0.416589861751152
1275	-0.40147465437788
1276	-0.410875576036866
1277	-0.422304147465438
1278	-0.433732718894009
1279	-0.405161290322581
1363	-0.665990783410138
1364	-0.63741935483871
1380	-0.540276497695853
1381	-0.528847926267281
1382	-0.540276497695853
1394	-0.679447004608295
1395	-0.645161290322581
1396	-0.71741935483871
1397	-0.71741935483871
1401	-0.650875576036867
1402	-0.662304147465438
1403	-0.679447004608295
1404	-0.679447004608295
1405	-0.742304147465438
1406	-0.788018433179724
1407	-0.790046082949309
1408	-0.830046082949309
1409	-0.847188940092166
1410	-0.858617511520737
1411	-0.887188940092166
1412	-0.854930875576037
1413	-0.854930875576037
1414	-0.784700460829493
1415	-0.790414746543779
1416	-0.822672811059908
1417	-0.807557603686636
1418	-0.796129032258065
1419	-0.741013824884793
1420	-0.636497695852535
1421	-0.653640552995392
1422	-0.530322580645161
1423	-0.574009216589862
1424	-0.568294930875576
1425	-0.556866359447005
1426	-0.594838709677419
1427	-0.560552995391705
1428	-0.516866359447005
1429	-0.476866359447005
1430	-0.587096774193548
1431	-0.627096774193548
1432	-0.594838709677419
1433	-0.608294930875576
1434	-0.619723502304147
1435	-0.591152073732719
1436	-0.619723502304147
1437	-0.727926267281106
1438	-0.67852534562212
1439	-0.63852534562212
1440	-0.611981566820276
1441	-0.554838709677419
1442	-0.543410138248848
1443	-0.543410138248848
1444	-0.509124423963134
1445	-0.476866359447005
1446	-0.526267281105991
1447	-0.547096774193548
1448	-0.567926267281106
1449	-0.567926267281106
1450	-0.617327188940092
1451	-0.55852534562212
1452	-0.552811059907834
1453	-0.567926267281106
1454	-0.564239631336406
1455	-0.526267281105991
1456	-0.579354838709677
1457	-0.537695852534562
1458	-0.613640552995392
1459	-0.60221198156682
1460	-0.418064516129032
1461	-0.43520737327189
1462	-0.442949308755761
1463	-0.427834101382489
1464	-0.477235023041475
1465	-0.456405529953917
1466	-0.456405529953917
1467	-0.298801843317972
1468	-0.264516129032258
1469	-0.256774193548387
1470	-0.195944700460829
1471	-0.230230414746544
1472	-0.169400921658986
1473	-0.169400921658986
1474	-0.207373271889401
1475	-0.2036866359447
1476	-0.2036866359447
1477	-0.182857142857143
1478	-0.16
1479	-0.1636866359447
1480	-0.146543778801843
1481	-0.184516129032258
1482	-0.150230414746544
1483	-0.112258064516129
1484	-0.129400921658986
1485	-0.0934562211981567
1486	-0.110599078341014
1487	-0.190230414746544
1488	-0.169400921658986
1489	-0.169400921658986
1490	-0.152258064516129
1491	-0.108571428571429
1492	-0.12
1493	-0.123686635944701
1494	-0.19963133640553
1495	-0.216774193548387
1496	-0.302119815668203
1497	-0.27926267281106
1498	-0.23926267281106
1499	-0.288663594470046
1500	-0.277235023041475
1501	-0.260092165898618
1502	-0.210691244239631
1503	-0.351152073732719
1504	-0.383410138248848
1505	-0.377695852534562
1506	-0.455668202764977
1507	-0.432811059907834
1508	-0.487926267281106
1509	-0.48221198156682
1510	-0.493640552995392
1511	-0.508755760368664
1512	-0.529585253456221
1513	-0.520184331797235
1514	-0.476497695852535
1515	-0.499354838709677
1516	-0.510783410138249
1517	-0.510783410138249
1518	-0.499354838709677
1519	-0.548755760368664
1520	-0.48221198156682
1521	-0.512442396313364
1522	-0.495299539170507
1523	-0.495299539170507
1524	-0.510414746543779
1525	-0.533271889400922
1526	-0.559815668202765
1527	-0.633732718894009
1528	-0.622304147465438
1529	-0.654562211981567
1530	-0.625990783410138
1531	-0.559447004608295
1532	-0.59741935483871
1533	-0.625990783410138
1535	-0.614562211981567
1536	-0.565161290322581
1537	-0.620276497695853
1541	-0.648847926267281
1542	-0.643133640552995
1543	-0.607188940092166
1544	-0.590046082949309
1545	-0.572903225806452
1546	-0.506359447004608
1547	-0.512073732718894
1548	-0.523502304147465
1549	-0.52147465437788
1550	-0.570875576036866
1551	-0.548018433179724
1552	-0.536589861751152
1553	-0.504331797235023
1554	-0.492903225806452
1555	-0.458617511520737
1556	-0.496589861751152
1557	-0.485161290322581
1558	-0.511705069124424
1559	-0.479447004608295
1560	-0.468018433179724
1561	-0.462304147465438
1562	-0.468018433179724
1563	-0.414930875576037
1564	-0.323870967741935
1565	-0.297327188940092
1566	-0.314470046082949
1567	-0.341013824884793
1568	-0.396129032258064
1569	-0.378986175115207
1570	-0.36184331797235
1571	-0.405529953917051
1572	-0.449216589861751
1573	-0.489216589861751
1574	-0.454930875576037
1575	-0.460645161290323
1576	-0.443502304147465
1577	-0.487188940092166
1578	-0.367557603686636
1579	-0.409216589861751
1580	-0.323870967741935
1581	-0.335299539170507
1582	-0.407557603686636
1583	-0.384700460829493
1584	-0.306728110599078
1585	-0.338986175115207
1586	-0.333271889400922
1587	-0.350414746543779
1588	-0.350414746543779
1589	-0.382672811059908
1590	-0.394101382488479
1591	-0.411244239631336
1592	-0.378986175115207
1593	-0.316497695852535
1594	-0.339354838709677
1595	-0.339354838709677
1596	-0.168663594470046
1597	-0.153548387096774
1598	-0.0947465437788018
1599	-0.0322580645161289
1600	-0.0322580645161289
1601	0.00368663594470053
1602	0.0416589861751151
1603	0.15926267281106
1604	0.214377880184332
1605	0.284608294930875
1606	0.337695852534562
1607	0.392811059907834
1608	0.392811059907834
1609	0.588387096774194
1610	0.652903225806452
1611	0.713732718894009
1612	0.690875576036866
1613	0.878709677419355
1614	0.829308755760369
1615	0.861566820276498
1616	0.759078341013825
1617	1.04940092165899
1618	1.05511520737327
1619	1.0436866359447
1620	1.1384331797235
1621	1.14414746543779
1622	1.1384331797235
1623	1.15926267281106
1624	1.18009216589862
1625	1.20294930875576
1626	1.20294930875576
1627	1.19723502304147
1628	1.14783410138249
1629	1.08534562211982
1630	1.1347465437788
1631	1.1784331797235
1632	1.02857142857143
1633	1.02488479262673
1634	1.03059907834101
1635	0.903594470046083
1636	0.909308755760369
1637	0.949308755760369
1638	0.96442396313364
1639	0.879078341013825
1640	0.943594470046083
1641	0.879078341013825
1642	0.803133640552995
1643	1.00239631336406
1644	1.17511520737327
1645	1.0252534562212
1646	0.977880184331797
1647	1.18451612903226
1648	1.26046082949309
1649	1.07834101382489
1650	1.05751152073733
1651	1.05179723502304
1652	1.24165898617512
1653	1.05953917050691
1654	1.11465437788018
1655	1.14691244239631
1656	1.07299539170507
1657	1.06728110599078
1658	1.11096774193548
1659	1.15465437788018
1660	1.12811059907834
1661	1.11096774193548
1662	1.12239631336406
1663	1.1926267281106
1664	1.25345622119816
1665	1.2363133640553
1666	1.21917050691244
1667	1.31594470046083
1668	1.39188940092166
1669	1.39188940092166
1670	1.43557603686636
1671	1.42986175115207
1672	1.45640552995392
1673	1.39760368663594
1674	1.5021198156682
1675	1.53437788018433
1676	1.67483870967742
1677	1.78304147465438
1678	1.82672811059908
1679	1.59889400921659
1680	1.42046082949309
1681	1.46414746543779
1682	1.5021198156682
1683	1.28405529953917
1684	1.25751152073733
1685	1.25179723502304
1686	1.24239631336406
1687	1.20442396313364
1688	1.03741935483871
1689	0.984331797235023
1690	0.95778801843318
1691	0.925529953917051
1692	0.861013824884793
1693	0.861013824884793
1694	0.828755760368664
1695	0.781382488479263
1696	0.787096774193548
1697	0.79852534562212
1698	0.804239631336405
1699	0.745437788018433
1700	0.701751152073733
1701	0.701751152073733
1702	0.675207373271889
1703	0.525345622119816
1704	0.475944700460829
1705	0.4436866359447
1706	0.346912442396313
1707	0.352626728110599
1708	0.229308755760369
1709	0.202764976958525
1710	0.047188940092166
1711	0.00350230414746544
1712	-0.210875576036866
1808	-0.342304147465438
1809	-0.353732718894009
1810	-0.327188940092166
1811	-0.338617511520737
1812	-0.355760368663594
1813	-0.329216589861751
1814	-0.308387096774194
1815	-0.298986175115207
1816	-0.283870967741936
1817	-0.268755760368664
1818	-0.225069124423963
1819	-0.253640552995392
1820	-0.23852534562212
1821	-0.255668202764977
1822	-0.261382488479263
1823	-0.20258064516129
1824	-0.246267281105991
1825	-0.269124423963134
1826	-0.24258064516129
1827	-0.24258064516129
1828	-0.254009216589862
1829	-0.265437788018433
1830	-0.271152073732719
1831	-0.200921658986175
1832	-0.16294930875576
1833	-0.130691244239631
1834	-0.0604608294930874
1835	-0.0547465437788018
1836	-0.0053456221198156
1837	-0.0490322580645161
1838	-0.0490322580645161
1839	-0.0339170506912442
1840	-0.0433179723502304
1841	-0.0376036866359446
1842	-0.111520737327189
1843	-0.132350230414747
1844	-0.255668202764977
1845	-0.261382488479263
1846	-0.223410138248848
1847	-0.223410138248848
1848	-0.194838709677419
1849	-0.221382488479262
1850	-0.227096774193548
1851	-0.215668202764977
1852	-0.230783410138249
1853	-0.297327188940092
1854	-0.329585253456221
1855	-0.329585253456221
1856	-0.344700460829493
1857	-0.344700460829493
1858	-0.378986175115207
1859	-0.454930875576037
1860	-0.439815668202765
1861	-0.407557603686636
1862	-0.451244239631336
1863	-0.377327188940092
1864	-0.383041474654378
1865	-0.405898617511521
1866	-0.394470046082949
1867	-0.421013824884793
1868	-0.396497695852535
1869	-0.468755760368664
1870	-0.39852534562212
1871	-0.356866359447005
1872	-0.389124423963134
1873	-0.334009216589862
1874	-0.246635944700461
1875	-0.240921658986175
1876	-0.231520737327189
1877	-0.204976958525346
1878	-0.157603686635944
1879	-0.0988018433179723
1880	-0.0628571428571429
1881	-0.0440552995391705
1882	-0.0820276497695853
1883	0.00903225806451591
1884	0.0127188940092167
1885	0.00129032258064532
1886	-0.0538248847926268
1887	-0.0689400921658987
1888	-0.0689400921658987
1889	-0.0632258064516129
1890	-0.0689400921658987
1891	-0.0860829493087558
1892	-0.108940092165899
1893	-0.108940092165899
1894	-0.0803686635944703
1895	-0.0975115207373274
1896	-0.124055299539171
1897	-0.124055299539171
1898	-0.124055299539171
1899	-0.215115207373272
1900	-0.135483870967742
1901	-0.103225806451613
1902	-0.105253456221198
1903	-0.143225806451613
1904	-0.205714285714286
1905	-0.124055299539171
1906	-0.177142857142857
1907	-0.197972350230415
1908	-0.209400921658986
1909	-0.247373271889401
1910	-0.285345622119816
1911	-0.306175115207373
1912	-0.327004608294931
1913	-0.353548387096774
1914	-0.446635944700461
1915	-0.452350230414747
1916	-0.501751152073733
1917	-0.526267281105991
1918	-0.547096774193548
1919	-0.55852534562212
1920	-0.552811059907834
1921	-0.547096774193548
1922	-0.547096774193548
1923	-0.564239631336406
1924	-0.554838709677419
1925	-0.499723502304148
1926	-0.494009216589862
1927	-0.43889400921659
1928	-0.421751152073733
1929	-0.427465437788019
1930	-0.427465437788019
1931	-0.421751152073733
1932	-0.410322580645161
1933	-0.419723502304147
1934	-0.396866359447005
1935	-0.40258064516129
1936	-0.455668202764977
1937	-0.487926267281106
1938	-0.487926267281106
1939	-0.516497695852535
1940	-0.533640552995392
1941	-0.59815668202765
1942	-0.668387096774194
1943	-0.712073732718894
1944	-0.679815668202765
1945	-0.679815668202765
1946	-0.702672811059908
1947	-0.702672811059908
1948	-0.725529953917051
1949	-0.725529953917051
1950	-0.685529953917051
1951	-0.732903225806452
1952	-0.649216589861751
1953	-0.649216589861751
1954	-0.654930875576037
1955	-0.708018433179724
1956	-0.690875576036867
1957	-0.696589861751152
1958	-0.635760368663595
1959	-0.603502304147466
1960	-0.624331797235023
1961	-0.607188940092166
1962	-0.609216589861751
1963	-0.624331797235023
1964	-0.64147465437788
1965	-0.64147465437788
1966	-0.614930875576037
1967	-0.614930875576037
1968	-0.620645161290323
1969	-0.605529953917051
1970	-0.645529953917051
1971	-0.639815668202765
1972	-0.662672811059908
1973	-0.634101382488479
1974	-0.683502304147466
1975	-0.672073732718894
1976	-0.654930875576037
1977	-0.654930875576037
1978	-0.679815668202765
1979	-0.636129032258065
1980	-0.674101382488479
1981	-0.719815668202765
1982	-0.712073732718894
1983	-0.706359447004608
1984	-0.672073732718894
1985	-0.67778801843318
1986	-0.668387096774194
1987	-0.685529953917051
1988	-0.696958525345622
1989	-0.685529953917051
1990	-0.670414746543779
1991	-0.696958525345622
1992	-0.71778801843318
1993	-0.723502304147465
1994	-0.772903225806452
1995	-0.805161290322581
1996	-0.793732718894009
1997	-0.814562211981567
2063	-0.445161290322581
2064	-0.435760368663595
2065	-0.44147465437788
2066	-0.344700460829493
2067	-0.373271889400922
2068	-0.390414746543779
2069	-0.40184331797235
2070	-0.40184331797235
2071	-0.40184331797235
2072	-0.314470046082949
2073	-0.303041474654378
2074	-0.363870967741936
2075	-0.386728110599078
2076	-0.392442396313364
2077	-0.39815668202765
2078	-0.345069124423963
2079	-0.335668202764977
2080	-0.341382488479263
2081	-0.329953917050691
2082	-0.329953917050691
2083	-0.352811059907834
2084	-0.387096774193548
2085	-0.366267281105991
2086	-0.351152073732719
2087	-0.303778801843318
2088	-0.28294930875576
2089	-0.267834101382489
2090	-0.313548387096774
2091	-0.287004608294931
2092	-0.298433179723502
2093	-0.287004608294931
2094	-0.205345622119816
2095	-0.070599078341014
2096	-0.0326267281105992
2097	0.0412903225806451
2098	0.0792626728110599
2099	0.117235023041475
2100	0.128663594470046
2101	0.105806451612903
2102	0.024147465437788
2103	0.109493087557604
2104	0.181751152073733
2105	0.185437788018433
2106	0.196866359447005
2107	0.261382488479263
2108	0.196866359447005
2109	0.229124423963134
2110	0.295668202764977
2111	0.43815668202765
2112	0.536958525345622
2113	0.508387096774193
2114	0.502672811059908
2115	0.464700460829493
2116	0.508387096774193
2117	0.631705069124424
2118	0.660276497695852
2119	0.683133640552995
2120	0.694562211981567
2121	0.685161290322581
2122	0.670046082949309
2123	0.622672811059908
2124	0.624700460829493
2125	0.59815668202765
2126	0.643870967741936
2127	0.628755760368664
2128	0.645898617511521
2129	0.636497695852534
2130	0.528294930875576
2131	0.351889400921659
2132	0.325345622119815
2133	0.169769585253456
2134	0.169769585253456
2135	0.0787096774193548
2136	0.0578801843317972
2137	0.063594470046083
2138	0.0427649769585252
2139	-0.0368663594470046
2140	-0.0805529953917051
2141	-0.0576958525345623
2142	-0.0634101382488479
2143	-0.127926267281106
2144	-0.0862672811059909
2145	-0.107096774193548
2146	-0.141382488479263
2147	-0.266728110599078
2148	-0.374930875576037
2149	-0.346359447004608
2150	-0.393732718894009
2151	-0.399447004608295
2152	-0.448847926267281
2344	-0.483133640552995
2345	-0.488847926267281
2346	-0.479447004608295
2347	-0.432073732718894
2348	-0.382672811059908
2349	-0.335299539170507
2350	-0.346728110599078
2351	-0.303041474654378
2352	-0.267096774193548
2353	-0.261382488479263
2354	-0.255668202764977
2355	-0.367557603686636
2356	-0.414930875576037
2357	-0.449216589861751
2358	-0.443502304147465
2359	-0.43778801843318
2360	-0.432073732718894
2361	-0.43778801843318
2362	-0.472073732718894
2363	-0.449216589861751
2364	-0.434101382488479
2365	-0.428387096774194
2366	-0.439815668202765
2367	-0.468387096774194
2368	-0.428387096774194
2369	-0.413271889400922
2370	-0.418986175115207
2371	-0.453271889400922
2372	-0.48184331797235
2373	-0.498986175115207
2374	-0.466728110599078
2375	-0.461013824884793
2376	-0.461013824884793
2377	-0.461013824884793
2378	-0.495299539170507
2379	-0.565529953917051
2380	-0.536958525345622
2381	-0.548387096774194
2382	-0.542672811059908
2383	-0.578617511520737
2384	-0.622304147465438
2424	-0.67741935483871
2425	-0.700276497695853
2426	-0.705990783410138
2427	-0.711705069124424
2437	-0.694562211981567
2438	-0.683133640552996
2439	-0.683133640552996
2440	-0.694562211981567
2445	-0.740276497695853
2446	-0.727188940092166
2447	-0.790046082949309
2448	-0.812903225806452
2449	-0.807188940092166
2450	-0.792073732718894
2451	-0.769216589861751
2452	-0.704700460829493
2453	-0.68184331797235
2454	-0.679815668202765
2455	-0.71778801843318
2456	-0.685529953917051
2457	-0.752073732718894
2458	-0.767188940092166
2459	-0.810875576036866
2460	-0.816589861751152
2461	-0.828018433179724
2462	-0.822304147465438
2463	-0.816589861751152
2464	-0.719815668202765
2465	-0.661013824884793
2466	-0.632442396313364
2467	-0.573640552995392
2468	-0.567926267281106
2469	-0.524239631336405
2470	-0.454009216589862
2471	-0.454009216589862
2472	-0.459723502304147
2473	-0.404608294930876
2474	-0.372350230414747
2475	-0.383778801843318
2476	-0.351520737327189
2477	-0.304147465437788
2478	-0.27557603686636
2479	-0.321290322580645
2480	-0.321290322580645
2481	-0.370691244239632
2482	-0.368663594470046
2483	-0.317235023041475
2484	-0.267834101382489
2485	-0.127373271889401
2486	-0.15594470046083
2487	-0.167373271889401
2488	-0.226175115207373
2489	-0.182488479262673
2490	-0.161658986175115
2491	-0.150230414746544
2492	-0.193917050691244
2493	-0.165345622119816
2494	-0.133087557603687
2495	-0.0722580645161289
2496	-0.121658986175115
2497	-0.049400921658986
2498	0.0114285714285715
2499	0.0171428571428571
2500	-0.064516129032258
2501	-0.111889400921659
2502	-0.184147465437788
2503	-0.227834101382488
2504	-0.222119815668203
2505	-0.271520737327189
2506	-0.353179723502304
2507	-0.347465437788019
2508	-0.309493087557604
2509	-0.35889400921659
2510	-0.387465437788019
2511	-0.410322580645161
2512	-0.448294930875576
2513	-0.484239631336405
2514	-0.501382488479263
2515	-0.472811059907834
2516	-0.440552995391705
2517	-0.391152073732719
2518	-0.419723502304147
2519	-0.39889400921659
2520	-0.44258064516129
2521	-0.577327188940092
2522	-0.531612903225807
2523	-0.520184331797235
2524	-0.531612903225807
2525	-0.537327188940092
2526	-0.569585253456221
2527	-0.569585253456221
2528	-0.563870967741936
2529	-0.563870967741936
2530	-0.607557603686636
2531	-0.613271889400922
2532	-0.586728110599078
2533	-0.64184331797235
2534	-0.691244239631336
2535	-0.691244239631336
2536	-0.700645161290323
2537	-0.700645161290323
2538	-0.67778801843318
2539	-0.639815668202765
2540	-0.656958525345622
2541	-0.639815668202765
2542	-0.622672811059908
2543	-0.622672811059908
2544	-0.632073732718894
2545	-0.626359447004608
2546	-0.652903225806452
2547	-0.652903225806452
2548	-0.632073732718894
2549	-0.620645161290323
2550	-0.620645161290323
2551	-0.616958525345622
2552	-0.649216589861751
2553	-0.649216589861751
2554	-0.664331797235023
2555	-0.685161290322581
2556	-0.664331797235023
2557	-0.63778801843318
2558	-0.664331797235023
2559	-0.643502304147466
2560	-0.588387096774194
2561	-0.620645161290323
2562	-0.614930875576037
2563	-0.609216589861751
2564	-0.59778801843318
2565	-0.592073732718894
2566	-0.569216589861751
2567	-0.618617511520737
2568	-0.616589861751152
2569	-0.599447004608295
2570	-0.593732718894009
2571	-0.572903225806452
2572	-0.508387096774193
2573	-0.542672811059908
2574	-0.565529953917051
2575	-0.618617511520737
2576	-0.607188940092166
2577	-0.592073732718894
2578	-0.592073732718894
2579	-0.533271889400922
2580	-0.527557603686636
2581	-0.542672811059908
2582	-0.508387096774193
2583	-0.479815668202765
2584	-0.483502304147465
2585	-0.494930875576037
2586	-0.479815668202765
2587	-0.506359447004608
2588	-0.494930875576037
2589	-0.489216589861751
2590	-0.472073732718894
2591	-0.47778801843318
2592	-0.472073732718894
2593	-0.542304147465438
2594	-0.559447004608295
2595	-0.559447004608295
2596	-0.582304147465438
2597	-0.432442396313364
2598	-0.400184331797235
2599	-0.417327188940092
2600	-0.468755760368664
2601	-0.480184331797235
2602	-0.430783410138249
2603	-0.407926267281106
2604	-0.436497695852535
2605	-0.453640552995392
2606	-0.453640552995392
2607	-0.474470046082949
2608	-0.527557603686636
2609	-0.493271889400922
2610	-0.476129032258064
2611	-0.487557603686636
2612	-0.476129032258064
2613	-0.529216589861751
2614	-0.540645161290323
2615	-0.582304147465438
2616	-0.582304147465438
2617	-0.588018433179724
2618	-0.582304147465438
2619	-0.570875576036866
2620	-0.570875576036866
2621	-0.570875576036866
2622	-0.580276497695853
2623	-0.55741935483871
2624	-0.55741935483871
2625	-0.55741935483871
2626	-0.563133640552995
2713	-0.551705069124424
2714	-0.565161290322581
2715	-0.582304147465438
2716	-0.567188940092166
2717	-0.582304147465438
2718	-0.506359447004608
2719	-0.555760368663594
2720	-0.595760368663594
2721	-0.60147465437788
2722	-0.622304147465438
2723	-0.616589861751152
2724	-0.612903225806452
2725	-0.635760368663595
2726	-0.635760368663595
2727	-0.64147465437788
2728	-0.64147465437788
2729	-0.592073732718894
2730	-0.56184331797235
2731	-0.485898617511521
2732	-0.503041474654378
2733	-0.546728110599078
2734	-0.489585253456221
2735	-0.468755760368664
2736	-0.578986175115207
2737	-0.613271889400922
2738	-0.607557603686636
2739	-0.618986175115207
2740	-0.592442396313364
2741	-0.592442396313364
2742	-0.577327188940092
2743	-0.583041474654378
2744	-0.509124423963134
2745	-0.547096774193548
2746	-0.547096774193548
2747	-0.547096774193548
2748	-0.526267281105991
2749	-0.531981566820277
2750	-0.495668202764977
2751	-0.47852534562212
2752	-0.48221198156682
2753	-0.476497695852535
2754	-0.535299539170507
2755	-0.485898617511521
2756	-0.451612903225806
2757	-0.523870967741936
2758	-0.529585253456221
2759	-0.546728110599078
2760	-0.556129032258065
2761	-0.516129032258065
2762	-0.52184331797235
2763	-0.504700460829493
2764	-0.504700460829493
2765	-0.542672811059908
2766	-0.584331797235023
2767	-0.660276497695853
2768	-0.63741935483871
2769	-0.631705069124424
2770	-0.650875576036867
2771	-0.650875576036867
2772	-0.639447004608295
2773	-0.622304147465438
2774	-0.645161290322581
2775	-0.645161290322581
2776	-0.683133640552996
2777	-0.612903225806452
2778	-0.656589861751152
2779	-0.656589861751152
2790	-0.763133640552995
2802	-0.785990783410138
2803	-0.808847926267281
2804	-0.788018433179724
2805	-0.799447004608295
2806	-0.825990783410138
2839	-0.730875576036866
2840	-0.768847926267281
2841	-0.728847926267281
2842	-0.688847926267281
2843	-0.665990783410138
2844	-0.665990783410138
2845	-0.688847926267281
2846	-0.639447004608295
2847	-0.622304147465438
2848	-0.633732718894009
2849	-0.620276497695853
2850	-0.52147465437788
2851	-0.510046082949309
2852	-0.523502304147465
2853	-0.552073732718894
2854	-0.534930875576037
2855	-0.546359447004608
2856	-0.56147465437788
2857	-0.538617511520737
2858	-0.532903225806452
2859	-0.52147465437788
2860	-0.52147465437788
2861	-0.527188940092166
2862	-0.489216589861751
2863	-0.483502304147465
2864	-0.445529953917051
2865	-0.456958525345622
2866	-0.371612903225807
2867	-0.377327188940092
2868	-0.417327188940092
2869	-0.415299539170507
2870	-0.347096774193548
2871	-0.347096774193548
2872	-0.352811059907834
2873	-0.31852534562212
2874	-0.289953917050691
2875	-0.466359447004608
2876	-0.432073732718894
2877	-0.449216589861751
2878	-0.460645161290323
2879	-0.483502304147465
2880	-0.413271889400922
2881	-0.384700460829493
2882	-0.422672811059908
2883	-0.422672811059908
2884	-0.388387096774193
2885	-0.382672811059908
2886	-0.475760368663594
2887	-0.475760368663594
2888	-0.485161290322581
2889	-0.44147465437788
2890	-0.430046082949309
2891	-0.430046082949309
2892	-0.450875576036866
2893	-0.450875576036866
2894	-0.386359447004608
2895	-0.359815668202765
2896	-0.382672811059908
2897	-0.365529953917051
2898	-0.414930875576037
2899	-0.414930875576037
2900	-0.414930875576037
2901	-0.420645161290323
2902	-0.51741935483871
2903	-0.490875576036866
2904	-0.456589861751152
2905	-0.470046082949309
2911	-0.574562211981567
2912	-0.580276497695853
2913	-0.591705069124424
2914	-0.59741935483871
2915	-0.585990783410138
3215	-0.27741935483871
3216	-0.265990783410138
3217	-0.23741935483871
3407	-0.545990783410138
3408	-0.502304147465438
3409	-0.485161290322581
3410	-0.490875576036866
3411	-0.502304147465438
3412	-0.496589861751152
3413	-0.505990783410138
3414	-0.47741935483871
3415	-0.460276497695853
3416	-0.40147465437788
3417	-0.36147465437788
3418	-0.382304147465438
3419	-0.350046082949309
3420	-0.300645161290323
3421	-0.294930875576037
3422	-0.256958525345622
3423	-0.236129032258064
3424	-0.24184331797235
3425	-0.253271889400922
3426	-0.221013824884793
3427	-0.215299539170507
3428	-0.221013824884793
3429	-0.0805529953917051
3430	-0.0748387096774193
3431	-0.0311520737327188
3432	-0.0254377880184332
3433	-0.0140092165898617
3434	-0.0197235023041474
3435	0.0239631336405529
3436	0.00110599078341012
3437	-0.00460829493087567
3438	0.0447926267281106
3439	-0.0368663594470046
3440	-0.088294930875576
3441	-0.131981566820277
3442	-0.160552995391705
3443	-0.192811059907834
3444	-0.253640552995392
3445	-0.170322580645161
3446	-0.170322580645161
3447	-0.164608294930876
3448	-0.176036866359447
3449	-0.155207373271889
3450	-0.166635944700461
3451	-0.166635944700461
3452	-0.210322580645161
3453	-0.195207373271889
3454	-0.200921658986175
3455	-0.221751152073733
3456	-0.303410138248848
3457	-0.297695852534562
3458	-0.324239631336405
3459	-0.333640552995392
3460	-0.32221198156682
3461	-0.339354838709677
3462	-0.348755760368664
3463	-0.337327188940092
3464	-0.331612903225806
3465	-0.470046082949309
3466	-0.498617511520737
3467	-0.508018433179724
3468	-0.585990783410138
3469	-0.574562211981567
3470	-0.59741935483871
3599	-0.432073732718894
3600	-0.43778801843318
3601	-0.472073732718894
3602	-0.489216589861751
3603	-0.494930875576037
3604	-0.512073732718894
3605	-0.529216589861751
3606	-0.461013824884793
3607	-0.455299539170507
3608	-0.449585253456221
3609	-0.445898617511521
3610	-0.457327188940092
3611	-0.491612903225807
3612	-0.497327188940092
3613	-0.432811059907834
3614	-0.415668202764977
3615	-0.39852534562212
3616	-0.354838709677419
3617	-0.390783410138249
3618	-0.324239631336405
3619	-0.303410138248848
3620	-0.299723502304147
3621	-0.305437788018433
3622	-0.299723502304147
3623	-0.267465437788019
3624	-0.273179723502304
3625	-0.269493087557604
3626	-0.301751152073733
3627	-0.248663594470046
3628	-0.172718894009217
3629	-0.178433179723502
3630	-0.157603686635944
3631	-0.16331797235023
3632	-0.0873732718894009
3633	-0.0779723502304147
3634	-0.00571428571428578
3635	-0.144147465437788
3636	-0.0588018433179724
3637	0.064516129032258
3638	0.146175115207373
3639	0.204976958525346
3640	0.296036866359447
3641	0.425069124423963
3642	0.427096774193548
3643	0.457327188940092
3644	0.472442396313364
3645	0.52184331797235
3646	0.493271889400922
3647	0.527557603686636
3648	0.538986175115207
3649	0.489585253456221
3650	0.501013824884793
3651	0.533271889400922
3652	0.538986175115207
3653	0.559815668202765
3654	0.607188940092166
3655	0.574930875576037
3656	0.665990783410138
3657	0.762764976958525
3658	0.724792626728111
3659	0.719078341013825
3660	0.795023041474654
3661	0.759078341013825
3662	0.736221198156682
3663	0.660276497695852
3664	0.622304147465438
3665	0.665990783410138
3666	0.736221198156682
3667	0.812165898617512
3668	0.741935483870968
3669	0.75705069124424
3670	0.766451612903226
3671	0.766451612903226
3672	0.886082949308756
3673	0.762764976958525
3674	0.755023041474654
3675	0.76073732718894
3676	0.734193548387097
3677	0.628018433179724
3678	0.569216589861751
3679	0.603502304147465
3680	0.588387096774194
3681	0.550414746543779
3682	0.609216589861751
3683	0.668018433179724
3684	0.668018433179724
3685	0.664331797235023
3686	0.819907834101383
3687	0.831336405529954
3688	0.814193548387097
3689	0.819907834101383
3690	0.728847926267281
3691	0.793364055299539
3692	0.664331797235023
3693	0.605529953917051
3694	0.643502304147465
3695	0.660645161290322
3696	0.567557603686636
3697	0.56184331797235
3698	0.632073732718894
3699	0.620645161290323
3700	0.588387096774194
3701	0.559815668202765
3702	0.463041474654378
3703	0.39852534562212
3704	0.404239631336405
3705	0.356866359447005
3706	0.303778801843318
3707	0.298064516129032
3708	0.0988018433179723
3709	0.0951152073732718
3710	0.055483870967742
3711	0.00811059907834122
3712	-0.0735483870967742
3713	-0.0906912442396315
3714	-0.113548387096774
3715	-0.195207373271889
3716	-0.189493087557604
3717	-0.204608294930876
3718	-0.240552995391705
3719	-0.299354838709677
3720	-0.316497695852535
3721	-0.32221198156682
3722	-0.506359447004608
3723	-0.590046082949309
3724	-0.550046082949309
3725	-0.614562211981567
3726	-0.620276497695853
3920	-0.648847926267281
3921	-0.639447004608295
3922	-0.527557603686636
3923	-0.523870967741936
3924	-0.497327188940092
3925	-0.465069124423963
3926	-0.39852534562212
3927	-0.383410138248848
3928	-0.328294930875576
3929	-0.334009216589862
3930	-0.31889400921659
3931	-0.280921658986175
3932	-0.265806451612903
3933	-0.262119815668203
3934	-0.241290322580645
3935	-0.250691244239631
3936	-0.123686635944701
3937	-0.117972350230415
3938	-0.100829493087557
3939	-0.0571428571428572
3940	0.00368663594470053
3941	0
3942	0.0530875576036864
3943	0.134746543778802
3944	0.12331797235023
3945	0.111889400921659
3946	0.089032258064516
3947	0.124976958525346
3948	0.286267281105991
3949	0.307096774193548
3950	0.527188940092166
3951	0.887741935483871
3952	0.99963133640553
3953	1.04129032258064
3954	0.986175115207373
3955	1.18341013824885
3956	1.22506912442396
3957	1.20995391705069
3958	1.0694930875576
3959	1.07520737327189
3960	1.23649769585253
3961	1.25364055299539
3962	1.21566820276498
3963	1.24221198156682
3964	1.16055299539171
3965	1.26304147465438
3966	1.28387096774194
3967	1.28387096774194
3968	1.28018433179724
3969	1.25364055299539
3970	1.16829493087558
3971	1.15115207373272
3972	1.0184331797235
3973	1.02986175115207
3974	1.03926267281106
3975	1.0221198156682
3976	0.984147465437788
3977	1.04294930875576
3978	1.03723502304147
3979	0.970691244239631
3980	0.976405529953917
3981	0.993548387096774
3982	1.0258064516129
3983	1.04294930875576
3984	0.961290322580645
3985	0.900460829493087
3986	0.68036866359447
3987	0.369216589861751
3988	0.331244239631336
3989	0.32184331797235
3990	0.359815668202765
3991	0.168294930875576
3992	0.19483870967742
3993	0.181382488479263
3994	0.204239631336405
3995	0.232811059907834
3996	0.0449769585253457
3997	0.0543778801843322
3998	0.0658064516129035
3999	0.0184331797235024
4000	0.0543778801843322
4001	0.0335483870967743
4002	-0.0309677419354839
4003	-0.0309677419354839
4004	-0.0538248847926268
4005	-0.0595391705069128
4006	-0.0309677419354839
4007	0.00700460829493088
4008	0.0298617511520738
4009	0.0127188940092167
4010	-0.0138248847926268
4011	-0.0195391705069126
4012	-0.0252534562211983
4013	-0.1163133640553
4014	-0.1636866359447
4015	-0.135115207373272
4016	-0.157972350230415
4017	-0.133456221198157
4018	-0.127741935483871
4019	-0.148571428571429
4020	-0.245345622119816
4021	-0.211059907834101
4022	-0.222488479262673
4023	-0.214746543778802
4024	-0.277235023041475
4025	-0.326635944700461
4026	-0.391152073732719
4027	-0.385437788018433
4028	-0.459354838709677
4029	-0.445898617511521
4030	-0.468755760368664
4031	-0.468755760368664
4032	-0.480184331797235
4033	-0.52184331797235
4034	-0.533271889400922
4035	-0.516129032258065
4036	-0.512073732718894
4037	-0.576589861751152
4038	-0.553732718894009
4039	-0.574562211981567
4040	-0.55741935483871
4041	-0.551705069124424
4042	-0.487188940092166
4043	-0.530875576036866
4044	-0.542304147465438
4045	-0.542304147465438
4046	-0.570875576036866
4047	-0.59741935483871
4048	-0.576589861751152
4049	-0.588018433179724
4050	-0.599447004608295
4051	-0.643133640552995
4052	-0.648847926267281
4074	-0.694562211981567
4075	-0.700276497695853
4076	-0.705990783410138
4077	-0.705990783410138
4091	-0.631705069124424
4092	-0.660276497695853
4093	-0.616589861751152
4094	-0.671705069124424
4095	-0.605161290322581
4096	-0.654562211981567
4097	-0.654562211981567
4098	-0.616589861751152
4099	-0.595760368663594
4100	-0.578617511520737
4101	-0.523502304147465
4102	-0.529216589861751
4103	-0.492903225806452
4104	-0.492903225806452
4105	-0.536589861751152
4106	-0.536589861751152
4107	-0.530875576036866
4108	-0.553732718894009
4109	-0.553732718894009
4120	-0.578617511520737
4121	-0.534930875576037
4122	-0.540645161290323
4123	-0.563502304147465
4124	-0.567188940092166
4125	-0.599447004608295
4126	-0.565161290322581
4127	-0.576589861751152
4128	-0.559447004608295
4129	-0.585990783410138
4130	-0.574562211981567
4148	-0.608847926267281
4149	-0.603133640552995
4150	-0.603133640552995
4151	-0.591705069124424
4152	-0.585990783410138
4153	-0.574562211981567
4154	-0.591705069124424
4155	-0.614562211981567
4222	-0.563133640552995
4223	-0.545990783410138
4224	-0.117235023041475
4225	-0.132350230414747
4226	-0.187465437788019
4227	-0.166635944700461
4228	-0.172350230414747
4229	-0.183778801843318
4230	-0.195207373271889
4231	-0.145806451612903
4232	-0.16294930875576
4233	-0.168663594470046
4234	-0.191520737327189
4235	-0.20294930875576
4236	-0.24294930875576
4237	-0.237235023041475
4238	-0.208663594470046
4239	-0.164976958525346
4240	-0.111889400921659
4241	-0.140460829493088
4242	-0.169032258064516
4243	-0.169032258064516
4244	-0.142488479262673
4245	-0.131059907834101
4246	-0.153917050691244
4247	-0.104516129032258
4248	-0.0930875576036865
4249	-0.049400921658986
4250	-0.117603686635945
4251	-0.161290322580645
4252	-0.167004608294931
4253	-0.15557603686636
4254	-0.132718894009217
4255	-0.109861751152074
4256	-0.0984331797235024
4257	-0.109861751152074
4258	-0.172350230414747
4259	-0.160921658986175
4293	-0.525161290322581
4294	-0.498617511520737
4295	-0.550046082949309
4296	-0.48184331797235
4297	-0.48184331797235
4298	-0.527557603686636
4299	-0.56184331797235
4300	-0.573271889400922
4301	-0.596129032258065
4302	-0.590414746543779
4303	-0.584700460829493
4304	-0.596129032258065
4305	-0.556129032258065
4306	-0.535299539170507
4307	-0.569585253456221
4308	-0.630414746543779
4309	-0.615299539170507
4310	-0.605898617511521
4311	-0.567926267281106
4312	-0.575668202764977
4313	-0.59852534562212
4314	-0.513179723502304
4315	-0.579723502304147
4316	-0.574009216589862
4317	-0.574009216589862
4318	-0.617695852534562
4319	-0.564608294930876
4320	-0.596866359447005
4321	-0.55889400921659
4322	-0.560921658986175
4323	-0.540092165898618
4324	-0.534377880184332
4325	-0.513548387096774
4326	-0.502119815668203
4327	-0.543778801843318
4328	-0.581751152073733
4329	-0.619723502304147
4330	-0.657695852534562
4331	-0.663410138248848
4332	-0.720184331797235
4333	-0.714470046082949
4334	-0.703041474654378
4335	-0.720184331797235
4336	-0.708755760368664
4337	-0.674470046082949
4338	-0.697327188940092
4339	-0.653640552995392
4340	-0.600552995391705
4341	-0.651981566820277
4342	-0.684239631336405
4343	-0.67852534562212
4344	-0.689953917050691
4345	-0.731612903225807
4346	-0.691612903225806
4347	-0.676497695852534
4348	-0.691612903225806
4349	-0.668755760368664
4350	-0.754101382488479
4351	-0.748387096774193
4352	-0.738986175115207
4353	-0.765529953917051
4354	-0.771244239631336
4355	-0.79778801843318
4356	-0.803502304147465
4357	-0.835760368663594
4358	-0.845161290322581
4359	-0.854562211981567
4360	-0.860276497695853
4362	-0.879447004608295
4363	-0.868018433179724
4364	-0.864331797235023
4365	-0.908018433179724
4366	-0.967188940092166
4367	-0.955760368663594
4368	-0.984331797235023
4369	-1.00147465437788
4370	-0.942672811059908
4371	-0.893271889400922
4372	-0.819354838709677
4373	-0.807926267281106
4374	-0.737695852534562
4375	-0.75852534562212
4376	-0.779354838709677
4377	-0.779354838709677
4378	-0.697695852534562
4379	-0.680552995391705
4380	-0.640552995391705
4381	-0.634838709677419
4382	-0.724239631336405
4383	-0.800184331797235
4384	-0.794470046082949
4385	-0.794470046082949
4386	-0.817327188940092
4387	-0.805898617511521
4388	-0.809585253456221
4389	-0.832442396313364
4390	-0.765898617511521
4391	-0.792442396313364
4392	-0.748755760368664
4393	-0.765898617511521
4394	-0.765898617511521
4395	-0.750783410138249
4396	-0.739354838709677
4397	-0.727926267281106
4398	-0.769585253456221
4399	-0.76221198156682
4400	-0.765898617511521
4401	-0.760184331797235
4402	-0.63852534562212
4403	-0.589124423963134
4404	-0.545437788018433
4405	-0.530322580645161
4406	-0.568294930875576
4407	-0.585437788018433
4408	-0.583410138248848
4409	-0.507465437788019
4410	-0.566267281105991
4411	-0.431520737327189
4412	-0.463778801843318
4413	-0.423778801843318
4414	-0.461751152073733
4415	-0.456036866359447
4416	-0.450322580645161
4417	-0.423778801843318
4418	-0.355207373271889
4419	-0.300092165898618
4420	-0.271520737327189
4421	-0.273548387096774
4422	-0.23926267281106
4423	-0.250691244239631
4424	-0.250691244239631
4425	-0.133087557603687
4426	-0.070599078341014
4427	-0.0669124423963134
4428	-0.144884792626728
4429	-0.0575115207373273
4430	-0.0538248847926268
4431	-0.00442396313364046
4432	-0.0387096774193547
4433	-0.0444239631336405
4434	0.0846082949308755
4435	0.160552995391705
4436	0.135668202764977
4437	0.147096774193548
4438	0.0940092165898618
4439	0.143410138248848
4440	0.16221198156682
4441	0.196497695852534
4442	0.454562211981567
4443	0.47741935483871
4444	0.390046082949309
4445	0.31778801843318
4446	0.294930875576037
4447	0.211244239631336
4448	0.211244239631336
4449	0.214930875576037
4450	0.376221198156682
4451	0.376221198156682
4452	0.347649769585254
4453	0.303963133640553
4454	0.345622119815668
4455	0.296221198156682
4456	0.35668202764977
4457	0.358709677419355
4458	0.358709677419355
4459	0.406082949308756
4460	0.388940092165899
4461	0.265622119815668
4462	0.212534562211981
4463	0.19741935483871
4464	0.220276497695853
4465	0.110046082949309
4466	0.136589861751152
4467	0.0871889400921657
4468	0.104331797235023
4469	0.12147465437788
4470	-0.0418433179723503
4471	-0.136589861751152
4472	-0.0586175115207375
4473	-0.0377880184331796
4474	-0.0643317972350232
4475	-0.134562211981566
4476	-0.185622119815668
4477	-0.24073732718894
4478	-0.513917050691244
4479	-0.534746543778802
4480	-0.534746543778802
4481	-0.549861751152074
4482	-0.538433179723503
4483	-0.612350230414747
4484	-0.623778801843318
4485	-0.656036866359447
4486	-0.843870967741936
4487	-0.83815668202765
4488	-0.821013824884793
4489	-0.792442396313364
4490	-0.839815668202765
4491	-0.805529953917051
4492	-0.883133640552995
4493	-0.871705069124424
4494	-0.888847926267281
4557	-0.688847926267281
4558	-0.67741935483871
4559	-0.683133640552996
4560	-0.683133640552996
4561	-0.633732718894009
4562	-0.474470046082949
4563	-0.451612903225806
4564	-0.463041474654378
4565	-0.457327188940092
4566	-0.44221198156682
4567	-0.334009216589862
4568	-0.290322580645161
4569	-0.290322580645161
4570	-0.220092165898618
4571	-0.260092165898618
4572	-0.244976958525346
4573	-0.207004608294931
4574	-0.148202764976959
4575	-0.0702304147465438
4576	-0.0608294930875574
4577	-0.0685714285714285
4578	-0.106543778801843
4579	-0.180460829493088
4580	-0.226175115207373
4581	-0.197603686635945
4582	-0.247004608294931
4583	-0.19963133640553
4584	-0.19963133640553
4585	-0.205345622119816
4586	-0.157972350230415
4587	-0.148571428571429
4588	-0.142857142857143
4589	-0.125714285714286
4590	-0.148571428571429
4591	-0.102857142857143
4592	-0.108571428571429
4593	-0.178801843317972
4594	-0.178801843317972
4595	-0.184516129032258
4596	0.00331797235023035
4597	-0.0289400921658987
4598	-0.0763133640552995
4599	-0.104884792626728
4600	-0.0877419354838711
4601	-0.0783410138248848
4602	-0.110599078341014
4603	-0.0746543778801843
4604	-0.0272811059907836
4605	0.0106912442396314
4606	-0.0481105990783413
4607	-0.0423963133640552
4608	-0.0481105990783413
4609	-0.0917972350230418
4610	-0.179170506912442
4611	-0.228571428571429
4612	-0.232258064516129
4613	-0.226543778801843
4614	-0.190599078341014
4615	-0.133824884792627
4616	-0.0844239631336405
4617	0.00663594470046092
4618	0.0503225806451613
4619	0.152811059907834
4620	0.179354838709677
4621	0.179354838709677
4622	0.223041474654378
4623	0.164239631336405
4624	0.196497695852534
4625	0.171612903225806
4626	0.154470046082949
4627	0.160184331797235
4628	0.175299539170507
4629	0.125898617511521
4630	0.129585253456221
4631	0.11815668202765
4632	-0.0280184331797233
4633	-0.0280184331797233
4634	-0.145622119815668
4635	-0.157050691244239
4636	-0.185622119815668
4637	-0.212165898617512
4638	-0.174193548387096
4639	-0.297511520737327
4640	-0.382857142857143
4641	-0.373456221198157
4642	-0.390599078341014
4643	-0.346912442396314
4644	-0.390599078341014
4645	-0.352626728110599
4646	-0.341198156682028
4647	-0.369769585253457
4648	-0.377511520737327
4649	-0.354654377880185
4650	-0.373456221198157
4651	-0.458801843317972
4652	-0.47963133640553
4653	-0.587834101382489
4654	-0.597235023041475
4655	-0.75852534562212
4656	-0.790783410138249
4657	-0.834470046082949
4658	-0.976958525345622
4659	-0.954101382488479
4660	-0.95778801843318
4661	-0.879815668202765
4662	-0.851244239631336
4663	-0.856958525345622
4664	-0.866359447004608
4665	-0.889216589861751
4666	-0.950046082949309
4667	-0.952073732718894
4668	-0.993732718894009
4669	-0.896958525345622
4670	-0.885529953917051
4671	-0.879815668202765
4672	-0.813271889400922
4673	-0.818986175115207
4674	-0.824700460829493
4675	-0.856958525345622
4676	-0.874101382488479
4677	-0.955760368663594
4678	-0.923502304147465
4679	-0.955760368663594
4680	-0.955760368663594
4681	-0.999447004608295
4682	-1.01658986175115
4683	-0.988018433179723
4684	-1.00884792626728
4685	-0.988018433179723
4686	-1.02801843317972
4687	-0.969216589861751
4688	-0.925529953917051
4689	-0.914101382488479
4690	-0.898986175115207
4691	-0.898986175115207
4692	-0.887557603686636
4693	-0.88184331797235
4694	-0.824700460829493
4695	-0.824700460829493
4696	-0.809585253456221
4697	-0.830414746543779
4698	-0.807557603686636
4699	-0.796129032258065
4700	-0.79815668202765
4701	-0.769585253456221
4702	-0.712442396313364
4703	-0.710414746543779
4704	-0.554838709677419
4705	-0.674470046082949
4706	-0.703041474654378
4707	-0.674470046082949
4708	-0.723870967741935
4709	-0.703041474654378
4710	-0.703041474654378
4711	-0.705069124423963
4712	-0.687926267281106
4713	-0.667096774193548
4714	-0.644239631336405
4715	-0.621382488479263
4716	-0.587096774193548
4717	-0.552811059907834
4718	-0.524239631336405
4719	-0.489953917050691
4720	-0.472811059907834
4721	-0.543041474654378
4722	-0.554470046082949
4723	-0.578986175115207
4724	-0.628387096774194
4725	-0.616958525345622
4726	-0.611244239631336
4727	-0.594101382488479
4728	-0.599815668202765
4729	-0.497327188940092
4730	-0.44221198156682
4731	-0.447926267281106
4732	-0.468755760368664
4733	-0.501013824884793
4734	-0.474470046082949
4735	-0.381382488479263
4736	-0.373640552995392
4737	-0.345069124423963
4738	-0.350783410138249
4739	-0.356497695852535
4740	-0.506359447004608
4741	-0.47778801843318
4742	-0.466359447004608
4743	-0.489216589861751
4744	-0.489216589861751
4745	-0.510046082949309
4746	-0.530875576036866
4747	-0.523133640552995
4748	-0.523133640552995
4797	-0.390046082949309
4798	-0.395760368663595
4799	-0.39778801843318
4800	-0.430046082949309
4801	-0.44147465437788
4802	-0.44147465437788
4803	-0.424331797235023
4804	-0.494562211981567
4805	-0.505990783410138
4806	-0.523133640552995
4807	-0.523133640552995
4809	-0.508018433179724
4810	-0.496589861751152
4811	-0.492903225806452
4812	-0.496589861751152
4813	-0.475760368663594
4814	-0.513732718894009
4815	-0.492903225806452
4816	-0.475760368663594
4817	-0.519447004608295
4818	-0.485161290322581
4819	-0.470046082949309
4820	-0.443502304147465
4821	-0.460645161290323
4822	-0.460645161290323
4823	-0.466359447004608
4824	-0.466359447004608
4825	-0.445529953917051
4826	-0.462672811059908
4827	-0.479815668202765
4828	-0.462672811059908
4829	-0.472073732718894
4830	-0.500645161290323
4831	-0.494930875576037
4832	-0.506359447004608
4833	-0.59741935483871
4834	-0.603133640552995
4837	-0.55741935483871
4838	-0.551705069124424
4839	-0.545990783410138
4840	-0.534562211981567
4841	-0.51741935483871
4842	-0.511705069124424
4843	-0.505990783410138
4844	-0.47741935483871
4927	-0.435760368663595
4928	-0.327557603686636
4929	-0.31815668202765
4930	-0.335299539170507
4931	-0.341013824884793
4932	-0.227096774193548
4933	-0.206267281105991
4934	-0.229124423963134
4935	-0.181751152073733
4936	-0.166635944700461
4937	-0.19889400921659
4938	-0.176036866359447
4939	-0.132350230414747
4940	-0.160921658986175
4941	-0.140092165898618
4942	-0.0167741935483871
4943	0.08
4944	0.0914285714285714
4945	0.108571428571429
4946	0.0742857142857142
4947	0.176774193548387
4948	0.142488479262673
4949	0.096774193548387
4950	0.0816589861751151
4951	0.292350230414747
4952	0.35889400921659
4953	0.303778801843318
4954	0.31889400921659
4955	0.31889400921659
4956	0.244976958525346
4957	0.250691244239631
4958	0.265806451612904
4959	0.315207373271889
4960	0.351152073732719
4961	0.334009216589862
4962	0.343410138248848
4963	0.220092165898618
4964	0.127004608294931
4965	0.106175115207373
4966	0.089032258064516
4967	0.0661751152073731
4968	-0.0134562211981568
4969	-0.0285714285714285
4970	-0.0171428571428571
4971	-0.0665437788018431
4972	-0.0379723502304147
4973	-0.0665437788018431
4974	-0.112258064516129
4975	-0.11594470046083
4976	-0.0930875576036865
4977	-0.136774193548387
4978	-0.233548387096774
4979	-0.330322580645161
4980	-0.330322580645161
4981	-0.364608294930876
4982	-0.353179723502304
4983	-0.467096774193548
4984	-0.47852534562212
4985	-0.461382488479263
4986	-0.472811059907834
4987	-0.672073732718894
4988	-0.643502304147466
4989	-0.626359447004608
4990	-0.647188940092166
4991	-0.635760368663595
4992	-0.64147465437788
4993	-0.635760368663595
4994	-0.673732718894009
4995	-0.745990783410138
5047	-0.839447004608295
5048	-0.828018433179724
5049	-0.805161290322581
5050	-0.83741935483871
5051	-0.848847926267281
5052	-0.828018433179724
5053	-0.822304147465438
5054	-0.763502304147465
5055	-0.780645161290323
5056	-0.79778801843318
5057	-0.765529953917051
5058	-0.723502304147465
5059	-0.734930875576037
5060	-0.746359447004608
5061	-0.75778801843318
5062	-0.719815668202765
5063	-0.687557603686636
5064	-0.611612903225806
5065	-0.594470046082949
5066	-0.571612903225807
5067	-0.537327188940092
5068	-0.569585253456221
5069	-0.487926267281106
5070	-0.349124423963134
5071	-0.331981566820277
5072	-0.326267281105991
5073	-0.176405529953917
5074	-0.220092165898618
5075	-0.20294930875576
5076	-0.220092165898618
5077	-0.214377880184332
5078	-0.164976958525346
5079	-0.11557603686636
5080	-0.056774193548387
5081	-0.0796313364055299
5082	-0.138433179723502
5083	-0.089032258064516
5084	-0.0776036866359446
5085	0.0571428571428572
5086	0.0457142857142856
5087	0.0457142857142856
5088	0.0248847926267283
5089	0.0305990783410139
5090	-0.0224884792626728
5091	-0.0224884792626728
5092	0.0211981566820276
5093	0.0175115207373272
5094	0.0383410138248848
5095	0.00608294930875575
5096	0.00608294930875575
5097	0.00608294930875575
5098	-0.0261751152073733
5099	-0.0755760368663596
5100	-0.16294930875576
5101	-0.147834101382489
5102	-0.187834101382489
5103	-0.19926267281106
5104	-0.189861751152074
5105	-0.265806451612903
5106	-0.315207373271889
5107	-0.28294930875576
5108	-0.271520737327189
5109	-0.421382488479263
5110	-0.453640552995392
5111	-0.44221198156682
5112	-0.425069124423963
5113	-0.425069124423963
5114	-0.425069124423963
5115	-0.463041474654378
5116	-0.457327188940092
5117	-0.428755760368664
5118	-0.390783410138249
5119	-0.487557603686636
5120	-0.498986175115207
5121	-0.639447004608295
5122	-0.616589861751152
5123	-0.633732718894009
5124	-0.633732718894009
5125	-0.645161290322581
5126	-0.639447004608295
5127	-0.645161290322581
5128	-0.688847926267281
5129	-0.67741935483871
5198	-0.814562211981567
5199	-0.820276497695853
5200	-0.860276497695853
5201	-0.888847926267281
5202	-0.905990783410138
5203	-0.890875576036867
5204	-0.843502304147466
5205	-0.849216589861751
5206	-0.889216589861751
5207	-0.900645161290322
5208	-0.912073732718894
5209	-0.906359447004608
5210	-0.923502304147465
5211	-0.929216589861751
5212	-0.925529953917051
5213	-0.959815668202765
5214	-0.912442396313364
5215	-0.929585253456221
5216	-0.923870967741935
5217	-0.906728110599078
5218	-0.845898617511521
5219	-0.749124423963134
5220	-0.749124423963134
5221	-0.817695852534562
5222	-0.887926267281106
5223	-0.876497695852534
5224	-0.830783410138249
5225	-0.845898617511521
5226	-0.823041474654378
5227	-0.790783410138249
5228	-0.767926267281106
5229	-0.805898617511521
5230	-0.788755760368664
5231	-0.843870967741936
5232	-0.815299539170507
5233	-0.830414746543779
5234	-0.815299539170507
5235	-0.876129032258065
5236	-0.773640552995392
5237	-0.750783410138249
5238	-0.807926267281106
5239	-0.785069124423963
5240	-0.773640552995392
5241	-0.783041474654378
5242	-0.731612903225807
5243	-0.693640552995392
5244	-0.60258064516129
5245	-0.549493087557604
5246	-0.578064516129032
5247	-0.583778801843318
5248	-0.650322580645161
5249	-0.585806451612903
5250	-0.656036866359447
5251	-0.673179723502304
5252	-0.736036866359447
5253	-0.730322580645161
5254	-0.817695852534562
5255	-0.943041474654378
5256	-0.971612903225807
5257	-0.927926267281106
5258	-0.905069124423963
5259	-0.927926267281106
5260	-0.935668202764977
5261	-0.969953917050691
5262	-1.00995391705069
5263	-1.09935483870968
5264	-1.13566820276498
5265	-1.13769585253456
5266	-1.20055299539171
5267	-1.156866359447
5268	-1.17400921658986
5269	-1.20829493087558
5270	-1.28423963133641
5271	-1.29566820276498
5272	-1.33935483870968
5273	-1.35649769585253
5274	-1.26912442396313
5275	-1.38138248847926
5276	-1.40792626728111
5277	-1.42506912442396
5278	-1.41566820276498
5279	-1.45566820276498
5280	-1.50875576036866
5281	-1.59815668202765
5282	-1.54304147465438
5283	-1.56387096774194
5284	-1.50101382488479
5285	-1.54267281105991
5286	-1.52552995391705
5287	-1.49695852534562
5288	-1.48350230414747
5289	-1.43410138248848
5290	-1.42267281105991
5291	-1.39410138248848
5292	-1.38267281105991
5293	-1.38635944700461
5294	-1.40921658986175
5295	-1.44921658986175
5296	-1.46433179723502
5297	-1.49290322580645
5298	-1.41327188940092
5299	-1.36184331797235
5300	-1.33898617511521
5301	-1.32184331797235
5302	-1.28755760368664
5303	-1.31612903225806
5304	-1.25529953917051
5305	-1.26672811059908
5306	-1.19281105990783
5307	-1.17769585253456
5308	-1.20423963133641
5309	-1.20055299539171
5310	-1.27078341013825
5311	-1.25935483870968
5312	-1.12663594470046
5313	-1.07926267281106
5314	-1.03760368663594
5315	-1.0584331797235
5316	-1.07557603686636
5317	-0.997603686635945
5318	-0.997603686635945
5319	-0.993917050691244
5320	-0.99594470046083
5321	-0.99594470046083
5322	-1.0073732718894
5323	-0.984516129032258
5324	-0.957972350230415
5325	-1.02451612903226
5326	-1.02451612903226
5327	-1.04165898617512
5328	-0.96
5329	-0.948571428571429
5330	-0.965714285714286
5331	-0.96
5332	-0.948571428571429
5333	-0.8763133640553
5334	-1.00165898617512
5335	-1.0073732718894
5336	-1.03391705069124
5337	-1.03963133640553
5338	-1.02820276497696
5339	-1.03760368663594
5340	-1.08129032258065
5341	-1.08903225806452
5342	-1.16497695852535
5343	-1.15926267281106
5344	-1.06046082949309
5345	-1.02248847926267
5346	-1.05677419354839
5347	-0.975115207373272
5348	-1.15354838709677
5349	-1.20092165898618
5350	-1.26912442396313
5351	-1.23483870967742
5352	-1.12092165898618
5353	-1.20460829493088
5354	-1.21603686635945
5355	-1.21032258064516
5356	-1.20829493087558
5357	-1.16092165898617
5358	-1.16294930875576
5359	-1.17069124423963
5360	-1.19354838709677
5361	-1.1384331797235
5362	-1.12700460829493
5363	-1.08165898617512
5364	-1.19594470046083
5365	-1.07465437788018
5366	-1.01382488479263
5367	-0.899907834101382
5368	-0.84110599078341
5369	-0.788018433179723
5370	-0.656958525345622
5371	-0.621013824884793
5372	-0.615299539170507
5373	-0.603870967741936
5374	-0.594470046082949
5375	-0.552811059907834
5376	-0.564239631336406
5377	-0.59852534562212
5378	-0.425806451612903
5379	-0.446635944700461
5380	-0.591152073732719
5381	-0.545806451612903
5382	-0.492718894009217
5383	-0.55557603686636
5384	-0.534746543778802
5385	-0.574746543778802
5386	-0.576774193548387
5387	-0.413824884792627
5388	-0.548571428571429
5389	-0.432626728110599
5390	-0.406082949308755
5391	-0.440368663594469
5392	-0.463225806451613
5393	-0.47668202764977
5394	-0.415852534562212
5395	-0.398709677419355
5396	-0.421566820276498
5397	-0.385622119815668
5398	-0.370506912442397
5399	-0.368479262672811
5400	-0.364423963133641
5401	-0.502857142857143
5402	-0.440368663594469
5403	-0.527741935483871
5404	-0.592258064516129
5405	-0.671889400921659
5406	-0.75926267281106
5407	-0.772350230414746
5408	-0.514285714285714
5409	-0.451797235023041
5410	-0.421566820276498
5411	-0.48036866359447
5412	-0.330506912442396
5413	-0.305622119815668
5414	-0.472626728110599
5415	-0.377880184331798
5416	-0.311336405529953
5417	-0.343225806451612
5418	-0.244423963133641
5419	-0.175852534562212
5420	-0.19668202764977
5421	-0.162396313364055
5422	-0.19668202764977
5423	-0.355944700460829
5424	-0.32
5425	-0.393917050691244
5426	-0.344516129032258
5427	-0.300829493087558
5428	-0.242027649769585
5429	-0.1963133640553
5430	-0.131797235023041
5431	-0.128110599078341
5432	-0.139539170506913
5433	-0.213456221198157
5434	-0.171797235023041
5435	-0.179539170506913
5436	-0.0619354838709678
5437	0.0576958525345623
5438	-0.0447926267281109
5439	-0.0427649769585252
5440	-0.048479262672811
5441	-0.0770506912442395
5442	-0.0864516129032262
5443	-0.111336405529954
5444	-0.375115207373272
5445	-0.395944700460829
5446	-0.458433179723502
5447	-0.365345622119816
5448	-0.492350230414746
5449	-0.492350230414746
5450	-0.496036866359447
5451	-0.55852534562212
5452	-0.529953917050691
5453	-0.535668202764977
5454	-0.613271889400921
5455	-0.656958525345622
5456	-0.575299539170507
5457	-0.600184331797235
5458	-0.603870967741936
5459	-0.64184331797235
5460	-0.662672811059908
5461	-0.679815668202765
5462	-0.744331797235023
5463	-0.770875576036866
5464	-0.823963133640553
5465	-0.846820276497696
5466	-0.958709677419355
5467	-0.933824884792627
5468	-0.92036866359447
5469	-0.903225806451613
5470	-1.00774193548387
5471	-0.988571428571429
5472	-1.10046082949309
5473	-1.25069124423963
5474	-1.24129032258065
5475	-1.19023041474654
5476	-1.16571428571429
5477	-1.08976958525346
5478	-1.06322580645161
5479	-1.01751152073733
5480	-1.01179723502304
5481	-1.03465437788018
5482	-1.02322580645161
5483	-0.990967741935484
5484	-1.00239631336406
5485	-0.935852534562212
5486	-0.92073732718894
5487	-0.888479262672811
5488	-0.922764976958525
5489	-0.966451612903226
5490	-0.854562211981567
5491	-0.865990783410138
5492	-0.936221198156682
5493	-0.863963133640553
5494	-0.831705069124424
5495	-0.805161290322581
5496	-0.765161290322581
5497	-0.770875576036866
5498	-0.820276497695852
5499	-0.814562211981567
5500	-0.785990783410139
5501	-0.818248847926268
5502	-0.886820276497696
5503	-0.871705069124424
5504	-0.871705069124424
5505	-0.883133640552995
5506	-0.770875576036866
5507	-0.84110599078341
5508	-0.80110599078341
5509	-0.793364055299539
5510	-0.785622119815668
5511	-0.787281105990783
5512	-0.806082949308756
5513	-0.847741935483871
5514	-0.819170506912443
5515	-0.847741935483871
5516	-0.792626728110599
5517	-0.811428571428571
5518	-0.756313364055299
5519	-0.817142857142857
5520	-0.752626728110599
5521	-0.790599078341014
5522	-0.750599078341014
5523	-0.727741935483871
5524	-0.754285714285714
5525	-0.765714285714286
5526	-0.911889400921659
5527	-0.811059907834101
5528	-0.790230414746544
5529	-0.811059907834101
5530	-0.737142857142857
5531	-0.731428571428571
5532	-0.797972350230415
5533	-0.638709677419355
5534	-0.606451612903226
5535	-0.595023041474654
5536	-0.608479262672811
5537	-0.559078341013825
5538	-0.507649769585254
5539	-0.541935483870968
5540	-0.418617511520737
5541	-0.44147465437788
5542	-0.513732718894009
5543	-0.508018433179723
5544	-0.548018433179723
5545	-0.489216589861752
5546	-0.572903225806452
5547	-0.601474654377881
5548	-0.660645161290323
5549	-0.683502304147466
5550	-0.738617511520738
5551	-0.748018433179724
5552	-0.793732718894009
5553	-0.831705069124424
5554	-0.875391705069125
5555	-0.896221198156682
5556	-0.966451612903226
5557	-0.886820276497696
5558	-0.923133640552995
5559	-0.968847926267281
5560	-0.932903225806452
5561	-0.750783410138249
5562	-0.750783410138249
5563	-0.785069124423963
5564	-0.811612903225807
5565	-0.849585253456221
5566	-0.972903225806452
5567	-0.982304147465438
5568	-0.950046082949309
5569	-1.09216589861751
5570	-1.16442396313364
5571	-1.1852534562212
5572	-1.2289400921659
5573	-1.28774193548387
5574	-1.24405529953917
5575	-1.26488479262673
5576	-1.35023041474654
5577	-1.25345622119816
5578	-1.25714285714286
5579	-1.25714285714286
5580	-1.21345622119816
5581	-1.1963133640553
5582	-1.16202764976959
5583	-1.19428571428571
5584	-1.0289400921659
5585	-1.01953917050691
5586	-1.01953917050691
5587	-0.970138248847926
5588	-0.950967741935484
5589	-0.922396313364056
5590	-0.895852534562212
5591	-0.939539170506912
5592	-0.907281105990783
5593	-1.01548387096774
5594	-1.05714285714286
5595	-1.0873732718894
5596	-1.06820276497696
5597	-1.24460829493088
5598	-1.21032258064516
5599	-1.25198156682028
5600	-1.26543778801843
5601	-1.2331797235023
5602	-1.21032258064516
5603	-1.20460829493088
5604	-1.20460829493088
5605	-1.18175115207373
5606	-1.1531797235023
5607	-1.17603686635945
5608	-1.1531797235023
5609	-1.19115207373272
5610	-1.21972350230415
5611	-1.236866359447
5612	-1.33198156682028
5613	-1.42304147465438
5614	-1.37935483870968
5615	-1.31483870967742
5616	-1.33566820276498
5617	-1.37732718894009
5618	-1.28995391705069
5619	-1.19483870967742
5620	-1.32958525345622
5621	-1.33327188940092
5622	-1.33327188940092
5623	-1.35410138248848
5624	-1.36184331797235
5625	-1.38672811059908
5626	-1.43041474654378
5627	-1.43612903225806
5628	-1.45124423963134
5629	-1.36958525345622
5630	-1.34672811059908
5631	-1.34304147465438
5632	-1.38304147465438
5633	-1.37935483870968
5634	-1.40792626728111
5635	-1.48792626728111
5636	-1.44995391705069
5637	-1.44423963133641
5638	-1.45198156682028
5639	-1.40460829493088
5640	-1.436866359447
5641	-1.48258064516129
5642	-1.45032258064516
5643	-1.44460829493088
5644	-1.46175115207373
5645	-1.46746543778802
5646	-1.45400921658986
5647	-1.46341013824885
5648	-1.37032258064516
5649	-1.24700460829493
5650	-1.3021198156682
5651	-1.28331797235023
5652	-1.2036866359447
5653	-1.12036866359447
5654	-1.17179723502304
5655	-1.20811059907834
5656	-1.14930875576037
5657	-1.15133640552995
5658	-1.05824884792627
5659	-1.06599078341014
5660	-1.02801843317972
5661	-0.944331797235023
5662	-0.932903225806452
5663	-0.910046082949309
5664	-0.932903225806452
5665	-0.959447004608295
5666	-0.970875576036866
5667	-0.985990783410138
5668	-0.989677419354839
5669	-0.890875576036866
5670	-0.818617511520738
5671	-0.750046082949309
5672	-0.768847926267281
5673	-0.751705069124424
5674	-0.71741935483871
5675	-0.810506912442396
5676	-0.821935483870968
5677	-0.810506912442396
5678	-0.80479262672811
5679	-0.745990783410138
5680	-0.763133640552995
5681	-0.719447004608295
5682	-0.759447004608295
5683	-0.75373271889401
5684	-0.75741935483871
5685	-0.852165898617512
5686	-0.802764976958525
5687	-0.842396313364056
5688	-0.927741935483871
5689	-1.01308755760369
5690	-1.02248847926267
5691	-1.04700460829493
5692	-1.04497695852535
5693	-1.01640552995392
5694	-1.08663594470046
5695	-1.10746543778802
5696	-1.20055299539171
5697	-1.30506912442396
5698	-1.29935483870968
5699	-1.30709677419355
5700	-1.28055299539171
5701	-1.34709677419355
5702	-1.34138248847926
5703	-1.33566820276498
5704	-1.35852534562212
5705	-1.46672811059908
5706	-1.53327188940092
5707	-1.56184331797235
5708	-1.59612903225806
5709	-1.63410138248848
5710	-1.61327188940092
5711	-1.60184331797235
5712	-1.58470046082949
5713	-1.56184331797235
5714	-1.55612903225806
5715	-1.64921658986175
5716	-1.60184331797235
5717	-1.66101382488479
5718	-1.68958525345622
5719	-1.71244239631336
5720	-1.74470046082949
5721	-1.75815668202765
5722	-1.78672811059908
5723	-1.84184331797235
5724	-1.84184331797235
5725	-1.83612903225806
5726	-1.83041474654378
5727	-1.86101382488479
5728	-1.99041474654378
5729	-2.13124423963134
5730	-2.14838709677419
5731	-2.15410138248848
5732	-2.13695852534562
5733	-2.06470046082949
5734	-2.11612903225806
5735	-2.13695852534562
5736	-2.18635944700461
5737	-2.22064516129032
5738	-2.22635944700461
5739	-2.22838709677419
5740	-2.16184331797235
5741	-2.13898617511521
5742	-2.11041474654378
5743	-2.11612903225806
5744	-2.10470046082949
5745	-2.11612903225806
5746	-2.12350230414747
5747	-2.06838709677419
5748	-2.10267281105991
5749	-2.09529953917051
5750	-2.13327188940092
5751	-2.07612903225806
5752	-2.08350230414747
5753	-2.05290322580645
5754	-2.02064516129032
5755	-1.93327188940092
5756	-1.97327188940092
5757	-1.99612903225806
5758	-2.02267281105991
5759	-2.02838709677419
5760	-2.06838709677419
5761	-2.07981566820277
5762	-2.14635944700461
5763	-2.02672811059908
5764	-1.94875576036866
5765	-1.80792626728111
5766	-1.80221198156682
5767	-1.79852534562212
5768	-1.76995391705069
5769	-1.78912442396313
5770	-1.66746543778802
5771	-1.55926267281106
5772	-1.47188940092166
5773	-1.43188940092166
5774	-1.39963133640553
5775	-1.35023041474654
5776	-1.34082949308756
5777	-1.33511520737327
5778	-1.07705069124424
5779	-0.654009216589862
5780	-0.456774193548387
5781	0.103041474654378
5782	0.27741935483871
5783	0.52036866359447
5784	0.917235023041474
5785	1.02746543778802
5786	1.12995391705069
5787	1.29493087557604
5788	1.66857142857143
5789	1.64774193548387
5790	1.71059907834101
5791	1.66691244239631
5792	1.76571428571429
5793	1.81714285714286
5794	2.02783410138249
5795	2.15889400921659
5796	2.43041474654378
5797	2.53861751152074
5798	2.68110599078341
5799	2.85382488479263
5800	2.96202764976958
5801	3.22009216589862
5802	3.33769585253456
5803	3.53695852534562
5804	4.11557603686636
5805	4.62230414746544
5806	4.98451612903226
5807	5.0547465437788
5808	5.21235023041475
5809	5.66599078341014
5810	5.7778801843318
5811	5.83299539170507
5812	5.97917050691244
5813	6.05880184331797
5814	5.99428571428571
5815	5.82193548387097
5816	5.77087557603687
5817	5.34377880184332
5818	5.42543778801843
5819	5.52018433179724
5820	5.49161290322581
5821	5.63373271889401
5822	5.72110599078341
5823	5.70396313364055
5824	5.76110599078341
5825	6.1273732718894
5826	6.35889400921659
5827	6.69290322580645
5828	6.96608294930876
5829	7.2658064516129
5830	7.33400921658986
5831	7.67741935483871
5832	7.71907834101382
5833	7.98488479262673
5834	8.08534562211982
5835	8.12331797235023
5836	8.15760368663595
5837	8.1310599078341
5838	8.1747465437788
5839	8.54304147465438
5840	8.22820276497696
5841	8.13142857142857
5842	8.10488479262673
5843	8.70838709677419
5844	9.9815668202765
5845	10.0648847926267
5846	10.2776036866359
5847	10.6058986175115
5848	10.7063594470046
5849	10.9701382488479
5850	11.0403686635945
5851	11.12
5852	11.3458064516129
5853	11.3935483870968
5854	11.3196313364055
5855	11.7695852534562
5856	11.7716129032258
5857	11.9426728110599
5858	12.0623041474654
5859	12.3775115207373
5860	12.6564055299539
5861	12.9238709677419
5862	12.8801843317972
5863	13.0529032258065
5864	12.8670967741935
5865	13.4269124423963
5866	14.0475576036866
5867	14.4403686635945
5868	14.8997235023041
5869	15.4991705069124
5870	15.6890322580645
5871	16.0932718894009
5872	16.6510599078341
5873	17.3966820276498
5874	18.4023963133641
5875	18.2202764976959
5876	18.5959447004608
5877	19.0569585253456
5878	18.945069124424
5879	18.6641474654378
5880	17.52
5881	17.3721658986175
5882	17.153732718894
5883	17.3681105990783
5884	17.5351152073733
5885	17.3509677419355
5886	17.4685714285714
5887	17.5992626728111
5888	17.3428571428571
5889	17.2820276497696
5890	17.1795391705069
5891	16.9496774193548
5892	16.6818433179724
5893	16.3021198156682
5894	16.2355760368664
5895	16.3834101382488
5896	16.0097695852535
5897	15.5238709677419
5898	15.7762211981567
5899	15.2372350230415
5900	15.4458986175115
5901	14.6811059907834
5902	14.4647004608295
5903	13.92
5904	13.3107834101382
5905	12.5063594470046
5906	12.6790783410138
5907	12.1837788018433
5908	11.8195391705069
5909	11.1972350230415
5910	10.0645161290323
5911	10.1024884792627
5912	11.1935483870968
5913	10.7439631336406
5914	10.7345622119816
5915	10.971797235023
5916	11.1596313364055
5917	11.1747465437788
5918	11.9546543778802
5919	11.9015668202765
5920	12.1408294930876
5921	12.427465437788
5922	12.5279262672811
5923	12.7786175115207
5924	13.8851612903226
5925	14.6042396313364
5926	15.0444239631336
5927	14.7789861751152
5928	15.2763133640553
5929	15.5306912442396
5930	16.1587096774194
5931	16.578064516129
5932	17.2040552995392
5933	17.5135483870968
5934	17.6728110599078
5935	18.0296774193548
5936	18.3465437788018
5937	18.6160368663594
5938	18.8381566820277
5939	18.8838709677419
5940	19.0186175115207
5941	19.4114285714286
5942	18.9712442396313
5943	19.1990783410138
5944	19.2370506912442
5945	19.2844239631336
5946	19.5102304147465
5947	19.4171428571429
5948	18.0357603686636
5949	17.8724423963134
5950	17.9500460829493
5951	17.5817511520737
5952	17.4204608294931
5953	17.8720737327189
5954	17.2289400921659
5955	17.2420276497696
5956	16.8071889400922
5957	16.6438709677419
5958	16.3952073732719
5959	16.021198156682
5960	15.3797235023041
5961	14.7953917050691
5962	14.8047926267281
5963	14.6263594470046
5964	14.4969585253456
5965	14.3316129032258
5966	14.6121658986175
5967	13.9176036866359
5968	13.3141013824885
5969	13.0123502304147
5970	12.5476497695853
5971	12.3692165898618
5972	11.7183410138249
5973	11.3198156682028
5974	10.4639631336406
5975	10.185069124424
5976	9.91557603686636
5977	9.47705069124424
5978	9.34027649769585
5979	8.93032258064516
5980	8.56976958525346
5981	8.14101382488479
5982	7.83354838709677
5983	7.51465437788018
5984	7.17861751152074
5985	6.92258064516129
5986	6.6836866359447
5987	6.36884792626728
5988	6.02543778801843
5989	5.21529953917051
5990	4.98009216589862
5991	4.40921658986175
5992	4.21603686635945
5993	3.9126267281106
5994	3.70801843317972
5995	3.43889400921659
5996	2.95336405529954
5997	2.72958525345622
5998	2.12645161290323
5999	2.05824884792627
6000	1.7494930875576
6001	1.63225806451613
6002	0.537880184331798
6003	0.177695852534562
6004	-0.0648847926267282
6005	-0.180460829493088
6006	-0.31889400921659
6007	-0.434470046082949
6008	-0.39815668202765
6009	-0.405529953917051
6010	-0.365529953917051
6011	-0.374930875576037
6012	-0.323502304147465
