3	-0.02
4	-0.132307692307692
5	-0.265384615384615
6	-0.340769230769231
7	-0.275384615384615
8	-0.235384615384615
9	-0.328461538461539
10	-0.381538461538461
11	-0.418461538461538
12	-0.433076923076923
13	-0.487692307692307
14	-0.56
15	-0.555384615384615
16	-0.571538461538462
17	-0.683846153846154
18	-0.703076923076923
19	-0.659999999999999
20	-0.656923076923077
21	-0.674615384615385
22	-0.652307692307692
23	-0.803076923076923
24	-0.817692307692308
25	-0.753846153846154
26	-0.846923076923077
27	-0.904615384615385
28	-0.899999999999999
29	-0.936923076923077
30	-1.04923076923077
31	-1.10538461538462
32	-1.18076923076923
33	-1.19692307692308
34	-1.37
35	-1.25153846153846
36	-1.46615384615385
37	-1.50769230769231
38	-1.25153846153846
39	-1.25153846153846
40	-1.09461538461538
41	-0.915384615384615
42	-0.873846153846153
43	-0.915384615384615
44	-1.01
45	-0.891538461538462
46	-0.854615384615384
47	-0.873846153846153
48	-1.06923076923077
49	-0.989230769230769
50	-0.813076923076922
51	-0.654615384615384
52	-0.848461538461538
53	-0.69
54	-0.824615384615385
55	-1.09538461538461
56	-1.15307692307692
57	-1.25076923076923
58	-1.40461538461539
59	-1.20769230769231
60	-1.23
61	-1.28615384615385
62	-1.08923076923077
63	-1.12615384615385
64	-1.12769230769231
65	-1.02538461538462
66	-0.946923076923077
67	-1.06076923076923
68	-0.939230769230769
69	-0.936153846153846
70	-0.993846153846154
71	-1.03230769230769
72	-0.916923076923077
73	-0.869230769230769
74	-1.07461538461538
75	-1.22
76	-1.26153846153846
77	-1.24384615384615
78	-1.20384615384615
79	-1.42
80	-1.47923076923077
81	-1.41846153846154
82	-1.53538461538461
83	-1.41384615384615
84	-1.27615384615384
85	-1.14307692307692
86	-1.24230769230769
87	-1.45846153846154
88	-1.51923076923077
89	-1.54
90	-1.30307692307692
91	-1.18769230769231
92	-1.05
93	-0.81
94	-0.65153846153846
95	-0.846923076923076
96	-0.938461538461538
97	-1.05384615384615
98	-0.869999999999999
99	-0.905384615384615
100	-1.05923076923077
101	-1.15846153846154
102	-1.13923076923077
103	-1.03846153846154
104	-0.939230769230768
105	-0.799999999999999
106	-0.659230769230768
107	-0.620769230769231
108	-0.657692307692309
109	-0.764615384615384
110	-0.683076923076922
111	-0.247692307692306
112	-0.305384615384614
113	-0.244615384615384
114	-0.142307692307692
115	-0.0784615384615375
116	0.342307692307691
117	0.342307692307691
118	0.545384615384615
119	0.828461538461538
120	1.03461538461538
121	1.04076923076923
122	1.22153846153846
123	1.48230769230769
124	1.81692307692308
125	1.81846153846154
126	1.91769230769231
127	2.11769230769231
128	2.39769230769231
129	2.33846153846154
130	2.54307692307692
131	2.89692307692308
132	3.23307692307692
133	3.36769230769231
134	3.18384615384615
135	3.29769230769231
136	3.69307692307693
137	3.71230769230769
138	3.77153846153846
139	3.72692307692308
140	3.58307692307693
141	3.50307692307692
142	3.34153846153846
143	3.36076923076923
144	3.43923076923077
145	3.48384615384616
146	3.64230769230769
147	3.48384615384616
148	3.40692307692308
149	3.03538461538462
150	2.94923076923077
151	3.16692307692308
152	3.00538461538462
153	2.90769230769231
154	2.82153846153846
155	2.55615384615385
156	2.58846153846154
157	2.68923076923077
158	2.62846153846154
159	2.50538461538461
160	2.44461538461538
161	2.48153846153846
162	2.60307692307692
163	2.56307692307692
164	2.26384615384615
165	2.40153846153846
166	2.33615384615385
167	2.23538461538462
168	2.09307692307692
169	2.13461538461539
170	2.13461538461539
171	2.29307692307692
172	1.99230769230769
173	2.21615384615385
174	2.11538461538461
175	2.22076923076923
176	2.34384615384615
177	2.4
178	2.42230769230769
179	2.46538461538462
180	2.34692307692308
181	2.36769230769231
182	2.34846153846154
183	2.20923076923077
184	2.34692307692308
185	2.63846153846154
186	2.68
187	2.61615384615385
188	2.35692307692308
189	2.31538461538462
190	2.38384615384615
191	2.17076923076923
192	2.07307692307692
193	1.85384615384615
194	1.85538461538462
195	1.87923076923077
196	1.72846153846154
197	1.77307692307692
198	1.63230769230769
199	1.63384615384615
200	1.67692307692308
201	1.49923076923077
202	1.10692307692308
203	0.753076923076923
204	0.536923076923077
205	0.551538461538462
206	0.394615384615384
207	0.117692307692307
208	0.0407692307692304
209	-0.18
210	-0.200769230769231
211	-0.421538461538462
212	-0.35076923076923
213	-0.446923076923077
214	-0.411538461538462
215	-0.592307692307692
216	-0.433846153846154
217	-0.534615384615384
218	-0.678461538461537
219	-0.780769230769231
220	-0.963076923076922
221	-0.963076923076922
222	-1.13923076923077
223	-1.17615384615385
224	-1.15692307692308
225	-0.940769230769231
226	-0.852307692307691
227	-0.812307692307691
228	-0.85076923076923
229	-0.773846153846153
230	-0.896923076923077
231	-1.02
232	-0.907692307692307
233	-1.07076923076923
234	-1.23076923076923
235	-1.31692307692308
236	-1.53923076923077
237	-1.61769230769231
238	-1.36769230769231
239	-1.17384615384615
240	-1.07923076923077
241	-1.45076923076923
242	-1.27307692307692
243	-1.01846153846154
244	-1.04076923076923
245	-1.04538461538462
246	-0.965384615384616
247	-0.808461538461538
248	-0.879230769230769
249	-0.906923076923077
250	-1.04461538461539
251	-0.767692307692308
252	-0.927692307692308
253	-0.87
254	-0.886153846153846
255	-0.983846153846154
256	-0.923076923076923
257	-0.865384615384615
258	-0.846153846153846
259	-0.908461538461538
260	-0.849230769230768
261	-1.08769230769231
262	-1.34230769230769
263	-1.27
264	-1.45076923076923
265	-1.74692307692308
266	-1.76461538461538
267	-1.92153846153846
268	-1.82230769230769
269	-1.92
270	-1.64461538461538
271	-1.56461538461539
272	-1.54538461538462
273	-1.66538461538462
274	-1.86384615384615
275	-1.86538461538461
276	-1.80769230769231
277	-1.55153846153846
278	-1.63
279	-1.84769230769231
280	-1.77076923076923
281	-1.71307692307692
282	-1.75461538461538
283	-2.01384615384615
284	-1.86307692307692
285	-1.87538461538461
286	-1.77615384615385
287	-1.97461538461538
288	-1.99384615384615
289	-2.09153846153846
290	-2.07538461538461
291	-1.93769230769231
292	-1.89923076923077
293	-2.15538461538462
294	-2.13769230769231
295	-2.08153846153846
296	-2.02384615384615
297	-1.88615384615385
298	-1.75
299	-1.80769230769231
300	-1.75153846153846
301	-1.57846153846154
302	-1.48230769230769
303	-1.26615384615385
304	-1.54153846153846
305	-1.48230769230769
306	-1.78
307	-1.91769230769231
308	-1.95615384615385
309	-1.91461538461538
310	-1.95153846153846
311	-2.08769230769231
312	-2.20461538461538
313	-2.36153846153846
314	-2.38076923076923
315	-2.41923076923077
316	-2.45769230769231
317	-2.68846153846154
318	-2.56692307692308
319	-2.52692307692308
320	-2.54769230769231
321	-2.64538461538462
322	-2.72384615384615
323	-2.66615384615385
324	-2.75923076923077
325	-2.66307692307692
326	-2.76076923076923
327	-2.83923076923077
328	-2.77846153846154
329	-2.77692307692308
330	-2.59923076923077
331	-2.61384615384615
332	-2.59461538461538
333	-2.69230769230769
334	-2.77076923076923
335	-2.64615384615385
336	-2.72307692307692
337	-2.76153846153846
338	-2.70076923076923
339	-2.64307692307692
340	-2.54692307692308
341	-2.48923076923077
342	-2.40923076923077
343	-2.30846153846154
344	-2.20461538461538
345	-2.18538461538461
346	-1.96923076923077
347	-1.81230769230769
348	-1.73230769230769
349	-1.63769230769231
350	-1.60076923076923
351	-1.42
352	-1.32076923076923
353	-1.16538461538462
354	-1.12692307692308
355	-1.14461538461538
356	-0.903076923076923
357	-0.663076923076924
358	-0.624615384615385
359	-0.602307692307693
360	-0.566923076923077
361	-0.507692307692308
362	-0.469230769230769
363	-0.373076923076922
364	-0.453076923076922
365	-0.395384615384615
366	-0.377692307692307
367	-0.379230769230769
368	-0.416153846153846
369	-0.473846153846153
370	-0.293076923076923
371	-0.339230769230769
372	-0.374615384615384
373	-0.316923076923077
374	-0.432307692307693
375	-0.670769230769231
376	-0.648461538461539
377	-0.627692307692308
378	-0.706153846153846
379	-0.65
380	-0.654615384615384
381	-0.518461538461538
382	-0.539230769230769
383	-0.619230769230769
384	-0.598461538461538
385	-0.500769230769231
386	-0.595384615384615
387	-0.737692307692308
388	-0.814615384615384
389	-0.736153846153845
390	-0.912307692307693
391	-0.93
392	-1.17153846153846
393	-1.39230769230769
394	-1.45
395	-1.45153846153846
396	-1.47230769230769
397	-1.60846153846154
398	-1.62461538461539
399	-1.73846153846154
400	-1.61846153846154
401	-1.58
402	-1.63769230769231
403	-1.69692307692308
404	-1.67615384615385
405	-1.69846153846154
406	-1.91769230769231
407	-1.81384615384615
408	-1.75615384615385
409	-1.67615384615385
410	-1.66153846153846
411	-1.56076923076923
412	-1.58461538461538
413	-1.62307692307692
414	-1.38461538461538
415	-1.32230769230769
416	-1.38307692307692
417	-1.59923076923077
418	-1.54307692307692
419	-1.44538461538462
420	-1.37
421	-1.30923076923077
422	-1.19692307692308
423	-1.33153846153846
424	-1.13769230769231
425	-1.12
426	-0.983846153846154
427	-0.87
428	-0.773846153846153
429	-0.693846153846154
430	-0.519230769230769
431	-0.482307692307693
432	-0.263076923076923
433	-0.123846153846154
434	0.151538461538462
435	0.326153846153846
436	0.186923076923077
437	0.225384615384616
438	0.246153846153846
439	0.303846153846154
440	0.241538461538461
441	0.518461538461539
442	0.593846153846155
443	0.491538461538461
444	0.646923076923077
445	0.626153846153846
446	0.568461538461539
447	0.469230769230769
448	0.430769230769231
449	0.427692307692308
450	0.192307692307693
451	0.147692307692308
452	0.14923076923077
453	0.304615384615385
454	0.208461538461539
455	0.288461538461539
456	0.213076923076923
457	0.116923076923077
458	0.120000000000001
459	0.296153846153846
460	0.121538461538461
461	0.0253846153846156
462	0.0623076923076922
463	0.0238461538461539
464	-0.0723076923076924
465	-0.0500000000000003
466	-0.106153846153846
467	-0.0438461538461534
468	-0.261538461538462
469	-0.343076923076923
470	-0.544615384615385
471	-0.683846153846154
472	-0.704615384615385
473	-0.784615384615385
474	-0.843846153846154
475	-0.765384615384615
476	-0.824615384615385
477	-1.04384615384615
478	-1.1
479	-1.12076923076923
480	-1.25538461538461
481	-1.23153846153846
482	-1.01384615384615
483	-0.954615384615384
484	-0.911538461538461
485	-0.852307692307693
486	-0.874615384615385
487	-0.871538461538461
488	-0.91
489	-1.02538461538462
490	-1.14384615384615
491	-1.22384615384615
492	-1.22692307692308
493	-1.23
494	-1.27153846153846
495	-1.36923076923077
496	-1.27307692307692
497	-1.27153846153846
498	-1.50538461538462
499	-1.40923076923077
500	-1.40769230769231
501	-1.50538461538462
502	-1.40461538461538
503	-1.48153846153846
504	-1.42384615384615
505	-1.4
506	-1.39692307692308
507	-1.31692307692308
508	-1.27846153846154
509	-1.11846153846154
510	-1.04153846153846
511	-0.998461538461538
512	-1.09461538461538
513	-1.11384615384615
514	-0.878461538461538
515	-0.798461538461538
516	-0.724615384615384
517	-0.644615384615384
518	-0.723076923076923
519	-0.740769230769231
520	-0.583846153846154
521	-0.739230769230769
522	-0.638461538461538
523	-0.696153846153846
524	-0.636923076923076
525	-0.657692307692308
526	-0.657692307692308
527	-0.536153846153846
528	-0.457692307692307
529	-0.417692307692308
530	-0.398461538461539
531	-0.398461538461539
532	-0.376153846153846
533	-0.337692307692307
534	-0.182307692307692
535	-0.180769230769231
536	-0.043076923076923
537	0.0323076923076924
538	-0.089230769230769
539	-0.0730769230769228
540	0.0676923076923073
541	0.202307692307692
542	0.199230769230769
543	0.0984615384615384
544	0.023076923076923
545	-0.0792307692307688
546	-0.157692307692308
547	-0.319230769230769
548	-0.221538461538461
549	-0.143076923076923
550	-0.319230769230769
551	-0.322307692307692
552	-0.556153846153846
553	-0.541538461538462
554	-0.738461538461538
555	-0.699999999999999
556	-0.682307692307693
557	-0.526923076923077
558	-0.467692307692308
559	-0.310769230769231
560	-0.251538461538462
561	0.089230769230769
562	0.207692307692307
563	0.284615384615384
564	0.305384615384616
565	0.324615384615385
566	0.423846153846154
567	0.779230769230769
568	0.737692307692308
569	0.836923076923077
570	0.720000000000001
571	0.779230769230769
572	0.776153846153847
573	0.756923076923077
574	0.756923076923077
575	0.739230769230769
576	0.539230769230769
577	0.462307692307692
578	0.406153846153846
579	0.530769230769231
580	0.686153846153846
581	0.631538461538461
582	0.633076923076923
583	0.576923076923077
584	0.773846153846154
585	0.735384615384615
586	0.738461538461539
587	0.664615384615385
588	0.725384615384616
589	0.648461538461539
590	0.786153846153847
591	0.61
592	0.550769230769231
593	0.648461538461539
594	0.547692307692308
595	0.445384615384615
596	0.402307692307692
597	0.101538461538461
598	0.0407692307692309
599	-0.117692307692307
600	-0.293846153846153
601	-0.314615384615385
602	-0.372307692307693
603	-0.71
604	-0.726153846153846
605	-0.844615384615385
606	-0.686153846153846
607	-0.884615384615384
608	-1.00153846153846
609	-1.07846153846154
610	-0.98076923076923
611	-0.964615384615385
612	-0.847692307692308
613	-0.906923076923077
614	-0.887692307692308
615	-0.969230769230769
616	-1.02846153846154
617	-0.913076923076923
618	-0.953076923076923
619	-0.895384615384615
620	-1.07307692307692
621	-1.03307692307692
622	-1.01384615384615
623	-0.999230769230769
624	-0.901538461538462
625	-0.800769230769231
626	-0.762307692307692
627	-0.648461538461539
628	-0.688461538461539
629	-0.864615384615385
630	-0.842307692307692
631	-0.901538461538462
632	-0.956153846153846
633	-0.898461538461538
634	-1.03307692307692
635	-0.914615384615384
636	-0.754615384615384
637	-0.892307692307692
638	-0.815384615384615
639	-0.816923076923077
640	-0.896923076923077
641	-0.818461538461538
642	-0.839230769230769
643	-0.776923076923077
644	-0.698461538461538
645	-0.443846153846154
646	-0.48076923076923
647	-0.538461538461538
648	-0.535384615384615
649	-0.575384615384615
650	-0.416923076923077
651	-0.258461538461539
652	-0.274615384615384
653	-0.252307692307692
654	-0.37076923076923
655	-0.369230769230769
656	-0.346923076923077
657	-0.23
658	-0.19
659	-0.188461538461538
660	-0.367692307692307
661	-0.503846153846154
662	-0.483076923076923
663	-0.603076923076923
664	-0.556923076923077
665	-0.459230769230769
666	-0.502307692307692
667	-0.4
668	-0.438461538461538
669	-0.393846153846154
670	-0.395384615384615
671	-0.603846153846154
672	-0.685384615384616
673	-0.643846153846154
674	-0.853846153846154
675	-0.852307692307693
676	-0.713076923076923
677	-0.946923076923077
678	-1.06384615384615
679	-1.06230769230769
680	-1.17923076923077
681	-1.35692307692308
682	-1.39692307692308
683	-1.16
684	-1.20307692307692
685	-1.16461538461538
686	-1.24461538461539
687	-1.42230769230769
688	-1.30846153846154
689	-1.32923076923077
690	-1.20615384615385
691	-1.14538461538461
692	-1.14384615384615
693	-1.39692307692308
694	-1.41769230769231
695	-1.39692307692308
696	-1.25923076923077
697	-1.14230769230769
698	-1.08
699	-1.17615384615385
700	-1.20153846153846
701	-1.30076923076923
702	-1.25923076923077
703	-1.25923076923077
704	-1.22076923076923
705	-1.22230769230769
706	-1.00307692307692
707	-0.906923076923077
708	-0.668461538461538
709	-0.569230769230768
710	-0.434615384615384
711	-0.373846153846154
712	-0.455384615384615
713	-0.282307692307692
714	-0.104615384615385
715	-0.146153846153846
716	0.0123076923076919
717	0.0730769230769237
718	0.15
719	-0.0646153846153847
720	-0.258461538461539
721	-0.216923076923076
722	-0.351538461538461
723	-0.191538461538461
724	-0.19
725	-0.247692307692307
726	-0.209230769230768
727	-0.173846153846154
728	-0.0969230769230762
729	0.0584615384615388
730	0.274615384615385
731	0.276153846153846
732	0.183076923076924
733	0.266153846153846
734	0.203846153846154
735	0.35923076923077
736	0.261538461538461
737	0.383076923076923
738	0.636153846153846
739	0.440769230769231
740	0.437692307692308
741	0.572307692307692
742	0.511538461538461
743	0.410769230769231
744	0.114615384615385
745	0.0523076923076919
746	-0.000769230769230411
747	-0.0392307692307687
748	0.100000000000001
749	-0.114615384615384
750	-0.0761538461538454
751	0.0630769230769239
752	-0.0569230769230762
753	-0.0392307692307687
754	-0.159230769230769
755	-0.143076923076923
756	0.191538461538462
757	0.452307692307692
758	0.687692307692308
759	0.705384615384617
760	0.548461538461539
761	0.601538461538462
762	0.65923076923077
763	0.660769230769231
764	0.697692307692308
765	0.697692307692308
766	0.676923076923078
767	0.598461538461539
768	0.613076923076924
769	0.586153846153846
770	0.626153846153847
771	0.630769230769231
772	0.688461538461539
773	0.50923076923077
774	0.430769230769231
775	0.408461538461539
776	0.54923076923077
777	0.475384615384616
778	0.515384615384616
779	0.497692307692308
780	0.555384615384616
781	0.691538461538462
782	0.682307692307693
783	0.658461538461538
784	0.496923076923077
785	0.609230769230769
786	0.529230769230769
787	0.386923076923077
788	0.366153846153846
789	0.286153846153846
790	0.247692307692308
791	0.284615384615384
792	0.121538461538461
793	-0.100769230769231
794	-0.180769230769231
795	-0.319999999999999
796	-0.342307692307692
797	-0.300769230769231
798	-0.383846153846153
799	-0.444615384615384
800	-0.406153846153845
801	-0.527692307692307
802	-0.668461538461538
803	-0.612307692307692
804	-0.575384615384615
805	-0.596153846153846
806	-0.597692307692308
807	-0.623076923076923
808	-0.663076923076923
809	-0.563846153846154
810	-0.586153846153846
811	-0.486923076923077
812	-0.646923076923077
813	-0.670769230769231
814	-0.81
815	-0.598461538461538
816	-0.638461538461538
817	-0.718461538461538
818	-0.638461538461538
819	-0.598461538461538
820	-0.579230769230769
821	-0.617692307692307
822	-0.558461538461538
823	-0.52
824	-0.441538461538461
825	-0.422307692307692
826	-0.364615384615385
827	-0.246153846153846
828	-0.207692307692308
829	-0.327692307692308
830	-0.426923076923077
831	-0.39
832	-0.351538461538461
833	-0.351538461538461
834	-0.313076923076923
835	-0.215384615384615
836	-0.293846153846154
837	-0.212307692307693
838	-0.153076923076923
839	-0.133846153846154
840	-0.0746153846153847
841	-0.0553846153846154
842	-0.0969230769230771
843	0.0630769230769228
844	0.14
845	0.194615384615385
846	0.153076923076923
847	0.151538461538462
848	0.188461538461539
849	0.126153846153846
850	0.182307692307692
851	0.121538461538462
852	0.12
853	0.100769230769231
854	0.04
855	0.0592307692307693
856	0.0976923076923077
857	0.176153846153846
858	0.174615384615385
859	0.233846153846154
860	0.232307692307692
861	0.230769230769231
862	0.269230769230769
863	0.189230769230769
864	0.189230769230769
865	0.208461538461539
866	0.323846153846154
867	0.343076923076923
868	0.322307692307692
869	0.280769230769231
870	0.280769230769231
871	0.200769230769231
872	0.239230769230769
873	0.157692307692308
874	0.215384615384615
875	0.196153846153846
876	0.175384615384615
877	0.154615384615385
878	0.194615384615385
879	0.0538461538461538
917	-0.388461538461539
918	-0.407692307692308
919	-0.502307692307692
920	-0.483076923076923
921	-0.56
922	-0.521538461538462
923	-0.52
924	-0.558461538461538
925	-0.515384615384615
926	-0.592307692307692
927	-0.611538461538461
928	-0.571538461538461
929	-0.549230769230769
930	-0.587692307692307
931	-0.586153846153846
932	-0.586153846153846
933	-0.586153846153846
934	-0.526923076923077
935	-0.506153846153846
936	-0.600769230769231
937	-0.698461538461538
938	-0.637692307692308
939	-0.735384615384615
940	-0.754615384615385
941	-0.754615384615385
942	-0.79
943	-0.769230769230769
944	-0.786923076923077
945	-0.785384615384615
946	-0.860769230769231
947	-0.918461538461538
948	-0.88
949	-0.796923076923077
950	-0.872307692307692
951	-0.910769230769231
952	-0.870769230769231
953	-0.98923076923077
954	-0.93
955	-0.891538461538462
956	-0.872307692307692
957	-0.793846153846154
958	-0.771538461538462
959	-0.694615384615384
960	-0.595384615384615
961	-0.716923076923077
962	-0.619230769230769
963	-0.620769230769231
964	-0.641538461538461
965	-0.702307692307692
966	-0.643076923076923
967	-0.683076923076923
968	-0.543846153846154
969	-0.523076923076923
970	-0.64
971	-0.58076923076923
972	-0.425384615384615
973	-0.404615384615385
974	-0.503846153846154
975	-0.346923076923077
976	-0.366153846153846
977	-0.166153846153846
978	-0.15
979	-0.207692307692308
980	-0.15
981	-0.210769230769231
982	-0.135384615384615
983	-0.0584615384615386
984	0.117692307692308
985	0.0346153846153849
986	0.148461538461539
987	0.246153846153846
988	0.364615384615385
989	0.422307692307692
990	0.401538461538462
991	0.438461538461539
992	0.419230769230769
993	0.44
994	0.379230769230769
995	0.300769230769231
996	0.259230769230769
997	0.297692307692308
998	0.238461538461539
999	0.201538461538462
1000	0.182307692307692
1001	0.182307692307692
1002	0.182307692307692
1003	0.201538461538462
1004	0.0815384615384618
1005	0.0223076923076924
1006	0.139230769230769
1007	0.04
1008	-0.0192307692307692
1009	-0.00153846153846149
1010	0.0369230769230768
1011	-0.0223076923076923
1012	-0.0815384615384614
1013	-0.28
1014	-0.356923076923077
1015	-0.299230769230769
1016	-0.337692307692308
1017	-0.355384615384615
1018	-0.472307692307692
1019	-0.491538461538461
1020	-0.57
1021	-0.53
1022	-0.587692307692307
1023	-0.587692307692307
1024	-0.746153846153846
1025	-0.784615384615385
1026	-0.823076923076923
1027	-0.880769230769231
1028	-0.861538461538461
1029	-0.922307692307692
1030	-0.941538461538461
1031	-0.941538461538461
1032	-0.960769230769231
1033	-0.959230769230769
1034	-0.840769230769231
1035	-0.842307692307692
1036	-0.803846153846154
1037	-0.783076923076923
1038	-0.763846153846154
1039	-0.783076923076923
1040	-0.682307692307692
1041	-0.682307692307692
1042	-0.741538461538461
1043	-0.661538461538462
1044	-0.701538461538461
1045	-0.640769230769231
1046	-0.58
1047	-0.639230769230769
1048	-0.54
1049	-0.541538461538461
1050	-0.443846153846154
1051	-0.424615384615385
1052	-0.445384615384615
1053	-0.387692307692307
1054	-0.150769230769231
1055	-0.149230769230769
1056	-0.168461538461538
1057	-0.208461538461538
1058	-0.17
1059	-0.229230769230769
1060	-0.21
1061	-0.171538461538461
1062	-0.21
1063	-0.21
1064	-0.229230769230769
1065	-0.286923076923077
1066	-0.17
1067	-0.131538461538461
1068	-0.150769230769231
1069	-0.171538461538461
1070	-0.192307692307692
1071	-0.133076923076923
1072	-0.0738461538461537
1073	-0.0369230769230771
1074	-0.113846153846154
1075	-0.113846153846154
1076	-0.233846153846154
1077	-0.195384615384615
1078	-0.195384615384615
1079	-0.236923076923077
1080	-0.198461538461538
1081	-0.259230769230769
1082	-0.32
1083	-0.222307692307692
1084	-0.223846153846154
1085	-0.185384615384615
1086	-0.246153846153846
1087	-0.286153846153846
1088	-0.305384615384615
1089	-0.306923076923077
1104	0.0538461538461538
1105	0.0730769230769231
1156	-0.465384615384615
1157	-0.444615384615385
1158	-0.523076923076923
1159	-0.542307692307692
1160	-0.619230769230769
1161	-0.558461538461538
1162	-0.596923076923077
1163	-0.558461538461538
1164	-0.558461538461538
1165	-0.577692307692308
1166	-0.596923076923077
1167	-0.694615384615385
1168	-0.694615384615385
1169	-0.657692307692308
1170	-0.676923076923077
1171	-0.676923076923077
1172	-0.753846153846154
1173	-0.693076923076923
1174	-0.654615384615385
1175	-0.731538461538461
1176	-0.712307692307692
1177	-0.77
1178	-0.789230769230769
1179	-0.808461538461539
1180	-0.846923076923077
1181	-0.845384615384615
1182	-0.786153846153846
1183	-0.786153846153846
1184	-0.786153846153846
1185	-0.805384615384615
1186	-0.805384615384615
1187	-0.786153846153846
1188	-0.806923076923077
1189	-0.768461538461539
1190	-0.710769230769231
1191	-0.710769230769231
1192	-0.691538461538461
1193	-0.731538461538461
1194	-0.712307692307692
1195	-0.712307692307692
1196	-0.595384615384615
1197	-0.656153846153846
1198	-0.577692307692308
1199	-0.556923076923077
1200	-0.536153846153846
1201	-0.377692307692308
1202	-0.339230769230769
1203	-0.281538461538461
1204	-0.281538461538461
1205	-0.241538461538461
1206	-0.203076923076923
1207	-0.126153846153846
1208	-0.0107692307692306
1209	-0.0315384615384614
1210	-0.0699999999999998
1211	-0.033076923076923
1212	-0.033076923076923
1213	0.0646153846153846
1214	0.083846153846154
1215	0.122307692307692
1216	0.258461538461539
1217	0.237692307692308
1218	0.197692307692308
1219	0.218461538461538
1220	0.237692307692308
1221	0.216923076923077
1222	0.236153846153846
1223	0.157692307692308
1224	0.178461538461538
1225	0.120769230769231
1226	0.0423076923076923
1227	0.00384615384615394
1228	-0.036153846153846
1229	-0.0938461538461537
1230	-0.073076923076923
1231	0.0469230769230771
1232	-0.0699999999999998
1233	-0.0299999999999998
1234	-0.00923076923076926
1235	-0.106923076923077
1236	-0.106923076923077
1237	-0.226923076923077
1238	-0.204615384615385
1239	-0.203076923076923
1240	-0.241538461538461
1241	-0.32
1242	-0.377692307692308
1243	-0.376153846153846
1244	-0.294615384615385
1245	-0.373076923076923
1246	-0.312307692307692
1247	-0.37
1248	-0.37
1249	-0.37
1250	-0.408461538461539
1251	-0.347692307692308
1252	-0.387692307692307
1253	-0.328461538461539
1254	-0.347692307692308
1255	-0.328461538461539
1256	-0.346153846153846
1257	-0.365384615384615
1258	-0.325384615384615
1259	-0.286923076923077
1260	-0.347692307692308
1261	-0.328461538461539
1262	-0.309230769230769
1263	-0.270769230769231
1264	-0.270769230769231
1265	-0.193846153846154
1266	-0.195384615384615
1267	-0.296153846153846
1268	-0.139230769230769
1269	-0.179230769230769
1270	-0.24
1271	-0.102307692307692
1272	-0.103846153846154
1273	-0.123076923076923
1274	-0.145384615384615
1275	-0.126153846153846
1276	-0.106923076923077
1277	0.0130769230769232
1278	0.0707692307692308
1279	0.0692307692307692
1280	-0.0315384615384614
1281	0.0661538461538463
1282	0.0246153846153846
1283	0.0630769230769231
1284	0.0630769230769231
1285	0.0230769230769231
1286	0.0423076923076923
1287	0.0407692307692309
1288	0.0407692307692309
1289	0.000769230769230855
1290	0.0392307692307693
1291	-0.000769230769230744
1292	0.0169230769230769
1293	0.0361538461538461
1294	0.0153846153846153
1295	0.0346153846153846
1296	0.0538461538461538
1297	0.0923076923076923
1298	0.111538461538462
1299	0.111538461538462
1300	0.130769230769231
1301	0.130769230769231
1302	0.130769230769231
1303	0.130769230769231
1377	0.188461538461538
1378	0.188461538461538
1379	0.207692307692308
1380	0.247692307692308
1381	0.247692307692308
1382	0.209230769230769
1383	0.268461538461538
1384	0.268461538461538
1385	0.268461538461538
1386	0.249230769230769
1387	0.35
1388	0.370769230769231
1389	0.410769230769231
1390	0.450769230769231
1391	0.410769230769231
1392	0.391538461538462
1393	0.391538461538462
1394	0.351538461538462
1395	0.372307692307692
1396	0.292307692307692
1397	0.351538461538462
1398	0.351538461538462
1399	0.311538461538462
1400	0.330769230769231
1401	0.330769230769231
1402	0.311538461538462
1403	0.250769230769231
1404	0.290769230769231
1405	0.290769230769231
1406	0.252307692307692
1407	0.252307692307692
1408	0.271538461538462
1409	0.311538461538462
1410	0.35
1411	0.330769230769231
1412	0.370769230769231
1413	0.369230769230769
1414	0.35
1415	0.43
1416	0.43
1417	0.43
1418	0.468461538461538
1419	0.428461538461538
1420	0.428461538461538
1421	0.428461538461538
1422	0.428461538461538
1423	0.367692307692308
1460	1.00769230769231
1461	1.08769230769231
1462	1.12769230769231
1463	1.12769230769231
1464	1.16769230769231
1465	1.20769230769231
1466	1.20769230769231
1467	1.24769230769231
1468	1.08923076923077
1469	1.08923076923077
1470	1.08923076923077
1471	1.00923076923077
1472	1.02846153846154
1473	0.988461538461538
1474	1.10846153846154
1475	1.08923076923077
1476	1.10846153846154
1477	1.12769230769231
1478	1.12769230769231
1479	1.08769230769231
1480	1.08769230769231
1481	1.02846153846154
1482	1.02846153846154
1483	1.02846153846154
1484	0.988461538461538
1485	0.930769230769231
1486	0.991538461538462
1487	0.930769230769231
1488	0.890769230769231
1489	0.850769230769231
1490	0.770769230769231
1491	0.770769230769231
1492	0.75
1493	0.729230769230769
1494	0.729230769230769
1495	0.75
1496	0.628461538461539
1497	0.51
1498	0.43
1499	0.47
1500	0.330769230769231
1501	0.250769230769231
1502	0.252307692307692
1503	0.193076923076923
1504	0.231538461538462
1505	0.252307692307692
1506	0.292307692307692
1507	0.273076923076923
1508	0.273076923076923
1509	0.273076923076923
1510	0.153076923076923
1511	0.273076923076923
1512	0.393076923076923
1513	0.393076923076923
1514	0.433076923076923
1515	0.433076923076923
1516	0.473076923076923
1517	0.532307692307692
1518	0.572307692307692
1519	0.572307692307692
1520	0.572307692307692
1521	0.59
1522	0.63
1523	0.63
1524	0.67
1525	0.71
1526	0.71
1527	0.79
1528	0.751538461538462
1529	0.751538461538462
1530	0.711538461538462
1531	0.79
1532	0.79
1533	0.809230769230769
1534	0.79
1535	0.75
1536	0.849230769230769
1537	0.87
1538	0.83
1539	0.849230769230769
1540	0.83
1541	0.79
1542	0.770769230769231
1543	0.79
1544	0.79
1545	0.810769230769231
1546	0.810769230769231
1547	0.71
1548	0.63
1549	0.63
1550	0.610769230769231
1551	0.610769230769231
1552	0.631538461538462
1553	0.572307692307692
1554	0.513076923076923
1555	0.573846153846154
1556	0.533846153846154
1557	0.493846153846154
1558	0.373846153846154
1559	0.333846153846154
1560	0.333846153846154
1561	0.274615384615385
1562	0.236153846153846
1563	0.136923076923077
1564	0.156153846153846
1565	0.0984615384615385
1566	0.0984615384615385
1567	0.0392307692307693
1568	-0.0184615384615385
1569	0.000769230769230855
1570	0.02
1571	-0.0376923076923077
1572	-0.194615384615385
1573	-0.213846153846154
1574	-0.215384615384615
1575	-0.233076923076923
1576	-0.271538461538461
1577	-0.212307692307692
1578	-0.233076923076923
1579	-0.252307692307692
1580	-0.170769230769231
1581	-0.228461538461538
1582	-0.287692307692308
1583	-0.247692307692308
1584	-0.345384615384615
1585	-0.305384615384615
1586	-0.345384615384615
1587	-0.364615384615385
1588	-0.443076923076923
1589	-0.403076923076923
1590	-0.460769230769231
1591	-0.52
1592	-0.596923076923077
1593	-0.614615384615385
1594	-0.593846153846154
1595	-0.611538461538461
1596	-0.670769230769231
1597	-0.786153846153846
1598	-0.786153846153846
1599	-0.765384615384615
1600	-0.802307692307692
1601	-0.802307692307692
1602	-0.821538461538461
1603	-0.919230769230769
1604	-0.880769230769231
1605	-0.936923076923077
1606	-0.895384615384615
1607	-0.856923076923077
1608	-0.759230769230769
1609	-0.818461538461538
1610	-0.837692307692308
1611	-0.78
1612	-0.722307692307692
1613	-0.799230769230769
1614	-0.738461538461539
1615	-0.677692307692308
1616	-0.738461538461539
1617	-0.719230769230769
1618	-0.698461538461538
1619	-0.853846153846154
1620	-0.775384615384615
1621	-0.815384615384615
1622	-0.716153846153846
1623	-0.735384615384615
1624	-0.677692307692308
1625	-0.658461538461539
1626	-0.600769230769231
1627	-0.562307692307692
1628	-0.504615384615385
1629	-0.486923076923077
1630	-0.488461538461539
1631	-0.451538461538461
1632	-0.392307692307692
1633	-0.257692307692308
1634	-0.137692307692308
1635	-0.139230769230769
1636	-0.140769230769231
1637	-0.0223076923076923
1638	0.0369230769230768
1639	0.113846153846154
1640	0.153846153846154
1641	0.270769230769231
1642	0.134615384615385
1643	0.214615384615385
1644	0.233846153846154
1645	0.291538461538462
1646	0.331538461538462
1647	0.373076923076923
1648	0.316923076923077
1649	0.353846153846154
1650	0.254615384615385
1651	0.174615384615385
1652	0.195384615384615
1653	0.273846153846154
1654	0.254615384615385
1655	0.45
1656	0.411538461538461
1657	0.432307692307692
1658	0.294615384615385
1659	0.373076923076923
1660	0.313846153846154
1661	0.273846153846154
1662	0.216153846153846
1663	0.0992307692307693
1664	0.2
1665	0.2
1666	0.262307692307692
1667	0.263846153846154
1668	0.186923076923077
1669	0.11
1670	0.0492307692307692
1671	0.0700000000000003
1672	0.210769230769231
1673	0.15
1674	0.0907692307692309
1675	0.151538461538462
1676	0.153076923076923
1677	0.212307692307693
1678	0.386923076923077
1679	0.27
1680	0.290769230769231
1681	0.271538461538462
1682	0.193076923076923
1683	0.113076923076923
1684	0.170769230769231
1685	0.210769230769231
1686	0.23
1687	0.289230769230769
1688	0.209230769230769
1689	0.169230769230769
1690	0.167692307692308
1691	0.087692307692308
1692	0.0861538461538462
1693	0.0461538461538462
1694	0.0846153846153845
1695	0.0446153846153847
1696	0.0446153846153847
1697	-0.013076923076923
1698	0.083076923076923
1699	0.121538461538462
1700	0.0207692307692309
1701	0.0207692307692309
1702	-0.0607692307692307
1703	-0.0623076923076923
1704	-0.0253846153846153
1705	0.171538461538461
1706	0.131538461538461
1707	0.0915384615384615
1708	0.00846153846153863
1709	0.00846153846153863
1710	0.00846153846153863
1711	0.00692307692307703
1712	-0.0153846153846154
1713	-0.135384615384615
1714	-0.215384615384615
1803	-0.215384615384615
1804	-0.234615384615385
1805	-0.194615384615385
1806	-0.193076923076923
1807	-0.0938461538461537
1808	-0.0923076923076923
1809	-0.0715384615384614
1810	-0.11
1811	-0.108461538461538
1812	-0.108461538461538
1813	-0.206153846153846
1814	-0.225384615384615
1815	-0.164615384615384
1816	-0.142307692307692
1817	-0.121538461538461
1818	-0.0815384615384614
1819	-0.0815384615384614
1820	-0.0607692307692307
1821	-0.0607692307692307
1822	-0.0415384615384614
1823	0.0161538461538463
1824	-0.00461538461538458
1825	-0.0238461538461537
1826	-0.00461538461538458
1827	-0.102307692307692
1828	-0.0607692307692307
1829	-0.118461538461538
1830	-0.0992307692307691
1831	-0.0607692307692307
1832	-0.0976923076923077
1833	-0.136153846153846
1834	-0.0769230769230771
1835	-0.0769230769230771
1836	-0.0576923076923077
1837	-0.0607692307692307
1838	-0.0207692307692308
1839	-0.121538461538461
1840	-0.0223076923076923
1841	-0.0623076923076923
1842	-0.0238461538461537
1843	-0.103846153846154
1844	-0.105384615384615
1845	-0.126153846153846
1846	-0.0476923076923077
1847	-0.00923076923076926
1848	-0.00923076923076926
1849	0.0484615384615386
1850	0.0484615384615386
1851	0.0676923076923077
1852	-0.0123076923076922
1853	0.00692307692307703
1854	0.00692307692307703
1855	0.0261538461538463
1856	0.0246153846153846
1857	0.123846153846154
1858	0.163846153846154
1859	0.243846153846154
1860	0.264615384615385
1861	0.363846153846154
1862	0.403846153846154
1863	0.482307692307692
1864	0.480769230769231
1865	0.5
1866	0.5
1867	0.5
1868	0.5
1869	0.5
1870	0.479230769230769
1871	0.439230769230769
1872	0.519230769230769
1873	0.538461538461538
1874	0.538461538461538
1875	0.519230769230769
1876	0.519230769230769
1877	0.62
1878	0.602307692307692
1879	0.546153846153846
1880	0.586153846153846
1881	0.646923076923077
1882	0.686923076923077
1883	0.688461538461539
1884	0.688461538461539
1885	0.65
1886	0.65
1887	0.550769230769231
1888	0.61
1889	0.61
1890	0.589230769230769
1891	0.61
1892	0.65
1893	0.590769230769231
1894	0.510769230769231
1895	0.45
1896	0.392307692307692
1897	0.352307692307692
1898	0.293076923076923
1899	0.254615384615385
1900	0.195384615384615
1901	0.176153846153846
1902	0.235384615384616
1903	0.12
1904	0.137692307692308
1905	0.196923076923077
1906	0.256153846153846
1907	0.336153846153846
1908	0.296153846153846
1909	0.296153846153846
1910	0.256153846153846
1911	0.275384615384616
1912	0.195384615384615
1913	0.134615384615385
1914	0.0930769230769232
1915	0.109230769230769
1916	0.0692307692307692
1917	-0.00923076923076926
1918	0.0115384615384614
1919	-0.0492307692307692
1920	-0.0876923076923076
1921	-0.00923076923076926
1922	0.0707692307692308
1923	0.0707692307692308
1924	0.0692307692307692
1925	0.05
1926	0.0307692307692307
1927	0.0100000000000001
1928	-0.0492307692307692
1929	-0.0299999999999998
1930	-0.0684615384615385
1931	-0.0684615384615385
1932	-0.0315384615384614
1933	-0.0907692307692307
1934	-0.0523076923076923
1935	-0.0346153846153846
1936	-0.0153846153846154
1937	0.0230769230769231
1938	-0.0169230769230768
1939	0.218461538461538
1940	0.258461538461539
1941	0.277692307692308
1942	0.316153846153846
1943	0.255384615384615
1944	0.234615384615385
1945	0.234615384615385
1946	0.354615384615385
1947	0.434615384615385
1948	0.474615384615385
1949	0.474615384615385
1950	0.493846153846154
1951	0.533846153846154
1952	0.554615384615385
1953	0.572307692307692
1954	0.511538461538461
1955	0.530769230769231
1956	0.609230769230769
1957	0.569230769230769
1958	0.508461538461539
1959	0.527692307692308
1960	0.567692307692308
1961	0.527692307692308
2505	0.887692307692308
2506	0.887692307692308
2507	0.847692307692308
2508	0.767692307692308
2509	0.807692307692308
2510	0.729230769230769
2511	0.729230769230769
2512	0.59
2513	0.55
2514	0.588461538461538
2515	0.508461538461539
2516	0.468461538461538
2517	0.468461538461538
2518	0.468461538461538
2519	0.428461538461538
2520	0.428461538461538
2521	0.428461538461538
2522	0.388461538461538
2523	0.447692307692308
2531	0.287692307692308
3624	0.207692307692308
3625	0.247692307692308
3626	0.308461538461538
3627	0.329230769230769
3628	0.329230769230769
3629	0.39
3630	0.370769230769231
3631	0.490769230769231
3632	0.51
3633	0.529230769230769
3634	0.548461538461538
3635	0.588461538461538
3636	0.569230769230769
3637	0.609230769230769
3638	0.609230769230769
3639	0.569230769230769
3640	0.569230769230769
3641	0.649230769230769
3642	0.649230769230769
3643	0.689230769230769
3644	0.689230769230769
3645	0.649230769230769
3646	0.668461538461538
3647	0.687692307692308
3648	0.647692307692308
3649	0.588461538461538
3650	0.548461538461538
3651	0.548461538461538
3652	0.508461538461539
3653	0.527692307692308
3654	0.508461538461539
3655	0.508461538461539
3656	0.548461538461538
3657	0.548461538461538
3658	0.548461538461538
3659	0.567692307692308
3710	0.729230769230769
3711	0.63
3712	0.47
3713	0.489230769230769
3714	0.567692307692308
3715	0.567692307692308
3716	0.529230769230769
3717	0.47
3718	0.39
3719	0.39
3720	0.39
3721	0.369230769230769
3722	0.388461538461538
3723	0.308461538461538
3724	0.369230769230769
3725	0.369230769230769
3726	0.289230769230769
3727	0.169230769230769
3893	0.447692307692308
3894	0.447692307692308
3895	0.447692307692308
3896	0.407692307692308
3897	0.388461538461538
3898	0.369230769230769
3899	0.369230769230769
3900	0.369230769230769
3901	0.369230769230769
3902	0.35
3903	0.35
3904	0.35
3905	0.31
3906	0.35
3907	0.370769230769231
3908	0.370769230769231
3909	0.370769230769231
3910	0.351538461538462
3911	0.292307692307692
3912	0.253846153846154
3913	0.233076923076923
3914	0.292307692307692
3915	0.292307692307692
3916	0.332307692307692
3917	0.353076923076923
3918	0.372307692307692
3919	0.175384615384615
3920	0.234615384615385
3921	0.255384615384615
3922	0.276153846153846
3923	0.255384615384615
3924	0.196153846153846
3925	0.136923076923077
3926	0.0584615384615385
3927	0.0584615384615385
3928	0.0584615384615385
3929	0.0392307692307693
3930	0.0600000000000001
3931	0.0215384615384615
3932	0.0615384615384614
3933	0.120769230769231
3934	0.14
3935	0.14
3936	0.160769230769231
3937	0.101538461538461
3938	0.160769230769231
3939	0.141538461538462
3940	0.122307692307692
3941	0.122307692307692
3942	0.122307692307692
3943	0.101538461538461
3944	0.143076923076923
3945	0.203846153846154
3946	0.165384615384615
3947	0.226153846153846
3948	0.224615384615385
3949	0.246923076923077
3950	0.267692307692308
3951	0.29
3952	0.310769230769231
3953	0.310769230769231
3954	0.331538461538462
3955	0.408461538461539
3956	0.368461538461539
3957	0.368461538461539
3958	0.347692307692308
3959	0.408461538461539
3960	0.486923076923077
3961	0.526923076923077
3962	0.605384615384615
3963	0.544615384615385
3964	0.485384615384616
3965	0.563846153846154
3966	0.543076923076923
3967	0.621538461538462
3968	0.621538461538462
3969	0.581538461538462
3970	0.600769230769231
3971	0.581538461538462
3972	0.560769230769231
3973	0.58
3974	0.54
3975	0.54
3976	0.599230769230769
3977	0.679230769230769
3978	0.679230769230769
3979	0.759230769230769
3980	0.679230769230769
3981	0.658461538461539
3982	0.716153846153846
3983	0.655384615384615
3984	0.695384615384615
3985	0.653846153846154
3986	0.573846153846154
3987	0.551538461538462
3988	0.530769230769231
3989	0.511538461538461
3990	0.570769230769231
3991	0.553076923076923
3992	0.613846153846154
3993	0.573846153846154
3994	0.613846153846154
3995	0.533846153846154
3996	0.556153846153846
3997	0.516153846153846
3998	0.456923076923077
3999	0.458461538461538
4000	0.578461538461538
4001	0.519230769230769
4002	0.480769230769231
4003	0.440769230769231
4004	0.461538461538461
4005	0.562307692307692
4006	0.562307692307692
4007	0.602307692307692
4008	0.583076923076923
4009	0.583076923076923
4010	0.603846153846154
4011	0.643846153846154
4012	0.624615384615385
4013	0.525384615384616
4014	0.485384615384616
4015	0.426153846153846
4016	0.485384615384616
4017	0.349230769230769
4018	0.389230769230769
4019	0.408461538461539
4020	0.41
4021	0.429230769230769
4022	0.448461538461539
4023	0.429230769230769
4024	0.389230769230769
4025	0.387692307692308
4026	0.307692307692308
4027	0.325384615384615
4028	0.283846153846154
4029	0.303076923076923
4030	0.263076923076923
4031	0.263076923076923
4032	0.200769230769231
4033	0.200769230769231
4034	0.181538461538462
4035	0.160769230769231
4036	0.0407692307692309
4037	0.1
4038	0.119230769230769
4039	0.159230769230769
4040	0.0600000000000001
4041	-0.02
4042	0.02
4043	-0.000769230769230744
4044	0.0584615384615385
4045	0.117692307692308
4046	0.0969230769230769
4047	0.0761538461538461
4048	0.116153846153846
4049	0.215384615384615
4050	0.215384615384615
4051	0.175384615384615
4052	0.154615384615385
4053	0.290769230769231
4054	0.290769230769231
4055	0.330769230769231
4056	0.27
4057	0.31
4058	0.31
4059	0.329230769230769
4060	0.289230769230769
4061	0.369230769230769
4062	0.369230769230769
4063	0.39
4064	0.410769230769231
4065	0.450769230769231
4066	0.471538461538462
4067	0.490769230769231
4068	0.490769230769231
4069	0.511538461538461
4070	0.55
4071	0.609230769230769
4072	0.609230769230769
4073	0.609230769230769
4074	0.628461538461539
4075	0.569230769230769
4076	0.607692307692308
4082	0.527692307692308
4083	0.527692307692308
4084	0.447692307692308
4085	0.367692307692308
4086	0.367692307692308
4089	0.367692307692308
4090	0.327692307692308
4091	0.287692307692308
4547	0.367692307692308
4548	0.407692307692308
4549	0.407692307692308
4550	0.388461538461538
4551	0.428461538461538
4552	0.428461538461538
4553	0.468461538461538
4554	0.487692307692308
4555	0.527692307692308
5295	0.247692307692308
5296	0.287692307692308
5297	0.287692307692308
5298	0.287692307692308
5359	0.169230769230769
5360	0.0923076923076923
5361	0.0538461538461538
5362	0.0938461538461539
5363	0.133846153846154
5364	0.153076923076923
5365	0.0938461538461539
5366	0.0938461538461539
5367	0.0746153846153846
5368	0.0746153846153846
5369	0.0746153846153846
5370	0.0346153846153846
5371	0.0153846153846153
5372	0.0361538461538461
5373	0.0361538461538461
5374	0.0953846153846153
5375	0.154615384615385
5376	0.133846153846154
5377	0.153076923076923
5378	0.153076923076923
5379	0.0938461538461539
5380	0.0938461538461539
5381	0.0938461538461539
5382	0.0730769230769231
5384	0.153076923076923
5385	0.173846153846154
5386	0.293846153846154
5387	0.293846153846154
5388	0.413846153846154
5389	0.375384615384615
5390	0.375384615384615
5391	0.394615384615385
5392	0.373846153846154
5393	0.373846153846154
5394	0.413846153846154
5395	0.393076923076923
5396	0.450769230769231
5397	0.489230769230769
5398	0.449230769230769
5399	0.39
5400	0.410769230769231
5401	0.43
5402	0.43
5403	0.410769230769231
5404	0.410769230769231
5405	0.391538461538462
5406	0.391538461538462
5407	0.410769230769231
5408	0.39
5409	0.409230769230769
5410	0.39
5411	0.330769230769231
5412	0.311538461538462
5413	0.252307692307692
5414	0.212307692307692
5415	0.193076923076923
5416	0.193076923076923
5417	0.193076923076923
5418	0.273076923076923
5419	0.393076923076923
5420	0.313076923076923
5421	0.332307692307692
5422	0.332307692307692
5423	0.372307692307692
5424	0.253846153846154
5425	0.311538461538462
5426	0.351538461538462
5427	0.391538461538462
5428	0.471538461538462
5429	0.490769230769231
5430	0.570769230769231
5431	0.570769230769231
5432	0.75
5433	0.79
5434	0.890769230769231
5435	0.99
5436	1.00923076923077
5437	1.00923076923077
5438	1.08923076923077
5439	1.20769230769231
5440	1.24769230769231
5441	1.36769230769231
5442	1.40769230769231
5443	1.44769230769231
5444	1.48923076923077
5445	1.51
5446	1.72923076923077
5447	1.74846153846154
5448	1.80769230769231
5449	1.84769230769231
5450	1.88769230769231
5466	1.32769230769231
5467	1.32769230769231
5468	1.16769230769231
5469	1.20769230769231
5471	1.20769230769231
5472	1.18846153846154
5473	1.15
5474	1.05076923076923
5475	1.01076923076923
5476	0.970769230769231
5477	0.91
5478	0.87
5479	0.83
5480	0.788461538461538
5481	0.767692307692308
5482	0.527692307692308
5483	0.527692307692308
5484	0.487692307692308
5492	0.327692307692308
5493	0.287692307692308
5494	0.287692307692308
5495	0.287692307692308
5585	0.207692307692308
5692	0.130769230769231
5693	0.170769230769231
5694	0.170769230769231
5695	0.19
5696	0.19
5697	0.15
5698	0.15
5699	0.23
5700	0.249230769230769
5701	0.249230769230769
5702	0.268461538461538
5703	0.327692307692308
5704	0.327692307692308
5705	0.367692307692308
5735	0.327692307692308
5736	0.308461538461538
5737	0.407692307692308
5738	0.407692307692308
5739	0.348461538461538
5740	0.39
5741	0.252307692307692
5742	0.313076923076923
5743	0.293846153846154
5744	0.293846153846154
5745	0.354615384615385
5746	0.354615384615385
5747	0.256923076923077
5748	0.316153846153846
5749	0.296923076923077
5750	0.336923076923077
5751	0.456923076923077
5752	0.456923076923077
5753	0.458461538461538
5754	0.538461538461538
5755	0.5
5756	0.461538461538461
5757	0.482307692307692
5758	0.463076923076923
5759	0.464615384615385
5760	0.427692307692308
5761	0.488461538461539
5762	0.429230769230769
5763	0.352307692307692
5764	0.371538461538462
5765	0.451538461538461
5766	0.533076923076923
5767	0.555384615384616
5768	0.476923076923077
5769	0.518461538461539
5770	0.44
5771	0.420769230769231
5772	0.459230769230769
5773	0.340769230769231
5774	0.403076923076923
5775	0.403076923076923
5776	0.404615384615385
5777	0.425384615384615
5778	0.345384615384615
5779	0.367692307692308
5780	0.468461538461539
5781	0.489230769230769
5782	0.471538461538461
5783	0.610769230769231
5784	0.671538461538461
5785	0.692307692307693
5786	0.713076923076923
5787	0.535384615384615
5788	0.655384615384615
5789	0.634615384615385
5790	0.597692307692308
5791	0.616923076923077
5792	0.656923076923077
5793	0.676153846153846
5794	0.855384615384616
5795	0.757692307692308
5796	0.796153846153846
5797	0.717692307692308
5798	0.797692307692308
5799	0.914615384615385
5800	0.956153846153847
5801	0.936923076923077
5802	0.935384615384616
5803	0.896923076923077
5804	0.877692307692308
5805	0.978461538461539
5806	1.05692307692308
5807	1.21538461538462
5808	1.23769230769231
5809	1.29692307692308
5810	1.31461538461538
5811	1.33538461538462
5812	1.49230769230769
5813	1.51
5814	1.55
5815	1.56769230769231
5816	1.50692307692308
5817	1.46538461538462
5818	1.54384615384615
5819	1.48461538461538
5820	1.46384615384615
5821	1.48461538461538
5822	1.48461538461538
5823	1.58230769230769
5824	1.50384615384615
5825	1.60307692307692
5826	1.78076923076923
5827	1.88
5828	1.97923076923077
5829	2.01923076923077
5830	2.01923076923077
5831	2.27538461538462
5832	2.37461538461538
5833	2.39538461538462
5834	2.45461538461538
5835	2.53461538461538
5836	2.55230769230769
5837	2.73
5838	2.78923076923077
5839	2.88538461538462
5840	3.00384615384615
5841	2.98153846153846
5842	2.90461538461538
5843	2.80846153846154
5844	2.85
5845	3.03230769230769
5846	3.05615384615385
5847	2.98076923076923
5848	2.80307692307692
5849	2.78538461538461
5850	2.78538461538461
5851	2.84615384615385
5852	2.82692307692308
5853	2.84769230769231
5854	2.78846153846154
5855	2.88615384615385
5856	3.04615384615385
5857	3.10384615384615
5858	3.10384615384615
5859	3.08461538461538
5860	3.24307692307692
5861	3.32461538461538
5862	3.16615384615385
5863	3.20923076923077
5864	3.17076923076923
5865	3.23461538461539
5866	3.25384615384615
5867	3.13846153846154
5868	3.23769230769231
5869	3.35615384615385
5870	3.47923076923077
5871	3.48384615384615
5872	3.46461538461538
5873	3.27692307692308
5874	3.22076923076923
5875	3.20153846153846
5876	3.30692307692308
5877	3.49076923076923
5878	3.73692307692308
5879	4.03615384615385
5880	4.11461538461539
5881	4.27461538461538
5882	4.29230769230769
5883	4.52615384615385
5884	4.60615384615385
5885	4.98384615384615
5886	5.26538461538462
5887	5.40615384615385
5888	5.46538461538462
5889	5.62538461538461
5890	5.64461538461538
5891	5.70538461538461
5892	5.58538461538462
5893	5.74538461538462
5894	5.84461538461538
5895	5.90384615384615
5896	5.86384615384615
5897	5.74230769230769
5898	5.78076923076923
5899	5.73769230769231
5900	5.69615384615385
5901	5.71230769230769
5902	5.57307692307692
5903	5.72846153846154
5904	5.54923076923077
5905	5.62769230769231
5906	5.40538461538462
5907	5.42307692307692
5908	5.48230769230769
5909	5.73076923076923
5910	5.66692307692308
5911	5.96615384615385
5912	5.90076923076923
5913	5.89769230769231
5914	5.70923076923077
5915	5.50615384615385
5916	5.56384615384615
5917	5.60076923076923
5918	5.75923076923077
5919	5.74153846153846
5920	5.78
5921	5.88076923076923
5922	5.67923076923077
5923	5.43923076923077
5924	5.55923076923077
5925	5.5
5926	5.67923076923077
5927	5.53846153846154
5928	5.67923076923077
5929	5.58
5930	5.46307692307692
5931	5.56538461538462
5932	5.50769230769231
5933	5.47076923076923
5934	5.63538461538461
5935	5.67692307692308
5936	5.63846153846154
5937	5.50076923076923
5938	5.64153846153846
5939	5.44461538461538
5940	5.52615384615385
5941	5.39
5942	5.47
5943	5.23153846153846
5944	5.07153846153846
5945	5.05076923076923
5946	5.13076923076923
5947	4.81384615384615
5948	4.71461538461539
5949	4.43461538461538
5950	4.59769230769231
5951	4.54
5952	4.44230769230769
5953	4.18461538461538
5954	4.02615384615385
5955	3.94615384615385
5956	3.98615384615385
5957	3.76538461538461
5958	3.84692307692308
5959	3.82769230769231
5960	3.89
5961	3.67076923076923
5962	3.81153846153846
5963	3.77307692307692
5964	3.77461538461539
5965	3.97461538461538
5966	4.21307692307692
5967	4.31230769230769
5968	4.47230769230769
5969	4.83076923076923
5970	4.78615384615385
5971	4.82461538461538
5972	4.82307692307692
5973	4.90153846153846
5974	4.82
5975	4.83769230769231
5976	4.85692307692308
5977	5.01384615384615
5978	5.01384615384615
5979	5.27153846153846
5980	5.31153846153846
5981	5.17230769230769
5982	5.15461538461538
5983	5.31153846153846
5984	5.21230769230769
5985	5.21384615384615
5986	5.03
5987	4.92769230769231
5988	4.84461538461538
5989	4.68307692307692
5990	4.56153846153846
5991	4.52
5992	4.33923076923077
5993	4.15846153846154
5994	3.97615384615385
5995	3.97307692307692
5996	3.71076923076923
5997	3.72846153846154
5998	3.46769230769231
5999	3.42615384615385
6000	3.24384615384615
6001	2.90307692307692
6002	2.62153846153846
6003	2.3
6004	1.99769230769231
6005	1.63615384615385
6006	1.41538461538462
6007	1.25538461538462
6008	1.17384615384615
6009	1.07307692307692
6010	0.993076923076923
6011	0.932307692307692
6012	0.871538461538462
6013	0.690769230769231
6014	0.59
6015	0.428461538461538
6016	0.388461538461538
6017	0.407692307692308
