2	0.241904761904762
3	0.395555555555555
4	0.683809523809524
5	0.887619047619048
6	1.08698412698413
7	1.20825396825397
8	1.4184126984127
9	1.4952380952381
10	1.6
11	1.66539682539683
12	1.79746031746032
13	1.93587301587302
14	2.04063492063492
15	2.0615873015873
16	2.18349206349206
17	2.39365079365079
18	2.50349206349206
19	2.65333333333333
20	2.71301587301587
21	2.75111111111111
22	2.83238095238095
23	2.99238095238095
24	3.11428571428571
25	3.2247619047619
26	3.34539682539683
27	3.52825396825397
28	3.69396825396825
29	3.89269841269841
30	4.02984126984127
31	4.10603174603175
32	4.18857142857143
33	4.33206349206349
34	4.43174603174603
35	4.43619047619048
36	4.40825396825397
37	4.31428571428571
38	4.28063492063492
39	4.35873015873016
40	4.21904761904762
41	4.19746031746032
42	4.26412698412699
43	4.39111111111111
44	4.26920634920635
45	4.48507936507936
46	4.63492063492064
47	4.71809523809524
48	4.7631746031746
49	4.74031746031746
50	4.85079365079365
51	5.01206349206349
52	5.11111111111111
53	5.13269841269841
54	5.20444444444444
55	5.54222222222222
56	5.75873015873016
57	5.82476190476191
58	5.89269841269841
59	6.00825396825397
60	6.14603174603175
61	6.56190476190476
62	6.61777777777778
63	6.62222222222222
64	6.62603174603175
65	6.62666666666667
66	6.81587301587302
67	7.02666666666667
68	7.19746031746032
69	7.5631746031746
70	8.00571428571429
71	8.20571428571428
72	8.41142857142857
73	8.55428571428571
74	7.30730158730159
75	9.18793650793651
76	9.37650793650794
77	9.46920634920635
78	9.58984126984127
79	9.57904761904762
80	9.74603174603175
81	9.72825396825397
82	9.72825396825397
83	9.86730158730159
84	9.87809523809524
85	9.94984126984127
86	10.0946031746032
87	10.1612698412698
88	10.0609523809524
89	10.0393650793651
90	9.87809523809524
91	9.83365079365079
92	9.83936507936508
93	10.1066666666667
94	10.2780952380952
95	10.2012698412698
96	10.295873015873
97	10.2107936507937
98	10.4031746031746
99	10.3701587301587
100	10.4977777777778
101	10.6590476190476
102	10.4742857142857
103	10.5085714285714
104	10.631746031746
105	10.488253968254
106	10.0165079365079
107	9.8768253968254
108	9.77079365079365
109	9.76063492063492
110	9.52126984126984
111	9.52634920634921
112	9.30984126984127
113	9.39492063492063
114	9.25142857142857
115	9.48380952380952
116	9.52190476190476
117	9.3784126984127
118	9.34920634920635
119	9.26984126984127
120	9.44698412698413
121	9.62285714285714
122	9.45523809523809
123	9.49396825396825
124	9.63936507936508
125	9.44380952380952
126	9.56571428571429
127	9.5815873015873
128	9.29333333333333
129	9.33714285714286
130	9.36507936507936
131	9.2031746031746
132	9.08571428571429
133	8.8984126984127
134	8.67746031746032
135	8.61079365079365
136	8.66285714285714
137	8.56825396825397
138	8.61968253968254
139	8.55301587301587
140	8.19301587301587
141	7.95428571428571
142	8.08190476190476
143	8.1447619047619
144	8.03873015873016
145	8.03809523809524
146	7.89904761904762
147	7.84380952380952
148	7.75492063492063
149	7.61015873015873
150	7.54349206349206
151	7.06603174603175
152	6.98222222222222
153	6.97714285714286
154	6.90730158730159
155	6.70920634920635
156	6.54857142857143
157	6.3784126984127
158	6.27365079365079
159	6.1568253968254
160	5.90031746031746
161	6.00698412698413
162	5.98984126984127
163	5.95746031746032
164	6.04
165	5.85015873015873
166	5.74412698412698
167	5.7447619047619
168	5.84634920634921
169	5.87936507936508
170	5.76825396825397
171	5.87936507936508
172	5.63428571428571
173	5.72253968253968
174	5.64952380952381
175	5.82730158730159
176	6.03111111111111
177	6.06920634920635
178	6.00380952380952
179	6.13142857142857
180	6.13206349206349
181	6.27174603174603
182	6.23809523809524
183	6.29968253968254
184	6.47238095238095
185	6.3784126984127
186	6.38984126984127
187	6.55174603174603
188	6.4247619047619
189	6.61333333333333
190	6.6952380952381
191	6.84952380952381
192	6.92126984126984
193	6.73079365079365
194	6.7568253968254
195	6.89015873015873
196	7.25714285714286
197	7.42793650793651
198	7.46031746031746
199	7.52634920634921
200	7.3384126984127
201	7.33968253968254
202	7.32253968253968
203	7.44825396825397
204	7.50857142857143
205	7.47619047619048
206	7.40952380952381
207	7.25396825396825
208	7.2984126984127
209	7.05460317460318
210	7.19936507936508
211	6.97714285714286
212	6.84571428571428
213	6.89079365079365
214	6.70222222222222
215	6.45206349206349
216	6.56825396825397
217	6.48444444444444
218	6.55174603174603
219	6.60761904761905
220	6.61269841269841
221	6.69015873015873
222	6.57777777777778
223	6.57587301587302
224	6.57142857142857
225	6.40380952380952
226	6.17587301587302
227	6.10984126984127
228	6.08190476190476
229	6.22095238095238
230	6.28952380952381
231	6.05015873015873
232	5.66603174603175
233	5.50603174603175
234	5.39174603174603
235	5.22095238095238
236	5.19873015873016
237	5.10984126984127
238	4.98349206349206
239	4.90793650793651
240	4.67428571428571
241	4.7015873015873
242	4.69587301587302
243	4.81269841269841
244	4.91238095238095
245	5.04
246	5.11174603174603
247	5.14349206349206
248	5.10857142857143
249	5.18984126984127
250	5.57587301587302
251	5.62412698412698
252	5.50730158730159
253	5.40253968253968
254	5.33587301587301
255	5.23047619047619
256	5.15873015873016
257	5.12
258	5.11492063492063
259	5.13333333333333
260	5.19936507936508
261	5.16634920634921
262	5.17142857142857
263	5.08761904761905
264	4.94920634920635
265	4.82857142857143
266	4.83365079365079
267	5.00698412698413
268	5.27365079365079
269	5.22920634920635
270	5.2184126984127
271	5.12888888888889
272	5.12253968253968
273	5.36126984126984
274	5.38857142857143
275	5.34920634920635
276	5.33333333333333
277	5.20571428571428
278	5.16825396825397
279	4.95174603174603
280	4.78031746031746
281	4.58730158730159
282	4.44952380952381
283	4.39047619047619
284	4.37587301587302
285	4.24507936507936
286	3.88063492063492
287	3.79238095238095
288	3.76571428571428
289	3.76571428571428
290	3.90539682539683
291	3.77079365079365
292	3.77650793650794
293	3.69904761904762
294	3.8
295	3.82793650793651
296	3.76761904761905
297	3.69079365079365
298	3.86984126984127
299	3.95365079365079
300	3.88761904761905
301	3.81015873015873
302	3.84444444444444
303	3.75619047619048
304	3.54539682539683
305	3.58984126984127
306	3.54539682539683
307	3.67936507936508
308	3.72444444444444
309	3.55238095238095
310	3.58603174603175
311	3.68126984126984
312	3.71492063492063
313	3.79873015873016
314	3.92063492063492
315	4.10412698412698
316	4.13142857142857
317	4.28634920634921
318	4.12444444444444
319	4.13523809523809
320	4.22349206349206
321	4.16190476190476
322	4.23428571428571
323	4.29587301587302
324	4.28380952380952
325	4.29523809523809
326	4.14539682539683
327	4.16825396825397
328	4.07428571428571
329	4.02857142857143
330	3.90031746031746
331	3.8831746031746
332	3.9384126984127
333	3.95428571428571
334	3.86031746031746
335	3.93333333333333
336	3.89396825396825
337	3.94285714285714
338	3.94285714285714
339	3.83174603174603
340	3.80444444444444
341	3.80444444444444
342	3.84888888888889
343	3.87619047619048
344	3.97079365079365
345	3.89904761904762
346	3.81015873015873
347	3.73777777777778
348	3.64825396825397
349	3.63111111111111
350	3.66984126984127
351	3.53079365079365
352	3.49777777777778
353	3.50857142857143
354	3.72063492063492
355	3.68698412698413
356	3.80952380952381
357	3.84825396825397
358	3.79111111111111
359	3.67936507936508
360	3.66349206349206
361	3.70222222222222
362	3.75174603174603
363	3.73015873015873
364	3.84634920634921
365	3.9968253968254
366	3.98031746031746
367	4.11365079365079
368	4.03555555555556
369	4.10285714285714
370	4.14222222222222
371	4.08634920634921
372	4.14222222222222
373	4.1815873015873
374	4.29714285714286
375	4.33015873015873
376	4.41333333333333
377	4.36825396825397
378	4.44
379	4.39555555555556
380	4.22349206349206
381	4.22857142857143
382	4.25015873015873
383	4.22285714285714
384	4.28952380952381
385	4.22349206349206
386	4.28507936507936
387	4.32825396825397
388	4.43365079365079
389	4.43365079365079
390	4.48888888888889
391	4.46666666666667
392	4.47238095238095
393	4.61142857142857
394	4.55555555555556
395	4.70603174603175
396	4.74412698412698
397	4.81587301587301
398	4.97650793650794
399	4.93142857142857
400	4.92507936507937
401	4.80888888888889
402	4.81460317460317
403	4.57015873015873
404	4.63111111111111
405	4.57587301587302
406	4.41968253968254
407	4.49206349206349
408	4.57015873015873
409	4.62666666666667
410	4.4
411	4.59492063492064
412	4.6
413	4.7231746031746
414	4.65650793650794
415	4.71238095238095
416	4.72888888888889
417	4.72380952380952
418	4.66412698412698
419	4.69777777777778
420	4.62095238095238
421	4.65968253968254
422	4.47111111111111
423	4.56698412698413
424	4.45650793650794
425	4.37968253968254
426	4.24126984126984
427	4.20253968253968
428	3.98539682539683
429	3.80698412698413
430	3.84825396825397
431	3.77587301587302
432	3.79873015873016
433	3.63619047619048
434	3.46984126984127
435	3.55936507936508
436	3.52634920634921
437	3.6431746031746
438	3.67174603174603
439	3.64444444444444
440	3.63301587301587
441	3.73333333333333
442	3.78412698412698
443	3.67873015873016
444	3.61206349206349
445	3.48888888888889
446	3.61079365079365
447	3.49904761904762
448	3.54412698412698
449	3.54412698412698
450	3.68253968253968
451	3.72190476190476
452	3.70539682539683
453	3.74412698412698
454	3.78222222222222
455	3.83746031746032
456	3.85396825396825
457	3.99809523809524
458	4.20380952380952
459	4.19809523809524
460	4.19174603174603
461	4.21904761904762
462	4.26285714285714
463	4.41333333333333
464	4.5415873015873
465	4.69714285714286
466	4.68063492063492
467	4.69206349206349
468	4.93079365079365
469	5.02095238095238
470	5.1815873015873
471	5.12063492063492
472	5.06539682539683
473	5.2431746031746
474	5.45968253968254
475	5.57015873015873
476	5.77079365079365
477	5.84761904761905
478	5.94031746031746
479	5.97904761904762
480	6.26666666666667
481	6.40507936507936
482	6.39365079365079
483	6.39365079365079
484	6.43238095238095
485	6.40952380952381
486	6.38793650793651
487	6.32634920634921
488	6.41460317460317
489	6.39809523809524
490	6.34793650793651
491	6.32571428571429
492	6.44698412698413
493	6.49714285714286
494	6.50222222222222
495	6.60634920634921
496	6.76126984126984
497	6.77777777777778
498	6.8831746031746
499	7.09968253968254
500	7.11047619047619
501	7.09333333333333
502	7.23047619047619
503	7.43047619047619
504	7.23619047619048
505	7.30857142857143
506	7.09269841269841
507	7.20952380952381
508	7.21523809523809
509	7.00444444444445
510	6.79873015873016
511	6.71047619047619
512	6.53206349206349
513	6.36571428571428
514	6.26095238095238
515	6.17714285714286
516	5.9784126984127
517	5.87873015873016
518	5.84634920634921
519	5.90793650793651
520	5.92
521	6.0368253968254
522	5.99238095238095
523	5.95301587301587
524	5.90920634920635
525	5.82603174603175
526	5.8768253968254
527	5.80380952380952
528	5.69269841269841
529	5.53714285714286
530	5.45904761904762
531	5.35555555555556
532	5.3231746031746
533	5.4615873015873
534	5.29015873015873
535	5.10666666666667
536	5.16190476190476
537	5.22920634920635
538	5.11365079365079
539	5.03619047619048
540	4.98095238095238
541	4.88063492063492
542	4.96444444444444
543	4.89714285714286
544	4.99174603174603
545	4.96380952380952
546	4.93587301587302
547	4.90222222222222
548	4.94095238095238
549	4.88571428571429
550	4.87492063492063
551	4.97015873015873
552	5.0584126984127
553	5.10920634920635
554	5.15936507936508
555	5.09206349206349
556	5.06857142857143
557	4.93079365079365
558	4.90730158730159
559	4.99619047619048
560	5.03365079365079
561	5.0768253968254
562	5.15873015873016
563	5.37015873015873
564	5.36952380952381
565	5.3415873015873
566	5.31936507936508
567	5.22412698412698
568	5.15619047619048
569	4.91238095238095
570	4.94539682539683
571	4.75555555555556
572	4.65015873015873
573	4.56063492063492
574	4.72190476190476
575	4.67111111111111
576	4.68761904761905
577	4.64253968253968
578	4.53587301587302
579	4.51936507936508
580	4.49714285714286
581	4.49079365079365
582	4.64571428571429
583	4.8552380952381
584	4.91111111111111
585	4.94920634920635
586	5.0031746031746
587	4.93523809523809
588	4.84634920634921
589	4.74603174603175
590	4.72825396825397
591	4.66730158730159
592	4.56761904761905
593	4.58412698412698
594	4.58539682539683
595	4.55238095238095
596	4.50285714285714
597	4.4984126984127
598	4.55428571428571
599	4.4152380952381
600	4.37206349206349
601	4.34984126984127
602	4.27238095238095
603	4.25587301587302
604	4.27873015873016
605	4.3168253968254
606	4.39428571428571
607	4.45079365079365
608	4.48825396825397
609	4.43873015873016
610	4.30476190476191
611	4.25523809523809
612	4.09396825396825
613	4.1168253968254
614	4.18349206349206
615	4.10539682539683
616	4.1384126984127
617	4.24380952380952
618	4.17142857142857
619	4.09396825396825
620	4.06666666666667
621	4.13460317460317
622	4.20253968253968
623	4.21968253968254
624	4.25142857142857
625	4.36126984126984
626	4.37396825396825
627	4.32444444444444
628	4.35047619047619
629	4.32761904761905
630	4.45968253968254
631	4.49777777777778
632	4.50349206349206
633	4.59174603174603
634	4.44634920634921
635	4.40253968253968
636	4.51873015873016
637	4.68
638	4.66349206349206
639	4.79619047619048
640	4.74666666666667
641	4.75746031746032
642	4.66349206349206
643	4.6247619047619
644	4.42095238095238
645	4.4152380952381
646	4.49333333333333
647	4.58730158730159
648	4.74793650793651
649	4.91936507936508
650	4.87555555555556
651	5.03619047619048
652	5.08507936507936
653	5.15174603174603
654	5.12444444444444
655	5.12
656	5.15238095238095
657	5.11238095238095
658	5.14539682539683
659	5.08444444444444
660	5.09777777777778
661	5.03047619047619
662	5.05714285714286
663	4.98920634920635
664	5.21269841269841
665	5.17968253968254
666	5.01968253968254
667	4.95301587301587
668	4.90793650793651
669	5.13587301587302
670	5.21968253968254
671	5.31174603174603
672	5.36698412698413
673	5.37777777777778
674	5.38793650793651
675	5.35428571428571
676	5.47555555555556
677	5.79809523809524
678	5.84698412698413
679	6.14031746031746
680	6.46793650793651
681	6.46222222222222
682	6.57777777777778
683	6.48952380952381
684	6.38539682539683
685	6.26984126984127
686	6.33079365079365
687	6.18730158730158
688	6.13269841269841
689	6.02666666666667
690	6.20444444444444
691	6.31047619047619
692	6.40444444444445
693	6.42603174603175
694	6.54222222222222
695	6.70984126984127
696	6.69777777777778
697	6.80507936507937
698	6.6615873015873
699	6.86920634920635
700	6.68634920634921
701	6.75936507936508
702	6.92063492063492
703	6.88761904761905
704	7.01587301587302
705	6.71619047619048
706	6.71047619047619
707	6.81269841269841
708	6.71809523809524
709	6.62349206349206
710	6.77396825396825
711	6.7968253968254
712	6.75301587301587
713	6.57015873015873
714	6.63809523809524
715	6.33333333333333
716	6.2831746031746
717	6.2831746031746
718	6.20634920634921
719	6.22793650793651
720	6.28190476190476
721	6.4368253968254
722	6.53079365079365
723	6.60253968253968
724	6.48063492063492
725	6.44253968253968
726	6.52634920634921
727	6.35873015873016
728	6.25333333333333
729	6.26539682539683
730	6.30984126984127
731	6.5415873015873
732	6.6031746031746
733	6.67428571428571
734	6.81777777777778
735	6.79365079365079
736	6.80952380952381
737	6.72571428571429
738	6.42603174603175
739	6.63746031746032
740	6.58793650793651
741	6.64952380952381
742	6.62857142857143
743	6.57269841269841
744	6.56253968253968
745	6.69650793650794
746	6.70666666666667
747	6.82857142857143
748	6.83936507936508
749	6.75555555555555
750	6.76063492063492
751	6.8215873015873
752	6.69396825396825
753	6.69460317460318
754	6.69904761904762
755	6.77142857142857
756	6.7168253968254
757	6.58920634920635
758	6.5168253968254
759	6.46603174603175
760	6.50412698412698
761	6.58222222222222
762	6.4984126984127
763	6.53777777777778
764	6.47111111111111
765	6.48190476190476
766	6.32190476190476
767	5.88444444444444
768	5.78539682539683
769	5.51936507936508
770	5.59174603174603
771	5.51365079365079
772	5.65777777777778
773	5.84
774	6.02412698412698
775	6.16190476190476
776	6.20063492063492
777	6.31619047619048
778	6.27111111111111
779	6.23174603174603
780	6.17587301587302
781	6.02031746031746
782	5.8831746031746
783	5.57269841269841
784	5.39555555555556
785	5.36825396825397
786	5.21333333333333
787	5.11428571428571
788	5.02603174603174
789	4.98730158730159
790	4.74412698412698
791	4.62793650793651
792	4.60063492063492
793	4.59047619047619
794	4.55174603174603
795	4.58031746031746
796	4.53587301587302
797	4.35809523809524
798	4.24190476190476
799	4.14730158730159
800	4.10412698412698
801	3.95492063492064
802	3.84952380952381
803	3.90539682539683
804	3.88888888888889
805	3.89460317460317
806	3.72825396825397
807	3.64634920634921
808	3.50285714285714
809	3.30285714285714
810	3.11365079365079
811	2.84761904761905
812	2.63047619047619
813	2.48126984126984
814	2.51428571428571
815	2.37015873015873
816	2.31492063492064
817	2.21460317460317
818	2.14857142857143
819	2.10984126984127
820	2.08190476190476
821	2.02031746031746
822	2.12
823	2.10857142857143
824	2.09777777777778
825	2.07428571428571
826	2.15809523809524
827	2.15238095238095
828	2.05206349206349
829	1.90793650793651
830	1.82539682539683
831	1.71936507936508
832	1.67619047619048
833	1.65333333333333
834	1.61396825396825
835	1.5415873015873
836	1.46349206349206
837	1.39111111111111
838	1.36825396825397
839	1.28952380952381
840	1.21142857142857
841	1.1384126984127
842	1.06031746031746
843	0.982222222222222
844	0.804444444444444
845	0.711111111111111
846	0.598730158730159
847	0.576507936507936
848	0.537777777777778
849	0.415873015873016
850	0.255238095238095
851	0.205079365079365
852	0.121269841269841
853	0.143492063492063
854	0.17015873015873
855	0.203809523809523
856	0.187301587301587
857	0.126984126984127
858	-0.067936507936508
859	-0.0622222222222222
860	-0.113015873015873
861	-0.133968253968254
862	-0.211428571428571
863	-0.283809523809524
864	-0.30031746031746
865	-0.306031746031746
866	-0.361269841269841
867	-0.338412698412698
868	-0.360634920634921
869	-0.393650793650793
870	-0.453968253968254
871	-0.458412698412699
872	-0.424761904761905
873	-0.380317460317461
874	-0.391111111111111
875	-0.384761904761905
876	-0.417777777777778
877	-0.427936507936508
878	-0.31047619047619
879	-0.293333333333333
880	-0.248253968253968
881	-0.259047619047619
882	-0.241269841269841
883	-0.257142857142857
884	-0.245079365079365
885	-0.267301587301587
886	-0.28952380952381
887	-0.238095238095238
888	-0.159365079365079
889	-0.153015873015873
890	-0.174603174603175
891	-0.16952380952381
892	-0.153015873015873
893	-0.125079365079365
894	-0.0914285714285714
895	-0.119365079365079
896	-0.101587301587302
897	-0.101587301587302
898	-0.118730158730159
899	-0.124444444444445
900	-0.140952380952381
901	-0.124444444444445
902	-0.118730158730159
903	-0.146666666666667
904	-0.146666666666667
905	-0.101587301587302
906	-0.0965079365079367
907	-0.0692063492063492
908	-0.114285714285714
909	-0.136507936507937
910	-0.142222222222222
911	-0.153015873015873
912	-0.125079365079365
913	-0.153650793650794
914	-0.147936507936508
915	-0.142222222222222
916	-0.181587301587302
917	-0.21015873015873
918	-0.143492063492064
919	-0.0990476190476191
920	0.0012698412698412
921	0.0685714285714284
922	0.113650793650794
923	0.0965079365079365
924	0.0965079365079365
925	0.0793650793650795
926	0.067936507936508
927	0.0279365079365079
928	0.017142857142857
929	0.0615873015873015
930	0.106666666666667
931	0.167619047619047
932	0.144761904761905
933	0.11047619047619
934	0.116190476190476
935	0.222222222222222
936	0.193650793650794
937	0.249523809523809
938	0.249523809523809
939	0.255238095238095
940	0.29968253968254
941	0.299047619047619
942	0.321904761904762
943	0.29968253968254
944	0.366349206349206
945	0.415873015873016
946	0.46031746031746
947	0.46984126984127
948	0.491428571428572
949	0.558730158730159
950	0.608253968253968
951	0.601904761904762
952	0.667936507936508
953	0.746031746031746
954	0.712380952380952
955	0.766984126984127
956	0.721904761904762
957	0.648888888888889
958	0.631746031746032
959	0.592380952380952
960	0.536507936507936
961	0.547936507936508
962	0.537142857142857
963	0.554920634920635
964	0.544126984126984
965	0.483174603174603
966	0.477460317460317
967	0.421587301587302
968	0.444444444444444
969	0.489523809523809
970	0.55047619047619
971	0.521904761904762
972	0.555555555555556
973	0.527619047619047
974	0.538412698412698
975	0.544126984126984
976	0.527619047619047
977	0.505396825396825
978	0.505396825396825
979	0.51047619047619
980	0.426666666666666
981	0.416507936507936
982	0.461587301587302
983	0.462857142857143
984	0.419047619047619
985	0.407619047619048
986	0.308571428571428
987	0.258412698412698
988	0.226031746031746
989	0.226666666666667
990	0.227301587301587
991	0.088253968253968
992	0.133333333333333
993	0.189206349206349
994	0.178412698412698
995	0.245079365079365
996	0.273015873015873
997	0.278730158730158
998	0.278095238095238
999	0.25015873015873
1000	0.238730158730159
1001	0.260952380952381
1002	0.205079365079365
1003	0.188571428571429
1004	0.188571428571429
1005	0.188571428571429
1006	0.166984126984127
1007	0.161904761904762
1008	0.156825396825397
1009	0.134603174603175
1010	0.206984126984127
1011	0.15047619047619
1012	0.156190476190476
1013	0.272380952380952
1014	0.259047619047619
1015	0.298412698412698
1016	0.354920634920635
1017	0.365714285714286
1018	0.298412698412698
1019	0.304126984126984
1020	0.359365079365079
1021	0.331428571428571
1022	0.297777777777778
1023	0.332063492063492
1024	0.371428571428571
1025	0.36
1026	0.326349206349206
1027	0.387936507936508
1028	0.276190476190476
1029	0.292698412698413
1030	0.387301587301587
1031	0.398730158730159
1032	0.387301587301587
1033	0.409523809523809
1034	0.409523809523809
1035	0.453968253968254
1036	0.50984126984127
1037	0.509206349206349
1038	0.57015873015873
1039	0.580952380952381
1040	0.546666666666666
1041	0.57968253968254
1042	0.551746031746032
1043	0.479365079365079
1044	0.462222222222222
1045	0.473015873015873
1046	0.478095238095238
1047	0.533333333333333
1048	0.516190476190476
1049	0.449523809523809
1050	0.450793650793651
1051	0.400634920634921
1052	0.417142857142857
1053	0.321904761904762
1054	0.321904761904762
1055	0.304761904761905
1056	0.249523809523809
1057	0.294603174603174
1058	0.294603174603174
1059	0.360634920634921
1060	0.293333333333333
1061	0.254603174603174
1062	0.283174603174603
1063	0.233650793650794
1064	0.306031746031746
1065	0.273015873015873
1066	0.228571428571429
1067	0.167619047619048
1068	0.168253968253968
1069	0.128888888888889
1070	0.156825396825397
1071	0.118095238095238
1072	0.0901587301587299
1073	0.0342857142857143
1074	-0.0095238095238096
1075	0.0298412698412697
1076	0.0304761904761904
1077	-0.00253968253968251
1078	0.0146031746031746
1079	0.0025396825396824
1080	0.0476190476190474
1081	0.0260317460317462
1082	-0.0457142857142858
1083	-0.0723809523809525
1084	-0.0774603174603176
1085	-0.143492063492064
1086	-0.153650793650794
1087	-0.158730158730159
1088	-0.186031746031746
1089	-0.134603174603175
1090	-0.145396825396825
1091	-0.144761904761905
1092	-0.150476190476191
1093	-0.177777777777778
1094	-0.138412698412698
1095	-0.204444444444445
1096	-0.187301587301587
1097	-0.175873015873016
1098	-0.198730158730159
1099	-0.199365079365079
1100	-0.243174603174603
1101	-0.25968253968254
1102	-0.30984126984127
1103	-0.276190476190476
1104	-0.248253968253968
1105	-0.214603174603175
1106	-0.241904761904762
1107	-0.224761904761905
1108	-0.235555555555556
1109	-0.206984126984127
1110	-0.18984126984127
1125	-0.172063492063492
1126	-0.177777777777778
1127	-0.183492063492063
1128	-0.183492063492063
1129	-0.128888888888889
1130	-0.17968253968254
1131	-0.191111111111111
1132	-0.202539682539683
1133	-0.21968253968254
1134	-0.236825396825397
1135	-0.225396825396825
1136	-0.225396825396825
1137	-0.191746031746032
1138	-0.186666666666667
1139	-0.214603174603175
1140	-0.215238095238095
1141	-0.220952380952381
1142	-0.243809523809524
1143	-0.272380952380952
1144	-0.283809523809524
1145	-0.278095238095238
1146	-0.262222222222222
1147	-0.212698412698413
1148	-0.212698412698413
1149	-0.246349206349206
1150	-0.201904761904762
1151	-0.168253968253968
1152	-0.151746031746032
1153	-0.118730158730159
1154	-0.113015873015873
1155	-0.119365079365079
1156	-0.142222222222222
1157	-0.137142857142857
1158	-0.109206349206349
1159	-0.0812698412698414
1160	-0.0641269841269841
1161	-0.0526984126984128
1162	-0.0304761904761904
1163	0.0133333333333332
1164	0.0793650793650795
1165	0.00761904761904741
1166	0.024126984126984
1167	0.0857142857142856
1168	0.119365079365079
1169	0.135873015873016
1170	0.153015873015873
1171	0.16952380952381
1172	0.173968253968254
1173	0.173333333333333
1174	0.212063492063492
1175	0.234285714285714
1176	0.206349206349206
1177	0.183492063492063
1178	0.172063492063492
1179	0.194920634920635
1180	0.317460317460317
1181	0.333333333333333
1182	0.306031746031746
1183	0.245079365079365
1184	0.311746031746032
1185	0.30031746031746
1186	0.266666666666667
1187	0.238730158730159
1188	0.222222222222222
1189	0.205714285714286
1190	0.216507936507936
1191	0.233650793650794
1192	0.216507936507936
1193	0.172063492063492
1194	0.121904761904762
1195	0.0939682539682538
1196	0.071111111111111
1197	0.0431746031746032
1198	0.0438095238095237
1199	-1.11022302462516e-16
1200	-0.0774603174603176
1201	-0.088888888888889
1202	-0.0825396825396827
1203	-0.144126984126984
1204	-0.155555555555556
1205	-0.183492063492063
1206	-0.144126984126984
1207	-0.149206349206349
1208	-0.137142857142857
1209	-0.187301587301587
1210	-0.237460317460317
1211	-0.248888888888889
1212	-0.266031746031746
1213	-0.265396825396825
1214	-0.236825396825397
1215	-0.242539682539683
1216	-0.342857142857143
1217	-0.358730158730159
1218	-0.347301587301587
1219	-0.353015873015873
1220	-0.431111111111111
1221	-0.408253968253968
1222	-0.430476190476191
1223	-0.391111111111111
1224	-0.413968253968254
1225	-0.408253968253968
1226	-0.358095238095238
1227	-0.341587301587302
1228	-0.318730158730159
1229	-0.290793650793651
1230	-0.262857142857143
1231	-0.240634920634921
1232	-0.218412698412698
1233	-0.22984126984127
1234	-0.230476190476191
1235	-0.175238095238095
1236	-0.142222222222222
1237	-0.142222222222222
1238	-0.120634920634921
1239	-0.109206349206349
1240	-0.148571428571429
1241	-0.120634920634921
1242	-0.0819047619047618
1243	-0.0825396825396827
1244	-0.0882539682539683
1245	-0.0711111111111111
1246	-0.0647619047619048
1247	-0.0755555555555556
1248	-0.019047619047619
1249	-0.0133333333333333
1250	0.00888888888888884
1251	0.0533333333333331
1252	0.0977777777777777
1253	0.136507936507937
1254	0.119365079365079
1255	0.153015873015873
1256	0.208888888888889
1257	0.191746031746032
1258	0.197460317460318
1259	0.174603174603175
1260	0.202539682539682
1261	0.163174603174603
1262	0.102222222222222
1263	0.0857142857142856
1264	0.0914285714285714
1265	0.135873015873016
1266	0.0965079365079365
1267	0.0628571428571427
1268	0.0406349206349206
1269	0.034920634920635
1270	0.0126984126984128
1271	-0.048888888888889
1272	-0.0311111111111111
1273	-0.0539682539682539
1274	-0.126984126984127
1275	-0.121904761904762
1276	-0.0768253968253969
1277	-0.11047619047619
1278	-0.188571428571429
1279	-0.204444444444445
1280	-0.21015873015873
1281	-0.221587301587302
1282	-0.238730158730159
1283	-0.255873015873016
1284	-0.30031746031746
1285	-0.294603174603175
1286	-0.311111111111111
1287	-0.321904761904762
1288	-0.377777777777778
1289	-0.405714285714286
1290	-0.405714285714286
1291	-0.427936507936508
1292	-0.466666666666667
1293	-0.44952380952381
1294	-0.426666666666667
1295	-0.448888888888889
1296	-0.453968253968254
1297	-0.442539682539683
1298	-0.436825396825397
1299	-0.481904761904762
1300	-0.492698412698413
1369	-0.709206349206349
1370	-0.657777777777778
1371	-0.623492063492064
1372	-0.58984126984127
1373	-0.572698412698413
1374	-0.561904761904762
1375	-0.506031746031746
1376	-0.534603174603175
1377	-0.546031746031746
1378	-0.534603174603175
1379	-0.507301587301587
1380	-0.507301587301587
1381	-0.451428571428571
1382	-0.396190476190476
1383	-0.397460317460318
1384	-0.471111111111111
1385	-0.453968253968254
1386	-0.448253968253968
1387	-0.471111111111111
1388	-0.516825396825397
1389	-0.533968253968254
1390	-0.516825396825397
1391	-0.551111111111111
1392	-0.584126984126984
1393	-0.606984126984127
1394	-0.58984126984127
1395	-0.555555555555556
1396	-0.595555555555556
1397	-0.595555555555556
1398	-0.623492063492064
1399	-0.623492063492064
1400	-0.629206349206349
1401	-0.583492063492064
1402	-0.594920634920635
1403	-0.58984126984127
1404	-0.567619047619048
1405	-0.630476190476191
1406	-0.653968253968254
1407	-0.688253968253968
1408	-0.728253968253968
1409	-0.723174603174603
1410	-0.756825396825397
1411	-0.82984126984127
1412	-0.82984126984127
1413	-0.82984126984127
1414	-0.824126984126984
1415	-0.874285714285715
1416	-0.874285714285715
1417	-0.935873015873016
1418	-0.991111111111111
1419	-0.968253968253968
1420	-0.928253968253968
1421	-0.923174603174603
1422	-0.906666666666667
1423	-0.918095238095238
1424	-0.912380952380952
1425	-0.900952380952381
1426	-0.906666666666667
1427	-0.872380952380952
1428	-0.860952380952381
1429	-0.843174603174603
1430	-0.888888888888889
1431	-0.951111111111111
1432	-0.951111111111111
1433	-0.996825396825397
1434	-1.00825396825397
1435	-0.97968253968254
1436	-1.03047619047619
1437	-1.04190476190476
1438	-1.0247619047619
1439	-0.984761904761905
1440	-1.03492063492063
1451	-0.949206349206349
1452	-0.943492063492063
1453	-0.881904761904762
1454	-0.910476190476191
1455	-0.882539682539682
1456	-0.848888888888889
1457	-0.871746031746032
1458	-0.905396825396826
1459	-0.871746031746032
1460	-0.848888888888889
1461	-0.866031746031746
1462	-0.883809523809524
1463	-0.900952380952381
1464	-0.895873015873016
1465	-0.885079365079365
1466	-0.862857142857143
1467	-0.812063492063492
1468	-0.777777777777778
1469	-0.737777777777778
1470	-0.709206349206349
1471	-0.743492063492063
1472	-0.714920634920635
1473	-0.714920634920635
1474	-0.676190476190476
1475	-0.704761904761905
1476	-0.682539682539682
1477	-0.716190476190476
1478	-0.693333333333333
1479	-0.642539682539683
1480	-0.647619047619048
1481	-0.631111111111111
1482	-0.596825396825397
1483	-0.568888888888889
1484	-0.586031746031746
1485	-0.57015873015873
1486	-0.609523809523809
1487	-0.614603174603175
1488	-0.626031746031746
1489	-0.670476190476191
1490	-0.631111111111111
1491	-0.686349206349206
1492	-0.72
1493	-0.713650793650794
1494	-0.725079365079365
1495	-0.764444444444445
1496	-0.730793650793651
1497	-0.707936507936508
1498	-0.667936507936508
1499	-0.685079365079365
1500	-0.673650793650794
1501	-0.678730158730159
1502	-0.639365079365079
1503	-0.673015873015873
1504	-0.650793650793651
1505	-0.645079365079365
1506	-0.668571428571429
1507	-0.645714285714286
1508	-0.646349206349206
1509	-0.596190476190476
1510	-0.652063492063492
1511	-0.657142857142857
1512	-0.667936507936508
1513	-0.690793650793651
1514	-0.657142857142857
1515	-0.702222222222222
1516	-0.713650793650794
1517	-0.735873015873016
1518	-0.724444444444445
1519	-0.741587301587302
1520	-0.707301587301587
1521	-0.650793650793651
1522	-0.633650793650794
1523	-0.611428571428572
1524	-0.594285714285715
1525	-0.617142857142857
1526	-0.633650793650794
1527	-0.610793650793651
1528	-0.599365079365079
1529	-0.599365079365079
1530	-0.570793650793651
1531	-0.536507936507937
1532	-0.564444444444445
1533	-0.593015873015873
1534	-0.620952380952381
1535	-0.581587301587302
1536	-0.564444444444445
1537	-0.587301587301587
1538	-0.621587301587302
1539	-0.587936507936508
1540	-0.605079365079365
1541	-0.593650793650794
1542	-0.587936507936508
1543	-0.616507936507937
1544	-0.599365079365079
1545	-0.604444444444444
1546	-0.57015873015873
1547	-0.575873015873016
1548	-0.587301587301587
1549	-0.530793650793651
1550	-0.57015873015873
1551	-0.547301587301587
1552	-0.491428571428571
1553	-0.491428571428571
1554	-0.48
1555	-0.467936507936508
1556	-0.473650793650794
1557	-0.506666666666667
1558	-0.434285714285714
1559	-0.434285714285714
1560	-0.422857142857143
1561	-0.417142857142857
1562	-0.400634920634921
1563	-0.412063492063492
1564	-0.417777777777778
1565	-0.423492063492064
1566	-0.418412698412698
1567	-0.412698412698413
1568	-0.435555555555556
1569	-0.373968253968254
1570	-0.356825396825397
1571	-0.390476190476191
1572	-0.424126984126984
1573	-0.464126984126984
1574	-0.474285714285714
1575	-0.502222222222222
1576	-0.507301587301587
1577	-0.496507936507937
1578	-0.495873015873016
1579	-0.406349206349206
1580	-0.417777777777778
1581	-0.429206349206349
1582	-0.469206349206349
1583	-0.424126984126984
1584	-0.378412698412698
1585	-0.378412698412698
1586	-0.372698412698413
1587	-0.412063492063492
1588	-0.456507936507936
1589	-0.456507936507936
1590	-0.423492063492064
1591	-0.418412698412698
1592	-0.351746031746032
1593	-0.386031746031746
1594	-0.431111111111111
1595	-0.431111111111111
1596	-0.431746031746032
1597	-0.36
1598	-0.321269841269841
1599	-0.333333333333333
1600	-0.222222222222222
1601	-0.184126984126984
1602	-0.200634920634921
1603	-0.167619047619048
1604	-0.100317460317461
1605	-0.0723809523809525
1606	-0.0615873015873016
1607	-0.0165079365079367
1608	-0.0165079365079367
1609	0.0622222222222222
1610	0.106666666666667
1611	0.224126984126984
1612	0.245714285714286
1613	0.262222222222222
1614	0.333968253968254
1615	0.289523809523809
1616	0.261587301587302
1617	0.261587301587302
1618	0.267301587301587
1619	0.30031746031746
1620	0.332698412698412
1621	0.316190476190476
1622	0.332698412698412
1623	0.321269841269841
1624	0.332063492063492
1625	0.354920634920635
1626	0.310476190476191
1627	0.282539682539683
1628	0.220952380952381
1629	0.233015873015873
1630	0.227936507936508
1631	0.239365079365079
1632	0.228571428571429
1633	0.19047619047619
1634	0.151746031746032
1635	0.186031746031746
1636	0.169523809523809
1637	0.142857142857143
1638	0.125714285714286
1639	0.114920634920635
1640	0.0926984126984127
1641	0.0926984126984127
1642	0.103492063492063
1643	0.198095238095238
1644	0.253968253968254
1645	0.243174603174603
1646	0.215873015873016
1647	0.142222222222222
1648	0.153650793650793
1649	0.142857142857143
1650	0.0653968253968252
1651	0.0819047619047618
1652	0.132698412698413
1653	0.166349206349206
1654	0.233650793650794
1655	0.189206349206349
1656	0.18984126984127
1657	0.206349206349206
1658	0.217777777777778
1659	0.273650793650794
1660	0.257142857142857
1661	0.284444444444444
1662	0.318095238095238
1663	0.368253968253968
1664	0.374603174603175
1665	0.357460317460317
1666	0.318095238095238
1667	0.34031746031746
1668	0.462857142857143
1669	0.440634920634921
1670	0.452063492063492
1671	0.424126984126984
1672	0.373968253968254
1673	0.379682539682539
1674	0.441904761904762
1675	0.441904761904762
1676	0.453333333333333
1677	0.442539682539682
1678	0.40952380952381
1679	0.397460317460318
1680	0.38031746031746
1681	0.369523809523809
1682	0.397460317460318
1683	0.415238095238095
1684	0.398730158730159
1685	0.415238095238095
1686	0.46031746031746
1687	0.41015873015873
1688	0.404444444444444
1689	0.393650793650794
1690	0.332698412698413
1691	0.31047619047619
1692	0.288253968253968
1693	0.266031746031746
1694	0.243809523809524
1695	0.216507936507937
1696	0.222222222222222
1697	0.189206349206349
1698	0.172698412698413
1699	0.133968253968254
1700	0.166984126984127
1701	0.211428571428571
1702	0.217142857142857
1703	0.184126984126984
1704	0.0558730158730157
1705	0.0558730158730157
1706	0.0336507936507936
1707	0.0393650793650794
1708	0.000634920634920544
1709	0.00634920634920633
1710	-0.0101587301587303
1711	-0.0438095238095239
1712	-0.0546031746031747
1713	-0.0495238095238095
1714	-0.0380952380952381
1715	-0.187936507936508
1716	-0.220952380952381
1717	-0.193015873015873
1718	-0.198730158730159
1719	-0.237460317460317
1720	-0.231746031746032
1721	-0.27047619047619
1722	-0.292698412698413
1723	-0.271111111111111
1724	-0.304761904761905
1725	-0.361269841269841
1726	-0.378412698412698
1727	-0.384126984126984
1728	-0.378412698412698
1729	-0.378412698412698
1730	-0.372698412698413
1731	-0.378412698412698
1732	-0.366984126984127
1733	-0.339047619047619
1734	-0.356190476190476
1735	-0.356190476190476
1736	-0.400634920634921
1746	-0.492063492063492
1747	-0.480634920634921
1748	-0.464126984126984
1750	-0.492063492063492
1751	-0.469206349206349
1752	-0.457777777777778
1778	-0.297777777777778
1779	-0.246984126984127
1780	-0.22984126984127
1781	-0.212698412698413
1782	-0.218412698412698
1783	-0.196190476190476
1784	-0.201904761904762
1785	-0.151746031746032
1786	-0.14031746031746
1787	-0.14031746031746
1788	-0.14031746031746
1789	-0.134603174603175
1790	-0.151746031746032
1791	-0.173968253968254
1792	-0.146031746031746
1793	-0.146031746031746
1794	-0.111746031746032
1795	-0.0673015873015874
1796	-0.0787301587301588
1797	-0.0787301587301588
1798	-0.0965079365079365
1799	-0.0355555555555555
1800	-0.0584126984126984
1801	-0.0698412698412698
1802	-0.0482539682539683
1803	-0.0546031746031747
1804	-0.0717460317460318
1805	-0.0723809523809523
1806	-0.067936507936508
1807	-0.168888888888889
1808	-0.141587301587302
1809	-0.130793650793651
1810	-0.0476190476190476
1811	-0.0368253968253969
1812	-0.0317460317460317
1813	-0.0152380952380954
1814	-0.048888888888889
1815	-0.093968253968254
1816	-0.111111111111111
1817	-0.083809523809524
1818	-0.0723809523809525
1819	-0.123174603174603
1820	-0.162539682539683
1821	-0.201904761904762
1822	-0.207619047619048
1823	-0.213333333333333
1824	-0.202539682539683
1825	-0.158730158730159
1826	-0.164444444444445
1827	-0.164444444444445
1828	-0.109206349206349
1829	-0.120634920634921
1830	-0.0596825396825397
1831	-0.0761904761904761
1832	-0.00380952380952393
1833	-0.00380952380952393
1834	0.0907936507936508
1835	0.0520634920634919
1836	0.113650793650794
1837	0.124444444444444
1838	0.08
1839	0.0406349206349206
1840	0.0634920634920634
1841	0.0469841269841269
1842	0.0253968253968252
1843	0.0368253968253967
1844	-0.00190476190476196
1845	-0.00761904761904764
1846	-0.0463492063492064
1847	-0.0685714285714287
1848	-0.0622222222222222
1849	-0.0787301587301587
1850	-0.0844444444444444
1851	-0.0507936507936508
1852	-0.0336507936507936
1853	-0.112380952380953
1854	-0.112380952380953
1855	-0.067936507936508
1856	-0.0285714285714287
1857	-0.0507936507936508
1858	-0.107301587301587
1859	-0.0742857142857144
1860	-0.113650793650794
1861	-0.18031746031746
1862	-0.16952380952381
1863	-0.147936507936508
1864	-0.198095238095238
1865	-0.154285714285714
1866	-0.20952380952381
1867	-0.226031746031746
1868	-0.332698412698413
1869	-0.372698412698413
1870	-0.455873015873016
1871	-0.478730158730159
1872	-0.500952380952381
1873	-0.478095238095238
1874	-0.433015873015873
1875	-0.427301587301587
1876	-0.405714285714286
1877	-0.389206349206349
1878	-0.384126984126984
1879	-0.38984126984127
1880	-0.396190476190476
1881	-0.464126984126984
1882	-0.492063492063492
1883	-0.453333333333333
1884	-0.481904761904762
1885	-0.471111111111111
1886	-0.516190476190476
1887	-0.521269841269841
1888	-0.499047619047619
1889	-0.471111111111111
1890	-0.432380952380953
1891	-0.493968253968254
1892	-0.539047619047619
1893	-0.539047619047619
1894	-0.488253968253968
1895	-0.54984126984127
1896	-0.544126984126984
1897	-0.49968253968254
1898	-0.49968253968254
1899	-0.538412698412698
1900	-0.6
1901	-0.644444444444444
1902	-0.678730158730159
1903	-0.684444444444445
1904	-0.605714285714286
1905	-0.588571428571429
1906	-0.59936507936508
1907	-0.61015873015873
1908	-0.643809523809524
1909	-0.64952380952381
1910	-0.677460317460318
1911	-0.666031746031746
1912	-0.699047619047619
1913	-0.693333333333333
1914	-0.721904761904762
1915	-0.705396825396825
1916	-0.655873015873016
1917	-0.615873015873016
1918	-0.56
1919	-0.593650793650794
1920	-0.587936507936508
1921	-0.604444444444444
1922	-0.56
1923	-0.488253968253968
1924	-0.533333333333333
1925	-0.510476190476191
1926	-0.571428571428571
1927	-0.548571428571429
1928	-0.531428571428571
1929	-0.537142857142857
1930	-0.537142857142857
1931	-0.531428571428571
1932	-0.52
1933	-0.541587301587302
1934	-0.540952380952381
1935	-0.546666666666667
1936	-0.513015873015873
1937	-0.535238095238095
1938	-0.513015873015873
1939	-0.541587301587302
1940	-0.580952380952381
1941	-0.580952380952381
1942	-0.586666666666667
1943	-0.598095238095238
1944	-0.598095238095238
1945	-0.62031746031746
1946	-0.620952380952381
1947	-0.620952380952381
1948	-0.59936507936508
1949	-0.59936507936508
1950	-0.581587301587302
1951	-0.586666666666667
1952	-0.624126984126984
1953	-0.624126984126984
1954	-0.674285714285714
1955	-0.662857142857143
1956	-0.645714285714286
1957	-0.629206349206349
1958	-0.645079365079365
1959	-0.733968253968254
1960	-0.722539682539683
1961	-0.727619047619048
1962	-0.761904761904762
1963	-0.744761904761905
1964	-0.761904761904762
1965	-0.761904761904762
1966	-0.767619047619048
1967	-0.767619047619048
1968	-0.773333333333333
1969	-0.790476190476191
1970	-0.808253968253968
1971	-0.802539682539683
1972	-0.847619047619048
1973	-0.819047619047619
1974	-0.858412698412699
1975	-0.846984126984127
1976	-0.852063492063492
1977	-0.852063492063492
1978	-0.909206349206349
1979	-0.897777777777778
1980	-0.903492063492063
1981	-0.926984126984127
1982	-0.909206349206349
3590	-0.554920634920635
3593	-0.583492063492064
3594	-0.572698412698413
3595	-0.606349206349206
3596	-0.577777777777778
3597	-0.577777777777778
3598	-0.600634920634921
3602	-0.686349206349206
3603	-0.692063492063492
3604	-0.709206349206349
3605	-0.704126984126984
3606	-0.732698412698413
3607	-0.704761904761905
3608	-0.699047619047619
3609	-0.705396825396826
3610	-0.716825396825397
3611	-0.728888888888889
3612	-0.712380952380952
3613	-0.69015873015873
3614	-0.695238095238095
3615	-0.611428571428572
3616	-0.6
3617	-0.571428571428571
3618	-0.559365079365079
3619	-0.570793650793651
3620	-0.577142857142857
3621	-0.560634920634921
3622	-0.554920634920635
3623	-0.532698412698413
3624	-0.538412698412698
3625	-0.566984126984127
3626	-0.544761904761905
3627	-0.533968253968254
3628	-0.478095238095238
3629	-0.417142857142857
3630	-0.406349206349206
3631	-0.412063492063492
3632	-0.378412698412699
3633	-0.401269841269841
3634	-0.339047619047619
3635	-0.316190476190476
3636	-0.305396825396826
3637	-0.311111111111111
3638	-0.338412698412698
3639	-0.366349206349206
3640	-0.34984126984127
3641	-0.372063492063492
3642	-0.337777777777778
3643	-0.372063492063492
3644	-0.389206349206349
3645	-0.394285714285714
3646	-0.422857142857143
3647	-0.388571428571429
3648	-0.399365079365079
3649	-0.438730158730159
3650	-0.427301587301587
3651	-0.493968253968254
3652	-0.488253968253968
3653	-0.49968253968254
3654	-0.516825396825397
3655	-0.516825396825397
3656	-0.544761904761905
3657	-0.589206349206349
3658	-0.572698412698413
3659	-0.600634920634921
3660	-0.589206349206349
3661	-0.582857142857143
3662	-0.65015873015873
3663	-0.683809523809524
3664	-0.733968253968254
3672	-0.794920634920635
3673	-0.789206349206349
3674	-0.829206349206349
3675	-0.823492063492064
3676	-0.817777777777778
3677	-0.794920634920635
3678	-0.766984126984127
3679	-0.732698412698413
3680	-0.693333333333333
3681	-0.699047619047619
3682	-0.615873015873016
3683	-0.621587301587302
3684	-0.577142857142857
3685	-0.548571428571429
3686	-0.554285714285714
3687	-0.542857142857143
3688	-0.537777777777778
3689	-0.487619047619048
3690	-0.481904761904762
3691	-0.45968253968254
3692	-0.45968253968254
3693	-0.453968253968254
3694	-0.470476190476191
3695	-0.431111111111111
3696	-0.437460317460318
3697	-0.443174603174603
3698	-0.437460317460318
3699	-0.448888888888889
3700	-0.448888888888889
3701	-0.477460317460317
3702	-0.477460317460317
3703	-0.455238095238095
3704	-0.493968253968254
3705	-0.476825396825397
3706	-0.487619047619048
3707	-0.493333333333333
3708	-0.543492063492063
3709	-0.514920634920635
3710	-0.435555555555556
3711	-0.418412698412698
3712	-0.457777777777778
3713	-0.474920634920635
3714	-0.52
3715	-0.559365079365079
3716	-0.575873015873016
3717	-0.558730158730159
3718	-0.619047619047619
3719	-0.635555555555556
3890	-0.594920634920635
3891	-0.606349206349206
3892	-0.573333333333333
3893	-0.551111111111111
3894	-0.528888888888889
3895	-0.523174603174603
3896	-0.534603174603175
3897	-0.495238095238095
3898	-0.512380952380952
3899	-0.490793650793651
3900	-0.462857142857143
3901	-0.424126984126984
3902	-0.42984126984127
3903	-0.446984126984127
3904	-0.441269841269841
3905	-0.459047619047619
3906	-0.442539682539683
3907	-0.453968253968254
3908	-0.431746031746032
3909	-0.426666666666667
3910	-0.432380952380952
3911	-0.426666666666667
3912	-0.432380952380952
3913	-0.448888888888889
3914	-0.482539682539683
3915	-0.49968253968254
3916	-0.532698412698413
3917	-0.454603174603175
3918	-0.438095238095238
3919	-0.399365079365079
3920	-0.415873015873016
3921	-0.394285714285714
3922	-0.411428571428572
3923	-0.44
3924	-0.445714285714286
3925	-0.423492063492064
3926	-0.411428571428572
3927	-0.428571428571428
3928	-0.45015873015873
3929	-0.478095238095238
3930	-0.517460317460317
3931	-0.48952380952381
3932	-0.484444444444445
3933	-0.535238095238095
3934	-0.524444444444445
3935	-0.546031746031746
3936	-0.602539682539683
3937	-0.641269841269841
3938	-0.624126984126984
3939	-0.590476190476191
3940	-0.561904761904762
3941	-0.555555555555556
3942	-0.589206349206349
3943	-0.572063492063492
3944	-0.583492063492064
3945	-0.617142857142857
3946	-0.617777777777778
3947	-0.646349206349206
3948	-0.646349206349206
3949	-0.635555555555556
3950	-0.53015873015873
3951	-0.48
3952	-0.452698412698413
3953	-0.497777777777778
3954	-0.520634920634921
3955	-0.593650793650794
3956	-0.54984126984127
3957	-0.577142857142857
3958	-0.588571428571429
3959	-0.605079365079365
3960	-0.627301587301587
3961	-0.61015873015873
3962	-0.571428571428571
3963	-0.532698412698413
3964	-0.483174603174603
3965	-0.477460317460318
3966	-0.466666666666667
3967	-0.488888888888889
3968	-0.46031746031746
3969	-0.454603174603175
3970	-0.465396825396825
3971	-0.482539682539682
3972	-0.453968253968254
3973	-0.442539682539683
3974	-0.465396825396825
3975	-0.504761904761905
3976	-0.510476190476191
3977	-0.516190476190476
3978	-0.49968253968254
3979	-0.533968253968254
3980	-0.528253968253968
3981	-0.511111111111111
3982	-0.533333333333333
3983	-0.516190476190476
3984	-0.511111111111111
3985	-0.53968253968254
3986	-0.645079365079365
3987	-0.678095238095238
3988	-0.683809523809524
3989	-0.616507936507937
3990	-0.633015873015873
3991	-0.576507936507937
3992	-0.648888888888889
3993	-0.65015873015873
3994	-0.627301587301587
3995	-0.576507936507937
3996	-0.548571428571429
3997	-0.593650793650794
3998	-0.604444444444444
3999	-0.631746031746032
4000	-0.593650793650794
4001	-0.56
4002	-0.537777777777778
4003	-0.537777777777778
4004	-0.560634920634921
4005	-0.521904761904762
4006	-0.448888888888889
4007	-0.398730158730159
4008	-0.353650793650794
4009	-0.370793650793651
4010	-0.365079365079365
4011	-0.370793650793651
4012	-0.376507936507937
4013	-0.370793650793651
4014	-0.309206349206349
4015	-0.280634920634921
4016	-0.303492063492063
4017	-0.343492063492063
4018	-0.315555555555555
4019	-0.304126984126984
4020	-0.326349206349206
4021	-0.314285714285714
4022	-0.325714285714286
4023	-0.285714285714286
4024	-0.295873015873016
4025	-0.401904761904762
4026	-0.401904761904762
4027	-0.396190476190476
4028	-0.373333333333333
4029	-0.372063492063492
4030	-0.417142857142857
4031	-0.439365079365079
4032	-0.473015873015873
4033	-0.45015873015873
4034	-0.483809523809524
4035	-0.466666666666667
4036	-0.531428571428571
4037	-0.553650793650794
4038	-0.553015873015873
4039	-0.541587301587302
4040	-0.546666666666667
4041	-0.540952380952381
4042	-0.563174603174603
4043	-0.619047619047619
4044	-0.652698412698413
4045	-0.652698412698413
4046	-0.681269841269841
4047	-0.675555555555556
4048	-0.664761904761905
4049	-0.653968253968254
4050	-0.732063492063492
4051	-0.743492063492064
4053	-0.698412698412698
4054	-0.66984126984127
4055	-0.681269841269841
4056	-0.658412698412698
4057	-0.697777777777778
4058	-0.646984126984127
4059	-0.675555555555556
4060	-0.664761904761905
4061	-0.631111111111111
4062	-0.591746031746032
4063	-0.61968253968254
4064	-0.575238095238095
4065	-0.564444444444445
4066	-0.535873015873016
4067	-0.570793650793651
4068	-0.554285714285714
4069	-0.565714285714286
4070	-0.56
4071	-0.588571428571429
4072	-0.594285714285715
4073	-0.605714285714286
4074	-0.639365079365079
4075	-0.645079365079365
4076	-0.650793650793651
4077	-0.695238095238095
4078	-0.74031746031746
4079	-0.734603174603175
4080	-0.717460317460317
4081	-0.706031746031746
4082	-0.66031746031746
4083	-0.666031746031746
4084	-0.693968253968254
4085	-0.716190476190476
4086	-0.687619047619048
4087	-0.67047619047619
4088	-0.67047619047619
4089	-0.703492063492064
5353	-1.66984126984127
5354	-1.68126984126984
5355	-1.69777777777778
5356	-1.64126984126984
5357	-1.6584126984127
5358	-1.69269841269841
5359	-1.71047619047619
5360	-1.73333333333333
5361	-1.73269841269841
5362	-1.72126984126984
5363	-1.75047619047619
5364	-1.84253968253968
5365	-1.86031746031746
5366	-1.80952380952381
5367	-1.79238095238095
5368	-1.79809523809524
5369	-1.80952380952381
5370	-1.75301587301587
5371	-1.7815873015873
5372	-1.77587301587302
5373	-1.76444444444444
5374	-1.78730158730159
5375	-1.81015873015873
5376	-1.8215873015873
5377	-1.87809523809524
5378	-1.86666666666667
5379	-1.83301587301587
5380	-1.9352380952381
5381	-1.98666666666667
5382	-1.99809523809524
5383	-2.06095238095238
5384	-2.05015873015873
5385	-2.09015873015873
5386	-2.12444444444444
5387	-2.20952380952381
5388	-2.23746031746032
5389	-2.25269841269841
5390	-2.2584126984127
5391	-2.29269841269841
5392	-2.33777777777778
5393	-2.38349206349206
5394	-2.35492063492064
5433	-2.00126984126984
5434	-2.02412698412698
5435	-2.08634920634921
5436	-2.09777777777778
5437	-2.07492063492063
5439	-2.04634920634921
5440	-2.02984126984127
5441	-1.99174603174603
5442	-1.96888888888889
5443	-2.00380952380952
5444	-1.96507936507936
5445	-1.95365079365079
5446	-1.91936507936508
5447	-1.89079365079365
5448	-1.90095238095238
5449	-1.87873015873016
5450	-1.87238095238095
5451	-1.83809523809524
5452	-1.80952380952381
5453	-1.8152380952381
5454	-1.78603174603175
5455	-1.79746031746032
5456	-1.80253968253968
5457	-1.85968253968254
5458	-1.85333333333333
5459	-1.85904761904762
5460	-1.82539682539683
5461	-1.84253968253968
5462	-1.82031746031746
5463	-1.81460317460317
5464	-1.75873015873016
5465	-1.7815873015873
5466	-1.72
5467	-1.66285714285714
5468	-1.63936507936508
5469	-1.66666666666667
5470	-1.70666666666667
5471	-1.6552380952381
5472	-1.63809523809524
5473	-1.72380952380952
5474	-1.74666666666667
5475	-1.79238095238095
5476	-1.81015873015873
5477	-1.86539682539683
5478	-1.82666666666667
5479	-1.75873015873016
5480	-1.7752380952381
5481	-1.75365079365079
5482	-1.74222222222222
5483	-1.72
5484	-1.73142857142857
5485	-1.69714285714286
5486	-1.71428571428571
5487	-1.71428571428571
5488	-1.74857142857143
5489	-1.76
5490	-1.77714285714286
5491	-1.78857142857143
5492	-1.79428571428571
5493	-1.75428571428571
5494	-1.75428571428571
5495	-1.76
5496	-1.74222222222222
5497	-1.74793650793651
5498	-1.78730158730159
5499	-1.7815873015873
5500	-1.79746031746032
5501	-1.79746031746032
5502	-1.91047619047619
5503	-1.90539682539683
5504	-1.90539682539683
5505	-1.9168253968254
5506	-1.8368253968254
5507	-1.86476190476191
5508	-1.82476190476191
5509	-1.7847619047619
5510	-1.7447619047619
5511	-1.68190476190476
5512	-1.68063492063492
5513	-1.65777777777778
5725	-2.09777777777778
5726	-2.02539682539683
5727	-2.08825396825397
5728	-2.14095238095238
5729	-2.24952380952381
5730	-2.26666666666667
5731	-2.27238095238095
5732	-2.2552380952381
5733	-2.2152380952381
5734	-2.24444444444444
5735	-2.27746031746032
5736	-2.29460317460317
5737	-2.30666666666667
5738	-2.29015873015873
5739	-2.28
5740	-2.22349206349206
5741	-2.1784126984127
5742	-2.14984126984127
5743	-2.11111111111111
5744	-2.09968253968254
5745	-2.11111111111111
5746	-2.05396825396825
5747	-1.98666666666667
5748	-1.99873015873016
5749	-2.03365079365079
5750	-2.03936507936508
5751	-1.98222222222222
5752	-1.8584126984127
5753	-1.77333333333333
5754	-1.77333333333333
5755	-1.75047619047619
5756	-1.74603174603175
5757	-1.76888888888889
5758	-1.7631746031746
5759	-1.76888888888889
5760	-1.76444444444444
5761	-1.79809523809524
5762	-1.85460317460317
5763	-1.85396825396825
5764	-1.78603174603175
5765	-1.6552380952381
5766	-1.60507936507937
5767	-1.63365079365079
5768	-1.58285714285714
5769	-1.61206349206349
5770	-1.53269841269841
5771	-1.43238095238095
5772	-1.2984126984127
5773	-1.21396825396825
5774	-1.16952380952381
5775	-1.06349206349206
5776	-1.06412698412698
5777	-1.03619047619048
5778	-0.991746031746032
5779	-0.931428571428571
5780	-0.871111111111111
5781	-0.770793650793651
5782	-0.777777777777778
5783	-0.693968253968254
5784	-0.508571428571429
5785	-0.440634920634921
5786	-0.368253968253968
5787	-0.352380952380952
5788	-0.398095238095238
5789	-0.297777777777778
5790	-0.257142857142857
5791	-0.224126984126984
5792	-0.167619047619048
5793	-0.116190476190477
5794	-0.01015873015873
5795	0.0685714285714281
5796	0.0920634920634922
5797	0.125714285714285
5798	0.193650793650793
5799	0.227301587301587
5800	0.283174603174603
5801	0.305396825396825
5802	0.293968253968254
5803	0.366349206349206
5804	0.398730158730158
5805	0.466031746031746
5806	0.453333333333333
5807	0.459047619047619
5808	0.443174603174603
5809	0.566349206349206
5810	0.571428571428571
5811	0.527619047619047
5812	0.544761904761904
5813	0.616507936507936
5814	0.616507936507936
5815	0.657777777777778
5816	0.681269841269841
5817	0.641269841269841
5818	0.68063492063492
5819	0.57968253968254
5820	0.595555555555556
5821	0.677460317460317
5822	0.789206349206349
5823	0.794285714285714
5824	0.851428571428572
5825	0.773968253968254
5826	0.824126984126984
5827	0.857777777777778
5828	0.840634920634921
5829	0.884444444444444
5830	0.833650793650793
5831	0.866666666666667
5832	0.932698412698413
5833	0.972698412698413
5834	0.899682539682539
5835	0.927619047619047
5836	0.895238095238095
5837	0.967619047619047
5838	1.04571428571429
5839	1.00253968253968
5840	0.998095238095238
5841	1.02031746031746
5842	1.09269841269841
5843	1.16
5844	1.18730158730159
5845	1.25269841269841
5846	1.41523809523809
5847	1.46539682539683
5848	1.45904761904762
5849	1.48698412698413
5850	1.53714285714286
5851	1.45333333333333
5852	1.45333333333333
5853	1.51111111111111
5854	1.46730158730159
5855	1.55238095238095
5856	1.49777777777778
5857	1.4831746031746
5858	1.39492063492063
5859	1.45206349206349
5860	1.39619047619048
5861	1.50666666666667
5862	1.4952380952381
5863	1.57333333333333
5864	1.61333333333333
5865	1.71365079365079
5866	1.8647619047619
5867	1.87047619047619
5868	1.93269841269841
5869	1.90920634920635
5870	2.07111111111111
5871	2.2215873015873
5872	2.26539682539683
5873	2.39238095238095
5874	2.37587301587302
5875	2.43174603174603
5876	2.59809523809524
5877	2.70857142857143
5878	2.68126984126984
5879	2.6584126984127
5880	2.65333333333333
5881	2.43238095238095
5882	2.24190476190476
5883	2.23047619047619
5884	2.19174603174603
5885	2.08
5886	2.04634920634921
5887	2.00571428571429
5888	1.94285714285714
5889	1.91428571428571
5890	1.90857142857143
5891	1.79555555555556
5892	1.72126984126984
5893	1.5752380952381
5894	1.51873015873016
5895	1.53968253968254
5896	1.5631746031746
5897	1.48444444444444
5898	1.47873015873016
5899	1.43365079365079
5900	1.43873015873016
5901	1.26031746031746
5902	1.10412698412698
5903	1.05333333333333
5904	1.00253968253968
5905	0.992380952380952
5906	0.914920634920635
5907	0.725714285714286
5908	0.637460317460317
5909	0.46031746031746
5910	0.4
5911	0.405714285714285
5912	0.333333333333333
5913	0.278730158730158
5914	0.19047619047619
5915	0.157460317460317
5916	0.196190476190476
5917	0.223492063492064
5918	0.273650793650793
5919	0.285079365079365
5920	0.33079365079365
5921	0.492698412698413
5922	0.486349206349206
5923	0.632380952380952
5924	0.751111111111111
5925	0.861587301587301
5926	1.1168253968254
5927	1.2184126984127
5928	1.28634920634921
5929	1.40380952380952
5930	1.47555555555556
5931	1.49777777777778
5932	1.51301587301587
5933	1.56444444444444
5934	1.66349206349206
5935	1.67555555555556
5936	1.64761904761905
5937	1.70349206349206
5938	1.82095238095238
5939	1.82222222222222
5940	1.76126984126984
5941	1.85587301587302
5942	1.86730158730159
5943	1.94603174603175
5944	2.06285714285714
5945	2.11238095238095
5946	2.1568253968254
5947	2.10603174603175
5948	2.04507936507937
5949	1.92190476190476
5950	1.91492063492063
5951	1.8247619047619
5952	1.73587301587302
5953	1.8247619047619
5954	1.81460317460317
5955	1.78539682539683
5956	1.74984126984127
5957	1.69333333333333
5958	1.64825396825397
5959	1.61904761904762
5960	1.56825396825397
5961	1.48571428571429
5962	1.28507936507936
5963	1.22349206349206
5964	1.01523809523809
5965	0.924444444444444
5966	0.894603174603174
5967	0.81079365079365
5968	0.81015873015873
5969	0.776507936507937
5970	0.672380952380952
5971	0.566349206349206
5972	0.493968253968254
5973	0.482539682539682
5974	0.354285714285714
5975	0.365714285714285
5976	0.332063492063492
5977	0.191746031746032
5978	0.0850793650793649
5979	0.0399999999999996
5980	-0.0768253968253965
5981	-0.142857142857143
5982	-0.182222222222222
5983	-0.255238095238095
5984	-0.345396825396826
5985	-0.311111111111111
5986	-0.304126984126984
5987	-0.308571428571429
5988	-0.341587301587302
5989	-0.401904761904762
5990	-0.445714285714286
5991	-0.504761904761905
5992	-0.474285714285714
5993	-0.578412698412699
5994	-0.581587301587302
5995	-0.673650793650794
5996	-0.699682539682539
5997	-0.732063492063492
5998	-0.746666666666667
5999	-0.74031746031746
6000	-0.597460317460318
6001	-0.555555555555555
6002	-0.601904761904762
6003	-0.577142857142857
6004	-0.608253968253968
6005	-0.629206349206349
6006	-0.650793650793651
6007	-0.605079365079365
6008	-0.558730158730159
6009	-0.546031746031746
6010	-0.528253968253968
6011	-0.527619047619048
6012	-0.498412698412698
6013	-0.440634920634921
6018	-0.212063492063492
6019	-0.126349206349206
