2	0.241904761904762
3	0.4025
4	0.483809523809524
5	0.545952380952381
6	0.627261904761905
7	0.634642857142857
8	0.746190476190476
9	0.816071428571429
10	0.870833333333333
11	0.929285714285714
12	0.987738095238095
13	1.11642857142857
14	1.21285714285714
15	1.22964285714286
16	1.30154761904762
17	1.4547619047619
18	1.45071428571429
19	1.54916666666667
20	1.5602380952381
21	1.615
22	1.60321428571429
23	1.75071428571429
24	1.84345238095238
25	1.96642857142857
26	1.97178571428571
27	2.10047619047619
28	2.19119047619048
29	2.31214285714286
30	2.54095238095238
31	2.60880952380952
32	2.72607142857143
33	2.75428571428571
34	2.82619047619048
35	2.86952380952381
36	2.90547619047619
37	2.94345238095238
38	2.82785714285714
39	2.94345238095238
40	2.95654761904762
41	2.97940476190476
42	3.0627380952381
43	3.26333333333333
44	3.21226190476191
45	3.32952380952381
46	3.53214285714286
47	3.50559523809524
48	3.63261904761905
49	3.7347619047619
50	3.69107142857143
51	3.82178571428571
52	3.975
53	4.07714285714286
54	4.26833333333333
55	4.49916666666667
56	4.72261904761905
57	4.84559523809524
58	5.03714285714286
59	5.14297619047619
60	5.16547619047619
61	5.4702380952381
62	5.7525
63	5.67083333333333
64	5.73297619047619
65	5.75583333333333
66	5.82976190476191
67	5.9225
68	6.03773809523809
69	6.52428571428572
70	6.70571428571429
71	6.95571428571429
72	7.04476190476191
73	7.09178571428571
74	5.75452380952381
75	7.66571428571429
76	7.90428571428571
77	8.19559523809524
78	8.28428571428571
79	8.31654761904762
80	8.34880952380952
81	8.43380952380952
82	8.51714285714286
83	8.71035714285714
84	8.57392857142857
85	8.51511904761905
86	8.83904761904762
87	8.92238095238095
88	8.86928571428571
89	8.70464285714286
90	8.63642857142857
91	8.5322619047619
92	8.60047619047619
93	8.7275
94	8.7197619047619
95	8.79571428571429
96	9.03059523809524
97	9.0302380952381
98	9.12261904761905
99	9.21738095238095
100	9.2325
101	9.36321428571429
102	9.54095238095238
103	9.5752380952381
104	9.63035714285714
105	9.78964285714286
106	9.57761904761905
107	9.59071428571429
108	9.3652380952381
109	9.48285714285714
110	9.40321428571429
111	9.15690476190476
112	8.99595238095238
113	8.87130952380952
114	8.84309523809524
115	8.97547619047619
116	9.1552380952381
117	9.06452380952381
118	9.05476190476191
119	9.06011904761905
120	9.30809523809524
121	9.51035714285715
122	9.24690476190476
123	9.30369047619048
124	9.46297619047619
125	9.38130952380953
126	9.41154761904762
127	9.52880952380952
128	9.30166666666667
129	9.32047619047619
130	9.51369047619048
131	9.29761904761905
132	9.06071428571429
133	8.90952380952381
134	8.60107142857143
135	8.53857142857143
136	8.67535714285714
137	8.64880952380953
138	8.42940476190476
139	8.34607142857143
140	8.01107142857143
141	7.64178571428571
142	7.57357142857143
143	7.44892857142857
144	7.41095238095238
145	7.30476190476191
146	7.15321428571429
147	7.16464285714286
148	6.97714285714286
149	6.88238095238095
150	6.86154761904762
151	6.53964285714286
152	6.335
153	6.28964285714286
154	6.14619047619048
155	5.92309523809524
156	5.71107142857143
157	5.51452380952381
158	5.43892857142857
159	5.39154761904762
160	5.27392857142857
161	5.31392857142857
162	5.25511904761905
163	5.22690476190476
164	5.24
165	5.03904761904762
166	4.9177380952381
167	4.91976190476191
168	5.06023809523809
169	5.13214285714286
170	5.06964285714286
171	5.13214285714286
172	4.96345238095238
173	5.0447619047619
174	4.99535714285714
175	5.16202380952381
176	5.32833333333333
177	5.4872619047619
178	5.57464285714286
179	5.56892857142857
180	5.55011904761905
181	5.59952380952381
182	5.60892857142857
183	5.66773809523809
184	5.83071428571429
185	5.86869047619048
186	5.88011904761905
187	5.99202380952381
188	5.93726190476191
189	6.13416666666667
190	6.3327380952381
191	6.53702380952381
192	6.81154761904762
193	6.65023809523809
194	6.67071428571429
195	6.77488095238095
196	6.89047619047619
197	7.06821428571429
198	7.09642857142857
199	7.09440476190476
200	6.94119047619048
201	6.96607142857143
202	6.94892857142857
203	7.20797619047619
204	7.09607142857143
205	7.00535714285714
206	6.98452380952381
207	6.88035714285714
208	6.96369047619048
209	6.71571428571429
210	6.83130952380952
211	6.62297619047619
212	6.42071428571429
213	6.23523809523809
214	6.10083333333333
215	6.07428571428571
216	6.22380952380952
217	6.165
218	6.14619047619048
219	6.26178571428571
220	6.18214285714286
221	6.21238095238095
222	6.10416666666667
223	6.24392857142857
224	6.24226190476191
225	6.02047619047619
226	5.70226190476191
227	5.57928571428571
228	5.44857142857143
229	5.66261904761905
230	5.75202380952381
231	5.42238095238095
232	5.24797619047619
233	5.12130952380952
234	4.99869047619048
235	4.84178571428571
236	4.98761904761905
237	4.92511904761905
238	4.85154761904762
239	4.59821428571429
240	4.64928571428572
241	4.65297619047619
242	4.60559523809524
243	4.73630952380952
244	4.66238095238095
245	4.84416666666667
246	4.93119047619048
247	4.95738095238095
248	5.2127380952381
249	5.24261904761905
250	5.41059523809524
251	5.45190476190476
252	5.36285714285714
253	5.32892857142857
254	5.2872619047619
255	5.18880952380952
256	5.26845238095238
257	5.14916666666667
258	5.14547619047619
259	5
260	5.06047619047619
261	5.1552380952381
262	5.13809523809524
263	5.05845238095238
264	5.03392857142857
265	4.8827380952381
266	4.94892857142857
267	5.09309523809524
268	5.28059523809524
269	5.17642857142857
270	5.25035714285714
271	5.18583333333333
272	5.13642857142857
273	5.29738095238095
274	5.17607142857143
275	5.20059523809524
276	5.20833333333333
277	5.23488095238095
278	5.22380952380952
279	5.00035714285714
280	4.96642857142857
281	4.74702380952381
282	4.62035714285714
283	4.54880952380952
284	4.2897619047619
285	4.25619047619048
286	4.14869047619048
287	3.96321428571429
288	3.96154761904762
289	3.91988095238095
290	4.03178571428571
291	3.86107142857143
292	3.84595238095238
293	3.83654761904762
294	3.9125
295	3.93904761904762
296	3.82178571428571
297	3.75190476190476
298	3.90178571428571
299	4.00226190476191
300	3.87928571428571
301	3.76571428571429
302	3.71666666666667
303	3.67702380952381
304	3.52178571428571
305	3.60511904761905
306	3.58428571428571
307	3.71130952380952
308	3.6925
309	3.61488095238095
310	3.68880952380952
311	3.71738095238095
312	3.68714285714286
313	3.64178571428571
314	3.73452380952381
315	3.88607142857143
316	3.91059523809524
317	4.0127380952381
318	3.90083333333333
319	3.9102380952381
320	4.01238095238095
321	3.9327380952381
322	4.00095238095238
323	4.01809523809524
324	3.98380952380952
325	4.01607142857143
326	3.89678571428572
327	4.00297619047619
328	3.97845238095238
329	3.9952380952381
330	3.8947619047619
331	3.85678571428572
332	3.97035714285714
333	3.98345238095238
334	3.87559523809524
335	3.84166666666667
336	3.78285714285714
337	3.84702380952381
338	3.88869047619048
339	3.82619047619048
340	3.78083333333333
341	3.67666666666667
342	3.67666666666667
343	3.61785714285714
344	3.68607142857143
345	3.66154761904762
346	3.66154761904762
347	3.59333333333333
348	3.50797619047619
349	3.51166666666667
350	3.52678571428571
351	3.41690476190476
352	3.345
353	3.35440476190476
354	3.51369047619048
355	3.58559523809524
356	3.80535714285714
357	3.94547619047619
358	3.90916666666667
359	3.88630952380952
360	3.89404761904762
361	3.90916666666667
362	4.01702380952381
363	3.97738095238095
364	4.00190476190476
365	4.06071428571429
366	4.10809523809524
367	4.14976190476191
368	4.09666666666667
369	4.05702380952381
370	4.095
371	4.10440476190476
372	4.32416666666667
373	4.36214285714286
374	4.36380952380952
375	4.41488095238095
376	4.38833333333333
377	4.40714285714286
378	4.41083333333333
379	4.43166666666667
380	4.33321428571429
381	4.33690476190476
382	4.27238095238095
383	4.35202380952381
384	4.39369047619048
385	4.47904761904762
386	4.43369047619048
387	4.42964285714286
388	4.59059523809524
389	4.6322619047619
390	4.64166666666667
391	4.64166666666667
392	4.54321428571429
393	4.61142857142857
394	4.51666666666667
395	4.63797619047619
396	4.60940476190476
397	4.75892857142857
398	4.80428571428572
399	4.76059523809524
400	4.85702380952381
401	4.77
402	4.79654761904762
403	4.67154761904762
404	4.60333333333333
405	4.6147619047619
406	4.52940476190476
407	4.51428571428571
408	4.44238095238095
409	4.4975
410	4.39166666666667
411	4.51297619047619
412	4.62083333333333
413	4.73845238095238
414	4.80095238095238
415	4.83321428571429
416	4.80666666666667
417	4.65714285714286
418	4.70857142857143
419	4.55333333333333
420	4.50428571428571
421	4.4152380952381
422	4.40583333333333
423	4.56142857142857
424	4.39678571428571
425	4.32690476190476
426	4.17738095238095
427	4.0372619047619
428	3.83261904761905
429	3.60142857142857
430	3.64547619047619
431	3.63976190476191
432	3.68345238095238
433	3.44452380952381
434	3.31011904761905
435	3.37464285714286
436	3.28190476190476
437	3.32928571428571
438	3.33702380952381
439	3.35416666666667
440	3.4052380952381
441	3.54166666666667
442	3.5077380952381
443	3.49261904761905
444	3.40928571428571
445	3.29166666666667
446	3.36357142857143
447	3.19488095238095
448	3.2802380952381
449	3.17607142857143
450	3.22142857142857
451	3.19690476190476
452	3.30678571428572
453	3.42607142857143
454	3.48083333333333
455	3.69857142857143
456	3.79702380952381
457	3.86892857142857
458	4.12464285714286
459	4.0772619047619
460	4.09035714285714
461	4.07321428571429
462	4.21702380952381
463	4.35916666666667
464	4.37630952380952
465	4.56380952380952
466	4.48619047619048
467	4.56011904761905
468	4.67940476190476
469	4.72511904761905
470	4.81214285714286
471	4.75535714285714
472	4.72511904761905
473	4.87095238095238
474	4.94857142857143
475	4.98821428571429
476	5.15690476190476
477	5.18511904761905
478	5.53892857142857
479	5.49154761904762
480	5.71666666666667
481	6.07452380952381
482	6.06309523809524
483	6.20892857142857
484	6.05738095238095
485	6.26369047619048
486	6.26571428571429
487	6.45690476190476
488	6.57988095238095
489	6.52309523809524
490	6.43404761904762
491	6.35071428571429
492	6.23309523809524
493	6.32214285714286
494	6.13833333333333
495	6.2952380952381
496	6.43904761904762
497	6.45416666666667
498	6.40678571428572
499	6.5052380952381
500	6.74380952380952
501	6.7475
502	6.78880952380952
503	6.78880952380952
504	6.66952380952381
505	6.82107142857143
506	6.70380952380952
507	6.77202380952381
508	6.67357142857143
509	6.53916666666667
510	6.45011904761905
511	6.34797619047619
512	6.28345238095238
513	6.10738095238095
514	5.80261904761905
515	5.86880952380952
516	5.74785714285714
517	5.42595238095238
518	5.3977380952381
519	5.41488095238095
520	5.55333333333333
521	5.41321428571429
522	5.37154761904762
523	5.14607142857143
524	4.96059523809524
525	4.96630952380952
526	4.93238095238095
527	4.94547619047619
528	4.96630952380952
529	4.75797619047619
530	4.66321428571429
531	4.44583333333333
532	4.37595238095238
533	4.37964285714286
534	4.44988095238095
535	4.44416666666667
536	4.28690476190476
537	4.12226190476191
538	4.24559523809524
539	4.19452380952381
540	4.20595238095238
541	4.19452380952381
542	4.25333333333333
543	4.27214285714286
544	4.34035714285714
545	4.23047619047619
546	4.20392857142857
547	4.1925
548	4.22845238095238
549	4.28154761904762
550	4.27214285714286
551	4.25904761904762
552	4.17369047619048
553	4.22309523809524
554	4.29130952380952
555	4.22678571428571
556	4.24357142857143
557	4.30440476190476
558	4.38369047619048
559	4.44619047619048
560	4.51976190476191
561	4.68238095238095
562	4.86011904761905
563	5.05904761904762
564	5.07785714285714
565	5.09297619047619
566	5.13464285714286
567	5.16857142857143
568	5.14369047619048
569	5.12488095238095
570	5.09261904761905
571	4.975
572	4.93904761904762
573	4.97869047619048
574	5.0677380952381
575	5.06
576	5.07511904761905
577	4.86476190476191
578	4.86642857142857
579	4.83047619047619
580	4.91380952380952
581	5.0727380952381
582	5.21654761904762
583	5.3052380952381
584	5.25416666666667
585	5.22559523809524
586	5.18928571428571
587	5.16440476190476
588	5.16440476190476
589	5.04880952380952
590	5.02964285714286
591	4.97285714285714
592	4.83845238095238
593	4.7702380952381
594	4.60761904761905
595	4.51488095238095
596	4.53202380952381
597	4.42619047619048
598	4.41678571428571
599	4.0777380952381
600	4.01928571428571
601	3.99845238095238
602	3.96821428571429
603	3.9322619047619
604	3.93428571428571
605	3.94738095238095
606	3.93595238095238
607	3.88690476190476
608	4.00214285714286
609	4.01928571428571
610	3.85059523809524
611	3.82607142857143
612	3.71619047619048
613	3.84321428571429
614	3.75988095238095
615	3.66511904761905
616	3.61202380952381
617	3.68964285714286
618	3.62142857142857
619	3.65369047619048
620	3.69166666666667
621	3.75821428571429
622	3.88726190476191
623	3.86273809523809
624	3.76392857142857
625	3.92654761904762
626	3.87952380952381
627	3.83416666666667
628	3.85464285714286
629	4.01928571428571
630	4.03607142857143
631	4.02833333333333
632	3.99238095238095
633	4.19869047619048
634	4.26857142857143
635	4.41642857142857
636	4.48261904761905
637	4.67583333333333
638	4.63988095238095
639	4.72119047619048
640	4.61333333333333
641	4.58107142857143
642	4.49404761904762
643	4.43726190476191
644	4.31261904761905
645	4.34857142857143
646	4.2975
647	4.32202380952381
648	4.38821428571429
649	4.50547619047619
650	4.54916666666667
651	4.84452380952381
652	4.97119047619048
653	5.03369047619048
654	5.03
655	5.0075
656	4.99404761904762
657	4.97488095238095
658	4.85928571428571
659	4.9275
660	5.11166666666667
661	5.04714285714286
662	5.13214285714286
663	5.02392857142857
664	5.06964285714286
665	4.9352380952381
666	5.07940476190476
667	5.3502380952381
668	5.26488095238095
669	5.2497619047619
670	5.3502380952381
671	5.41035714285714
672	5.54476190476191
673	5.59583333333333
674	5.74904761904762
675	5.90428571428571
676	6.14083333333333
677	6.36059523809524
678	6.46642857142857
679	6.75976190476191
680	7.04571428571429
681	7.08166666666667
682	7.3125
683	7.29369047619048
684	7.30345238095238
685	7.26011904761905
686	7.23357142857143
687	6.91369047619048
688	6.80214285714286
689	6.63916666666667
690	6.86833333333333
691	7.03130952380952
692	7.05583333333333
693	6.99130952380952
694	7.16166666666667
695	7.19595238095238
696	7.14083333333333
697	7.20369047619048
698	7.13380952380952
699	7.27059523809524
700	7.26690476190476
701	7.23297619047619
702	7.34285714285714
703	7.18761904761905
704	7.37142857142857
705	7.15369047619048
706	6.89797619047619
707	6.97797619047619
708	6.95142857142857
709	7.00821428571429
710	7.04619047619048
711	6.94404761904762
712	6.88357142857143
713	6.81738095238095
714	6.75892857142857
715	6.5375
716	6.32345238095238
717	6.34428571428571
718	6.23273809523809
719	6.31404761904762
720	6.48607142857143
721	6.60904761904762
722	6.80023809523809
723	6.84559523809524
724	6.85702380952381
725	6.84392857142857
726	6.63190476190476
727	6.49345238095238
728	6.395
729	6.53345238095238
730	6.59595238095238
731	6.68464285714286
732	6.88928571428572
733	6.99511904761905
734	7.10666666666667
735	7.20476190476191
736	7.13452380952381
737	7.17988095238095
738	6.89964285714286
739	6.91107142857143
740	6.63654761904762
741	6.75785714285714
742	6.7827380952381
743	6.70880952380952
744	6.70142857142857
745	6.47428571428571
746	6.54416666666667
747	6.67857142857143
748	6.58380952380952
749	6.4625
750	6.52869047619048
751	6.54380952380952
752	6.44535714285714
753	6.30154761904762
754	6.28238095238095
755	6.22559523809524
756	6.07238095238095
757	5.97392857142857
758	5.88488095238095
759	5.83547619047619
760	5.82773809523809
761	5.94333333333333
762	5.88452380952381
763	6.02666666666667
764	6.08916666666667
765	6.0152380952381
766	5.76357142857143
767	5.565
768	5.41178571428571
769	5.30964285714286
770	5.31535714285714
771	5.26226190476191
772	5.25083333333333
773	5.315
774	5.55190476190476
775	5.55357142857143
776	5.71452380952381
777	5.65369047619048
778	5.71416666666667
779	5.63452380952381
780	5.56059523809524
781	5.56059523809524
782	5.37345238095238
783	5.06297619047619
784	5.0025
785	4.91547619047619
786	4.75083333333333
787	4.63928571428571
788	4.62047619047619
789	4.68869047619048
790	4.60940476190476
791	4.54321428571429
792	4.37285714285714
793	4.24047619047619
794	4.18369047619048
795	4.19142857142857
796	4.12892857142857
797	3.94142857142857
798	3.8752380952381
799	3.64035714285714
800	3.5402380952381
801	3.44380952380952
802	3.44952380952381
803	3.46095238095238
804	3.3625
805	3.20154761904762
806	3.04630952380952
807	2.9727380952381
808	2.94452380952381
809	2.84035714285714
810	2.55809523809524
811	2.47678571428571
812	2.31380952380952
813	2.25904761904762
814	2.16428571428571
815	2.05071428571429
816	1.93714285714286
817	1.80071428571429
818	1.69857142857143
819	1.66261904761905
820	1.63607142857143
821	1.6397619047619
822	1.71166666666667
823	1.72107142857143
824	1.71166666666667
825	1.62428571428571
826	1.6622619047619
827	1.59404761904762
828	1.62428571428571
829	1.57321428571429
830	1.49761904761905
831	1.43880952380952
832	1.40119047619048
833	1.3575
834	1.34035714285714
835	1.31380952380952
836	1.26071428571429
837	1.17166666666667
838	1.10714285714286
839	1.01035714285714
840	0.978095238095238
841	0.928690476190476
842	0.833928571428572
843	0.801666666666667
844	0.6975
845	0.570833333333334
846	0.462619047619047
847	0.441785714285714
848	0.385
849	0.292261904761905
850	0.267738095238095
851	0.157857142857143
852	0.0782142857142856
853	0.0782142857142856
854	0.059047619047619
855	0.0496428571428571
856	0.0553571428571429
857	0.0214285714285716
858	-0.0998809523809523
859	-0.135833333333333
860	-0.185238095238095
861	-0.20202380952381
862	-0.294761904761905
863	-0.342142857142857
864	-0.419761904761905
865	-0.425476190476191
866	-0.476547619047619
867	-0.495357142857143
868	-0.516190476190476
869	-0.525595238095238
870	-0.559523809523809
871	-0.540357142857143
872	-0.508095238095238
873	-0.508095238095238
874	-0.5175
875	-0.488928571428572
876	-0.498333333333333
877	-0.505714285714286
878	-0.477142857142857
879	-0.501666666666667
880	-0.478809523809524
881	-0.488214285714286
882	-0.448214285714286
883	-0.461309523809524
884	-0.447857142857143
885	-0.447857142857143
886	-0.55202380952381
887	-0.479761904761905
888	-0.445476190476191
889	-0.375238095238095
890	-0.331547619047619
891	-0.327857142857143
892	-0.312738095238095
893	-0.286190476190476
894	-0.274761904761905
895	-0.28047619047619
896	-0.261309523809524
897	-0.261309523809524
898	-0.278452380952381
899	-0.284166666666667
900	-0.257619047619048
901	-0.2425
902	-0.215952380952381
903	-0.159166666666667
904	-0.159166666666667
905	-0.136309523809524
906	-0.132619047619048
907	-0.191428571428571
908	-0.172619047619048
909	-0.130952380952381
910	-0.136666666666667
911	-0.0210714285714285
912	-0.0361904761904762
913	-0.0439285714285715
914	0.00345238095238087
915	0.0508333333333334
916	0.0545238095238095
917	0.0259523809523809
918	0.0676190476190476
919	0.150952380952381
920	0.245714285714286
921	0.289404761904762
922	0.312261904761905
923	0.336785714285714
924	0.336785714285714
925	0.298809523809524
926	0.287380952380952
927	0.226547619047619
928	0.23797619047619
929	0.279642857142857
930	0.323333333333333
931	0.380119047619048
932	0.357261904761905
933	0.322976190476191
934	0.328690476190476
935	0.45
936	0.483928571428571
937	0.59952380952381
938	0.578690476190476
939	0.563571428571429
940	0.605238095238095
941	0.603214285714286
942	0.605238095238095
943	0.667738095238095
944	0.626071428571429
945	0.650595238095238
946	0.713095238095238
947	0.635119047619047
948	0.674761904761905
949	0.739285714285714
950	0.847142857142857
951	0.818571428571429
952	0.837380952380952
953	0.869642857142857
954	0.816547619047619
955	0.782261904761905
956	0.696904761904762
957	0.668333333333333
958	0.692857142857143
959	0.613214285714286
960	0.580952380952381
961	0.613214285714286
962	0.603809523809524
963	0.643809523809524
964	0.613571428571428
965	0.577619047619048
966	0.571904761904762
967	0.49797619047619
968	0.520833333333333
969	0.543690476190476
970	0.579642857142857
971	0.530238095238095
972	0.479166666666667
973	0.431785714285714
974	0.441190476190476
975	0.509404761904762
976	0.494285714285714
977	0.494285714285714
978	0.515119047619047
979	0.43547619047619
980	0.46
981	0.452619047619047
982	0.454642857142857
983	0.417023809523809
984	0.377380952380952
985	0.345119047619047
986	0.191904761904762
987	0.186190476190476
988	0.15797619047619
989	0.180833333333333
990	0.182857142857143
991	0.114642857142857
992	0.179166666666667
993	0.211428571428571
994	0.181190476190476
995	0.285357142857143
996	0.311904761904762
997	0.296785714285714
998	0.253095238095238
999	0.247380952380952
1000	0.215119047619048
1001	0.235952380952381
1002	0.182857142857143
1003	0.188571428571429
1004	0.209404761904762
1005	0.209404761904762
1006	0.211428571428571
1007	0.166071428571428
1008	0.162380952380952
1009	0.079047619047619
1010	0.168095238095238
1011	0.0504761904761905
1012	0.0353571428571429
1013	0.0807142857142857
1014	0.084047619047619
1015	0.122023809523809
1016	0.156309523809524
1017	0.165714285714286
1018	0.101190476190476
1019	0.106904761904762
1020	0.22047619047619
1021	0.193928571428572
1022	0.203333333333333
1023	0.195952380952381
1024	0.275595238095238
1025	0.264166666666667
1026	0.252738095238095
1027	0.290714285714286
1028	0.205357142857143
1029	0.22047619047619
1030	0.24702380952381
1031	0.154285714285714
1032	0.163690476190476
1033	0.18452380952381
1034	0.226190476190476
1035	0.24702380952381
1036	0.279285714285714
1037	0.277261904761905
1038	0.271547619047619
1039	0.301785714285714
1040	0.246666666666667
1041	0.256071428571429
1042	0.22952380952381
1043	0.244642857142857
1044	0.2275
1045	0.216071428571429
1046	0.115595238095238
1047	0.125
1048	0.14952380952381
1049	0.0870238095238096
1050	0.111904761904762
1051	0.0645238095238095
1052	0.0379761904761904
1053	-0.0530952380952382
1054	-0.0322619047619049
1055	-0.00773809523809521
1056	-0.0379761904761905
1057	-0.0359523809523811
1058	-0.0567857142857144
1059	-0.0796428571428571
1060	-0.165
1061	-0.180119047619048
1062	-0.151547619047619
1063	-0.155238095238095
1064	-0.107857142857143
1065	-0.138095238095238
1066	-0.158928571428571
1067	-0.153214285714286
1068	-0.172023809523809
1069	-0.21
1070	-0.245952380952381
1071	-0.219404761904762
1072	-0.245952380952381
1073	-0.319880952380952
1074	-0.297023809523809
1075	-0.321547619047619
1076	-0.298690476190476
1077	-0.287261904761905
1078	-0.249285714285714
1079	-0.283571428571428
1080	-0.239880952380952
1081	-0.217023809523809
1082	-0.199880952380952
1083	-0.201547619047619
1084	-0.205238095238095
1085	-0.224047619047619
1086	-0.273095238095238
1087	-0.255952380952381
1088	-0.259642857142857
1089	-0.208214285714286
1090	-0.217619047619048
1091	-0.236428571428571
1092	-0.304642857142857
1093	-0.2875
1094	-0.249523809523809
1095	-0.226666666666667
1096	-0.209523809523809
1097	-0.198095238095238
1098	-0.220952380952381
1099	-0.264642857142857
1100	-0.283452380952381
1101	-0.298571428571429
1102	-0.304285714285714
1103	-0.292857142857143
1104	-0.287142857142857
1105	-0.275714285714286
1106	-0.258571428571429
1107	-0.283095238095238
1108	-0.250833333333333
1109	-0.222261904761905
1110	-0.163452380952381
1111	-0.15202380952381
1112	-0.161428571428571
1113	-0.170833333333333
1114	-0.208809523809524
1135	-0.264285714285714
1136	-0.264285714285714
1137	-0.252857142857143
1138	-0.249166666666667
1139	-0.254880952380952
1140	-0.277738095238095
1141	-0.283452380952381
1142	-0.306309523809524
1143	-0.334880952380952
1144	-0.367142857142857
1145	-0.361428571428571
1146	-0.431666666666667
1147	-0.42797619047619
1148	-0.42797619047619
1149	-0.439404761904762
1150	-0.439404761904762
1151	-0.42797619047619
1152	-0.412857142857143
1153	-0.424285714285714
1154	-0.376904761904762
1155	-0.34297619047619
1156	-0.365833333333333
1157	-0.362142857142857
1158	-0.314761904761905
1159	-0.309047619047619
1160	-0.271071428571428
1161	-0.28047619047619
1162	-0.259642857142857
1163	-0.240833333333333
1164	-0.263690476190476
1165	-0.184047619047619
1166	-0.168928571428572
1167	-0.151785714285714
1168	-0.140357142857143
1169	-0.125238095238095
1170	-0.108095238095238
1171	-0.197142857142857
1172	-0.237142857142857
1173	-0.155833333333333
1174	-0.182380952380952
1175	-0.140714285714286
1176	-0.104761904761905
1177	-0.085952380952381
1178	-0.0765476190476191
1179	-0.0328571428571429
1180	0.0827380952380951
1181	0.0958333333333333
1182	0.11297619047619
1183	0.118690476190476
1184	0.118690476190476
1185	0.107261904761905
1186	0.116666666666667
1187	0.110952380952381
1188	0.0958333333333333
1189	0.143214285714286
1190	0.0901190476190477
1191	0.0447619047619048
1192	0.0484523809523809
1193	0.0276190476190477
1194	-0.0197619047619046
1195	-0.00464285714285717
1196	-0.0275
1197	-0.0332142857142858
1198	-0.0520238095238096
1199	-0.0708333333333334
1200	-0.059404761904762
1201	-0.133333333333333
1202	-0.125595238095238
1203	-0.142738095238095
1204	-0.133333333333333
1205	-0.180714285714286
1206	-0.163571428571428
1207	-0.146428571428571
1208	-0.112142857142857
1209	-0.222023809523809
1210	-0.165238095238095
1211	-0.218333333333333
1212	-0.256309523809524
1213	-0.275119047619048
1214	-0.267380952380952
1215	-0.293928571428571
1216	-0.409523809523809
1217	-0.422619047619048
1218	-0.411190476190476
1219	-0.437738095238095
1220	-0.449166666666667
1221	-0.426309523809524
1222	-0.447142857142857
1223	-0.43
1224	-0.411190476190476
1225	-0.426309523809524
1226	-0.420595238095238
1227	-0.426309523809524
1228	-0.403452380952381
1229	-0.376904761904762
1230	-0.371190476190476
1231	-0.350357142857143
1232	-0.371190476190476
1233	-0.382619047619048
1234	-0.363809523809524
1235	-0.354404761904762
1236	-0.365833333333333
1237	-0.345
1238	-0.347023809523809
1239	-0.335595238095238
1240	-0.352738095238095
1241	-0.347023809523809
1242	-0.331904761904762
1243	-0.375595238095238
1244	-0.36047619047619
1245	-0.3225
1246	-0.335595238095238
1247	-0.303333333333333
1248	-0.289880952380952
1249	-0.263333333333333
1250	-0.221666666666667
1251	-0.221666666666667
1252	-0.200833333333333
1253	-0.206547619047619
1254	-0.202857142857143
1255	-0.191428571428571
1256	-0.159166666666667
1257	-0.176309523809524
1258	-0.149761904761905
1259	-0.151785714285714
1260	-0.187738095238095
1261	-0.204880952380952
1262	-0.199166666666667
1263	-0.172619047619048
1264	-0.166904761904762
1265	-0.125238095238095
1266	-0.142380952380952
1267	-0.195476190476191
1268	-0.174642857142857
1269	-0.180357142857143
1270	-0.201190476190476
1271	-0.239166666666667
1272	-0.22
1273	-0.242857142857143
1274	-0.292261904761905
1275	-0.309404761904762
1276	-0.307380952380952
1277	-0.318809523809524
1278	-0.351071428571429
1279	-0.3225
1280	-0.307380952380952
1281	-0.339642857142857
1282	-0.377619047619048
1283	-0.415595238095238
1284	-0.415595238095238
1285	-0.430714285714286
1286	-0.445833333333333
1287	-0.434404761904762
1288	-0.445833333333333
1289	-0.430714285714286
1290	-0.451547619047619
1291	-0.451547619047619
1292	-0.466666666666667
1293	-0.44952380952381
1294	-0.4475
1295	-0.468333333333333
1296	-0.451190476190476
1297	-0.460595238095238
1298	-0.454880952380952
1299	-0.498571428571429
1300	-0.507976190476191
1367	-0.742261904761905
1368	-0.730833333333333
1369	-0.702261904761905
1370	-0.650833333333333
1371	-0.595714285714286
1372	-0.542619047619048
1373	-0.546309523809524
1374	-0.578571428571429
1375	-0.52547619047619
1376	-0.554047619047619
1377	-0.56547619047619
1378	-0.554047619047619
1379	-0.571190476190476
1380	-0.571190476190476
1381	-0.559761904761905
1382	-0.59202380952381
1383	-0.575238095238095
1384	-0.626666666666667
1385	-0.609523809523809
1386	-0.603809523809524
1387	-0.626666666666667
1388	-0.672380952380952
1389	-0.68952380952381
1390	-0.651547619047619
1391	-0.685833333333333
1392	-0.695238095238095
1393	-0.718095238095238
1394	-0.721785714285714
1395	-0.666666666666667
1396	-0.706666666666667
1397	-0.706666666666667
1398	-0.712380952380952
1399	-0.712380952380952
1400	-0.718095238095238
1401	-0.693214285714286
1402	-0.72547619047619
1403	-0.784285714285714
1404	-0.763452380952381
1405	-0.80547619047619
1406	-0.830357142857143
1407	-0.885476190476191
1408	-0.967142857142857
1409	-0.963452380952381
1410	-0.974880952380953
1411	-1.04511904761905
1412	-1.04511904761905
1413	-1.04511904761905
1414	-1.03940476190476
1415	-1.06595238095238
1416	-1.06595238095238
1417	-1.08309523809524
1418	-1.07166666666667
1457	-0.974523809523809
1458	-0.985952380952381
1459	-0.974523809523809
1460	-0.951666666666667
1461	-0.968809523809524
1462	-0.987976190476191
1463	-1.02595238095238
1464	-1.0222619047619
1465	-1.01285714285714
1466	-0.99202380952381
1467	-0.963452380952381
1468	-0.929166666666667
1469	-0.889166666666667
1470	-0.860595238095238
1471	-0.853214285714286
1472	-0.824642857142857
1473	-0.84547619047619
1474	-0.851190476190476
1475	-0.858928571428571
1476	-0.858928571428571
1477	-0.870357142857143
1478	-0.826666666666667
1479	-0.777261904761905
1480	-0.760119047619048
1481	-0.765833333333333
1482	-0.731547619047619
1483	-0.725833333333333
1484	-0.74297619047619
1485	-0.729880952380952
1486	-0.747023809523809
1487	-0.729880952380952
1488	-0.741309523809524
1489	-0.741309523809524
1490	-0.745
1491	-0.816904761904762
1492	-0.849166666666667
1493	-0.820595238095238
1494	-0.811190476190476
1495	-0.828333333333333
1496	-0.754404761904762
1497	-0.731547619047619
1498	-0.670714285714286
1499	-0.687857142857143
1500	-0.697261904761905
1501	-0.700952380952381
1502	-0.683809523809524
1503	-0.695238095238095
1504	-0.695238095238095
1505	-0.68952380952381
1506	-0.735238095238095
1507	-0.754047619047619
1508	-0.756071428571429
1509	-0.72952380952381
1510	-0.678452380952381
1511	-0.64047619047619
1512	-0.629047619047619
1513	-0.651904761904762
1514	-0.661309523809524
1515	-0.684166666666667
1516	-0.653928571428572
1517	-0.653928571428572
1518	-0.6425
1519	-0.638809523809524
1520	-0.60452380952381
1521	-0.611904761904762
1522	-0.594761904761905
1523	-0.594761904761905
1524	-0.577619047619048
1525	-0.579642857142857
1526	-0.573928571428572
1527	-0.551071428571428
1528	-0.539642857142857
1529	-0.560476190476191
1530	-0.531904761904762
1531	-0.476785714285714
1532	-0.545
1533	-0.573571428571429
1534	-0.620952380952381
1535	-0.603809523809524
1536	-0.565833333333333
1537	-0.567857142857143
1538	-0.581309523809524
1539	-0.549047619047619
1540	-0.545357142857143
1541	-0.533928571428571
1542	-0.528214285714286
1543	-0.535952380952381
1544	-0.518809523809524
1545	-0.501666666666667
1546	-0.529880952380952
1547	-0.577261904761905
1548	-0.588690476190476
1549	-0.533571428571429
1550	-0.550714285714286
1551	-0.527857142857143
1552	-0.558095238095238
1553	-0.558095238095238
1554	-0.546666666666667
1555	-0.512380952380952
1556	-0.518095238095238
1557	-0.485833333333333
1558	-0.459285714285714
1559	-0.417619047619048
1560	-0.406190476190476
1561	-0.421309523809524
1562	-0.42702380952381
1563	-0.438452380952381
1564	-0.423333333333333
1565	-0.408214285714286
1566	-0.446190476190476
1567	-0.419642857142857
1568	-0.421666666666667
1569	-0.383690476190476
1570	-0.345714285714286
1571	-0.336309523809524
1572	-0.347738095238095
1573	-0.408571428571429
1574	-0.415952380952381
1575	-0.4425
1576	-0.446190476190476
1577	-0.457619047619048
1578	-0.413928571428571
1579	-0.411904761904762
1580	-0.444166666666667
1581	-0.455595238095238
1582	-0.495595238095238
1583	-0.472738095238095
1584	-0.385357142857143
1585	-0.406190476190476
1586	-0.40047619047619
1587	-0.438452380952381
1588	-0.417619047619048
1589	-0.375952380952381
1590	-0.345714285714286
1591	-0.383690476190476
1592	-0.362857142857143
1593	-0.355476190476191
1594	-0.378333333333333
1595	-0.378333333333333
1596	-0.338690476190476
1597	-0.314166666666667
1598	-0.174047619047619
1599	-0.166666666666667
1600	-0.125
1601	-0.132738095238095
1602	-0.0645238095238095
1603	-0.0342857142857143
1604	-0.0114285714285716
1605	-0.00571428571428578
1606	-0.0171428571428571
1607	0.0265476190476188
1608	0.0473809523809523
1609	0.144166666666667
1610	0.165
1611	0.276904761904762
1612	0.254047619047619
1613	0.310833333333333
1614	0.377023809523809
1615	0.397857142857143
1616	0.412976190476191
1617	0.454642857142857
1618	0.460357142857143
1619	0.511428571428571
1620	0.49797619047619
1621	0.482857142857143
1622	0.49797619047619
1623	0.507380952380952
1624	0.495952380952381
1625	0.518809523809524
1626	0.477142857142857
1627	0.471428571428572
1628	0.433452380952381
1629	0.405238095238095
1630	0.401547619047619
1631	0.392142857142857
1632	0.341071428571429
1633	0.32797619047619
1634	0.250357142857143
1635	0.284642857142857
1636	0.269523809523809
1637	0.267857142857143
1638	0.229880952380952
1639	0.178809523809524
1640	0.22047619047619
1641	0.282976190476191
1642	0.292380952380952
1643	0.339761904761905
1644	0.351190476190476
1645	0.300119047619048
1646	0.296428571428571
1647	0.203333333333333
1648	0.256428571428571
1649	0.226190476190476
1650	0.133452380952381
1651	0.127738095238095
1652	0.218809523809524
1653	0.209404761904762
1654	0.294761904761905
1655	0.232261904761905
1656	0.213452380952381
1657	0.207738095238095
1658	0.219166666666667
1659	0.251428571428571
1660	0.236309523809524
1661	0.198333333333333
1662	0.209761904761905
1663	0.257142857142857
1664	0.348214285714286
1665	0.351904761904762
1666	0.376428571428571
1667	0.355595238095238
1668	0.450357142857143
1669	0.450357142857143
1670	0.420119047619048
1671	0.393571428571428
1672	0.387857142857143
1673	0.393571428571428
1674	0.412738095238095
1675	0.412738095238095
1676	0.3825
1677	0.352261904761905
1678	0.363690476190476
1679	0.287738095238095
1680	0.291428571428571
1681	0.323690476190476
1682	0.350238095238095
1683	0.390238095238095
1684	0.375119047619048
1685	0.348571428571429
1686	0.392261904761905
1687	0.407380952380953
1688	0.339166666666667
1689	0.308928571428571
1690	0.231309523809524
1691	0.27297619047619
1692	0.27297619047619
1693	0.27297619047619
1694	0.252142857142857
1695	0.227619047619048
1696	0.233333333333333
1697	0.223928571428571
1698	0.229642857142857
1699	0.193690476190476
1700	0.140595238095238
1701	0.119761904761905
1702	0.0838095238095239
1703	0.0952380952380953
1704	-0.00523809523809526
1705	-0.00523809523809526
1706	-0.0260714285714286
1707	-0.0411904761904762
1708	-0.0771428571428572
1709	-0.0297619047619048
1710	-0.0448809523809524
1711	-0.0771428571428572
1712	-0.086547619047619
1713	-0.124523809523809
1714	-0.154761904761905
1715	-0.211547619047619
1716	-0.241785714285714
1717	-0.256904761904762
1718	-0.283452380952381
1719	-0.319404761904762
1720	-0.313690476190476
1721	-0.30797619047619
1722	-0.30797619047619
1723	-0.351666666666667
1725	-0.376547619047619
1726	-0.393690476190476
1729	-0.41452380952381
1730	-0.408809523809524
1731	-0.393690476190476
1732	-0.382261904761905
1733	-0.376547619047619
1734	-0.393690476190476
1735	-0.393690476190476
1736	-0.41452380952381
1737	-0.403095238095238
1738	-0.41452380952381
1739	-0.437380952380952
1740	-0.437380952380952
1741	-0.448809523809524
1742	-0.431666666666667
1743	-0.445119047619048
1744	-0.450833333333333
1746	-0.505952380952381
1747	-0.49452380952381
1748	-0.500238095238095
1749	-0.49452380952381
1750	-0.505952380952381
1751	-0.483095238095238
1778	-0.311666666666667
1779	-0.262261904761905
1780	-0.245119047619048
1781	-0.22797619047619
1782	-0.233690476190476
1783	-0.212857142857143
1784	-0.218571428571429
1785	-0.171190476190476
1786	-0.118095238095238
1787	-0.118095238095238
1788	-0.118095238095238
1789	-0.112380952380952
1790	-0.108690476190476
1791	-0.108690476190476
1792	-0.0613095238095238
1793	-0.0404761904761905
1794	-0.00619047619047619
1795	-0.00619047619047619
1796	-0.038452380952381
1797	-0.038452380952381
1798	-0.0576190476190476
1799	-0.0216666666666666
1800	0.0388095238095237
1801	0.0690476190476191
1802	0.0461904761904762
1803	0.038452380952381
1804	0.0421428571428573
1805	0.0192857142857145
1806	-0.0207142857142856
1807	-0.0966666666666667
1808	-0.113809523809524
1809	-0.0835714285714284
1810	-0.0476190476190476
1811	-0.059047619047619
1812	-0.076190476190476
1813	-0.0610714285714286
1814	-0.0933333333333333
1815	-0.13702380952381
1816	-0.133333333333333
1817	-0.108809523809524
1818	-0.0973809523809523
1819	-0.146785714285714
1820	-0.163928571428571
1821	-0.222738095238095
1822	-0.207619047619048
1823	-0.1925
1824	-0.203928571428571
1825	-0.205952380952381
1826	-0.190833333333333
1827	-0.17
1828	-0.181428571428571
1829	-0.192857142857143
1830	-0.177738095238095
1831	-0.192857142857143
1832	-0.14547619047619
1833	-0.14547619047619
1834	-0.118928571428571
1835	-0.0715476190476192
1836	-0.0960714285714286
1837	-0.128333333333333
1838	-0.128333333333333
1839	-0.14547619047619
1840	-0.122619047619048
1841	-0.116904761904762
1842	-0.094047619047619
1843	-0.0826190476190476
1844	-0.0560714285714287
1845	-0.0826190476190476
1846	-0.118571428571429
1847	-0.139404761904762
1848	-0.110833333333333
1849	-0.125952380952381
1850	-0.131666666666667
1851	-0.120238095238095
1852	-0.123928571428571
1853	-0.179047619047619
1854	-0.199880952380952
1855	-0.179047619047619
1856	-0.141071428571429
1857	-0.120238095238095
1858	-0.196190476190476
1859	-0.207619047619048
1860	-0.183095238095238
1861	-0.183095238095238
1862	-0.194523809523809
1863	-0.217380952380952
1864	-0.243928571428571
1865	-0.204285714285714
1866	-0.172023809523809
1867	-0.14547619047619
1868	-0.227142857142857
1869	-0.267142857142857
1870	-0.282261904761905
1871	-0.367619047619048
1872	-0.409285714285714
1873	-0.407261904761905
1874	-0.363571428571428
1875	-0.357857142857143
1876	-0.359880952380952
1877	-0.344761904761905
1878	-0.361904761904762
1879	-0.367619047619048
1880	-0.396190476190476
1881	-0.441904761904762
1882	-0.468452380952381
1883	-0.474166666666667
1884	-0.502738095238095
1885	-0.4725
1886	-0.474523809523809
1887	-0.478214285714286
1888	-0.415714285714286
1889	-0.430833333333333
1890	-0.415714285714286
1891	-0.432857142857143
1892	-0.455714285714286
1893	-0.476547619047619
1894	-0.468809523809524
1895	-0.485952380952381
1896	-0.521904761904762
1897	-0.521904761904762
1898	-0.542738095238095
1899	-0.537023809523809
1900	-0.575
1901	-0.6375
1902	-0.692619047619048
1903	-0.719166666666667
1904	-0.664047619047619
1905	-0.646904761904762
1906	-0.656309523809524
1907	-0.665714285714286
1908	-0.635476190476191
1909	-0.620357142857143
1910	-0.646904761904762
1911	-0.635476190476191
1912	-0.665714285714286
1913	-0.680833333333333
1914	-0.709404761904762
1915	-0.715119047619048
1916	-0.669761904761905
1917	-0.650595238095238
1918	-0.639166666666667
1919	-0.608928571428571
1920	-0.582380952380952
1921	-0.618333333333333
1922	-0.576666666666667
1923	-0.552142857142857
1924	-0.616666666666667
1925	-0.572976190476191
1926	-0.567261904761905
1927	-0.565238095238095
1928	-0.548095238095238
1929	-0.553809523809524
1930	-0.553809523809524
1931	-0.568928571428571
1932	-0.5575
1933	-0.555476190476191
1934	-0.553452380952381
1935	-0.58
1936	-0.568571428571429
1937	-0.589404761904762
1938	-0.589404761904762
1939	-0.61797619047619
1940	-0.635119047619048
1941	-0.635119047619048
1942	-0.62
1943	-0.631428571428571
1944	-0.673095238095238
1945	-0.693928571428571
1946	-0.695952380952381
1947	-0.695952380952381
1948	-0.697976190476191
1949	-0.677142857142857
1950	-0.65797619047619
1951	-0.640833333333333
1952	-0.672738095238095
1953	-0.672738095238095
1954	-0.678452380952381
1955	-0.687857142857143
1956	-0.649880952380952
1957	-0.634761904761905
1958	-0.668690476190476
1959	-0.710357142857143
1960	-0.719761904761905
1961	-0.723452380952381
1962	-0.778571428571428
1963	-0.761428571428572
1964	-0.799404761904762
1965	-0.799404761904762
1966	-0.784285714285714
1967	-0.763452380952381
1968	-0.769166666666667
1969	-0.786309523809524
1970	-0.826309523809524
1971	-0.820595238095238
1972	-0.843452380952381
1973	-0.814880952380952
1974	-0.852857142857143
1975	-0.841428571428572
1976	-0.845119047619048
1977	-0.824285714285714
1978	-0.902261904761905
1979	-0.890833333333333
1980	-0.896547619047619
1981	-0.942261904761905
1982	-0.923095238095238
2523	-0.860238095238095
2524	-0.871666666666667
2525	-0.877380952380952
2526	-0.877380952380952
2527	-0.877380952380952
2528	-0.871666666666667
2529	-0.871666666666667
2530	-0.883095238095238
3603	-0.705952380952381
3604	-0.702261904761905
3605	-0.677738095238095
3606	-0.706309523809524
3607	-0.679761904761905
3608	-0.674047619047619
3609	-0.660952380952381
3610	-0.693214285714286
3611	-0.7275
3612	-0.733214285714286
3613	-0.733214285714286
3614	-0.716071428571428
3615	-0.678095238095238
3616	-0.645833333333333
3617	-0.617261904761905
3618	-0.582976190476191
3619	-0.573571428571429
3620	-0.602142857142857
3621	-0.607857142857143
3622	-0.602142857142857
3623	-0.581309523809524
3624	-0.566190476190476
3625	-0.594761904761905
3626	-0.553095238095238
3627	-0.522857142857143
3628	-0.448928571428572
3629	-0.392142857142857
3630	-0.382738095238095
3631	-0.409285714285714
3632	-0.397857142857143
3633	-0.420714285714286
3634	-0.380714285714286
3635	-0.357857142857143
3636	-0.369285714285714
3637	-0.375
3638	-0.33702380952381
3639	-0.363571428571428
3640	-0.348452380952381
3641	-0.390119047619048
3642	-0.355833333333333
3643	-0.410952380952381
3644	-0.428095238095238
3645	-0.452619047619048
3646	-0.481190476190476
3647	-0.446904761904762
3648	-0.435476190476191
3649	-0.452619047619048
3650	-0.441190476190476
3651	-0.46202380952381
3652	-0.477142857142857
3653	-0.488571428571429
3654	-0.505714285714286
3655	-0.547380952380952
3656	-0.553095238095238
3657	-0.573928571428572
3658	-0.579642857142857
3659	-0.606190476190476
3660	-0.615595238095238
3661	-0.607857142857143
3662	-0.693214285714286
3663	-0.746309523809524
3664	-0.81452380952381
3674	-0.843095238095238
3675	-0.774880952380953
3676	-0.769166666666667
3677	-0.746309523809524
3678	-0.719761904761905
3679	-0.643809523809524
3680	-0.585
3681	-0.590714285714286
3682	-0.554761904761905
3683	-0.560476190476191
3684	-0.539642857142857
3685	-0.511071428571429
3686	-0.516785714285714
3687	-0.505357142857143
3688	-0.501666666666667
3689	-0.475119047619048
3690	-0.469404761904762
3691	-0.469404761904762
3692	-0.469404761904762
3693	-0.463690476190476
3694	-0.45797619047619
3695	-0.440833333333333
3696	-0.469404761904762
3697	-0.475119047619048
3698	-0.469404761904762
3699	-0.480833333333333
3700	-0.46
3701	-0.488571428571429
3702	-0.488571428571429
3703	-0.488571428571429
3704	-0.503690476190476
3705	-0.486547619047619
3706	-0.475119047619048
3707	-0.480833333333333
3708	-0.486547619047619
3709	-0.499642857142857
3710	-0.463333333333333
3711	-0.508690476190476
3712	-0.5675
3713	-0.584642857142857
3714	-0.628333333333333
3715	-0.687142857142857
3716	-0.702261904761905
3717	-0.685119047619048
3718	-0.677380952380952
3719	-0.671666666666667
3720	-0.688809523809524
3721	-0.694523809523809
3722	-0.696547619047619
3723	-0.747976190476191
3724	-0.728809523809524
3879	-0.487142857142857
3880	-0.489166666666667
3881	-0.491190476190476
3882	-0.479761904761905
3883	-0.468333333333333
3884	-0.458928571428572
3885	-0.436071428571428
3886	-0.436071428571428
3887	-0.432380952380952
3888	-0.426666666666667
3889	-0.417261904761905
3890	-0.442142857142857
3891	-0.432738095238095
3892	-0.381666666666667
3893	-0.319166666666667
3894	-0.2775
3895	-0.271785714285714
3896	-0.262380952380952
3897	-0.224404761904762
3898	-0.241547619047619
3899	-0.264404761904762
3900	-0.258690476190476
3901	-0.222738095238095
3902	-0.228452380952381
3903	-0.224761904761905
3904	-0.198214285714286
3905	-0.238214285714286
3906	-0.223095238095238
3907	-0.255357142857143
3908	-0.234523809523809
3909	-0.230833333333333
3910	-0.215714285714286
3911	-0.21
3912	-0.236547619047619
3913	-0.21
3914	-0.263095238095238
3915	-0.321904761904762
3916	-0.31047619047619
3917	-0.319880952380952
3918	-0.325595238095238
3919	-0.31047619047619
3920	-0.346428571428571
3921	-0.348452380952381
3922	-0.344761904761905
3923	-0.394166666666667
3924	-0.399880952380952
3925	-0.399880952380952
3926	-0.365595238095238
3927	-0.403571428571428
3928	-0.422380952380952
3929	-0.490595238095238
3930	-0.528571428571428
3931	-0.543690476190476
3932	-0.560833333333333
3933	-0.589404761904762
3934	-0.58
3935	-0.557142857142857
3936	-0.591428571428572
3937	-0.606547619047619
3938	-0.589404761904762
3939	-0.598809523809524
3940	-0.570238095238095
3941	-0.520833333333333
3942	-0.553095238095238
3943	-0.535952380952381
3944	-0.547380952380952
3945	-0.579642857142857
3946	-0.623333333333333
3947	-0.651904761904762
3948	-0.672738095238095
3949	-0.705
3950	-0.689880952380952
3951	-0.684166666666667
3952	-0.659642857142857
3953	-0.640833333333333
3954	-0.642857142857143
3955	-0.671428571428571
3956	-0.673452380952381
3957	-0.677142857142857
3958	-0.709404761904762
3959	-0.703690476190476
3960	-0.662023809523809
3961	-0.665714285714286
3962	-0.629761904761905
3963	-0.614642857142857
3964	-0.652619047619048
3965	-0.626071428571429
3966	-0.658333333333333
3967	-0.679166666666667
3968	-0.650595238095238
3969	-0.686547619047619
3970	-0.695952380952381
3971	-0.713095238095238
3972	-0.684523809523809
3973	-0.693928571428571
3974	-0.716785714285714
3975	-0.733928571428571
3976	-0.760476190476191
3977	-0.766190476190476
3978	-0.771904761904762
3979	-0.806190476190476
3980	-0.800476190476191
3981	-0.7625
3982	-0.7625
3983	-0.745357142857143
3984	-0.7625
3985	-0.749404761904762
3986	-0.722857142857143
3987	-0.732261904761905
3988	-0.779642857142857
3989	-0.798452380952381
3990	-0.751071428571429
3991	-0.716785714285714
3992	-0.743333333333333
3993	-0.726547619047619
3994	-0.703690476190476
3995	-0.654285714285714
3996	-0.690238095238095
3997	-0.692261904761905
3998	-0.743333333333333
3999	-0.747023809523809
4000	-0.713095238095238
4001	-0.680833333333333
4002	-0.66
4003	-0.639166666666667
4004	-0.682857142857143
4005	-0.667738095238095
4006	-0.555833333333333
4007	-0.529285714285714
4008	-0.506428571428571
4009	-0.523571428571428
4010	-0.517857142857143
4011	-0.523571428571428
4012	-0.529285714285714
4013	-0.523571428571428
4014	-0.506428571428571
4015	-0.477857142857143
4016	-0.521547619047619
4017	-0.540714285714286
4018	-0.514166666666667
4019	-0.502738095238095
4020	-0.461071428571429
4021	-0.447619047619048
4022	-0.500714285714286
4023	-0.460714285714286
4024	-0.447261904761905
4025	-0.464404761904762
4026	-0.526904761904762
4027	-0.54202380952381
4028	-0.519166666666667
4029	-0.535952380952381
4030	-0.558809523809524
4031	-0.579642857142857
4032	-0.591071428571428
4033	-0.568214285714286
4034	-0.579642857142857
4035	-0.5625
4036	-0.556428571428571
4037	-0.598095238095238
4038	-0.596071428571429
4039	-0.605476190476191
4040	-0.588333333333333
4041	-0.582619047619048
4042	-0.665952380952381
4044	-0.688809523809524
4045	-0.688809523809524
4046	-0.696547619047619
4047	-0.690833333333333
4048	-0.681428571428571
4049	-0.692857142857143
4050	-0.704285714285714
4051	-0.715714285714286
4052	-0.721428571428571
4053	-0.713690476190476
4054	-0.685119047619048
4055	-0.696547619047619
4063	-0.700238095238095
4064	-0.679404761904762
4065	-0.67
4066	-0.641428571428571
4067	-0.698571428571429
4068	-0.704285714285714
4069	-0.736547619047619
4070	-0.730833333333333
4071	-0.759404761904762
4072	-0.765119047619048
4073	-0.776547619047619
4074	-0.78797619047619
4075	-0.793690476190476
4076	-0.799404761904762
4077	-0.820238095238095
4078	-0.843095238095238
4079	-0.837380952380952
5365	-1.92142857142857
5366	-1.87202380952381
5367	-1.85488095238095
5368	-1.86059523809524
5369	-1.87202380952381
5370	-1.81690476190476
5371	-1.86630952380952
5372	-1.86059523809524
5373	-1.84916666666667
5374	-1.87202380952381
5375	-1.91571428571429
5376	-1.92714285714286
5377	-1.96142857142857
5378	-1.95
5379	-1.9177380952381
5380	-1.9977380952381
5381	-2.04916666666667
5382	-2.06059523809524
5383	-2.12345238095238
5384	-2.09321428571429
5385	-2.13321428571429
5386	-2.14666666666667
5387	-2.20952380952381
5388	-2.2152380952381
5389	-2.18464285714286
5390	-2.19035714285714
5391	-2.22464285714286
5392	-2.2475
5393	-2.31404761904762
5394	-2.30630952380952
5395	-2.31
5396	-2.33285714285714
5397	-2.36142857142857
5398	-2.37857142857143
5399	-2.36511904761905
5400	-2.29654761904762
5443	-2.12880952380952
5444	-2.11369047619048
5445	-2.12309523809524
5446	-2.08880952380952
5447	-2.0602380952381
5448	-2.02595238095238
5449	-2.00511904761905
5450	-1.97654761904762
5451	-1.92142857142857
5452	-1.89285714285714
5453	-1.89857142857143
5454	-1.84714285714286
5455	-1.8377380952381
5456	-1.82059523809524
5457	-1.8777380952381
5458	-1.84916666666667
5459	-1.85488095238095
5460	-1.84345238095238
5461	-1.86059523809524
5462	-1.8397619047619
5463	-1.83404761904762
5464	-1.82261904761905
5465	-1.84547619047619
5466	-1.82833333333333
5467	-1.77119047619048
5468	-1.72547619047619
5469	-1.70833333333333
5470	-1.74833333333333
5471	-1.73857142857143
5472	-1.72142857142857
5473	-1.80714285714286
5474	-1.80916666666667
5475	-1.87571428571429
5476	-1.85321428571429
5477	-1.82095238095238
5478	-1.82666666666667
5479	-1.78095238095238
5480	-1.79607142857143
5481	-1.81892857142857
5482	-1.8075
5483	-1.8075
5484	-1.81892857142857
5485	-1.78464285714286
5486	-1.80178571428571
5487	-1.82261904761905
5488	-1.83607142857143
5489	-1.8475
5490	-1.86464285714286
5491	-1.89690476190476
5492	-1.90261904761905
5493	-1.86261904761905
5494	-1.88345238095238
5495	-1.88916666666667
5496	-1.84916666666667
5497	-1.85488095238095
5498	-1.89285714285714
5499	-1.86630952380952
5500	-1.8377380952381
5501	-1.85857142857143
5502	-1.92714285714286
5503	-1.94428571428571
5504	-1.94428571428571
5505	-1.95571428571429
5506	-1.89654761904762
5507	-1.9022619047619
5508	-1.8622619047619
5509	-1.8222619047619
5510	-1.80309523809524
5511	-1.7402380952381
5723	-2.11738095238095
5724	-2.11738095238095
5725	-2.11166666666667
5726	-2.06428571428571
5727	-2.12714285714286
5728	-2.20345238095238
5729	-2.29119047619048
5730	-2.30833333333333
5731	-2.29321428571429
5732	-2.27607142857143
5733	-2.2152380952381
5734	-2.26666666666667
5735	-2.29690476190476
5736	-2.29321428571429
5737	-2.3275
5738	-2.31238095238095
5739	-2.305
5740	-2.24988095238095
5741	-2.20619047619048
5742	-2.17761904761905
5743	-2.1625
5744	-2.15107142857143
5745	-2.1625
5746	-2.08452380952381
5747	-2.06166666666667
5748	-2.09595238095238
5749	-2.15309523809524
5750	-2.17964285714286
5751	-2.10166666666667
5752	-2.02369047619048
5753	-1.94
5754	-2.0025
5755	-2.00047619047619
5756	-1.99880952380952
5757	-2.00083333333333
5758	-1.97428571428571
5759	-1.95916666666667
5760	-1.9575
5761	-1.94809523809524
5762	-2.00321428571429
5763	-1.93869047619048
5764	-1.83047619047619
5765	-1.7427380952381
5766	-1.69535714285714
5767	-1.72392857142857
5768	-1.65369047619048
5769	-1.70511904761905
5770	-1.60630952380952
5771	-1.49071428571429
5772	-1.40535714285714
5773	-1.34452380952381
5774	-1.34452380952381
5775	-1.26488095238095
5776	-1.2252380952381
5777	-1.21952380952381
5778	-1.17785714285714
5779	-1.08142857142857
5780	-1.02666666666667
5781	-0.931904761904762
5782	-0.9625
5783	-0.86202380952381
5784	-0.746071428571428
5785	-0.617023809523809
5786	-0.52797619047619
5787	-0.473214285714286
5788	-0.393928571428571
5789	-0.3825
5790	-0.27797619047619
5791	-0.268571428571429
5792	-0.234285714285714
5793	-0.203690476190477
5794	-0.124047619047619
5795	-0.131428571428572
5796	-0.106547619047619
5797	-0.115952380952381
5798	-0.0702380952380957
5799	-0.0588095238095241
5800	0.0151190476190477
5801	0.119285714285715
5802	0.149523809523809
5803	0.238571428571428
5804	0.391785714285714
5805	0.518809523809523
5806	0.461666666666666
5807	0.425714285714286
5808	0.516785714285714
5809	0.676071428571428
5810	0.742261904761905
5811	0.681785714285714
5812	0.678095238095238
5813	0.785952380952381
5814	0.827619047619048
5815	0.850833333333334
5816	0.896547619047619
5817	0.877380952380953
5818	0.89452380952381
5819	0.839404761904762
5820	0.915
5821	0.905238095238095
5822	0.907261904761905
5823	0.848452380952381
5824	0.801428571428571
5825	0.79202380952381
5826	0.881071428571429
5827	0.871666666666667
5828	0.875357142857143
5829	0.915
5830	0.844761904761905
5831	0.875
5832	0.977142857142857
5833	1.03797619047619
5834	1.00940476190476
5835	1.01511904761905
5836	0.903571428571428
5837	0.909285714285714
5838	0.899880952380953
5839	0.862261904761905
5840	0.756428571428571
5841	0.693928571428571
5842	0.866309523809524
5843	0.951666666666667
5844	0.93452380952381
5845	0.972142857142857
5846	1.04440476190476
5847	1.13345238095238
5848	1.14654761904762
5849	1.23559523809524
5850	1.24130952380952
5851	1.1825
5852	1.16166666666667
5853	1.2
5854	1.18119047619048
5855	1.24404761904762
5856	1.195
5857	1.24845238095238
5858	1.29214285714286
5859	1.34928571428571
5860	1.35869047619048
5861	1.46083333333333
5862	1.4077380952381
5863	1.6275
5864	1.70916666666667
5865	1.74142857142857
5866	1.90642857142857
5867	1.97464285714286
5868	1.99380952380952
5869	1.94809523809524
5870	2.1225
5871	2.24380952380952
5872	2.36678571428571
5873	2.46321428571429
5874	2.53142857142857
5875	2.56369047619048
5876	2.69809523809524
5877	2.82107142857143
5878	2.75488095238095
5879	2.75285714285714
5880	2.81166666666667
5881	2.73238095238095
5882	2.59190476190476
5883	2.55964285714286
5884	2.56535714285714
5885	2.39666666666667
5886	2.34357142857143
5887	2.23904761904762
5888	2.11369047619048
5889	2.06428571428571
5890	2.05857142857143
5891	1.94833333333333
5892	1.85321428571429
5893	1.69190476190476
5894	1.63678571428571
5895	1.65357142857143
5896	1.63678571428571
5897	1.6025
5898	1.61761904761905
5899	1.44892857142857
5900	1.41095238095238
5901	1.32559523809524
5902	1.15690476190476
5903	1.08666666666667
5904	1.05809523809524
5905	1.07154761904762
5906	0.978809523809524
5907	0.821547619047619
5908	0.698571428571428
5909	0.554761904761905
5910	0.458333333333333
5911	0.422380952380952
5912	0.375
5913	0.388452380952381
5914	0.307142857142857
5915	0.276904761904762
5916	0.229523809523809
5917	0.233214285714286
5918	0.280595238095238
5919	0.271190476190476
5920	0.233571428571429
5921	0.345476190476191
5922	0.337738095238096
5923	0.478214285714286
5924	0.635833333333333
5925	0.717142857142858
5926	0.955714285714286
5927	1.09619047619048
5928	1.20440476190476
5929	1.29547619047619
5930	1.29916666666667
5931	1.27833333333333
5932	1.33107142857143
5933	1.36166666666667
5934	1.34821428571429
5935	1.42416666666667
5936	1.35595238095238
5937	1.38821428571429
5938	1.47928571428571
5939	1.525
5940	1.53071428571429
5941	1.5572619047619
5942	1.50619047619048
5943	1.58214285714286
5944	1.65035714285714
5945	1.67488095238095
5946	1.69571428571429
5947	1.72964285714286
5948	1.63119047619048
5949	1.47190476190476
5950	1.42047619047619
5951	1.31226190476191
5952	1.18726190476191
5953	1.12476190476191
5954	1.15904761904762
5955	1.17011904761905
5956	1.09011904761905
5957	1.11833333333333
5958	1.09547619047619
5959	0.960714285714286
5960	0.848809523809524
5961	0.794047619047619
5962	0.542023809523809
5963	0.441547619047619
5964	0.281904761904762
5965	0.213333333333333
5966	0.180714285714286
5967	0.184404761904762
5968	0.0782142857142856
5969	0.0251190476190479
5970	-0.0276190476190479
5971	-0.128095238095238
5972	-0.133809523809524
5973	-0.103571428571428
5974	-0.162380952380952
5975	-0.192619047619048
5976	-0.287380952380952
5977	-0.38047619047619
5978	-0.42047619047619
5979	-0.464166666666667
5980	-0.553214285714286
5981	-0.592857142857142
5982	-0.61
5983	-0.742738095238095
5984	-0.809285714285715
5985	-0.775
5986	-0.744404761904762
5987	-0.746071428571428
5988	-0.75547619047619
5989	-0.768571428571429
5990	-0.829047619047619
5991	-0.879761904761905
5992	-0.782619047619048
5993	-0.918690476190476
5994	-0.916309523809524
5995	-0.851428571428572
5996	-0.788571428571428
5997	-0.816785714285714
5998	-0.763333333333333
5999	-0.755595238095238
6000	-0.654404761904762
6001	-0.608333333333333
6002	-0.601904761904762
6003	-0.614642857142857
6004	-0.576309523809524
6005	-0.572261904761905
6006	-0.570238095238095
6007	-0.545357142857143
6008	-0.539285714285714
6009	-0.56547619047619
6010	-0.567142857142857
6011	-0.565119047619048
6012	-0.534523809523809
6013	-0.45452380952381
6018	-0.225952380952381
6019	-0.119404761904762
6020	-0.0545238095238096
