55	-0.11013986013986
56	-0.100524475524476
57	-0.100524475524476
58	-0.138986013986014
59	-0.138986013986014
60	-0.138986013986014
61	-0.119755244755245
62	-0.158216783216783
63	-0.167832167832168
64	-0.138986013986014
65	-0.0384615384615388
66	0
67	-0.0192307692307694
68	0.0192307692307693
69	-0.0096153846153848
70	-0.0288461538461542
71	-0.0288461538461542
72	-0.0384615384615388
73	-0.12937062937063
75	-0.119755244755245
80	-0.0909090909090908
81	-0.12937062937063
82	-0.100524475524476
139	-0.0812937062937062
140	0.0288461538461536
141	0.0769230769230768
142	-0.00437062937062938
143	0.0244755244755244
147	0.0437062937062936
182	0.0148601398601398
184	0.0244755244755244
185	-0.00437062937062938
186	0.129370629370629
187	0.148601398601399
188	0.181818181818182
189	0.282342657342657
190	0.272727272727273
191	0.305944055944056
192	0.368006993006993
193	0.368006993006993
194	0.291083916083916
195	0.3006993006993
196	0.243006993006993
197	0.243006993006993
198	0.204545454545454
199	0.204545454545454
200	0.223776223776223
201	0.185314685314685
202	0.0559440559440558
203	0.146853146853146
204	0.299825174825175
205	0.218531468531468
206	0.309440559440559
207	0.0559440559440558
208	0.075174825174825
209	0.19493006993007
210	0.214160839160839
211	0.233391608391608
212	0.161713286713287
213	0.161713286713287
214	0.19055944055944
215	0.238636363636364
216	0.238636363636364
217	0.229020979020979
218	0.147727272727272
219	0.109265734265734
220	0.0183566433566431
221	0.0996503496503494
222	-0.0725524475524475
223	-0.0629370629370629
224	-0.0961538461538463
225	-0.225524475524476
226	-0.206293706293706
227	-0.158216783216783
228	-0.138986013986014
229	0.0236013986013988
230	0.119755244755245
231	0.129370629370629
232	0.249125874125874
233	0.368881118881119
234	0.397727272727272
235	0.368881118881119
236	0.402097902097902
237	0.450174825174825
238	0.517482517482518
239	0.388111888111888
240	0.187062937062937
241	0.0384615384615383
242	-0.0428321678321679
243	-0.0524475524475525
244	-0.0812937062937062
247	-0.12937062937063
248	-0.138986013986014
249	-0.158216783216783
250	-0.206293706293706
255	-0.177447552447553
256	-0.158216783216783
261	-0.148601398601399
262	0.0332167832167831
263	-0.0480769230769234
264	-0.12937062937063
268	-0.23513986013986
271	-0.23513986013986
274	-0.263986013986014
275	-0.225524475524476
276	-0.196678321678322
277	-0.167832167832168
278	-0.158216783216783
279	0.0332167832167831
280	0.152972027972027
281	0.325174825174825
282	0.416083916083916
283	0.31555944055944
284	0.31555944055944
285	0.286713286713287
286	0.31555944055944
287	0.286713286713287
288	0.267482517482518
289	0.219405594405594
290	0.20979020979021
291	0.219405594405594
292	0.20979020979021
293	0.267482517482518
294	0.248251748251748
295	0.267482517482518
296	0.286713286713287
297	0.20541958041958
298	0.215034965034965
299	0.215034965034965
300	0.33479020979021
301	0.373251748251748
302	0.392482517482517
303	0.521853146853147
304	0.397727272727272
305	0.416958041958042
306	0.426573426573426
307	0.335664335664335
308	0.34527972027972
309	0.34527972027972
310	0.263986013986014
311	0.34527972027972
312	0.354895104895105
313	0.34527972027972
314	0.277972027972028
315	0.277972027972028
316	0.138986013986014
317	-0.0428321678321679
320	-0.0332167832167832
321	0.00524475524475532
322	-0.0139860139860141
323	0.0340909090909089
324	0.0533216783216782
325	0.211538461538461
326	0.230769230769231
327	0.130244755244755
328	0.120629370629371
329	0.173076923076923
330	0.364510489510489
331	0.354895104895105
332	0.335664335664335
333	0.326048951048951
334	0.144230769230769
335	0.153846153846154
336	0.0244755244755244
337	0.00524475524475532
338	-0.0332167832167832
340	0.0384615384615383
341	0.0576923076923076
342	0.0480769230769229
343	0.0576923076923076
344	0.0769230769230768
345	0.119755244755245
346	0.301573426573426
347	0.301573426573426
348	0.282342657342657
349	0.33041958041958
350	0.33041958041958
351	0.138986013986014
352	0.297202797202797
353	0.306818181818181
354	0.426573426573426
355	0.426573426573426
356	0.34527972027972
357	0.34527972027972
358	0.34527972027972
359	0.326048951048951
360	0.354895104895105
361	0.407342657342657
362	0.388111888111888
363	0.450174825174825
364	0.469405594405594
365	0.33041958041958
366	0.249125874125874
367	0.229895104895105
368	0.210664335664335
369	0.239510489510489
370	0.201048951048951
371	0.201048951048951
372	0.181818181818182
373	0.263111888111888
374	0.373251748251748
375	0.354020979020979
376	0.210664335664335
377	0.191433566433566
378	0.272727272727273
379	0.282342657342657
380	0.272727272727273
381	0.239510489510489
382	0.0480769230769229
383	-0.11013986013986
384	-0.0812937062937062
385	-0.12937062937063
386	-0.0909090909090908
387	-0.11013986013986
389	-0.12937062937063
392	-0.187062937062937
393	-0.187062937062937
394	-0.0961538461538463
395	-0.0961538461538463
396	-0.115384615384615
398	-0.196678321678322
399	-0.196678321678322
400	-0.206293706293706
401	-0.148601398601399
460	0.120629370629371
461	0.111013986013986
462	0.120629370629371
463	0.120629370629371
464	0.0917832167832168
465	0.173076923076923
466	0.163461538461538
467	0.173076923076923
468	0.23513986013986
469	0.225524475524476
470	0.254370629370629
471	0.153846153846154
472	0.144230769230769
473	0.153846153846154
474	0.125
475	0.0961538461538461
476	0.115384615384615
477	0.0629370629370629
478	0.0437062937062936
479	0.0533216783216782
480	0.0244755244755244
544	0.197552447552447
545	0.187937062937063
546	0.288461538461538
547	0.259615384615384
548	0.269230769230769
549	0.278846153846154
550	0.288461538461538
551	0.278846153846154
552	0.288461538461538
553	0.278846153846154
554	0.207167832167832
555	0.197552447552447
556	0.336538461538461
557	0.298076923076923
558	0.317307692307692
601	-0.513986013986014
602	-0.552447552447553
603	-0.552447552447553
604	-0.590909090909091
605	-0.61013986013986
606	-0.600524475524476
607	-0.581293706293706
608	-0.571678321678322
609	-0.513986013986014
610	-0.50437062937063
611	-0.427447552447553
612	-0.37937062937063
613	-0.298076923076923
614	-0.298076923076923
615	-0.298076923076923
616	-0.178321678321678
617	-0.149475524475524
618	-0.259615384615385
619	-0.159090909090909
620	-0.221153846153846
621	-0.192307692307693
622	-0.0104895104895109
623	-0.211538461538462
624	-0.292832167832168
709	-0.00437062937062938
710	0.00524475524475532
711	-0.0139860139860141
713	0.0961538461538461
714	0.0340909090909089
715	0.0244755244755244
716	0.0725524475524476
717	0.0533216783216782
726	0.0629370629370629
727	0.0725524475524476
728	0.0533216783216782
729	0.0533216783216782
730	0.120629370629371
731	0.120629370629371
732	0.0917832167832168
733	0.0725524475524476
734	0.0533216783216782
735	0.0244755244755244
736	0.0244755244755244
737	0.0148601398601398
739	0.00524475524475532
740	0.00524475524475532
742	0.0437062937062936
1069	-0.12937062937063
1071	-0.12937062937063
1072	-0.12937062937063
1073	-0.12937062937063
1093	0.00961538461538458
1094	0.0865384615384615
1095	0.0673076923076922
1096	0.0576923076923076
1097	0.0480769230769229
1098	0.0480769230769229
1099	0.0384615384615383
1100	0.0192307692307693
1101	-0.0620629370629372
1102	-0.0812937062937062
1351	-0.215909090909091
1944	-0.0533216783216783
1945	-0.0340909090909092
1946	-0.0340909090909092
1947	0.0568181818181814
1948	0.0472027972027969
1949	0.147727272727272
1950	0.138111888111888
1951	0.0279720279720277
1952	-0.0725524475524475
1953	-0.0629370629370629
1954	-0.0725524475524475
1955	-0.120629370629371
1956	-0.201923076923077
1957	-0.173076923076923
1958	-0.211538461538462
1959	-0.0725524475524475
1960	-0.0725524475524475
1961	-0.0917832167832169
1962	-0.111013986013986
1963	-0.163461538461539
1964	-0.23513986013986
1965	-0.206293706293706
1969	-0.254370629370629
1970	-0.254370629370629
1971	-0.292832167832168
1972	-0.292832167832168
1973	-0.312062937062937
1974	-0.201923076923077
1975	-0.153846153846154
1976	-0.134615384615385
1977	-0.163461538461539
1978	-0.23513986013986
1979	-0.302447552447553
2051	0.0148601398601398
2052	0.00524475524475532
2053	-0.0139860139860141
2054	0.0769230769230768
2055	0.0576923076923076
2056	0.0288461538461536
2057	-0.0332167832167832
2058	-0.0909090909090908
2059	-0.0812937062937062
2060	0.00961538461538458
2061	0.0192307692307693
2062	0.0480769230769229
2063	0.138986013986014
2064	0.119755244755245
2065	0.11013986013986
2066	0.119755244755245
2067	0.0716783216783217
2068	0.0716783216783217
2069	0.224650349650349
2070	-0.12937062937063
2071	-0.0384615384615388
2072	-0.0384615384615388
2073	-0.0480769230769234
2075	-0.0384615384615388
2076	-0.0288461538461542
2077	-0.0288461538461542
2078	-0.12937062937063
2079	-0.148601398601399
2080	-0.138986013986014
2081	-0.12937062937063
2086	-0.196678321678322
2091	-0.263986013986014
2092	-0.244755244755245
2093	-0.254370629370629
2094	-0.115384615384615
2095	-0.125
2096	-0.206293706293706
2097	-0.196678321678322
2098	-0.0961538461538463
2099	-0.0961538461538463
2100	-0.00524475524475521
2101	0.00437062937062938
2102	0.0856643356643354
2103	0.20541958041958
2104	0.234265734265734
2105	0.0524475524475523
2106	0.0812937062937062
2107	-0.0192307692307694
2108	-0.0192307692307694
2109	-0.0096153846153848
2110	0.0524475524475523
2111	0.0620629370629369
2112	0.0524475524475523
2113	0.0812937062937062
2114	0.0716783216783217
2115	0.0909090909090911
2116	0.0909090909090911
2117	0.100524475524476
2118	0.201048951048951
2119	0.229895104895105
2120	0.249125874125874
2121	0.258741258741258
2122	0.177447552447553
2123	0.196678321678322
2124	0.244755244755245
2125	0.263986013986014
2126	0.445804195804196
2127	0.312062937062937
2128	0.312062937062937
2129	0.321678321678322
2130	0.240384615384615
2131	0.278846153846154
2132	0.230769230769231
2133	0.302447552447553
2134	0.163461538461538
2135	0.0725524475524476
2207	-0.196678321678322
2208	-0.187062937062937
2209	-0.187062937062937
2210	-0.187062937062937
2211	-0.177447552447553
2212	-0.177447552447553
2213	-0.177447552447553
2214	-0.187062937062937
2218	-0.100524475524476
2219	-0.11013986013986
2249	0.0725524475524476
2250	0.125
2251	0.144230769230769
2252	0.206293706293706
2253	0.215909090909091
2254	0.125
2255	0.125
2256	0.125
2257	0.153846153846154
2258	0.134615384615384
2259	0.134615384615384
2260	0.206293706293706
2261	0.326048951048951
2262	0.364510489510489
2263	0.374125874125874
2264	0.383741258741259
2265	0.383741258741259
2266	0.45541958041958
2267	0.484265734265734
2268	0.47465034965035
2269	0.445804195804196
2270	0.536713286713287
2271	0.445804195804196
2272	0.445804195804196
2273	0.546328671328671
2274	0.407342657342657
2275	0.397727272727272
2276	0.340034965034965
2277	0.33041958041958
2278	0.340034965034965
2279	0.402097902097902
2280	0.392482517482517
2281	0.272727272727273
2282	0.224650349650349
2283	0.143356643356643
2284	0.114510489510489
2285	0.013986013986014
2286	0.0428321678321677
2287	0.013986013986014
2288	-0.0865384615384617
2289	-0.0865384615384617
2290	-0.0865384615384617
2291	-0.0865384615384617
2292	-0.125
2293	-0.125
2294	-0.206293706293706
2295	-0.196678321678322
2296	-0.196678321678322
2297	-0.206293706293706
2298	-0.215909090909091
2299	-0.225524475524476
2300	-0.244755244755245
2301	-0.173076923076923
2302	-0.263986013986014
2303	-0.283216783216783
2304	-0.312062937062937
2305	-0.283216783216783
2328	-0.00437062937062938
2390	-0.0812937062937062
2391	-0.119755244755245
2392	-0.0812937062937062
2393	-0.119755244755245
2394	-0.167832167832168
2395	-0.177447552447553
2396	-0.196678321678322
2468	0.0384615384615383
2469	0.167832167832168
2470	0.148601398601399
2471	0.0812937062937062
2472	0.11013986013986
2473	0.138986013986014
2474	0.158216783216783
2475	0.249125874125874
2476	0.239510489510489
2477	0.229895104895105
2478	0.229895104895105
2479	0.311188811188811
2480	0.22027972027972
2481	0.201048951048951
2482	0.191433566433566
2483	0.263111888111888
2484	0.224650349650349
2485	0.243881118881119
2486	0.253496503496503
2487	0.176573426573426
2488	0.138111888111888
2489	0.147727272727272
2490	0.157342657342657
2491	0.166958041958042
2492	0.166958041958042
2493	0.166958041958042
2494	0.128496503496503
2495	0.128496503496503
2496	0.0996503496503494
2497	0.118881118881119
2498	0.118881118881119
2499	0.157342657342657
2500	-0.0961538461538463
2501	-0.0865384615384617
2502	-0.138986013986014
2503	-0.0673076923076923
2533	-0.0620629370629372
2534	-0.0716783216783216
2535	-0.0812937062937062
2536	-0.0812937062937062
2537	0.0192307692307693
2538	-0.0096153846153848
2539	-0.0909090909090908
2562	0.0244755244755244
2567	0.0725524475524476
2583	0.0917832167832168
2584	0.101398601398601
2585	0.101398601398601
2586	0.111013986013986
2587	0.111013986013986
2588	0.159090909090909
2589	0.159090909090909
2590	0.178321678321678
2591	0.187937062937063
2592	0.178321678321678
2716	-0.0812937062937062
2717	0.210664335664335
2718	0.249125874125874
2719	0.229895104895105
2720	0.210664335664335
2721	0.191433566433566
2722	0.22027972027972
2723	0.191433566433566
2724	0.229895104895105
2725	0.11013986013986
2726	0
2727	-0.0909090909090908
2728	-0.0909090909090908
2729	-0.0192307692307694
2730	0.0716783216783217
2731	-0.0096153846153848
2732	-0.0096153846153848
2733	-0.0288461538461542
2734	-0.0812937062937062
2735	0.0192307692307693
2736	0.0288461538461536
2737	0.0480769230769229
2738	0.0480769230769229
2739	-0.0716783216783216
2740	0.0288461538461536
2741	0.0288461538461536
2742	-0.0332167832167832
2743	0.0576923076923076
2744	0.158216783216783
2745	0.249125874125874
2746	0.277972027972028
2747	0.297202797202797
2748	0.287587412587412
2749	0.258741258741258
2750	0
2751	0
2752	-0.0524475524475525
2881	-0.0096153846153848
2882	0
2883	-0.0096153846153848
2884	0.0480769230769229
2885	0.0769230769230768
2886	0.0865384615384615
2887	0.105769230769231
2888	0.215909090909091
2889	0.225524475524476
2890	0.23513986013986
2891	0.244755244755245
2892	0.254370629370629
2893	0.134615384615384
2894	0.115384615384615
2895	0.115384615384615
2896	0.0437062937062936
2897	0.0244755244755244
3581	0.0288461538461536
3582	0.0288461538461536
3583	0.0480769230769229
3584	-0.00437062937062938
3585	-0.0236013986013986
3586	-0.0620629370629372
3587	-0.0236013986013986
3588	0.0673076923076922
3589	0.0384615384615383
3590	0.119755244755245
3591	0.0909090909090911
3592	-0.0192307692307694
3593	-0.0576923076923079
3594	-0.0673076923076923
3595	-0.0865384615384617
3596	-0.0961538461538463
3597	-0.0865384615384617
3598	-0.0961538461538463
3599	-0.0961538461538463
3600	-0.105769230769231
3601	-0.115384615384615
3602	-0.0244755244755244
3603	-0.0961538461538463
3604	-0.153846153846154
3605	-0.153846153846154
3606	-0.254370629370629
3607	-0.263986013986014
3608	-0.263986013986014
3609	-0.263986013986014
3610	-0.163461538461539
3611	-0.182692307692308
3612	-0.173076923076923
3613	-0.263986013986014
3615	-0.225524475524476
3658	0.00524475524475532
3659	0.0148601398601398
3660	0.0340909090909089
3767	-0.00437062937062938
3768	0.0148601398601398
3769	-0.0139860139860141
3770	0.0865384615384615
3771	-0.0332167832167832
3772	0.0576923076923076
3773	0.0288461538461536
3774	0.172202797202797
3775	0.263111888111888
3776	0.416083916083916
3777	0.396853146853146
3778	0.377622377622377
3779	0.368006993006993
3780	0.238636363636364
3781	0.310314685314685
3782	0.368006993006993
3783	0.31993006993007
3784	0.31993006993007
3785	0.229020979020979
3786	0.229020979020979
3787	0.200174825174825
3788	0.128496503496503
3789	0.118881118881119
3790	0.0996503496503494
3791	0.19055944055944
3792	0.0996503496503494
3793	0.118881118881119
3794	0.118881118881119
3795	0.138111888111888
3796	0.109265734265734
3797	0.138111888111888
3798	0.176573426573426
3799	0.186188811188811
3800	-0.00524475524475521
3801	0.267482517482518
3802	0.31555944055944
3803	0.344405594405594
3804	0.506993006993006
3805	0.497377622377622
3806	0.4256993006993
3807	0.464160839160839
3808	0.373251748251748
3809	0.373251748251748
3810	0.22027972027972
3811	0.229895104895105
3812	0.0384615384615383
3813	0.0576923076923076
3814	0.105769230769231
3815	0.148601398601399
3816	0.177447552447553
3817	0.0865384615384615
3818	0.0961538461538461
3819	0.115384615384615
3820	0.144230769230769
3821	0.182692307692308
3822	0.201923076923077
3823	0.111013986013986
3824	0.211538461538461
3825	0.211538461538461
3826	0.221153846153846
3827	0.149475524475524
3828	0.149475524475524
3829	0.159090909090909
3830	0.168706293706294
3831	0.178321678321678
3832	0.187937062937063
3833	0.168706293706294
3836	0.13986013986014
3846	0.0533216783216782
3850	0.0340909090909089
3856	-0.0428321678321679
3857	-0.0524475524475525
3858	-0.0812937062937062
3859	-0.0812937062937062
3863	-0.158216783216783
3864	-0.138986013986014
3865	-0.12937062937063
3866	-0.148601398601399
3867	-0.148601398601399
3868	-0.0480769230769234
3869	-0.0192307692307694
3870	0.0428321678321677
3871	0.0716783216783217
3872	0
3873	0.0384615384615383
3874	-0.0139860139860141
3977	-0.388986013986014
3978	-0.446678321678322
3989	-0.0716783216783216
3990	-0.0620629370629372
3991	-0.0332167832167832
3992	0.0673076923076922
3993	0.119755244755245
3994	-0.0192307692307694
3995	-0.0096153846153848
3996	0.0909090909090911
3997	0.0192307692307693
3998	0.229895104895105
3999	0.210664335664335
4000	0.22027972027972
4001	0.22027972027972
4002	0.249125874125874
4003	0.33041958041958
4004	0.430944055944056
4005	0.320804195804196
4006	0.229895104895105
4007	0.239510489510489
4008	0.22027972027972
4009	0.291958041958042
4010	0.340034965034965
4011	0.301573426573426
4012	0.301573426573426
4013	0.311188811188811
4014	0.359265734265734
4015	0.349650349650349
4016	0.33041958041958
4017	0.340034965034965
4018	0.311188811188811
4019	0.201048951048951
4020	0.272727272727273
4021	0.301573426573426
4022	0.320804195804196
4023	0.282342657342657
4024	0.224650349650349
4025	0.243881118881119
4026	0.234265734265734
4027	0.133741258741258
4028	0.162587412587412
4029	0.0909090909090911
4030	0.129370629370629
4031	0.129370629370629
4032	0.11013986013986
4033	0.0909090909090911
4034	-0.0192307692307694
4035	0.00961538461538458
4036	0
4037	0.00961538461538458
4038	0.0716783216783217
4039	0.0192307692307693
4040	-0.100524475524476
4041	-0.119755244755245
4042	-0.119755244755245
4043	-0.148601398601399
4044	-0.0480769230769234
4045	-0.11013986013986
4046	-0.12937062937063
4047	-0.119755244755245
4048	-0.138986013986014
4052	-0.177447552447553
4053	-0.158216783216783
4054	-0.148601398601399
4055	-0.148601398601399
4057	-0.138986013986014
4058	-0.158216783216783
4059	-0.138986013986014
4060	-0.119755244755245
4072	-0.0480769230769234
4073	-0.105769230769231
4074	-0.167832167832168
4075	-0.254370629370629
4076	-0.144230769230769
4077	-0.153846153846154
4078	-0.144230769230769
4079	-0.215909090909091
4083	-0.215909090909091
4084	-0.187062937062937
4085	-0.244755244755245
4086	-0.263986013986014
4087	-0.23513986013986
4327	0.0148601398601398
4329	0.0340909090909089
4330	0.105769230769231
4331	0.134615384615384
4332	0.134615384615384
4333	-0.0139860139860141
4334	-0.0428321678321679
4335	0.0576923076923076
4336	0.0480769230769229
4337	0.0384615384615383
4338	0.0673076923076922
4339	0.0384615384615383
4340	0.0288461538461536
4341	0.0288461538461536
4342	0.181818181818182
4343	0.100524475524476
4344	0.0716783216783217
4345	0.0812937062937062
4346	0.0716783216783217
4347	0.100524475524476
4348	0.158216783216783
4349	-0.0428321678321679
4350	-0.100524475524476
4351	-0.0480769230769234
4352	-0.0384615384615388
4353	-0.0096153846153848
4354	-0.0096153846153848
4355	-0.0480769230769234
4356	-0.0384615384615388
4357	-0.138986013986014
4358	-0.158216783216783
4359	-0.148601398601399
4360	-0.138986013986014
4386	-0.177447552447553
4387	-0.138986013986014
4389	-0.138986013986014
4390	-0.12937062937063
4391	-0.11013986013986
4392	-0.100524475524476
4393	-0.11013986013986
4394	0.00961538461538458
4395	0.0288461538461536
4396	0.00961538461538458
4397	-0.0192307692307694
4398	0.00961538461538458
4399	0.129370629370629
4400	0.11013986013986
4401	0.0288461538461536
4402	-0.0332167832167832
4403	0.0148601398601398
4404	0.0437062937062936
4405	0.0629370629370629
4406	0.0917832167832168
4407	0.192307692307692
4408	0.211538461538461
4409	0.173076923076923
4410	0.230769230769231
4411	0.168706293706294
4412	0.168706293706294
4413	0.120629370629371
4414	0.101398601398601
4469	-0.00437062937062938
4470	0.0961538461538461
4471	0.105769230769231
4472	-0.0139860139860141
4499	0.0821678321678321
4500	0.111013986013986
4501	0.182692307692308
4502	0.0533216783216782
4630	-0.00437062937062938
4631	-0.0139860139860141
4646	-0.0716783216783216
4647	-0.0812937062937062
4648	-0.11013986013986
4652	-0.100524475524476
4653	-0.0096153846153848
4654	-0.0909090909090908
4655	-0.11013986013986
4656	-0.138986013986014
4659	-0.273601398601399
4738	-0.138986013986014
4795	0.120629370629371
4934	-0.215909090909091
4935	-0.177447552447553
4936	-0.187062937062937
4937	-0.187062937062937
4938	-0.215909090909091
4939	-0.225524475524476
4940	-0.254370629370629
4941	-0.254370629370629
4942	-0.273601398601399
4943	-0.273601398601399
4944	-0.263986013986014
4945	-0.23513986013986
4946	-0.254370629370629
4947	-0.254370629370629
4948	-0.225524475524476
4949	-0.215909090909091
4950	-0.0769230769230771
4951	-0.125
4952	0.0664335664335662
4953	-0.0917832167832169
4954	-0.0917832167832169
4955	-0.0104895104895109
4956	-0.000874125874126275
4957	-0.0629370629370629
4958	-0.0340909090909092
4959	-0.125
4960	-0.182692307692308
4961	-0.173076923076923
4962	-0.283216783216783
4963	-0.292832167832168
4964	-0.263986013986014
4965	-0.244755244755245
4966	-0.23513986013986
5062	-0.263986013986014
5063	-0.292832167832168
5064	-0.240384615384615
5065	-0.197552447552448
5066	-0.446678321678322
5067	-0.245629370629371
5068	-0.216783216783217
5069	-0.216783216783217
5070	-0.236013986013986
5071	-0.346153846153846
5072	-0.384615384615385
5073	-0.188811188811189
5074	-0.179195804195804
5075	-0.188811188811189
5076	0.0743006993006987
5077	0.0550699300699296
5078	0.0550699300699296
5079	-0.0839160839160842
5080	0.00699300699300665
5081	0.0786713286713283
5082	0.0305944055944054
5083	0.0113636363636362
5084	-0.00786713286713292
5085	-0.0270979020979021
5086	-0.118006993006993
5087	-0.079545454545455
5088	-0.0987762237762242
5089	-0.0699300699300704
5090	-0.0506993006993011
5091	-0.103146853146854
5092	-0.174825174825175
5093	-0.155594405594406
5094	-0.0690559440559442
5095	-0.0305944055944056
5096	0.00786713286713292
5097	-0.0113636363636365
5098	-0.183566433566434
5099	-0.04458041958042
5100	-0.0970279720279725
5101	-0.0585664335664338
5102	-0.02972027972028
5103	-0.25
5104	-0.269230769230769
5105	-0.159090909090909
5106	-0.0681818181818183
5107	0.0323426573426573
5108	0.0515734265734262
5109	-0.144230769230769
5110	-0.0629370629370629
5111	-0.0148601398601398
5133	-0.292832167832168
5134	-0.312062937062937
5153	-0.292832167832168
5154	-0.211538461538462
5155	-0.201923076923077
5156	-0.182692307692308
5157	-0.125
5158	-0.215909090909091
5159	-0.23513986013986
5160	-0.23513986013986
5161	-0.163461538461539
5162	-0.125
5163	-0.0961538461538463
5164	0.0332167832167831
5165	-0.0148601398601398
5166	0.00437062937062938
5167	-0.115384615384615
5168	-0.115384615384615
5169	-0.244755244755245
5170	-0.273601398601399
5171	-0.263986013986014
5172	-0.153846153846154
5173	-0.163461538461539
5174	-0.182692307692308
5175	-0.173076923076923
5176	-0.173076923076923
5177	-0.211538461538462
5178	-0.182692307692308
5179	-0.283216783216783
5180	-0.254370629370629
5181	-0.283216783216783
5253	-0.625
5254	-0.644230769230769
5255	-0.673076923076923
5256	-0.711538461538462
5257	-0.711538461538462
5258	-0.730769230769231
5259	-0.76923076923077
5260	-0.798076923076923
5261	-0.807692307692308
5262	-0.875
5263	-0.826923076923077
5264	-0.817307692307693
5265	-0.855769230769231
5266	-0.793706293706294
5267	-0.736013986013986
5268	-0.697552447552448
5269	-0.625874125874126
5270	-0.587412587412588
5271	-0.707167832167832
5272	-0.577797202797203
5273	-0.587412587412588
5274	-0.687937062937063
5275	-0.606643356643357
5276	-0.409965034965035
5277	-0.520104895104896
5278	-0.510489510489511
5279	-0.481643356643357
5280	-0.510489510489511
5281	-0.548951048951049
5282	-0.740384615384616
5283	-0.730769230769231
5284	-0.759615384615385
5285	-0.730769230769231
5286	-0.721153846153846
5287	-0.730769230769231
5288	-0.802447552447553
5318	-1.26398601398601
5319	-1.32167832167832
5320	-1.32167832167832
5321	-1.33129370629371
5322	-1.36975524475524
5323	-1.36013986013986
5324	-1.32167832167832
5325	-1.30244755244755
5326	-1.25
5327	-1.22115384615385
5328	-1.09178321678322
5329	-0.995629370629371
5330	-0.986013986013986
5331	-0.966783216783217
5332	-0.856643356643357
5333	-0.87062937062937
5334	-0.741258741258742
5335	-0.650349650349651
5336	-0.650349650349651
5337	-0.549825174825175
5338	-0.683566433566434
5339	-0.693181818181818
5340	-0.722027972027973
5341	-0.712412587412588
5342	-0.683566433566434
5343	-0.597027972027972
5344	-0.668706293706294
5345	-0.587412587412588
5346	-0.520104895104896
5347	-0.270979020979021
5348	-0.184440559440559
5349	-0.366258741258741
5350	-0.347027972027972
5351	-0.298951048951049
5352	-0.370629370629371
5353	-0.370629370629371
5354	-0.490384615384616
5355	-0.451923076923077
5356	-0.423076923076923
5357	-0.432692307692308
5358	-0.471153846153846
5359	-0.471153846153846
5360	-0.480769230769231
5361	-0.308566433566434
5362	-0.428321678321678
5363	-0.337412587412588
5364	-0.457167832167832
5365	-0.495629370629371
5366	-0.51486013986014
5367	-0.534090909090909
5368	-0.644230769230769
5369	-0.601398601398601
5370	-0.611013986013986
5371	-0.721153846153846
5372	-0.730769230769231
5373	-0.831293706293706
5377	-0.773601398601399
5435	-1.08129370629371
5436	-1.08129370629371
5437	-0.980769230769231
5438	-1.10052447552448
5445	-1.00437062937063
5446	-0.927447552447553
5447	-0.76923076923077
5448	-0.697552447552448
5449	-0.54458041958042
5450	-0.573426573426574
5451	-0.501748251748252
5452	-0.381993006993008
5453	-0.343531468531469
5454	-0.376748251748252
5455	-0.525349650349651
5456	-0.506118881118881
5457	-0.477272727272728
5458	-0.616258741258742
5459	-0.577797202797203
5460	-0.63986013986014
5461	-0.577797202797203
5462	-0.409965034965035
5463	-0.481643356643357
5464	-0.611013986013986
5465	-0.730769230769231
5466	-0.730769230769231
5467	-0.730769230769231
5468	-0.711538461538462
5469	-0.673076923076923
5470	-0.572552447552447
5471	-0.644230769230769
5472	-0.653846153846154
5473	-0.73513986013986
5474	-0.696678321678322
5475	-0.715909090909091
5476	-0.754370629370629
5477	-0.715909090909091
5478	-0.744755244755245
5479	-0.715909090909091
5480	-0.725524475524476
5525	-0.437062937062937
5526	-0.513986013986014
5527	-0.475524475524476
5528	-0.50437062937063
5529	-0.513986013986014
5530	-0.513986013986014
5531	-0.461538461538462
5532	-0.548076923076923
5533	-0.567307692307693
5534	-0.625
5535	-0.553321678321678
5536	-0.534090909090909
5537	-0.534090909090909
5538	-0.562937062937063
5539	-0.582167832167832
5540	-0.75
5541	-0.76923076923077
5542	-0.836538461538462
5543	-0.898601398601399
5544	-0.927447552447553
5545	-0.888986013986014
5546	-0.898601398601399
5548	-0.965909090909091
5552	-1.06730769230769
5553	-1.12937062937063
5554	-0.928321678321679
5555	-1.02884615384615
5556	-1.06730769230769
5560	-1.24475524475525
5564	-1.01923076923077
5565	-0.947552447552448
5566	-0.947552447552448
5567	-1.03846153846154
5568	-0.980769230769231
5569	-0.818181818181818
5570	-0.569055944055944
5571	-0.602272727272727
5572	-0.602272727272727
5573	-0.741258741258742
5574	-0.712412587412588
5575	-0.770104895104895
5576	-0.659965034965035
5577	-0.640734265734266
5578	-0.583041958041959
5579	-0.530594405594406
5580	-0.492132867132868
5581	-0.401223776223777
5582	-0.391608391608392
5583	-0.243006993006994
5584	-0.30506993006993
5585	-0.266608391608392
5586	-0.276223776223777
5587	-0.218531468531469
5588	-0.323426573426574
5589	-0.381118881118881
5590	-0.582167832167832
5591	-0.582167832167832
5592	-0.543706293706294
5593	-0.524475524475525
5594	-0.553321678321678
5595	-0.611013986013986
5596	-0.630244755244755
5597	-0.620629370629371
5598	-0.562937062937063
5599	-0.572552447552447
5600	-0.783216783216783
5695	-0.658216783216784
5696	-0.524475524475525
5697	-0.534090909090909
5698	-0.572552447552447
5699	-0.572552447552447
5700	-0.52972027972028
5701	-0.477272727272728
5702	-0.506118881118881
5703	-0.664335664335665
5704	-0.520979020979021
5705	-0.722027972027973
5706	-0.702797202797203
5707	-0.750874125874126
5708	-0.789335664335665
5709	-0.526223776223776
5710	-0.526223776223776
5711	-0.506993006993007
5712	-0.458916083916084
5713	-0.439685314685315
5714	-0.520979020979021
5715	-0.611888111888112
5716	-0.636363636363636
5717	-0.626748251748252
5718	-0.5743006993007
5719	-0.612762237762238
5720	-0.68006993006993
5721	-0.651223776223777
5722	-0.6993006993007
5723	-0.627622377622378
5724	-0.455419580419581
5725	-0.546328671328671
5726	-0.646853146853147
5727	-0.656468531468532
5728	-0.6993006993007
5729	-0.589160839160839
5730	-0.589160839160839
5731	-0.612762237762238
5732	-0.727272727272727
5733	-0.775349650349651
5734	-0.502622377622378
5735	-0.521853146853147
5736	-0.564685314685315
5737	-0.655594405594406
5738	-0.636363636363636
5739	-0.645979020979021
5740	-0.708041958041958
5741	-0.717657342657343
5742	-0.736888111888112
5743	-0.717657342657343
5744	-0.650349650349651
5745	-0.894230769230769
5746	-0.865384615384616
5747	-0.855769230769231
5748	-0.913461538461539
5749	-0.803321678321678
5750	-0.76486013986014
5751	-0.774475524475525
5752	-0.616258741258742
5753	-0.54458041958042
5754	-0.616258741258742
5755	-0.429195804195805
5756	-0.29020979020979
5757	-0.208916083916084
5758	-0.18006993006993
5759	-0.261363636363636
5760	-0.423951048951049
5761	-0.375874125874126
5762	-0.457167832167832
5763	-0.375874125874126
5764	-0.356643356643357
5765	-0.380244755244755
5766	-0.399475524475525
5767	-0.486013986013986
5768	-0.505244755244755
5769	-0.375874125874126
5770	-0.658216783216784
5771	-0.648601398601399
5772	-0.648601398601399
5773	-0.61013986013986
5774	-0.538461538461539
5775	-0.341783216783217
5776	-0.332167832167832
5777	-0.284090909090909
5778	-0.173951048951049
5779	-0.15472027972028
5780	-0.063811188811189
5781	-0.00174825174825188
5782	-0.0113636363636365
5783	0.060314685314685
5784	0.218531468531468
5785	0.137237762237762
5786	0.108391608391608
5787	0.189685314685314
5788	0.046328671328671
5789	0.075174825174825
5790	0.156468531468531
5791	0.0367132867132867
5792	0.0559440559440558
5793	-0.0349650349650352
5794	-0.04458041958042
5795	-0.04458041958042
5796	-0.063811188811189
5797	-0.0926573426573429
5798	-0.0734265734265735
5799	-0.15472027972028
5800	-0.202797202797203
5801	-0.193181818181819
5802	-0.173951048951049
5803	-0.0253496503496506
5804	-0.0349650349650352
5805	-0.173951048951049
5806	-0.04458041958042
5807	-0.00174825174825188
5808	-0.0113636363636365
5809	-0.0402097902097902
5810	0.0795454545454541
5811	-0.020979020979021
5812	-0.0734265734265735
5813	-0.0541958041958044
5814	-0.125874125874126
5815	-0.0830419580419581
5816	-0.173951048951049
5817	-0.135489510489511
5818	-0.173951048951049
5819	-0.274475524475525
5820	-0.365384615384616
5821	-0.394230769230769
5822	-0.394230769230769
5823	-0.513986013986014
5824	-0.513986013986014
5834	-0.442307692307693
5835	-0.432692307692308
5836	-0.231643356643357
5837	-0.27972027972028
5838	-0.289335664335665
5839	-0.399475524475525
5840	-0.380244755244755
5841	-0.322552447552448
5842	-0.451923076923077
5843	-0.494755244755245
5844	-0.533216783216783
5845	-0.533216783216783
5936	-0.225524475524476
5937	-0.125
5938	-0.125
5939	-0.0576923076923079
5940	-0.0384615384615388
5941	-0.0192307692307694
5942	-0.0288461538461542
5943	-0.11013986013986
6017	0.159090909090909
6018	0.506118881118881
6019	0.604895104895105
6020	0.700174825174825
6021	1.27097902097902
6022	2.36800699300699
6023	3.46503496503496
6024	4.03846153846154
6025	4.2534965034965
6026	4.47814685314685
6027	4.57867132867133
6028	4.82255244755245
6029	4.93706293706293
6030	4.93706293706293
6031	4.93706293706293
6032	4.93706293706293
6033	4.96590909090909
6034	4.98513986013986
6035	4.99475524475524
6036	5.00437062937063
6037	5.0236013986014
6038	5.0236013986014
6039	5.04283216783217
6040	5.06206293706294
6041	5.06206293706294
6042	5.09090909090909
6043	5.09090909090909
6044	5.09090909090909
6045	5.09090909090909
6046	5.11975524475524
6047	5.1486013986014
6048	5.1486013986014
6049	5.1486013986014
6050	5.15821678321678
6051	5.08653846153846
6052	5.19230769230769
6053	4.89597902097902
6054	4.58741258741259
6055	4.5270979020979
6056	4.4798951048951
6057	3.76573426573426
6058	2.69755244755245
6059	1.63898601398601
6060	0.912587412587412
6061	0.726398601398601
