12	0.44947209653092
13	0.495475113122172
14	0.482654600301659
15	0.541478129713424
16	0.639894419306184
17	0.673076923076923
18	0.706259426847662
19	0.739441930618401
20	0.837858220211161
21	0.929864253393665
22	0.975867269984917
23	0.963046757164404
24	1.0026395173454
25	0.944947209653092
26	0.906485671191553
27	0.856334841628959
28	1.07239819004525
29	0.981523378582202
30	0.955882352941176
31	0.884238310708899
32	0.884238310708899
33	0.852187028657617
34	0.982654600301659
35	1.07993966817496
36	0.955882352941176
37	0.968702865761689
38	1.1579939668175
39	0.929110105580694
40	0.857466063348416
41	0.962292609351433
42	0.968702865761689
43	1.00829562594268
44	1.03506787330317
45	1.1131221719457
46	1.23076923076923
47	1.21794871794872
48	1.08748114630468
49	1.04788838612368
50	1.09389140271493
51	1.14630467571644
52	1.20512820512821
53	1.28318250377074
54	1.35482654600302
55	1.38574660633484
56	1.54939668174962
57	1.54939668174962
58	1.64027149321267
59	1.65309200603318
60	1.66704374057315
61	1.60708898944193
62	1.47662141779789
63	1.46380090497738
64	1.45739064856712
65	1.33974358974359
66	1.41138763197587
67	1.3921568627451
68	1.28092006033183
69	1.24886877828054
70	1.10558069381599
71	0.994343891402715
72	0.895927601809954
73	0.941930618401207
74	0.713046757164404
75	1.12594268476621
76	1.14630467571644
77	1.21907993966817
78	1.17307692307692
79	1.12707390648567
80	1.1527149321267
81	1.00301659125189
82	0.97737556561086
83	0.683257918552036
84	0.77526395173454
85	0.788084464555053
86	0.846907993966817
87	0.906862745098039
88	0.926093514328808
89	0.946455505279035
90	1.18815987933635
91	1.10369532428356
92	1.12933634992458
93	1.07692307692308
94	1.12933634992458
95	1.22021116138763
96	1.2790346907994
97	1.52073906485671
98	1.49509803921569
99	1.72398190045249
100	1.53469079939668
101	1.43627450980392
102	1.24585218702866
103	1.20625942684766
104	1.06825037707391
105	1.21794871794872
106	1.25113122171946
107	1.26395173453997
108	1.27677224736048
109	1.43288084464555
110	1.45852187028658
111	1.56975867269985
112	1.80392156862745
113	1.79110105580694
114	1.55580693815988
115	1.7183257918552
116	1.68514328808446
117	1.57277526395173
118	1.63800904977376
119	1.71606334841629
120	1.87971342383107
121	1.91930618401207
122	1.90648567119155
123	1.94607843137255
124	1.78242835595777
125	1.73642533936652
126	1.60482654600302
127	1.539592760181
128	1.70965309200603
129	1.67119155354449
130	1.70324283559578
131	1.81447963800905
132	1.74170437405731
133	1.74170437405731
134	1.75452488687783
135	1.73529411764706
136	1.539592760181
137	1.55882352941176
138	1.460407239819
139	1.3684012066365
140	1.3684012066365
141	1.35558069381599
142	1.24434389140271
143	1.36199095022624
144	1.36199095022624
145	1.2315233785822
146	1.12028657616893
147	0.937405731523379
148	0.878582202111614
149	0.872171945701357
150	0.826168929110106
151	0.792986425339367
152	0.773755656108597
153	0.78657616892911
154	0.838989441930618
155	0.734162895927602
156	0.812217194570136
157	0.825037707390649
158	0.766214177978884
159	0.825037707390649
160	0.812217194570136
161	0.949095022624434
162	1.00150829562594
163	0.975867269984917
164	1.03469079939668
165	0.88499245852187
166	0.806938159879336
167	0.911764705882353
168	1.06900452488688
169	1.06259426847662
170	1.04977375565611
171	1.15460030165913
172	1.27865761689291
173	1.35030165912519
174	1.36953242835596
175	1.32352941176471
176	1.29788838612368
177	1.24547511312217
178	1.15460030165913
179	1.15460030165913
180	1.18024132730015
181	1.12782805429864
182	1.06259426847662
183	1.17383107088989
184	1.16101055806938
185	1.2262443438914
186	1.09577677224736
187	1.18024132730015
188	1.06900452488688
189	1.01018099547511
190	1.03054298642534
191	1.01131221719457
192	1.03054298642534
193	1.04336349924585
194	0.990950226244344
195	1.01659125188537
196	1.15346907993967
197	1.30429864253394
198	1.23265460030166
199	1.20701357466063
200	1.22737556561086
201	1.3578431372549
202	1.41138763197587
203	1.63386123680241
204	1.7579185520362
205	1.75150829562594
206	1.77073906485671
207	1.67986425339366
208	1.93438914027149
209	2.03921568627451
210	1.95475113122172
211	1.99434389140271
212	1.9815233785822
213	2.04675716440422
214	2.00075414781297
215	1.96870286576169
216	2.02752639517345
217	2.0211161387632
218	2.14517345399698
219	2.18363499245852
220	2.14517345399698
221	2.1579939668175
222	2.01470588235294
223	1.9762443438914
224	2.00301659125189
225	1.9185520361991
226	1.85331825037707
227	1.80731523378582
228	1.68966817496229
229	1.71530920060332
230	1.55165912518854
231	1.55806938159879
232	1.59653092006033
233	1.68099547511312
234	1.68740573152338
235	1.57616892911011
236	1.48529411764706
237	1.46606334841629
238	1.43288084464555
239	1.32805429864253
240	1.32805429864253
241	1.37405731523379
242	1.29600301659125
243	1.36764705882353
244	1.36123680241327
245	1.30354449472097
246	1.36877828054299
247	1.54524886877828
248	1.41478129713424
249	1.50037707390649
250	1.51960784313725
251	1.21153846153846
252	1.17835595776772
253	1.38046757164404
254	1.34087481146305
255	1.35369532428356
256	1.26809954751131
257	1.19645550527903
258	1.11085972850679
259	1.2156862745098
260	1.26168929110106
261	1.21681749622926
262	1.14517345399698
263	1.13876319758673
264	1.07993966817496
265	1.1579939668175
266	1.20399698340875
267	1.20399698340875
268	1.14517345399698
269	1.32164404223228
270	1.18476621417798
271	1.17835595776772
272	1.210407239819
273	1.32692307692308
274	1.15686274509804
275	1.19645550527903
276	1.12481146304676
277	1.00716440422323
278	1.1184012066365
279	1.10558069381599
280	0.948340874811463
281	1.00716440422323
282	1.08521870286576
283	1.13122171945701
284	1.07993966817496
285	1.06711915535445
286	0.982654600301659
287	0.911010558069381
288	0.911010558069381
289	0.944193061840121
290	1.06825037707391
291	1.03506787330317
292	1.04260935143288
293	1.30995475113122
294	1.33559577677225
295	1.28318250377074
296	1.23717948717949
297	1.3420060331825
298	1.28318250377074
299	1.12594268476621
300	1.07352941176471
301	1.09276018099548
302	1.17081447963801
303	1.17081447963801
304	1.18363499245852
305	1.0788084464555
306	1.09803921568627
307	1.07767722473605
308	0.973981900452489
309	0.967571644042232
310	1.0788084464555
311	1.15686274509804
312	1.27450980392157
313	1.28092006033183
314	1.28092006033183
315	1.33974358974359
316	1.32692307692308
317	1.31410256410256
318	1.36010558069382
319	1.24245852187029
320	0.980392156862745
321	1.04562594268477
322	1.11726998491704
323	1.24773755656109
324	1.20814479638009
325	1.46266968325792
326	1.59313725490196
327	1.76960784313725
328	1.81561085972851
329	1.79638009049774
330	1.80279034690799
331	1.88838612368024
332	1.92156862745098
333	2.01357466063348
334	2.18363499245852
335	2.13876319758673
336	2.31410256410256
337	2.30015082956259
338	2.30015082956259
339	2.17609351432881
340	2.35143288084465
341	2.44230769230769
342	2.52036199095023
343	2.40912518853695
344	2.43476621417798
345	2.45399698340875
346	2.59087481146305
347	2.66251885369532
348	2.59087481146305
349	2.66892911010558
350	2.66892911010558
351	2.59087481146305
352	2.49245852187029
353	2.37481146304676
354	2.3684012066365
355	2.64969834087481
356	2.57805429864253
357	2.47963800904977
358	2.4079939668175
359	2.42722473604827
360	2.37481146304676
361	2.28280542986425
362	2.56410256410256
363	2.49773755656109
364	2.36726998491704
365	2.36085972850679
366	2.55656108597285
367	2.51696832579186
368	2.38650075414781
369	2.236802413273
370	2.30203619909502
371	2.17797888386124
372	2.236802413273
373	2.24321266968326
374	2.236802413273
375	2.33521870286576
376	2.49886877828054
377	2.33521870286576
378	2.45927601809955
379	2.47209653092006
380	2.69457013574661
381	2.3684012066365
382	1.98981900452489
383	2.04864253393665
384	2.2711161387632
385	2.19947209653092
386	2.21229260935143
387	2.5
388	2.68929110105581
389	2.57805429864253
390	2.76734539969834
391	2.74811463046757
392	2.71493212669683
393	2.65610859728507
394	2.60482654600302
395	2.59841628959276
396	2.77488687782805
397	2.97699849170437
398	2.97058823529412
399	2.96417797888386
400	3.19306184012066
401	3.26470588235294
402	3.2711161387632
403	3.17911010558069
404	3.40158371040724
405	3.25829562594268
406	3.20588235294118
407	3.23906485671192
408	3.47435897435897
409	3.67006033182504
410	3.61123680241327
411	3.46794871794872
412	3.59841628959276
413	3.70965309200603
414	3.42835595776772
415	3.41553544494721
416	3.53318250377074
417	3.45512820512821
418	3.56636500754148
419	3.64441930618401
420	3.81447963800905
421	3.75565610859729
422	3.82730015082956
423	3.80052790346908
424	3.5920060331825
425	3.58559577677225
426	3.61123680241327
427	3.3631221719457
428	3.32352941176471
429	3.19947209653092
430	3.02300150829563
431	2.84012066365008
432	3.10105580693816
433	3.0946455505279
434	2.84653092006033
435	2.65723981900452
436	2.56523378582202
437	2.57164404223228
438	2.65610859728507
439	2.95663650075415
440	2.81975867269985
441	2.93740573152338
442	2.75452488687783
443	2.49245852187029
444	2.44004524886878
445	2.56410256410256
446	2.55769230769231
447	2.37481146304676
448	2.37481146304676
449	2.57051282051282
450	2.51168929110106
451	2.79298642533937
452	2.79939668174962
453	2.7341628959276
454	2.62933634992459
455	2.67533936651584
456	2.71493212669683
457	2.87858220211161
458	2.84653092006033
459	2.67647058823529
460	2.79411764705882
461	2.88612368024133
462	2.94494720965309
463	2.93212669683258
464	2.92571644042232
465	2.80806938159879
466	2.57918552036199
467	2.58559577677225
468	2.59841628959276
469	2.59841628959276
470	2.64441930618401
471	2.6315987933635
472	2.43589743589744
473	2.3578431372549
474	2.41666666666667
475	2.52149321266968
476	2.3974358974359
477	2.36538461538462
478	2.03280542986425
479	2.11085972850679
480	2.20173453996983
481	2.31297134238311
482	2.43061840120664
483	2.55467571644042
484	2.61990950226244
485	2.57390648567119
486	2.49585218702866
487	2.42420814479638
488	2.26809954751131
489	2.41779788838612
490	2.38461538461539
491	2.33861236802413
492	2.32579185520362
493	2.2605580693816
494	2.26696832579186
495	2.10331825037707
496	2.03808446455505
497	2.1685520361991
498	2.0840874811463
499	2.13650075414781
500	2.2605580693816
501	2.2209653092006
502	2.0840874811463
503	2.04449472096531
504	2.05731523378582
505	1.95248868778281
506	1.95135746606335
507	1.95135746606335
508	2.02300150829563
509	1.87217194570136
510	1.67006033182504
511	1.56523378582202
512	1.61764705882353
513	1.67647058823529
514	1.6368778280543
515	1.68288084464555
516	1.46681749622926
517	1.51923076923077
518	1.59087481146305
519	1.61010558069382
520	1.46681749622926
521	1.52564102564103
522	1.66365007541478
523	1.79411764705882
524	1.78129713423831
525	1.78129713423831
526	1.79411764705882
527	1.68929110105581
528	1.57164404223228
529	1.50641025641026
530	1.60369532428356
531	1.5972850678733
532	1.66251885369532
533	1.74057315233786
534	1.5972850678733
535	1.51282051282051
536	1.68288084464555
537	1.73529411764706
538	1.70211161387632
539	1.55241327300151
540	1.55882352941176
541	1.48717948717949
542	1.38989441930618
543	1.55995475113122
544	1.61236802413273
545	1.59954751131222
546	1.5343137254902
547	1.5867269984917
548	1.54713423831071
549	1.36425339366516
550	1.3578431372549
551	1.23378582202112
552	1.21983408748115
553	1.19306184012066
554	1.19947209653092
555	1.38235294117647
556	1.68288084464555
557	1.68288084464555
558	1.77488687782805
559	1.74924585218703
560	1.723604826546
561	1.71078431372549
562	1.71719457013575
563	1.55995475113122
564	1.55995475113122
565	1.54072398190045
566	1.59313725490196
567	1.65837104072398
568	1.72473604826546
569	1.77073906485671
570	1.71191553544495
571	1.69268476621418
572	1.6606334841629
573	1.64140271493213
574	1.66817496229261
575	1.71417797888386
576	1.76659125188537
577	1.66817496229261
578	1.76018099547511
579	1.75377073906486
580	1.68325791855204
581	1.55279034690799
582	1.44796380090498
583	1.20625942684766
584	1.12820512820513
585	0.984917043740573
586	1.06297134238311
587	1.09615384615385
588	1.16779788838612
589	1.50150829562594
590	1.48868778280543
591	1.48227752639517
592	1.49622926093514
593	1.48340874811463
594	1.50904977375566
595	1.39781297134238
596	1.30580693815988
597	1.40309200603318
598	1.3314479638009
599	1.37745098039216
600	1.56674208144796
601	1.44909502262443
602	1.35067873303167
603	1.35708898944193
604	1.45550527903469
605	1.44909502262443
606	1.58597285067873
607	1.69079939668175
608	1.80844645550528
609	1.78921568627451
610	1.85444947209653
611	1.76357466063348
612	1.79562594268477
613	1.67156862745098
614	1.55392156862745
615	1.44909502262443
616	1.1025641025641
617	1.05015082956259
618	1.05015082956259
619	1.10143288084465
620	1.06184012066365
621	1.2447209653092
622	1.21266968325792
623	1.2843137254902
624	1.17307692307692
625	1.19230769230769
626	1.21794871794872
627	1.18476621417798
628	1.19758672699849
629	1.25641025641026
630	1.289592760181
631	1.18476621417798
632	1.03506787330317
633	0.995475113122172
634	0.917420814479638
635	0.871417797888386
636	0.844645550527903
637	0.773001508295626
638	0.825414781297134
639	0.936651583710407
640	1.14630467571644
641	1.19230769230769
642	1.29072398190045
643	1.25754147812971
644	1.38800904977376
645	1.289592760181
646	1.24358974358974
647	1.289592760181
648	1.06711915535445
649	1.19871794871795
650	1.20512820512821
651	1.21266968325792
652	1.19343891402715
653	1.18061840120664
654	1.23303167420814
655	1.29826546003017
656	1.34426847662142
657	1.35708898944193
658	1.3763197586727
659	1.40309200603318
660	1.38914027149321
661	1.32390648567119
662	1.35595776772247
663	1.46078431372549
664	1.61689291101056
665	1.77300150829563
666	1.72058823529412
667	1.56334841628959
668	1.60180995475113
669	1.46493212669683
670	1.56975867269985
671	1.49170437405731
672	1.53770739064857
673	1.59653092006033
674	1.78582202111614
675	1.76659125188537
676	1.7077677224736
677	1.72699849170437
678	1.55165912518854
679	1.77300150829563
680	1.74622926093514
681	1.64781297134238
682	1.57616892911011
683	1.64140271493213
684	1.58257918552036
685	1.63499245852187
686	1.7130467571644
687	1.85633484162896
688	1.79751131221719
689	1.78469079939668
690	1.86915535444947
691	1.79110105580694
692	1.59653092006033
693	1.45324283559578
694	1.43514328808446
695	1.40837104072398
696	1.48114630467572
697	1.513197586727
698	1.58484162895928
699	1.53242835595777
700	1.54524886877828
701	1.32918552036199
702	1.27677224736048
703	1.49811463046757
704	1.51734539969834
705	1.62217194570136
706	1.46493212669683
707	1.3868778280543
708	1.30882352941176
709	1.32805429864253
710	1.1579939668175
711	1.06711915535445
712	1.13235294117647
713	0.975113122171945
714	0.981523378582202
715	0.994343891402715
716	1.12481146304676
717	0.994343891402715
718	0.941930618401207
719	0.948340874811463
720	0.986802413273002
721	0.999622926093514
722	1.10331825037707
723	0.998491704374057
724	0.914027149321267
725	0.777149321266968
726	0.855203619909502
727	0.750377073906485
728	0.952488687782805
729	0.985671191553544
730	0.763197586726998
731	0.743966817496229
732	0.731146304675716
733	0.731146304675716
734	0.743966817496229
735	0.756787330316742
736	0.796380090497738
737	0.855203619909502
738	0.861613876319758
739	0.783559577677225
740	0.82315233785822
741	0.835972850678733
742	0.835972850678733
743	0.777149321266968
744	0.783559577677225
745	0.855203619909502
746	0.835972850678733
747	0.927978883861237
748	0.940799396681749
749	1.07126696832579
750	1.06485671191554
751	1.04562594268477
752	1.29374057315234
753	1.33974358974359
754	1.33974358974359
755	1.20286576168929
756	1.26168929110106
757	1.33974358974359
758	1.35897435897436
759	1.19645550527903
760	1.13122171945701
761	1.15686274509804
762	1.3921568627451
763	1.47021116138763
764	1.43702865761689
765	1.47662141779789
766	1.47662141779789
767	1.42420814479638
768	1.4894419306184
769	1.4894419306184
770	1.37820512820513
771	1.47549019607843
772	1.43589743589744
773	1.37066365007541
774	1.31184012066365
775	1.18137254901961
776	1.17496229260935
777	1.07767722473605
778	1.05844645550528
779	0.791101055806938
780	0.660633484162896
781	0.660633484162896
782	0.614630467571644
783	0.555806938159879
784	0.41892911010558
785	0.425339366515837
786	0.426470588235294
787	0.576168929110106
788	0.660633484162896
789	0.406108597285068
790	0.393288084464555
791	0.510935143288084
792	0.406108597285068
793	0.452111613876319
794	0.458521870286576
795	0.25
796	0.211538461538461
797	0.211538461538461
798	0.0682503770739062
799	0.0297888386123678
800	0.0501508295625942
801	0.0437405731523377
802	0.0833333333333333
803	-0.0535444947209655
804	-0.0663650075414783
805	-0.144419306184012
806	-0.157239819004525
807	-0.0663650075414783
808	0.0116892911010555
809	0.0576923076923076
810	-0.00113122171945712
811	0.00527903469079927
812	0.0245098039215685
813	-0.0535444947209655
814	-0.0407239819004526
815	-0.163650075414781
816	-0.0844645550527905
817	-0.194570135746606
818	-0.200980392156863
819	-0.142156862745098
820	-0.233031674208145
821	-0.0833333333333335
822	-0.108974358974359
823	-0.102564102564103
824	-0.0373303167420818
825	-0.0373303167420818
826	-0.0437405731523379
827	-0.0052790346907996
828	-0.0705128205128207
829	-0.122926093514329
830	-0.0576923076923077
831	-0.0384615384615388
832	0.150829562594268
833	0.150829562594268
834	0.241704374057315
835	0.221342383107089
836	0.208521870286576
837	0.214932126696832
838	0.28657616892911
839	0.292986425339366
840	0.358220211161388
841	0.351809954751131
842	0.423453996983408
843	0.325037707390648
844	0.298265460030166
845	0.225490196078431
846	0.166666666666667
847	0.192307692307692
848	0.100301659125188
849	0.191176470588235
850	0.301282051282051
851	0.333333333333333
852	0.385746606334842
853	0.385746606334842
854	0.470211161387632
855	0.529034690799396
856	0.770739064856712
857	0.829562594268476
858	0.960030165912519
859	0.764328808446455
860	0.783559577677225
861	0.718325791855203
862	0.705505279034691
863	0.803921568627451
864	0.875565610859729
865	1.06485671191554
866	1.1236802413273
867	1.05844645550528
868	0.895927601809954
869	0.881975867269985
870	0.894796380090498
871	0.985671191553544
872	1.04449472096531
873	1.13009049773756
874	1.20814479638009
875	1.25414781297134
876	1.20173453996983
877	1.30015082956259
878	1.27450980392157
879	1.32051282051282
880	1.38574660633484
881	1.31410256410256
882	1.24886877828054
883	1.01357466063348
884	0.908748114630467
885	0.791101055806938
886	0.830693815987934
887	0.903469079939668
888	0.786953242835596
889	0.786953242835596
890	0.604072398190045
891	0.519607843137255
892	0.336726998491704
893	0.252262443438914
894	0.233031674208145
895	0.47473604826546
896	0.493966817496229
897	0.461915535444947
898	0.39027149321267
899	0.325037707390648
900	0.27262443438914
901	0.220211161387632
902	0.103695324283559
903	0.110105580693816
904	-0.00754147812971362
905	-0.0727752639517347
906	-0.184012066365008
907	-0.249245852187029
908	-0.308069381598793
909	-0.340120663650076
910	-0.333710407239819
911	-0.267345399698341
912	-0.299396681749623
913	-0.364630467571644
914	-0.514328808446456
915	-0.456636500754148
916	-0.378582202111614
917	-0.359351432880845
918	-0.346530920060332
919	-0.405354449472097
920	-0.450226244343892
921	-0.391402714932127
924	-0.340120663650076
925	-0.31447963800905
926	-0.308069381598793
927	-0.203242835595777
928	-0.222473604826546
929	-0.21606334841629
930	-0.177601809954751
931	-0.11236802413273
932	-0.125188536953243
933	-0.138009049773756
934	-0.157239819004525
935	-0.189291101055807
936	-0.0588235294117647
937	0.0256410256410253
938	-0.0920060331825041
939	-0.0663650075414783
940	0.00527903469079927
941	0.102564102564102
942	0.115384615384615
943	0.128205128205128
944	0.166666666666667
945	0.198717948717949
946	0.217948717948718
947	0.120663650075415
948	0.171945701357466
949	0.125942684766214
950	0.178355957767722
951	0.0158371040723981
952	0.0350678733031674
953	0.0222473604826545
954	-0.114630467571644
955	-0.101809954751131
956	0.0874811463046756
957	0.14630467571644
958	0.00942684766214164
959	-0.00980392156862742
960	0.00942684766214164
961	0.0478883861236802
962	0.0863499245852187
963	0.0199849170437405
964	-0.0388386123680242
965	0.0328054298642534
966	0.0980392156862745
967	0.0456259426847663
968	0.0916289592760181
969	0.0659879336349924
970	0.0531674208144797
971	0.0403469079939668
972	-0.0109351432880845
973	0.0350678733031674
974	0.028657616892911
975	0.0607088989441931
976	0.0542986425339366
977	-0.0761689291101056
978	-0.0953996983408749
979	-0.0697586726998493
980	-0.082579185520362
981	-0.109351432880845
982	-0.0312971342383107
983	-0.142533936651584
1011	-0.0784313725490198
1012	0.1236802413273
1013	0.0916289592760181
1014	0.0852187028657616
1015	0.118401206636501
1016	0.118401206636501
1017	0.111990950226244
1018	0.105580693815988
1019	0.0991704374057315
1020	0.157993966817496
1021	0.223227752639517
1022	0.223227752639517
1023	0.248868778280543
1024	0.255279034690799
1025	0.261689291101056
1026	0.326923076923077
1027	0.346153846153846
1028	0.346153846153846
1029	0.333333333333333
1030	0.274509803921569
1031	0.287330316742081
1032	0.365384615384615
1033	0.358974358974359
1034	0.280920060331825
1035	0.268099547511312
1036	0.0788084464555052
1037	0.013574660633484
1038	-0.0388386123680242
1043	-0.0901206636500754
1044	-0.0312971342383107
1045	0.00829562594268474
1046	0.0211161387631976
1047	-0.0248868778280544
1048	-0.00565610859728505
1049	-0.0248868778280544
1050	-0.0184766214177979
1051	-0.0633484162895929
1052	0.00188536953242835
1053	-0.082579185520362
1054	-0.108220211161388
1055	-0.0889894419306184
1056	-0.082579185520362
1057	-0.0237556561085973
1058	0.0478883861236802
1059	0.00188536953242835
1060	-0.00452488687782815
1061	-0.00452488687782815
1062	-0.0697586726998493
1063	-0.05052790346908
1064	-0.0441176470588235
1065	0.0211161387631976
1066	-0.0184766214177979
1067	-0.00565610859728505
1068	0.0263951734539969
1069	0.0776772247360483
1070	-0.0848416289592762
1071	-0.0131975867269984
1072	-0.0784313725490198
1073	0.0188536953242836
1074	0.0380844645550527
1075	-0.0335595776772248
1076	0.00603318250377072
1077	0.0904977375565611
1078	0.0776772247360483
1079	0.02526395173454
1080	0.1236802413273
1081	0.1236802413273
1082	0.136500754147813
1083	0.287330316742081
1084	0.274509803921569
1085	0.209276018099547
1086	0.144042232277526
1087	0.13763197586727
1088	0.105580693815988
1089	0.0799396681749623
1090	0.027526395173454
1091	0.0211161387631976
1092	-0.05052790346908
1093	-0.0697586726998493
1094	-0.0569381598793364
1095	-0.082579185520362
1096	-0.179864253393665
1097	-0.153092006033183
1098	-0.225867269984917
1099	-0.213046757164404
1108	-0.309200603318251
1109	-0.21078431372549
1115	-0.270739064856712
1116	-0.167043740573153
1117	-0.141402714932127
1118	-0.101809954751131
1119	-0.0953996983408749
1120	-0.0889894419306184
1121	-0.0889894419306184
1122	-0.114630467571644
1123	-0.0622171945701359
1124	-0.0429864253393666
1125	0.0414781297134238
1126	0.0554298642533935
1127	0.0361990950226243
1128	0.107843137254902
1129	0.133484162895927
1130	0.06184012066365
1131	0.159125188536953
1132	0.152714932126697
1133	0.230769230769231
1134	0.171945701357466
1135	0.093891402714932
1136	-0.00452488687782815
1137	0.157993966817496
1138	0.073529411764706
1139	0.0671191553544495
1140	0.145173453996983
1141	0.229638009049774
1142	0.307692307692307
1143	0.23604826546003
1144	0.216817496229261
1145	0.145173453996983
1146	0.157993966817496
1147	0.113122171945701
1148	0.106711915535445
1149	0.184766214177979
1150	0.184766214177979
1151	0.191176470588235
1152	0.138763197586727
1153	0.184766214177979
1154	0.256410256410256
1155	0.269230769230769
1156	0.289592760180995
1157	0.34841628959276
1158	0.296003016591252
1159	0.296003016591252
1160	0.329185520361991
1161	0.303544494720965
1162	0.309954751131221
1163	0.421191553544495
1164	0.36236802413273
1165	0.467194570135747
1166	0.512066365007541
1167	0.524886877828054
1168	0.478883861236802
1169	0.335595776772247
1170	0.570889894419306
1171	0.56447963800905
1172	0.570889894419306
1173	0.616892911010558
1174	0.64894419306184
1175	0.929110105580694
1176	0.994343891402715
1177	1.05957767722474
1178	1.10558069381599
1179	1.19117647058824
1180	1.13876319758673
1181	1.15158371040724
1182	1.22322775263952
1183	1.21681749622926
1184	1.20286576168929
1185	1.20286576168929
1186	1.22850678733032
1187	1.26168929110106
1188	1.26168929110106
1189	1.24773755656109
1190	1.18250377073907
1191	1.24132730015083
1192	1.16855203619909
1193	1.16855203619909
1194	1.14291101055807
1195	1.22737556561086
1196	1.2209653092006
1197	0.992081447963801
1198	1.00490196078431
1199	1.06372549019608
1200	1.04449472096531
1201	1.12254901960784
1202	0.868024132730015
1203	0.763197586726998
1204	0.691553544494721
1205	0.651960784313726
1206	0.566365007541478
1207	0.579185520361991
1208	0.520361990950226
1209	0.421945701357466
1210	0.356711915535445
1211	0.388763197586727
1212	0.317119155354449
1213	0.291478129713424
1214	0.121417797888386
1215	0.193061840120664
1216	0.193061840120664
1217	0.186651583710407
1218	0.0818250377073905
1219	0.126696832579185
1220	0.126696832579185
1224	0.0625942684766212
1225	0.11500754147813
1226	0.167420814479638
1227	0.11500754147813
1228	0.0690045248868776
1229	0.127828054298642
1230	0.173831070889894
1231	0.089366515837104
1232	0.0241327300150828
1233	-0.0271493212669685
1234	-0.0784313725490198
1235	-0.051659125188537
1236	0.124811463046757
1237	0.0671191553544495
1238	0.100301659125188
1239	0.0810708898944191
1240	0.100301659125188
1241	0.0746606334841627
1242	-0.00339366515837114
1243	-0.0162141779788839
1244	-0.0750377073906486
1245	-0.0750377073906486
1246	0.0426093514328807
1247	0.0297888386123678
1248	0.153846153846154
1249	0.095022624434389
1250	0.147435897435897
1251	0.062971342383107
1252	-0.0471342383107092
1253	-0.1263197586727
1254	-0.119909502262443
1255	-0.132730015082956
1256	-0.21078431372549
1257	-0.236425339366516
1258	-0.230015082956259
1259	-0.236425339366516
1260	-0.217194570135747
1261	-0.21078431372549
1262	-0.223604826546003
1312	-0.570889894419306
1313	-0.577300150829563
1314	-0.558069381598793
1315	-0.531297134238311
1316	-0.499245852187029
1317	-0.473604826546003
1318	-0.473604826546003
1319	-0.512066365007542
1320	-0.499245852187029
1321	-0.486425339366516
1322	-0.500377073906486
1323	-0.461915535444947
1324	-0.481146304675717
1325	-0.455505279034691
1326	-0.500377073906486
1327	-0.422322775263952
1328	-0.518476621417798
1329	-0.453242835595777
1330	-0.453242835595777
1331	-0.531297134238311
1332	-0.577300150829563
1333	-0.647812971342383
1334	-0.647812971342383
1336	-0.65422322775264
1337	-0.622171945701358
1338	-0.719457013574661
1345	-0.647812971342383
1346	-0.673453996983409
1347	-0.595399698340875
1348	-0.581447963800905
1349	-0.672322775263952
1350	-0.737556561085973
1351	-0.705505279034691
1352	-0.608220211161388
1353	-0.614630467571644
1354	-0.641402714932127
1355	-0.628582202111614
1356	-0.591251885369533
1357	-0.473604826546003
1358	-0.389140271493213
1359	-0.3763197586727
1360	-0.325037707390649
1361	-0.241704374057315
1362	-0.273755656108598
1363	-0.391402714932127
1364	-0.417043740573153
1365	-0.40422322775264
1366	-0.391402714932127
1367	-0.423453996983409
1368	-0.280165912518854
1369	-0.280165912518854
1370	-0.254524886877828
1371	-0.248114630467572
1372	-0.450226244343892
1373	-0.241704374057315
1374	-0.21606334841629
1375	-0.150829562594269
1376	-0.0995475113122172
1377	-0.0343137254901962
1378	0.0437405731523377
1379	-0.0471342383107092
1380	0.0705128205128203
1381	0.064102564102564
1382	0.0769230769230769
1383	0.285444947209653
1384	0.298265460030166
1385	0.245852187028657
1386	0.239441930618401
1387	0.266214177978883
1388	0.3710407239819
1389	0.417043740573152
1390	0.423453996983408
1391	0.514328808446455
1392	0.631975867269985
1393	0.749622926093514
1394	0.886500754147813
1395	0.924962292609351
1396	0.97737556561086
1397	0.97737556561086
1398	1.0158371040724
1399	1.08107088989442
1400	1.00188536953243
1401	0.943061840120664
1402	0.83182503770739
1403	0.819004524886878
1404	0.728129713423831
1405	0.7473604826546
1406	0.702488687782805
1407	0.650075414781297
1408	0.66289592760181
1409	0.793363499245852
1410	0.623303167420814
1411	0.518476621417798
1412	0.512066365007541
1413	0.505656108597285
1414	0.434012066365007
1415	0.329185520361991
1416	0.2447209653092
1417	0.25867269984917
1418	0.265082956259426
1419	0.121794871794872
1420	0.200980392156862
1421	0.103695324283559
1422	-0.00113122171945712
1423	-0.00113122171945712
1424	-0.0279034690799399
1425	-0.0407239819004526
1426	-0.177601809954751
1427	-0.21078431372549
1428	-0.158371040723982
1429	-0.177601809954751
1430	-0.171191553544495
1431	-0.184012066365008
1432	-0.242835595776772
1433	-0.262066365007541
1434	-0.184012066365008
1435	-0.190422322775264
1436	-0.352941176470588
1437	-0.359351432880845
1438	-0.340120663650076
1439	-0.346530920060332
1440	-0.372171945701358
1441	-0.346530920060332
1442	-0.365761689291101
1443	-0.372171945701358
1444	-0.359351432880845
1445	-0.31447963800905
1446	-0.150829562594269
1447	-0.184012066365008
1448	-0.230015082956259
1449	-0.172322775263952
1450	-0.113499245852187
1451	-0.0867269984917045
1452	-0.0407239819004526
1453	-0.00226244343891413
1454	-0.0343137254901962
1455	-0.131598793363499
1456	-0.150829562594269
1457	-0.0331825037707394
1458	0
1459	0.136877828054298
1460	0.0855957767722471
1461	0.0460030165912517
1462	0.065233785822021
1463	0.104826546003016
1464	0.117647058823529
1465	0.149698340874811
1466	0.18288084464555
1467	0.170060331825037
1468	0.208521870286576
1469	0.267345399698341
1470	0.463046757164404
1471	0.442684766214178
1472	0.39027149321267
1473	0.213800904977375
1474	0.062971342383107
1475	0.180618401206636
1476	0.239441930618401
1477	0.161387631975867
1478	0.096153846153846
1479	0.101432880844645
1480	0.14630467571644
1481	0.270361990950226
1482	0.283182503770739
1483	0.34841628959276
1484	0.25
1485	0.178355957767722
1486	0.125942684766214
1487	0.302413273001508
1488	0.288461538461538
1489	0.301282051282051
1490	0.23604826546003
1491	0.326923076923077
1492	0.346153846153846
1493	0.312971342383107
1494	0.42420814479638
1495	0.443438914027149
1496	0.371794871794872
1497	0.196455505279035
1498	0.234917043740573
1499	0.22209653092006
1500	0.202865761689291
1501	0.164404223227752
1502	0.15158371040724
1503	0.0607088989441931
1504	-0.0109351432880845
1505	-0.0429864253393666
1506	-0.0493966817496231
1507	-0.0558069381598794
1508	-0.121040723981901
1509	-0.153092006033183
1510	-0.205505279034691
1511	-0.22473604826546
1512	-0.231146304675717
1513	-0.22473604826546
1522	-0.21606334841629
1523	-0.176470588235294
1524	-0.182880844645551
1525	-0.124057315233786
1526	-0.0908748114630469
1527	-0.142156862745098
1528	-0.110105580693816
1529	-0.214932126696833
1530	-0.110105580693816
1531	-0.011689291101056
1532	0.0150829562594266
1533	0.138009049773755
1534	0.144419306184012
1535	0.131598793363499
1536	0.209653092006033
1537	0.222473604826546
1538	0.249245852187029
1539	0.333710407239819
1540	0.274886877828054
1541	0.268476621417798
1542	0.548642533936652
1543	0.796757164404223
1544	0.763574660633484
1545	0.763574660633484
1546	0.743212669683258
1547	0.78921568627451
1548	0.67156862745098
1549	0.461915535444947
1550	0.435143288084465
1551	0.395550527903469
1552	0.395550527903469
1553	0.403092006033183
1554	0.493966817496229
1555	0.532428355957767
1556	0.565610859728507
1557	0.572021116138763
1558	0.551659125188537
1559	0.505656108597285
1560	0.570889894419306
1561	0.577300150829562
1562	0.558069381598793
1563	0.492835595776772
1564	0.493966817496229
1565	0.618024132730015
1566	0.64366515837104
1567	0.702488687782805
1568	0.774132730015083
1569	0.630844645550528
1570	0.389140271493213
1571	0.363499245852187
1572	0.428733031674208
1573	0.409502262443439
1574	0.318627450980392
1575	0.396681749622926
1576	0.442684766214178
1577	0.442684766214178
1578	0.449095022624434
1579	0.39027149321267
1580	0.331447963800905
1581	0.357088989441931
1582	0.369909502262443
1583	0.336726998491704
1584	0.231900452488688
1585	0.198717948717949
1586	0.26395173453997
1587	0.107843137254902
1588	0.257541478129713
1589	0.342006033182503
1590	0.34841628959276
1591	0.296003016591252
1592	0.157993966817496
1593	0.177224736048265
1594	0.0799396681749623
1595	0.073529411764706
1596	-0.0109351432880845
1597	0.0211161387631976
1598	-0.0173453996983409
1599	-0.0558069381598794
1600	-0.139140271493213
1601	-0.190422322775264
1602	-0.223604826546003
1603	-0.269607843137255
1604	-0.237556561085973
1605	-0.171191553544495
1606	-0.177601809954751
1607	0.0116892911010555
1608	-0.0279034690799399
1609	0.0309200603318248
1610	0.0512820512820511
1611	0.116515837104072
1612	0.0908748114630468
1613	0.08446455505279
1614	0.065233785822021
1615	0.143288084464555
1616	0.0384615384615382
1617	0.0256410256410253
1618	0.065233785822021
1619	0.0716440422322774
1620	0.0128205128205127
1621	0.0780542986425339
1622	0.103695324283559
1623	0.064102564102564
1624	0.0833333333333333
1625	0.0897435897435895
1626	0.0693815987933635
1627	0.107843137254902
1628	0.256410256410256
1629	0.307692307692307
1630	0.346153846153846
1631	0.346153846153846
1632	0.228506787330317
1633	0.266968325791855
1634	0.0380844645550527
1635	0.0124434389140271
1636	-0.00678733031674217
1637	-0.0848416289592762
1638	-0.0784313725490198
1639	-0.097662141779789
1640	-0.104072398190046
1641	-0.00565610859728505
1650	0.11500754147813
1651	0.11500754147813
1652	0.11500754147813
1653	0.154600301659125
1654	0.148190045248869
1655	0.181372549019608
1656	0.233785822021116
1657	0.22737556561086
1658	0.319381598793363
1659	0.384615384615385
1660	0.384615384615385
1661	0.384615384615385
1662	0.430618401206637
1663	0.384615384615385
1664	0.403846153846154
1665	0.351432880844646
1666	0.357843137254902
1667	0.343891402714932
1668	0.245475113122172
1669	0.232654600301659
1670	0.21342383107089
1671	0.219834087481146
1672	0.207013574660633
1673	0.219834087481146
1674	0.135369532428356
1675	0.0637254901960784
1676	0.181372549019608
1677	0.0049019607843136
1678	-0.0463800904977377
1679	-0.0592006033182506
1681	-0.0848416289592762
1687	-0.0912518853695327
1688	-0.123303167420815
1689	-0.136123680241327
1690	-0.142533936651584
1691	-0.16817496229261
1692	-0.174585218702866
1693	-0.128582202111614
1694	-0.173453996983409
1695	-0.199095022624434
1696	-0.081447963800905
1697	-0.0942684766214178
1698	-0.0686274509803921
1699	0.0822021116138762
1700	0.0309200603318248
1701	-0.00754147812971362
1702	-0.00113122171945712
1703	-0.104826546003017
1704	-0.143288084464555
1705	-0.10369532428356
1706	-0.0844645550527905
1707	0.00641025641025628
1708	-0.0652337858220213
1709	-0.136877828054299
1710	-0.176470588235294
1711	-0.20211161387632
1712	-0.111236802413273
1713	-0.267345399698341
1714	-0.372171945701358
1715	-0.397812971342383
1716	-0.378582202111614
1717	-0.294117647058823
1718	-0.319758672699849
1719	-0.332579185520362
1720	-0.397812971342383
1721	-0.383861236802413
1722	-0.364630467571644
1723	-0.527149321266969
1724	-0.546380090497738
1725	-0.539969834087481
1737	-0.365761689291101
1738	-0.410633484162896
1739	-0.482277526395174
1740	-0.442684766214178
1741	-0.254524886877828
1742	-0.149698340874812
1743	-0.0844645550527905
1744	-0.130467571644042
1745	-0.162518853695324
1746	-0.136877828054299
1747	-0.149698340874812
1748	-0.208521870286576
1749	-0.157239819004525
1750	-0.20211161387632
1751	-0.163650075414781
1752	-0.176470588235294
1753	-0.235294117647059
1754	-0.190422322775264
1755	-0.217194570135747
1756	-0.113499245852187
1757	-0.21078431372549
1758	-0.236425339366516
1759	-0.230015082956259
1760	-0.230015082956259
1761	-0.184012066365008
1762	-0.184012066365008
1763	-0.144419306184012
1764	-0.268476621417798
1765	-0.30052790346908
1766	-0.260935143288085
1767	-0.267345399698341
1768	-0.313348416289593
1769	-0.48868778280543
1774	-0.572021116138763
1775	-0.533559577677225
1776	-0.47473604826546
1777	-0.447963800904977
1778	-0.298265460030166
1779	-0.311085972850679
1780	-0.368778280542987
1781	-0.388009049773756
1782	-0.342006033182504
1783	-0.407239819004525
1784	-0.342006033182504
1785	-0.276772247360483
1786	-0.238310708898944
1787	-0.166666666666667
1788	-0.284313725490196
1789	-0.36236802413273
1790	-0.375188536953243
1791	-0.342006033182504
1792	-0.296003016591252
1793	-0.217948717948718
1794	-0.276772247360483
1795	-0.316365007541478
1796	-0.244720965309201
1797	-0.206259426847662
1798	-0.128205128205128
1799	-0.147435897435898
1800	-0.141025641025641
1801	-0.205128205128205
1802	-0.139894419306184
1803	-0.0810708898944195
1804	0.0109351432880844
1805	-0.0478883861236805
1806	-0.105580693815988
1807	-0.124811463046757
1808	0.109351432880844
1809	0.154223227752639
1810	0.147812971342383
1811	0.147812971342383
1812	0.199095022624434
1813	0.329562594268476
1814	0.264328808446455
1815	0.277149321266968
1816	0.32315233785822
1817	0.251508295625943
1818	0.277149321266968
1819	0.50603318250377
1820	0.401206636500754
1821	0.401206636500754
1822	0.446078431372549
1823	0.478129713423831
1824	0.510180995475113
1825	0.48340874811463
1826	0.5026395173454
1827	0.548642533936652
1828	0.509049773755656
1829	0.482277526395173
1830	0.423453996983408
1831	0.409502262443439
1832	0.519607843137255
1833	0.656485671191553
1834	0.86500754147813
1835	0.688536953242835
1836	0.726998491704374
1837	0.740950226244344
1838	0.682126696832579
1839	0.661764705882353
1840	0.570889894419306
1841	0.590120663650075
1842	0.602941176470588
1843	0.537707390648567
1844	0.622171945701357
1845	0.595399698340875
1846	0.288461538461538
1847	0.302413273001508
1848	0.270361990950226
1849	0.180618401206636
1850	0.096153846153846
1851	0.0769230769230769
1852	0.103695324283559
1853	0.103695324283559
1854	0.032051282051282
1855	0.0192307692307692
1856	0.138009049773755
1857	0.0343137254901957
1858	-0.0897435897435899
1859	-0.17420814479638
1860	-0.101432880844646
1861	-0.309954751131222
1862	-0.354826546003017
1863	-0.413650075414781
1864	-0.445701357466063
1865	-0.36764705882353
1866	-0.361236802413273
1867	-0.426470588235294
1868	-0.445701357466063
1869	-0.43288084464555
1870	-0.374057315233786
1871	-0.426470588235294
1872	-0.439291101055807
1873	-0.439291101055807
1874	-0.491704374057315
1875	-0.459653092006033
1876	-0.388009049773756
1877	-0.239441930618401
1878	-0.245852187028658
1879	-0.285444947209653
1880	-0.304675716440422
1881	-0.331447963800905
1882	-0.285444947209653
1883	-0.383861236802413
1884	-0.280165912518854
1885	-0.260935143288085
1886	-0.30052790346908
1923	-0.661764705882353
1924	-0.687405731523379
1925	-0.777149321266968
1926	-0.731146304675716
1927	-0.763197586726999
1928	-0.841251885369533
1929	-0.822021116138763
1930	-0.809200603318251
1943	-0.834841628959276
1946	-0.745098039215687
1947	-0.725867269984917
1948	-0.647812971342383
1949	-0.745098039215687
1957	-0.520739064856712
1962	-0.495098039215687
1963	-0.417043740573153
1964	-0.417043740573153
1965	-0.28657616892911
1966	-0.292986425339366
1967	-0.292986425339366
1968	-0.267345399698341
1969	-0.267345399698341
1970	-0.299396681749623
1971	-0.292986425339366
1972	-0.240573152337858
1973	-0.351809954751131
1974	-0.313348416289593
1975	-0.306938159879336
1976	-0.21606334841629
1977	-0.171191553544495
1978	-0.287707390648567
1979	-0.268476621417798
1980	-0.242835595776772
1981	-0.262066365007541
1982	-0.294117647058823
1983	-0.333710407239819
1984	-0.379713423831071
1985	-0.39894419306184
1986	-0.379713423831071
1987	-0.41817496229261
1988	-0.378582202111614
1989	-0.359351432880845
1990	-0.41817496229261
1991	-0.365761689291101
1992	-0.424585218702866
1993	-0.475867269984917
1994	-0.469457013574661
1995	-0.391402714932127
1996	-0.417043740573153
1997	-0.475867269984917
1998	-0.456636500754148
1999	-0.372171945701358
2000	-0.365761689291101
2001	-0.38499245852187
2002	-0.364630467571644
2003	-0.28657616892911
2004	-0.28657616892911
2005	-0.273755656108598
2006	-0.130467571644042
2007	-0.208521870286576
2008	-0.189291101055807
2009	-0.176470588235294
2010	-0.138009049773756
2011	-0.0791855203619912
2012	-0.01395173453997
2013	0.0576923076923076
2014	0.032051282051282
2015	0.0897435897435895
2016	0.0705128205128203
2017	0.0833333333333333
2018	0.0897435897435895
2019	0.0437405731523377
2020	0.0693815987933635
2021	0.107843137254902
2022	-0.00339366515837114
2023	0.028657616892911
2024	0.0799396681749623
2025	0.092760180995475
2026	-0.0377073906485671
2027	0.0211161387631976
2028	0.027526395173454
2029	0.124811463046757
2030	0.0392156862745098
2031	0.0456259426847663
2032	0.0392156862745098
2033	-0.104072398190046
2034	-0.129713423831071
2035	-0.14894419306184
2036	-0.0773001508295627
2037	-0.0644796380090498
2038	-0.129713423831071
2041	-0.0720211161387633
2042	-0.104072398190046
2045	-0.104072398190046
2046	-0.0848416289592762
2047	-0.116892911010558
2048	0.0199849170437405
2049	0.00075414781297134
2050	0.00716440422322773
2051	0.0467571644042232
2052	0.0211161387631976
2053	-0.00452488687782815
2054	-0.0248868778280544
2055	-0.0633484162895929
2056	-0.187405731523379
2057	-0.200226244343892
2058	-0.0569381598793364
2059	-0.0697586726998493
2060	-0.0109351432880845
2061	0.0810708898944191
2062	0.14630467571644
2063	0.16553544494721
2064	0.139894419306184
2065	0.120663650075415
2066	0.152714932126697
2067	0.125942684766214
2068	0.0542986425339366
2069	0.0542986425339366
2070	0.100301659125188
2071	0.152714932126697
2072	0.0350678733031674
2073	0.0350678733031674
2074	0.0607088989441931
2075	-0.05052790346908
2076	-0.0569381598793364
2077	-0.0633484162895929
2078	-0.167043740573153
2079	-0.0761689291101056
2080	-0.082579185520362
2081	-0.0569381598793364
2082	-0.108220211161388
2083	-0.101809954751131
2084	-0.0686274509803921
2085	-0.147812971342383
2086	-0.0953996983408749
2087	-0.15422322775264
2091	-0.205505279034691
2092	-0.00339366515837114
2093	-0.00980392156862742
2094	-0.0162141779788839
2095	-0.0674962292609351
2096	-0.119909502262443
2097	-0.204374057315234
2098	-0.288838612368024
2099	-0.249245852187029
2100	-0.249245852187029
2101	-0.249245852187029
2102	-0.281297134238311
2103	-0.241704374057315
2104	-0.248114630467572
2105	-0.273755656108598
2106	-0.30052790346908
2107	-0.182880844645551
2108	-0.157239819004525
2109	-0.157239819004525
2110	-0.151960784313726
2111	-0.139140271493213
2112	-0.132730015082956
2113	-0.236425339366516
2114	-0.125188536953243
2115	0.0448717948717947
2116	-0.0460030165912521
2117	-0.00641025641025661
2118	-0.0460030165912521
2119	-0.235294117647059
2120	-0.203242835595777
2121	-0.196832579185521
2122	-0.177601809954751
2123	-0.177601809954751
2124	-0.184012066365008
2125	-0.119909502262443
2126	-0.172322775263952
2127	-0.146681749622926
2128	-0.153092006033183
2129	-0.146681749622926
2130	-0.186274509803922
2131	-0.15422322775264
2132	-0.160633484162896
2133	-0.141402714932127
2137	-0.23868778280543
2138	-0.270739064856712
2139	-0.264328808446456
2140	-0.302790346907994
2212	-0.552790346907994
2213	-0.514328808446456
2214	-0.461915535444947
2215	-0.461915535444947
2216	-0.436274509803922
2217	-0.319758672699849
2218	-0.273755656108598
2219	-0.30052790346908
2220	-0.274886877828054
2221	-0.262066365007541
2222	-0.333710407239819
2226	-0.347662141779789
2227	-0.296380090497738
2228	-0.251508295625943
2229	-0.225867269984917
2300	-0.802790346907994
2301	-0.783559577677225
2302	-0.745098039215687
2303	-0.757918552036199
2304	-0.783559577677225
2305	-0.757918552036199
2306	-0.732277526395174
2307	-0.751508295625943
2308	-0.699095022624434
2309	-0.679864253393665
2310	-0.65422322775264
2311	-0.667043740573153
2312	-0.628582202111614
2313	-0.602941176470588
2314	-0.526018099547512
2315	-0.468325791855204
2316	-0.423453996983409
2317	-0.429864253393665
2320	-0.469457013574661
2371	-0.386123680241328
2372	-0.32843137254902
2373	-0.282428355957768
2374	-0.230015082956259
2375	-0.184012066365008
2376	-0.196832579185521
2377	-0.203242835595777
2378	-0.281297134238311
2379	-0.223604826546003
2380	-0.1263197586727
2381	-0.139140271493213
2382	-0.1263197586727
2383	-0.132730015082956
2384	-0.237556561085973
2385	-0.263197586726999
2386	-0.223604826546003
2387	-0.131598793363499
2388	-0.21606334841629
2389	-0.268476621417798
2390	-0.150829562594269
2391	-0.117647058823529
2392	-0.012820512820513
2393	-0.012820512820513
2394	-0.111236802413273
2395	-0.0331825037707394
2396	-0.0460030165912521
2397	-0.0780542986425341
2398	-0.189291101055807
2399	-0.195701357466063
2400	-0.260935143288085
2401	-0.313348416289593
2402	-0.281297134238311
2403	-0.222473604826546
2404	-0.130467571644042
2405	-0.130467571644042
2406	-0.136877828054299
2407	-0.168929110105581
2408	-0.175339366515837
2409	-0.143288084464555
2410	-0.0780542986425341
2411	-0.0588235294117647
2412	-0.00641025641025661
2413	-0.0384615384615388
2414	-0.136877828054299
2415	-0.175339366515837
2416	-0.143288084464555
2417	-0.240573152337858
2418	-0.273755656108598
2419	-0.397812971342383
2420	-0.319758672699849
2421	-0.332579185520362
2422	-0.273755656108598
2423	-0.189291101055807
2424	-0.189291101055807
2425	-0.150829562594269
2426	-0.117647058823529
2427	-0.0448717948717949
2428	0.00754147812971317
2429	0.0139517345399698
2430	-0.0705128205128207
2431	-0.110105580693816
2432	-0.0716440422322777
2433	-0.0588235294117647
2434	-0.0920060331825041
2435	-0.0855957767722474
2436	-0.0920060331825041
2437	-0.228883861236802
2438	-0.267345399698341
2439	-0.345399698340875
2440	-0.351809954751131
2441	-0.273755656108598
2442	-0.267345399698341
2443	-0.144419306184012
2444	-0.248114630467572
2445	-0.280165912518854
2446	-0.350678733031674
2447	-0.357088989441931
2448	-0.29185520361991
2449	-0.357088989441931
2450	-0.3763197586727
2451	-0.344268476621418
2452	-0.401960784313726
2453	-0.531297134238311
2454	-0.629713423831071
2484	-0.769607843137255
2485	-0.769607843137255
2486	-0.769607843137255
2487	-0.587858220211162
2488	-0.672322775263952
2489	-0.568627450980392
2490	-0.6263197586727
2491	-0.580316742081448
2492	-0.586726998491704
2493	-0.61236802413273
2494	-0.559954751131222
2495	-0.592006033182504
2496	-0.682880844645551
2497	-0.676470588235294
2498	-0.657239819004525
2499	-0.650829562594268
2500	-0.599547511312217
2501	-0.684012066365008
2502	-0.6263197586727
2503	-0.477752639517345
2504	-0.490573152337858
2505	-0.496983408748115
2506	-0.386877828054299
2507	-0.394419306184012
2508	-0.27790346907994
2509	-0.323906485671192
2510	-0.409502262443439
2511	-0.501508295625943
2512	-0.520739064856712
2513	-0.501508295625943
2588	-0.23868778280543
2589	-0.174585218702866
2597	-0.129713423831071
2598	-0.155354449472097
2599	-0.129713423831071
2600	-0.129713423831071
2601	-0.0248868778280544
2602	0.0199849170437405
2603	-0.0131975867269984
2604	-0.00678733031674217
2605	0.182503770739065
2606	0.156862745098039
2607	0.110859728506787
2608	0.0456259426847663
2609	-0.00678733031674217
2610	-0.0848416289592762
2611	-0.0260180995475113
2612	0.0328054298642534
2613	0.0520361990950226
2614	0.0263951734539969
2615	-0.0388386123680242
2616	-0.051659125188537
2617	-0.0377073906485671
2618	0.0991704374057315
2619	0.118401206636501
2620	0.105580693815988
2621	0.105580693815988
2622	0.113122171945701
2623	0.114253393665158
2624	0.127073906485671
2625	0.139894419306184
2626	0.217948717948718
2627	0.224358974358974
2628	0.132352941176471
2629	0.210407239819004
2630	0.119532428355958
2631	0.205128205128205
2632	0.00942684766214164
2633	0.06184012066365
2634	0.0874811463046756
2635	0.0490196078431372
2636	0.0361990950226243
2637	0.0490196078431372
2638	-0.0162141779788839
2639	-0.0622171945701359
2640	-0.179864253393665
2641	-0.199095022624434
2642	-0.256787330316742
2643	-0.145550527903469
2644	-0.223604826546003
2645	-0.282428355957768
2646	-0.230015082956259
2647	-0.236425339366516
2648	-0.223604826546003
2649	-0.295248868778281
2650	-0.276018099547511
2651	-0.347662141779789
2652	-0.386123680241328
2653	-0.379713423831071
2654	-0.392533936651584
2655	-0.39894419306184
2698	-0.320889894419306
2699	-0.372171945701358
2700	-0.372171945701358
2701	-0.430995475113122
2702	-0.41817496229261
2703	-0.405354449472097
2705	-0.392533936651584
2706	-0.366892911010558
2713	-0.386123680241328
2714	-0.41817496229261
2715	-0.268476621417798
2716	-0.230015082956259
2717	-0.21078431372549
2718	-0.288838612368024
2719	-0.184012066365008
2720	-0.125188536953243
2721	-0.131598793363499
2722	-0.177601809954751
2723	-0.015082956259427
2724	-0.0214932126696834
2725	-0.177601809954751
2726	-0.11236802413273
2727	-0.015082956259427
2728	-0.0599547511312218
2729	-0.0791855203619912
2730	-0.0920060331825041
2731	-0.0599547511312218
2732	-0.105957767722474
2733	-0.0739064856711916
2734	-0.0739064856711916
2735	-0.080316742081448
2736	-0.100678733031674
2737	-0.0686274509803921
2738	0.0361990950226243
2739	0.0490196078431372
2740	-0.0750377073906486
2741	-0.0622171945701359
2742	-0.147812971342383
2743	-0.0889894419306184
2744	-0.14027149321267
2745	-0.14027149321267
2746	-0.245098039215686
2843	-0.373303167420815
2844	-0.144419306184012
2845	-0.0727752639517347
2846	-0.0855957767722474
2847	-0.144419306184012
2848	-0.118778280542986
2849	-0.228883861236802
2850	-0.281297134238311
2851	-0.196832579185521
2852	-0.222473604826546
2853	-0.280165912518854
2854	-0.280165912518854
2855	-0.254524886877828
2856	-0.222473604826546
2857	-0.235294117647059
2858	-0.170060331825038
2859	-0.111236802413273
2860	-0.104826546003017
2861	-0.111236802413273
2862	-0.0652337858220213
2863	-0.0972850678733035
2864	-0.168929110105581
2865	-0.142156862745098
2866	-0.258672699849171
2867	-0.233031674208145
2868	-0.220211161387632
2869	-0.175339366515837
2870	-0.234162895927602
2871	-0.38499245852187
2872	-0.352941176470588
2873	-0.372171945701358
2874	-0.352941176470588
2875	-0.372171945701358
2876	-0.38499245852187
2877	-0.437405731523379
3262	-0.417043740573153
3263	-0.378582202111614
3264	-0.391402714932127
3265	-0.280165912518854
3266	-0.273755656108598
3267	-0.332579185520362
3268	-0.372171945701358
3269	-0.411764705882353
3270	-0.392533936651584
3271	-0.39894419306184
3272	-0.405354449472097
3273	-0.39894419306184
3279	-0.322021116138763
3280	-0.302790346907994
3281	-0.270739064856712
3286	-0.225867269984917
3287	-0.232277526395174
3288	-0.251508295625943
3334	-0.283559577677225
3340	-0.32843137254902
3341	-0.32843137254902
3391	-0.257918552036199
3392	-0.289969834087481
3393	-0.334841628959276
3394	-0.296380090497738
3395	-0.243966817496229
3396	-0.22473604826546
3397	-0.153092006033183
3398	-0.14027149321267
3399	-0.0237556561085973
3400	0.0414781297134238
3401	0.106711915535445
3402	0.119532428355958
3403	0.0863499245852187
3404	0.125942684766214
3405	0.125942684766214
3406	0.0478883861236802
3407	-0.0173453996983409
3408	-0.082579185520362
3409	-0.082579185520362
3410	-0.122171945701358
3411	-0.05052790346908
3412	0.0799396681749623
3413	0.138763197586727
3414	0.0863499245852187
3415	0.111990950226244
3416	0.118401206636501
3417	0.170814479638009
3418	0.0991704374057315
3419	0.15158371040724
3420	0.210407239819004
3421	0.229638009049774
3422	0.138763197586727
3423	0.0671191553544495
3424	-0.0237556561085973
3425	-0.00339366515837114
3426	-0.081447963800905
3427	-0.197963800904977
3428	-0.302790346907994
3429	-0.302790346907994
3430	-0.295248868778281
3431	-0.405354449472097
3432	-0.411764705882353
3433	-0.39894419306184
3434	-0.379713423831071
3435	-0.262066365007541
3436	-0.301659125188537
3437	-0.340120663650076
3438	-0.378582202111614
3443	-0.482277526395174
3453	-0.424585218702866
3454	-0.450226244343892
3455	-0.352941176470588
3456	-0.31447963800905
3457	-0.386123680241328
3458	-0.340120663650076
3459	-0.346530920060332
3460	-0.308069381598793
3461	-0.320889894419306
3462	-0.340120663650076
3463	-0.242835595776772
3464	-0.177601809954751
3465	-0.204374057315234
3466	-0.236425339366516
3467	-0.228883861236802
3468	-0.208521870286576
3469	-0.136877828054299
3470	-0.221342383107089
3471	-0.221342383107089
3472	-0.156108597285068
3473	-0.124057315233786
3474	-0.208521870286576
3475	-0.280165912518854
3476	-0.116515837104072
3477	-0.0844645550527905
3478	-0.142156862745098
3479	-0.207390648567119
3480	-0.227752639517346
3481	-0.240573152337858
3482	-0.273755656108598
3483	-0.260935143288085
3484	-0.28657616892911
3485	-0.345399698340875
3486	-0.313348416289593
3487	-0.319758672699849
3488	-0.345399698340875
3489	-0.501508295625943
3542	-0.32843137254902
3543	-0.360482654600302
3544	-0.263197586726999
3545	-0.197963800904977
3546	-0.250377073906486
3547	-0.231146304675717
3548	-0.178733031674208
3549	-0.21078431372549
3550	-0.223604826546003
3551	-0.0995475113122172
3552	-0.0931372549019608
3553	-0.118778280542986
3554	-0.0867269984917045
3555	-0.230015082956259
3556	-0.236425339366516
3557	-0.262066365007541
3558	-0.30052790346908
3559	-0.313348416289593
3560	-0.313348416289593
3561	-0.313348416289593
3562	-0.351809954751131
3563	-0.3710407239819
3564	-0.305806938159879
3565	-0.207390648567119
3566	-0.298265460030166
3567	-0.331447963800905
3568	-0.382730015082956
3569	-0.382730015082956
3570	-0.330316742081448
3571	-0.3763197586727
3572	-0.447963800904977
3573	-0.428733031674208
3574	-0.428733031674208
3575	-0.49396681749623
3576	-0.49396681749623
3577	-0.454374057315234
3578	-0.583710407239819
3579	-0.596530920060332
3580	-0.582579185520362
3581	-0.485294117647059
3582	-0.439291101055807
3583	-0.374057315233786
3584	-0.380467571644043
3585	-0.393288084464555
3586	-0.463800904977376
3587	-0.470211161387632
3588	-0.502262443438914
3589	-0.42420814479638
3590	-0.44343891402715
3591	-0.52790346907994
3592	-0.619909502262444
3593	-0.502262443438914
3594	-0.437028657616893
3595	-0.430618401206637
3596	-0.444570135746607
3597	-0.509803921568628
3598	-0.490573152337858
3599	-0.509803921568628
3600	-0.496983408748115
3601	-0.496983408748115
3602	-0.450980392156863
3603	-0.404977375565611
3604	-0.508672699849171
3605	-0.535444947209653
3606	-0.420060331825038
3607	-0.439291101055807
3608	-0.472473604826546
3609	-0.595399698340875
3610	-0.65422322775264
3611	-0.65422322775264
3612	-0.667043740573153
3613	-0.693815987933635
3614	-0.506787330316742
3615	-0.506787330316742
3616	-0.533559577677225
3617	-0.513197586726999
3618	-0.363499245852187
3619	-0.350678733031674
3620	-0.357088989441931
3621	-0.409502262443439
3622	-0.396681749622926
3623	-0.435143288084465
3624	-0.3763197586727
3625	-0.408371040723982
3626	-0.421191553544495
3627	-0.36236802413273
3628	-0.303544494720966
3629	-0.297134238310709
3630	-0.354826546003017
3631	-0.420060331825038
3632	-0.426470588235294
3633	-0.450980392156863
3634	-0.515082956259427
3635	-0.397435897435898
3636	-0.273378582202112
3637	-0.22737556561086
3638	-0.22737556561086
3639	-0.168552036199095
3640	-0.168552036199095
3641	-0.130090497737557
3642	-0.130090497737557
3643	-0.0980392156862746
3644	-0.190045248868779
3645	-0.243589743589744
3646	-0.237179487179487
3647	-0.36764705882353
3648	-0.386877828054299
3649	-0.439291101055807
3650	-0.445701357466063
3651	-0.472473604826546
3652	-0.472473604826546
3653	-0.421191553544495
3654	-0.435143288084465
3655	-0.468325791855204
3656	-0.572021116138763
3659	-0.572021116138763
3705	-0.411764705882353
3706	-0.411764705882353
3707	-0.30052790346908
3708	-0.268476621417798
3709	-0.249245852187029
3710	-0.203242835595777
3711	-0.164781297134239
3712	-0.184012066365008
3713	-0.287707390648567
3714	-0.345399698340875
3715	-0.383861236802413
3716	-0.369909502262443
3717	-0.441553544494721
3718	-0.441553544494721
3719	-0.473604826546003
3720	-0.389140271493213
3721	-0.427601809954751
3722	-0.447963800904977
3723	-0.403092006033183
3724	-0.344268476621418
3725	-0.447963800904977
3726	-0.487556561085973
3727	-0.546380090497738
3728	-0.468325791855204
3729	-0.449095022624435
3730	-0.533559577677225
3731	-0.533559577677225
3733	-0.527149321266969
3753	-0.629713423831071
3754	-0.636123680241327
3766	-0.546380090497738
3767	-0.559200603318251
3768	-0.584841628959276
3797	-0.538838612368024
3798	-0.545248868778281
3799	-0.538838612368024
3800	-0.545248868778281
3801	-0.552790346907994
3802	-0.527149321266969
3803	-0.429864253393665
3804	-0.391402714932127
3805	-0.254524886877828
3806	-0.248114630467572
3807	-0.21606334841629
3808	-0.203242835595777
3809	-0.196832579185521
3810	-0.163650075414781
3811	-0.163650075414781
3812	-0.131598793363499
3813	-0.248114630467572
3814	-0.280165912518854
3815	-0.267345399698341
3816	-0.345399698340875
3818	-0.463046757164405
3847	-0.236425339366516
3848	-0.255656108597285
3849	-0.230015082956259
3850	-0.274886877828054
3851	-0.255656108597285
3852	-0.230015082956259
3853	-0.320889894419306
3854	-0.327300150829563
3855	-0.327300150829563
3856	-0.352941176470588
3857	-0.352941176470588
3858	-0.346530920060332
3859	-0.332579185520362
3860	-0.221342383107089
3861	-0.175339366515837
3862	-0.168929110105581
3863	-0.149698340874812
3864	-0.136877828054299
3865	-0.117647058823529
3866	-0.0791855203619912
3867	0.0512820512820511
3868	-0.0203619909502265
3869	-0.111236802413273
3870	-0.0791855203619912
3871	-0.0203619909502265
3872	-0.0984162895927603
3873	-0.104826546003017
3874	-0.294117647058823
3875	-0.338989441930618
3876	-0.377450980392157
3877	-0.409502262443439
3878	-0.395550527903469
3879	-0.427601809954751
3880	-0.388009049773756
3881	-0.368778280542987
3882	-0.434012066365007
3883	-0.290723981900453
3884	-0.298265460030166
3885	-0.311085972850679
3886	-0.344268476621418
3887	-0.436274509803922
3888	-0.442684766214178
3889	-0.49396681749623
3890	-0.468325791855204
3891	-0.39027149321267
3892	-0.383861236802413
3893	-0.383861236802413
3894	-0.501508295625943
3895	-0.514328808446456
3896	-0.482277526395174
3897	-0.38499245852187
3898	-0.378582202111614
3899	-0.345399698340875
3900	-0.267345399698341
3901	-0.143288084464555
3902	-0.182880844645551
3903	-0.144419306184012
3904	-0.0471342383107092
3905	0.016968325791855
3906	0.0886123680241325
3907	0.167797888386124
3908	0.17420814479638
3909	0.226621417797888
3910	0.180618401206636
3911	0.285444947209653
3912	0.246983408748114
3913	0.325037707390648
3914	0.358220211161388
3915	0.404223227752639
3916	0.456636500754148
3917	0.48868778280543
3918	0.456636500754148
3919	0.340120663650075
3920	0.314479638009049
3921	0.327300150829562
3922	0.425716440422323
3923	0.478129713423831
3924	0.366892911010558
3925	0.386123680241327
3926	0.346530920060331
3927	0.294117647058824
3928	0.195701357466063
3929	0.221342383107089
3930	0.248114630467572
3931	0.437405731523378
3932	0.430995475113122
3933	0.392533936651584
3934	0.39894419306184
3935	0.378582202111613
3936	0.450226244343891
3937	0.418174962292609
3938	0.352941176470588
3939	0.333710407239819
3940	0.294117647058824
3941	0.241704374057315
3942	0.143288084464555
3943	0.08446455505279
3944	0.0897435897435895
3945	0.0716440422322774
3946	0.162518853695324
3947	0.253393665158371
3948	0.240573152337858
3949	0.156108597285067
3950	0.0972850678733029
3951	0.181749622926093
3952	0.227752639517345
3953	0.214932126696832
3954	0.227752639517345
3955	0.240573152337858
3956	0.240573152337858
3957	0.156108597285067
3958	0.135746606334842
3959	0.0705128205128203
3960	-0.0524132730015084
3961	-0.157239819004525
3962	-0.0395927601809956
3963	-0.130467571644042
3964	-0.110105580693816
3965	-0.116515837104072
3966	0.00754147812971317
3967	0.0791855203619904
3968	0.105957767722473
3969	0.11236802413273
3970	0.131598793363499
3971	0.157239819004525
3972	0.0203619909502259
3973	0.065233785822021
3974	0.149698340874811
3975	0.162518853695324
3976	0.188159879336349
3977	0.220211161387632
3978	0.207390648567119
3979	0.116515837104072
3980	0.135746606334842
3981	0.233031674208145
3982	0.213800904977375
3983	0.27262443438914
3984	0.259803921568627
3985	0.121794871794872
3986	0.121794871794872
3987	0.134615384615384
3988	0.251131221719457
3989	0.14630467571644
3990	0.113122171945701
3991	0.027526395173454
3992	0.0799396681749623
3993	-0.0377073906485671
3994	0.0147058823529412
3995	-0.0184766214177979
3996	0.0456259426847663
3997	0.130090497737557
3998	0.260558069381599
3999	0.260558069381599
4000	0.292609351432881
4001	0.162141779788839
4002	0.228506787330317
4003	0.215686274509804
4004	0.268099547511312
4005	0.215686274509804
4006	0.300150829562594
4007	0.280920060331825
4008	0.261689291101056
4009	0.314102564102564
4010	0.307692307692307
4011	0.360105580693816
4012	0.340874811463047
4013	0.399698340874811
4014	0.485294117647059
4015	0.472473604826546
4016	0.512066365007541
4017	0.570889894419306
4018	0.591251885369532
4019	0.46078431372549
4020	0.493966817496229
4021	0.487556561085973
4022	0.481146304675716
4023	0.461915535444947
4024	0.396681749622926
4025	0.285444947209653
4026	0.253393665158371
4027	0.200980392156862
4028	0.240573152337858
4029	0.194570135746606
4030	0.304675716440422
4031	0.220211161387632
4032	0.266214177978883
4033	0.207390648567119
4034	0.16892911010558
4035	0.110105580693816
4036	0.064102564102564
4037	0.0576923076923076
4038	-0.0267722473604827
4039	0.0512820512820511
4040	0.0180995475113122
4041	-0.125188536953243
4042	-0.203242835595777
4043	-0.21606334841629
4044	-0.280165912518854
4045	-0.253393665158371
4046	-0.266214177978884
4047	-0.285444947209653
4048	-0.369909502262443
4049	-0.323906485671192
4050	-0.323906485671192
4051	-0.304675716440422
4052	-0.272624434389141
4053	-0.285444947209653
4054	-0.279034690799397
4055	-0.337858220211161
4056	-0.3763197586727
4057	-0.551659125188537
4058	-0.56447963800905
4059	-0.642533936651584
4060	-0.680995475113122
4061	-0.517345399698341
4062	-0.510935143288084
4063	-0.562217194570136
4064	-0.627450980392157
4065	-0.659502262443439
4066	-0.672322775263952
4067	-0.704374057315234
4068	-0.723604826546003
4069	-0.631598793363499
4070	-0.684012066365008
4071	-0.755656108597285
4072	-0.847662141779789
4073	-0.873303167420815
4081	-0.879713423831071
4082	-0.866892911010558
4083	-0.879713423831071
4084	-0.769607843137255
4085	-0.731146304675716
4086	-0.705505279034691
4087	-0.699095022624434
4374	-0.405354449472097
4375	-0.378582202111614
4376	-0.260935143288085
4377	-0.260935143288085
4378	-0.28657616892911
4379	-0.3710407239819
4380	-0.409502262443439
4381	-0.500377073906486
4382	-0.526018099547512
4383	-0.539969834087481
4384	-0.584841628959276
4396	-0.777149321266968
4397	-0.769607843137255
4398	-0.763197586726999
4399	-0.639140271493213
4400	-0.678733031674209
4401	-0.548265460030166
4402	-0.535444947209653
4403	-0.621040723981901
4404	-0.569758672699849
4405	-0.504524886877828
4406	-0.407239819004525
4407	-0.315233785822021
4408	-0.269230769230769
4409	-0.197586726998492
4410	-0.119532428355958
4411	-0.15158371040724
4412	-0.113122171945702
4413	-0.106711915535445
4414	-0.0682503770739069
4415	-0.00942684766214219
4416	0.0482654600301655
4417	-0.0373303167420818
4418	0.0279034690799393
4419	0.138009049773755
4420	0.138009049773755
4421	0.0599547511312215
4422	0.0920060331825034
4423	0.00754147812971317
4424	-0.0384615384615388
4425	-0.0384615384615388
4426	-0.149698340874812
4427	-0.117647058823529
4428	-0.235294117647059
4429	-0.274886877828054
4430	-0.306938159879336
4431	-0.338989441930618
4432	-0.417043740573153
4433	-0.469457013574661
4469	-0.623303167420815
4470	-0.590120663650076
4471	-0.526018099547512
4472	-0.447963800904977
4473	-0.363499245852187
4474	-0.304675716440422
4475	-0.245852187028658
4476	-0.265082956259427
4477	-0.290723981900453
4478	-0.231900452488688
4479	-0.192307692307693
4480	-0.153846153846154
4481	-0.128205128205128
4482	-0.258672699849171
4483	-0.389140271493213
4484	-0.311085972850679
4485	-0.285444947209653
4486	-0.29185520361991
4487	-0.265082956259427
4488	-0.284313725490196
4489	-0.329185520361991
4490	-0.322775263951735
4491	-0.44683257918552
4492	-0.453242835595777
4493	-0.421191553544495
4494	-0.459653092006033
4495	-0.486425339366516
4496	-0.558069381598793
4497	-0.532428355957768
4498	-0.519607843137255
4499	-0.532428355957768
4500	-0.545248868778281
4501	-0.597662141779789
4504	-0.661764705882353
4508	-0.636123680241327
4509	-0.590120663650076
4510	-0.505656108597285
4511	-0.447963800904977
4512	-0.435143288084465
4513	-0.454374057315234
4514	-0.487556561085973
4515	-0.468325791855204
4516	-0.468325791855204
4517	-0.429864253393665
4518	-0.461915535444947
4519	-0.410633484162896
4520	-0.39894419306184
4521	-0.249245852187029
4522	-0.236425339366516
4523	-0.196832579185521
4524	-0.196832579185521
4525	-0.171191553544495
4526	-0.0931372549019608
4527	-0.132730015082956
4528	-0.132730015082956
4529	-0.191553544494721
4530	-0.191553544494721
4531	-0.172322775263952
4532	-0.0878582202111615
4533	-0.081447963800905
4534	-0.0429864253393666
4535	-0.108220211161388
4536	-0.160633484162896
4537	-0.141402714932127
4538	-0.0761689291101056
4539	-0.0761689291101056
4540	-0.14027149321267
4541	-0.0942684766214178
4542	-0.113499245852187
4543	-0.0279034690799399
4544	-0.0471342383107092
4545	0.0309200603318248
4546	0.207390648567119
4547	0.266214177978883
4548	0.161387631975867
4549	0.220211161387632
4550	0.271493212669683
4551	0.297134238310709
4552	0.309954751131221
4553	0.185897435897436
4554	0.173076923076923
4555	0.185897435897436
4556	0.173076923076923
4557	0.199849170437406
4558	0.134615384615384
4559	0.062971342383107
4560	0.0233785822021115
4561	0.0105580693815988
4562	0.0105580693815988
4563	0.0105580693815988
4564	-0.0674962292609351
4565	-0.217194570135747
4566	-0.217194570135747
4567	-0.217194570135747
4568	-0.159502262443439
4569	-0.107088989441931
4570	-0.217194570135747
4571	-0.191553544494721
4572	-0.159502262443439
4576	-0.392533936651584
4585	-0.559200603318251
4586	-0.546380090497738
4587	-0.533559577677225
4588	-0.47473604826546
4589	-0.487556561085973
4590	-0.473604826546003
4591	-0.414781297134238
4592	-0.421191553544495
4593	-0.389140271493213
4594	-0.382730015082956
4595	-0.473604826546003
4596	-0.526018099547512
4597	-0.597662141779789
4598	-0.565610859728507
4609	-0.405354449472097
4610	-0.39894419306184
4611	-0.309200603318251
4613	-0.270739064856712
4614	-0.264328808446456
4620	-0.301659125188537
4621	-0.230015082956259
4622	-0.268476621417798
4623	-0.241704374057315
4624	-0.248114630467572
4625	-0.254524886877828
4626	-0.175339366515837
4627	-0.18815987933635
4628	-0.18815987933635
4629	-0.0052790346907996
4630	-0.0833333333333335
4631	-0.17420814479638
4632	-0.233031674208145
4633	-0.252262443438914
4634	-0.29185520361991
4635	-0.220211161387632
4636	-0.212669683257919
4637	-0.238310708898944
4638	-0.238310708898944
4639	-0.257541478129713
4640	-0.394419306184012
4641	-0.420060331825038
4642	-0.393288084464555
4643	-0.418929110105581
4644	-0.340874811463047
4645	-0.450980392156863
4646	-0.496983408748115
4647	-0.458521870286576
4648	-0.426470588235294
4649	-0.420060331825038
4650	-0.368778280542987
4651	-0.330316742081448
4652	-0.323906485671192
4653	-0.409502262443439
4654	-0.305806938159879
4655	-0.331447963800905
4656	-0.495098039215687
4657	-0.449095022624435
4658	-0.461915535444947
4659	-0.436274509803922
4660	-0.449095022624435
4661	-0.429864253393665
4662	-0.501508295625943
4666	-0.475867269984917
4667	-0.455505279034691
4668	-0.383861236802413
4669	-0.259803921568628
4670	-0.135746606334842
4671	-0.175339366515837
4672	-0.10369532428356
4673	-0.0524132730015084
4674	-0.189291101055807
4675	-0.337858220211161
4676	-0.363499245852187
4677	-0.422322775263952
4678	-0.454374057315234
4679	-0.363499245852187
4680	-0.382730015082956
4681	-0.46078431372549
4682	-0.421191553544495
4683	-0.36236802413273
4684	-0.303544494720966
4685	-0.335595776772248
4686	-0.34841628959276
4687	-0.335595776772248
4688	-0.34841628959276
4689	-0.386877828054299
4690	-0.43288084464555
4691	-0.43288084464555
4692	-0.388009049773756
4693	-0.413650075414781
4694	-0.46606334841629
4695	-0.486425339366516
4923	-0.482277526395174
4924	-0.449095022624435
4925	-0.377450980392157
4926	-0.325037707390649
4927	-0.299396681749623
4928	-0.318627450980392
4929	-0.267345399698341
4930	-0.227752639517346
4931	-0.0844645550527905
4932	0
4933	0.131598793363499
4934	0.0535444947209649
4935	0.105957767722473
4936	0.118778280542986
4937	0.0855957767722471
4938	0.0791855203619904
4939	0.136877828054298
4940	0.0395927601809953
4941	-0.0384615384615388
4942	-0.0192307692307694
4943	-0.0192307692307694
4944	0
4945	-0.0203619909502265
4946	0.00527903469079927
4947	0.0769230769230769
4948	0.096153846153846
4949	0.00527903469079927
4950	-0.0599547511312218
4951	-0.182880844645551
4952	-0.163650075414781
4953	-0.222473604826546
4954	-0.228883861236802
4955	-0.176470588235294
4956	-0.150829562594269
4957	-0.241704374057315
4958	-0.327300150829563
4959	-0.405354449472097
4989	-0.674585218702866
4990	-0.680995475113122
4991	-0.687405731523379
4992	-0.680995475113122
5049	-0.558069381598793
5050	-0.56447963800905
5051	-0.596530920060332
5052	-0.615761689291101
5053	-0.609351432880845
5054	-0.622171945701358
5055	-0.531297134238311
5056	-0.628582202111614
5057	-0.667043740573153
5058	-0.556938159879337
5059	-0.563348416289593
5060	-0.576168929110106
5061	-0.569758672699849
5062	-0.485294117647059
5063	-0.459653092006033
5064	-0.427601809954751
5065	-0.318627450980392
5066	-0.29185520361991
5067	-0.344268476621418
5068	-0.382730015082956
5069	-0.330316742081448
5070	-0.29185520361991
5071	-0.330316742081448
5072	-0.297134238310709
5073	-0.303544494720966
5074	-0.375188536953243
5075	-0.570889894419306
5080	-0.597662141779789
5081	-0.609351432880845
5082	-0.661764705882353
5083	-0.668174962292609
5084	-0.642533936651584
5135	-0.572021116138763
5157	-0.532428355957768
5158	-0.577300150829563
5159	-0.687405731523379
5160	-0.725867269984917
5187	-0.719457013574661
5188	-0.693815987933635
5189	-0.661764705882353
5190	-0.642533936651584
5191	-0.570889894419306
5192	-0.505656108597285
5193	-0.472473604826546
5194	-0.420060331825038
5195	-0.407239819004525
5196	-0.276772247360483
5197	-0.212669683257919
5198	-0.226621417797888
5199	-0.239441930618401
5200	-0.207390648567119
5201	-0.233031674208145
5202	-0.194570135746606
5203	-0.350678733031674
5204	-0.325037707390649
5205	-0.325037707390649
5206	-0.325037707390649
5207	-0.350678733031674
5208	-0.49396681749623
5209	-0.481146304675717
5210	-0.481146304675717
5211	-0.533559577677225
5234	-0.777149321266968
5235	-0.718325791855204
5236	-0.678733031674209
5237	-0.672322775263952
5238	-0.540723981900453
5239	-0.521493212669683
5240	-0.449849170437406
5241	-0.508672699849171
5242	-0.463800904977376
5243	-0.404977375565611
5244	-0.392156862745098
5245	-0.385746606334842
5246	-0.301282051282051
5247	-0.347285067873303
5248	-0.385746606334842
5249	-0.425339366515837
5250	-0.365384615384615
5251	-0.352564102564103
5252	-0.358974358974359
5253	-0.384615384615385
5254	-0.423076923076923
5255	-0.51395173453997
5256	-0.526772247360483
5257	-0.51395173453997
5258	-0.670060331825038
5259	-0.689291101055807
5260	-0.656108597285068
5261	-0.663650075414781
5262	-0.677601809954751
5263	-0.665912518853696
5264	-0.613499245852187
5265	-0.82843137254902
5266	-0.82843137254902
5268	-0.834841628959276
5269	-0.852941176470588
5270	-0.930995475113122
5271	-0.924585218702866
5272	-0.975867269984917
5306	-0.678733031674209
5307	-0.723604826546003
5308	-0.684012066365008
5309	-0.5
5310	-0.409125188536953
5311	-0.428355957767723
5312	-0.60369532428356
5313	-0.60369532428356
5314	-0.635746606334842
5315	-0.543740573152338
5316	-0.543740573152338
5317	-0.478506787330317
5318	-0.39291101055807
5319	-0.308446455505279
5320	-0.313725490196079
5321	-0.358597285067874
5322	-0.436651583710407
5323	-0.398190045248869
5324	-0.436651583710407
5325	-0.398190045248869
5326	-0.307315233785822
5327	-0.313725490196079
5328	-0.210030165912519
5329	-0.0143288084464559
5330	0.0124434389140271
5331	0.0969079939668172
5332	0.168552036199095
5333	0.0369532428355954
5334	0.0369532428355954
5335	0.0037707390648567
5336	-0.0358220211161393
5337	-0.0625942684766214
5338	0.107466063348416
5339	0.173831070889894
5340	0.231523378582202
5341	0.250754147812971
5342	0.0625942684766212
5343	0.0818250377073901
5344	0.159879336349925
5345	0.0101809954751131
5346	-0.0218702865761691
5347	-0.184389140271493
5348	-0.217571644042233
5349	-0.231523378582202
5350	-0.127828054298643
5351	-0.127828054298643
5352	-0.121417797888386
5353	0.00791855203619907
5354	0.0346907993966814
5355	-0.0369532428355959
5356	-0.148190045248869
5357	-0.21342383107089
5358	-0.272247360482655
5359	-0.31711915535445
5360	-0.297888386123681
5361	-0.375942684766215
5362	-0.39291101055807
5363	-0.613122171945702
5364	-0.533936651583711
5365	-0.526395173453997
5366	-0.617269984917044
5367	-0.564856711915536
5368	-0.576546003016592
5369	-0.576546003016592
5370	-0.621417797888387
5371	-0.700603318250377
5372	-0.804298642533937
5373	-0.863122171945702
5374	-0.818250377073907
5375	-0.818250377073907
5376	-0.720965309200604
5377	-0.83107088989442
5378	-0.584087481146305
5379	-0.622549019607843
5380	-0.668552036199096
5381	-0.856711915535445
5382	-0.653469079939669
5383	-0.599924585218703
5384	-0.514328808446456
5385	-0.39027149321267
5386	-0.253393665158371
5387	-0.175339366515838
5388	-0.0769230769230775
5389	-0.213800904977376
5390	-0.138009049773756
5391	-0.107088989441931
5392	-0.348793363499246
5393	-0.303921568627451
5394	-0.349924585218703
5395	-0.311463046757165
5396	-0.214177978883861
5397	-0.220588235294118
5398	-0.0837104072398192
5399	0.0467571644042231
5400	0.15158371040724
5401	0.106711915535444
5402	0.127073906485671
5403	0.0810708898944192
5404	0.0554298642533935
5405	-0.0697586726998498
5406	-0.0365761689291102
5407	0.0799396681749625
5408	0.152714932126697
5409	-0.0505279034690802
5410	-0.246229260935144
5411	-0.273001508295626
5412	-0.344645550527904
5413	-0.475113122171946
5414	-0.430241327300151
5415	-0.528657616892912
5416	-0.503016591251886
5417	-0.424962292609352
5418	-0.458144796380091
5419	-0.432503770739065
5420	-0.542609351432881
5421	-0.549019607843138
5422	-0.614253393665159
5423	-0.523378582202112
5424	-0.438914027149322
5425	-0.490196078431373
5426	-0.478506787330317
5427	-0.570512820512821
5428	-0.38763197586727
5429	-0.290346907993967
5430	-0.225113122171946
5431	-0.179110105580694
5432	-0.166289592760181
5433	-0.185520361990951
5434	-0.166289592760181
5435	-0.296757164404223
5436	-0.179110105580694
5437	-0.159879336349925
5438	-0.276395173453997
5439	-0.28921568627451
5440	-0.328808446455505
5441	-0.269984917043741
5442	-0.302036199095023
5443	-0.217571644042233
5444	-0.327677224736048
5445	-0.262443438914028
5446	-0.0795625942684768
5447	-0.0335595776772248
5448	-0.0335595776772248
5449	-0.0656108597285072
5450	-0.0260180995475114
5451	-0.173453996983409
5452	-0.233408748114631
5453	-0.285822021116139
5454	-0.285822021116139
5455	-0.43552036199095
5456	-0.370286576168929
5457	-0.35105580693816
5458	-0.36500754147813
5459	-0.331825037707391
5460	-0.383107088989442
5461	-0.526395173453997
5462	-0.513574660633484
5463	-0.682503770739066
5464	-0.714555052790347
5465	-0.72737556561086
5466	-0.688914027149322
5467	-0.676093514328809
5468	-0.728506787330317
5469	-0.669683257918552
5470	-0.669683257918552
5471	-0.72737556561086
5472	-0.779788838612369
5473	-0.787330316742082
5474	-0.858974358974359
5475	-0.754147812971343
5476	-0.715686274509804
5477	-0.917797888386124
5478	-1.02790346907994
5479	-0.879336349924586
5480	-0.807692307692308
5481	-0.769230769230769
5482	-0.710407239819005
5483	-0.854826546003017
5484	-0.939291101055807
5485	-0.932880844645551
5486	-0.990573152337858
5487	-0.984162895927602
5488	-0.769230769230769
5489	-0.788461538461539
5490	-0.814102564102564
5491	-0.748868778280543
5492	-0.657993966817497
5493	-0.599170437405732
5494	-0.636500754147813
5495	-0.603318250377074
5496	-0.681372549019608
5497	-0.72737556561086
5498	-0.663273001508296
5499	-0.572398190045249
5500	-0.448340874811463
5501	-0.324283559577678
5502	-0.422699849170438
5503	-0.427978883861237
5504	-0.349924585218703
5505	-0.259049773755656
5506	-0.330693815987934
5507	-0.370286576168929
5508	-0.357466063348416
5509	-0.487933634992459
5510	-0.513574660633484
5511	-0.507164404223228
5512	-0.45475113122172
5513	-0.487933634992459
5514	-0.508295625942685
5515	-0.66553544494721
5516	-0.652714932126697
5517	-0.574660633484163
5518	-0.472096530920061
5519	-0.479638009049774
5520	-0.578054298642534
5521	-0.662518853695324
5522	-0.638009049773756
5523	-0.657239819004525
5524	-0.540723981900453
5525	-0.566365007541478
5526	-0.631598793363499
5527	-0.691553544494721
5528	-0.72473604826546
5529	-0.737556561085973
5530	-0.685143288084465
5531	-0.686274509803922
5532	-0.788838612368024
5533	-0.645550527903469
5534	-0.619909502262444
5535	-0.285067873303168
5536	-0.232654600301659
5537	-0.082956259426848
5538	-0.0241327300150831
5539	0.0539215686274506
5540	0.131975867269985
5541	0.381221719457014
5542	0.395173453996983
5543	0.369532428355958
5544	0.304298642533937
5545	0.19419306184012
5546	0.163273001508295
5547	0.190045248868778
5548	0.25
5549	0.275641025641025
5550	0.347285067873303
5551	0.44683257918552
5552	0.518476621417797
5553	0.505656108597285
5554	0.459653092006032
5555	0.53129713423831
5556	0.454374057315233
5557	0.488687782805429
5558	0.717571644042232
5559	0.639517345399698
5560	0.534690799396682
5561	0.464177978883861
5562	0.0524132730015077
5563	0.0192307692307692
5564	-0.0524132730015083
5565	-0.0139517345399696
5566	-0.0471342383107092
5567	0.103695324283559
5568	-0.118778280542987
5569	-0.125188536953243
5570	0.0052790346907996
5571	0.0116892911010558
5572	-0.0139517345399696
5573	0.0448717948717949
5574	0.180618401206636
5575	0.134615384615384
5576	0.141025641025641
5577	0.0437405731523377
5578	-0.177601809954752
5579	-0.223604826546003
5580	-0.172322775263952
5581	-0.237556561085973
5582	-0.296380090497738
5583	-0.245098039215687
5584	-0.441930618401207
5585	-0.522247360482655
5586	-0.521116138763198
5587	-0.533936651583711
5588	-0.572398190045249
5589	-0.540346907993967
5590	-0.533936651583711
5591	-0.650452488687783
5592	-0.709276018099548
5593	-0.728506787330317
5594	-0.963800904977376
5595	-0.977752639517345
5596	-1.01093514328808
5597	-1.13499245852187
5598	-1.12217194570136
5599	-1.12745098039216
5600	-1.26432880844646
5615	-1.70022624434389
5616	-1.68740573152338
5617	-1.65422322775264
5618	-1.56862745098039
5619	-1.56862745098039
5620	-1.37292609351433
5621	-1.37933634992459
5622	-1.35369532428356
5623	-1.32051282051282
5624	-1.28205128205128
5625	-1.22963800904977
5626	-1.28205128205128
5627	-1.19871794871795
5628	-1.19871794871795
5629	-1.15384615384615
5630	-1.01809954751131
5631	-0.979638009049774
5632	-1.00641025641026
5633	-0.921945701357466
5634	-0.99132730015083
5635	-0.99132730015083
5636	-0.990196078431373
5637	-0.912141779788839
5638	-0.905731523378583
5639	-0.848039215686275
5640	-0.938914027149321
5641	-0.926093514328809
5642	-1.0105580693816
5643	-0.841628959276019
5644	-0.70475113122172
5645	-0.731523378582202
5646	-0.673831070889895
5647	-0.766968325791856
5648	-0.662141779788839
5649	-0.653469079939669
5650	-0.782805429864254
5651	-0.802036199095023
5652	-0.96342383107089
5653	-0.918552036199095
5654	-0.94947209653092
5655	-0.930241327300151
5656	-0.94947209653092
5657	-0.994343891402715
5658	-1.03393665158371
5659	-1.01470588235294
5660	-0.903469079939669
5661	-0.889517345399699
5662	-0.747360482654601
5663	-0.76659125188537
5664	-0.707767722473605
5665	-0.740950226244345
5666	-0.728129713423831
5667	-0.76659125188537
5668	-0.597662141779789
5669	-0.675716440422323
5670	-0.786953242835596
5671	-0.96342383107089
5672	-1.02865761689291
5673	-1.00942684766214
5674	-1.01696832579186
5675	-1.14102564102564
5676	-1.27790346907994
5677	-1.17533936651584
5678	-1.15610859728507
5679	-1.14969834087481
5680	-1.01282051282051
5681	-1.0972850678733
5682	-1.06523378582202
5683	-1.11010558069382
5684	-1.04600301659125
5685	-0.980769230769231
5686	-1.00641025641026
5687	-1.08446455505279
5688	-1.06523378582202
5689	-0.836349924585219
5690	-0.940045248868779
5691	-0.952865761689291
5692	-0.796757164404224
5693	-0.686651583710407
5694	-0.582956259426848
5695	-0.571266968325792
5696	-0.545625942684766
5697	-0.427978883861237
5698	-0.44079939668175
5699	-0.330693815987934
5700	-0.271870286576169
5701	-0.271870286576169
5702	-0.200226244343892
5703	-0.296380090497738
5704	-0.153092006033183
5705	-0.133861236802414
5706	-0.159502262443439
5707	-0.283559577677225
5708	-0.256787330316743
5709	-0.191553544494721
5710	-0.016214177978884
5711	-0.0558069381598798
5712	-0.146681749622926
5713	-0.243966817496229
5714	-0.348793363499246
5715	-0.415158371040724
5716	-0.657993966817497
5717	-0.645173453996984
5718	-0.613122171945702
5719	-0.801282051282051
5720	-0.885746606334842
5721	-0.83974358974359
5722	-0.846153846153846
5723	-0.812971342383107
5724	-0.949849170437406
5725	-0.838612368024133
5726	-0.682503770739066
5727	-0.811840120663651
5728	-0.843891402714932
5729	-0.91553544494721
5730	-0.895173453996984
5731	-0.824660633484164
5732	-0.772247360482655
5733	-0.823529411764706
5734	-0.719834087481146
5735	-0.674962292609352
5736	-0.708144796380091
5737	-0.630090497737557
5738	-0.557315233785822
5739	-0.543363499245852
5740	-0.492081447963801
5741	-0.466440422322776
5742	-0.466440422322776
5743	-0.465309200603318
5744	-0.497360482654601
5745	-0.594645550527904
5746	-0.588235294117647
5747	-0.478129713423832
5748	-0.595776772247361
5749	-0.622549019607843
5750	-0.609728506787331
5751	-0.447209653092006
5752	-0.349924585218703
5753	-0.480392156862745
5754	-0.297511312217195
5755	-0.303921568627451
5756	-0.291101055806938
5757	-0.317873303167421
5758	-0.43552036199095
5759	-0.487933634992459
5760	-0.468702865761689
5761	-0.468702865761689
5762	-0.429110105580694
5763	-0.564856711915536
5764	-0.500754147812972
5765	-0.462292609351433
5766	-0.514705882352942
5767	-0.422699849170438
5768	-0.448340874811463
5769	-0.370286576168929
5770	-0.370286576168929
5771	-0.235671191553545
5772	-0.242081447963801
5773	-0.10633484162896
5774	-0.138386123680242
5775	-0.0271493212669687
5776	0.0509049773755657
5777	-0.0015082956259429
5778	-0.0346907993966818
5779	-0.125565610859729
5780	-0.119155354449472
5781	-0.282805429864253
5782	-0.158748114630468
5783	-0.113876319758673
5784	-0.107466063348416
5785	0.0818250377073901
5786	0.205882352941176
5787	0.355580693815988
5788	0.355580693815988
5789	0.303167420814479
5790	0.445324283559578
5791	0.327677224736048
5792	0.18552036199095
5793	0.179110105580694
5794	0.18552036199095
5795	0.295625942684766
5796	0.400452488687783
5797	0.394042232277526
5798	0.349170437405732
5799	0.381221719457014
5800	0.394042232277526
5801	0.406862745098039
5802	0.367269984917044
5803	0.341628959276018
5804	0.400452488687783
5805	0.3736802413273
5806	0.256033182503771
5807	0.248491704374057
5808	0.509426847662142
5809	0.423831070889894
5810	0.501885369532428
5811	0.63235294117647
5812	0.494343891402715
5813	0.454751131221719
5814	0.500754147812971
5815	0.429110105580694
5816	0.416289592760181
5817	0.389517345399698
5818	0.286953242835596
5819	0.234539969834087
5820	0.234539969834087
5821	0.254901960784313
5822	0.183257918552036
5823	0.039969834087481
5824	0.026018099547511
5825	0.130844645550527
5826	0.14366515837104
5827	0.0987933634992455
5828	0.196078431372549
5829	0.242081447963801
5830	0.240950226244344
5831	0.279411764705882
5832	0.260180995475113
5833	0.280542986425339
5834	0.495475113122172
5835	0.240950226244344
5836	0.2473604826546
5837	0.253770739064857
5838	0.0976621417797887
5839	0.0976621417797887
5840	0.110482654600302
5841	0.0720211161387629
5842	0.169306184012066
5843	0.182126696832579
5844	0.274132730015083
5845	0.385369532428356
5846	0.476244343891403
5847	0.56711915535445
5848	0.546757164404223
5849	0.63763197586727
5850	0.610859728506787
5851	0.701734539969834
5852	0.787330316742082
5853	0.792609351432881
5854	0.779788838612368
5855	0.818250377073906
5856	0.81184012066365
5857	0.935897435897436
5858	0.883484162895928
5859	1.12518853695324
5860	1.13800904977376
5861	1.15082956259427
5862	1.2684766214178
5863	1.32730015082956
5864	1.35294117647059
5865	1.65987933634992
5866	1.87481146304676
5867	1.88763197586727
5868	1.90686274509804
5869	1.88650075414781
5870	1.9709653092006
5871	1.96342383107089
5872	2.04788838612368
5873	2.09276018099548
5874	2.11199095022624
5875	2.28092006033182
5876	2.26696832579186
5877	2.38461538461539
5878	2.48190045248869
5879	2.33107088989442
5880	2.35030165912519
5881	2.29147812971342
5882	2.15460030165912
5883	2.09577677224736
5884	2.04336349924585
5885	2.11500754147813
5886	1.91289592760181
5887	1.85407239819004
5888	1.65837104072398
5889	1.5867269984917
5890	1.55467571644042
5891	1.47662141779789
5892	1.20927601809955
5893	1.05316742081448
5894	0.987933634992458
5895	0.76659125188537
5896	0.7473604826546
5897	0.584841628959276
5898	0.546380090497738
5899	0.539969834087481
5900	0.417043740573152
5901	0.397812971342383
5902	0.248114630467572
5903	0.262066365007541
5904	0.19683257918552
5905	0.203242835595777
5906	0.125188536953242
5907	0.0867269984917041
5908	0.0558069381598794
5909	0.0761689291101053
5910	0.0686274509803921
5911	0.0622171945701355
5912	-0.00942684766214219
5913	-0.0874811463046761
5914	-0.0874811463046761
5915	-0.138763197586727
5916	-0.132352941176471
5917	-0.105580693815988
5918	0.0248868778280542
5919	-0.0403469079939667
5920	-0.0339366515837105
5921	0.115761689291101
5922	0.115761689291101
5923	0.109351432880844
5924	0.187405731523379
5925	0.141402714932126
5926	-0.0286576168929114
5927	0.0109351432880844
5928	0.0953996983408749
5929	-0.0158371040723986
5930	-0.0478883861236805
5931	0.0569381598793361
5932	-0.13763197586727
5933	-0.1236802413273
5934	-0.130090497737557
5935	-0.122549019607843
5936	-0.0584464555052793
5937	-0.0456259426847665
5938	-0.0520361990950227
5939	0.110482654600302
5940	0.457013574660633
5941	0.503016591251886
5942	0.64630467571644
5943	0.659125188536953
5944	0.560708898944193
5945	0.501885369532428
5946	0.489064856711916
5947	0.44947209653092
5948	0.397058823529412
5949	0.476244343891403
5950	0.476244343891403
5951	0.645173453996983
5952	0.638763197586727
5953	0.605580693815988
5954	0.53393665158371
5955	0.416289592760181
5956	0.454751131221719
5957	0.43552036199095
5958	0.343514328808446
5959	0.461161387631976
5960	0.550904977375565
5961	0.674962292609351
5962	0.576546003016591
5963	0.693061840120663
5964	0.817119155354449
5965	0.739064856711915
5966	0.661010558069381
5967	0.347662141779789
5968	0.366892911010558
5969	0.242835595776772
5970	0.41289592760181
5971	0.419306184012066
5972	0.530542986425339
5973	0.543363499245852
5974	0.556184012066365
5975	0.707013574660633
5976	0.630090497737557
5977	0.911387631975867
5978	0.734917043740573
5979	0.82051282051282
5980	0.950980392156863
5981	0.950980392156863
5982	0.977752639517345
5983	1.03657616892911
5984	0.93288084464555
5985	0.829185520361991
5986	0.685897435897436
5987	0.601432880844645
5988	0.459276018099547
5989	0.427224736048265
5990	0.395173453996983
5991	0.317119155354449
5992	0.382352941176471
5993	0.428355957767723
5994	0.493589743589743
5995	0.487179487179487
5996	0.493589743589743
5997	0.303167420814479
5998	0.323529411764706
5999	0.159879336349925
6000	0.140648567119155
6001	0.179110105580694
6002	-0.00490196078431393
6003	-0.0188536953242839
6004	-0.216817496229261
6005	-0.210407239819005
6006	-0.33446455505279
6007	-0.388009049773756
6008	-0.36236802413273
6009	-0.3763197586727
6010	-0.377450980392157
6011	-0.39027149321267
6012	-0.364630467571644
6013	-0.326168929110106
6014	-0.294117647058823
6015	-0.236425339366516
6016	-0.107088989441931
6017	-0.0301659125188537
6018	0.689668174962293
6019	4.16138763197587
6020	7.08333333333333
6021	13.3721719457014
6022	19.2160633484163
6023	26.2107843137255
6024	32.288838612368
6025	37.8834841628959
6026	42.5305429864253
6027	47.144419306184
6028	53.4513574660634
6029	53.6866515837104
6030	53.9871794871795
6031	54.6406485671192
6032	55.0128205128205
6033	55.0384615384615
6034	55.1625188536953
6035	55.2213423831071
6036	55.2801659125188
6037	55.2929864253394
6038	55.3186274509804
6039	55.3506787330317
6040	55.3570889894419
6041	55.3699095022624
6042	55.3110859728507
6043	55.2522624434389
6044	55.1602564102564
6045	54.3623680241327
6046	50.8318250377074
6047	47.8306938159879
6048	41.3921568627451
6049	35.4702111613876
6050	28.4947209653092
6051	22.5128205128205
6052	16.8914027149321
6053	12.3725490196078
6054	7.91251885369532
6055	1.73378582202112
