3133	-0.628296053827969
3134	-0.615748317875978
3135	-0.621749408983451
3136	-0.626659392616839
3137	-0.630478268776141
5084	-0.829605382796872
5085	-0.778414257137662
5086	-0.769139843607929
5087	-0.777323149663575
5088	-0.791507546826696
5089	-0.807874158937989
5090	-0.86452082196763
5091	-0.865611929441716
5092	-0.869430805601018
5093	-0.871613020549191
5094	-0.861793053282415
5095	-0.861247499545372
5111	-0.875431896708493
5112	-0.88907074013457
5113	-0.899436261138389
5114	-0.901072922349518
5115	-0.857519549008911
5116	-0.8662484088016
5117	-0.863520640116385
5118	-0.874431714857247
5119	-0.893526095653755
5120	-0.895708310601928
5121	-0.908256046553919
5122	-0.913166030187307
5123	-0.917530460083652
5124	-0.924622658665212
5125	-0.987270412802328
5126	-0.987815966539371
5127	-0.931714857246772
5128	-0.944262593198764
5129	-0.951900345517367
5130	-0.902345881069285
5131	-0.89961811238407
5132	-0.901800327332242
5133	-0.901254773595199
5134	-0.841880341880342
5135	-0.845699218039644
5136	-0.849518094198945
5137	-0.863156937625023
5138	-0.805964720858338
5139	-0.819603564284415
5140	-0.773867975995636
5141	-0.782596835788325
5142	-0.770049099836334
5143	-0.730314602655028
5144	-0.745590107292235
5145	-0.754864520821968
5146	-0.769048917985088
5147	-0.72713220585561
5148	-0.733133296963084
5149	-0.696126568466994
5150	-0.647117657755956
5151	-0.655300963811602
5152	-0.649845426441171
5153	-0.636206583015094
5154	-0.624749954537189
5155	-0.685761047463175
5156	-0.678668848881615
5157	-0.613293326059284
5158	-0.614929987270413
5159	-0.622022185851973
5160	-0.574104382615021
5161	-0.62856883069649
5162	-0.633478814329878
5163	-0.579014366248409
5164	-0.579559919985452
5165	-0.581196581196581
5166	-0.586106564829969
5167	-0.58446990361884
5168	-0.594835424622659
5169	-0.596472085833788
5170	-0.560010911074741
5171	-0.573104200763775
5172	-0.63193307874159
5173	-0.627568648845245
5174	-0.674395344608111
5175	-0.696763047826878
5176	-0.701673031460266
5177	-0.76050190943808
5178	-0.750136388434261
5179	-0.746317512274959
5180	-0.753409710856519
5181	-0.770867430441899
5182	-0.737134024368067
5183	-0.741498454264412
5184	-0.738770685579196
5185	-0.805237315875614
5186	-0.871158392434988
5187	-0.876613929805419
5188	-0.88206946717585
5189	-0.887525004546281
5190	-0.827059465357338
5191	-0.837970540098199
5192	-0.84506273867976
5193	-0.83633387888707
5194	-0.849427168576105
5195	-0.858701582105837
5196	-0.870703764320786
5197	-0.881069285324604
5198	-0.88379705400982
5199	-0.897435897435897
5200	-0.896890343698854
5201	-0.900163666121113
5202	-0.891434806328423
5203	-0.887615930169122
5204	-0.889252591380251
5205	-0.891434806328423
5206	-0.897435897435897
5207	-0.901254773595199
5208	-0.848426986724859
5209	-0.868066921258411
5210	-0.861520276413894
5211	-0.808146935806511
5212	-0.860429168939807
5213	-0.855519185306419
5214	-0.847335879250773
5215	-0.838607019458083
5216	-0.904528096017458
5217	-0.905619203491544
5218	-0.91380250954719
5219	-0.918712493180578
5220	-0.909983633387889
5221	-0.92253136933988
5222	-0.914893617021276
5223	-0.915984724495363
5224	-0.914348063284234
5225	-0.912165848336061
5226	-0.911074740861975
5227	-0.914893617021276
5228	-0.978632478632479
5229	-0.973176941262048
5230	-0.98245135479178
5231	-1.03800691034734
5232	-1.03364248045099
5233	-1.02273140571013
5234	-1.02054919076196
5235	-1.06683033278778
5236	-1.02436806692126
5237	-1.03255137297691
5238	-1.03309692671395
5239	-1.09192580469176
5240	-1.04782687761411
5241	-1.08919803600655
5242	-1.08210583742499
5243	-1.08319694489907
5244	-1.13220585561011
5245	-1.13984360792871
5246	-1.13166030187307
5247	-1.07828696126568
5248	-1.13766139298054
5249	-1.08537915984724
5250	-1.08537915984724
5251	-1.14038916166576
5252	-1.08756137479542
5253	-0.989543553373341
5254	-0.997726859428987
5255	-0.943807965084561
5256	-0.942171303873431
5257	-0.94544462629569
5258	-1.01627568648845
5259	-1.02282233133297
5260	-1.0320967448627
5261	-1.08601563920713
5262	-1.09310783778869
5263	-1.0881978541553
5264	-1.09638116021095
5265	-1.0958356064739
5266	-1.03755228223313
5267	-1.02991452991453
5268	-1.035915621022
5269	-1.03918894344426
5270	-1.03264229859975
5271	-1.06801236588471
5272	-1.0206401163848
5273	-0.960174577195854
5274	-0.870885615566467
5275	-0.81860338243317
5276	-0.828968903436989
5277	-0.82569558101473
5278	-0.832242225859247
5279	-0.766321149299873
5280	-0.771231132933261
5281	-0.767957810511002
5282	-0.769048917985088
5283	-0.808237861429351
5284	-0.808783415166394
5285	-0.755410074559011
5286	-0.737952354973632
5287	-0.679123476995817
5288	-0.632842334969995
5289	-0.574559010729223
5290	-0.576195671940352
5291	-0.592562284051646
5292	-0.524458992544099
5293	-0.470540098199673
5294	-0.475995635570104
5295	-0.480360065466449
5296	-0.480905619203492
5297	-0.473267866884888
5298	-0.418803418803419
5299	-0.424804509910893
5300	-0.4400800145481
5301	-0.456446626659393
5302	-0.465721040189125
5303	-0.483724313511548
5304	-0.481542098563375
5305	-0.484269867248591
5306	-0.483724313511548
5307	-0.473358792507729
5308	-0.481542098563375
5309	-0.546372067648664
5310	-0.549645390070922
5311	-0.545826513911621
5312	-0.582287688670668
5313	-0.530005455537371
5314	-0.530551009274414
5315	-0.546372067648664
5316	-0.555646481178396
5317	-0.536006546644844
5318	-0.536552100381887
5319	-0.546372067648664
5320	-0.542553191489362
5321	-0.548554282596836
5322	-0.482633206037462
5323	-0.483178759774505
5324	-0.479359883615202
5325	-0.476632114929988
5326	-0.472267685033643
5327	-0.471176577559556
5328	-0.457537734133479
5329	-0.45426441171122
5330	-0.443898890707402
5331	-0.443353336970358
5332	-0.448808874340789
5333	-0.402527732314967
5334	-0.400891071103837
5335	-0.412347699581742
5336	-0.412347699581742
5337	-0.406346608474268
5338	-0.283233315148209
5339	-0.27450445535552
5340	-0.259774504455356
5341	-0.301691216584834
5342	-0.313147845062739
5343	-0.309328968903437
5344	-0.251045644662666
5345	-0.246135661029278
5346	-0.187306783051464
5347	-0.196035642844154
5348	-0.240134569921804
5349	-0.182396799418076
5350	-0.17421349336243
5351	-0.221040189125296
5352	-0.221585742862339
5353	-0.277141298417894
5354	-0.380069103473359
5355	-0.273867975995636
5356	-0.331605746499363
5357	-0.337606837606837
5358	-0.291325695581015
5359	-0.288052373158756
5360	-0.225404619021641
5361	-0.217221312965994
5362	-0.212856883069649
5363	-0.0919258046917619
5364	-0.0826513911620295
5365	-0.0777414075286416
5366	-0.0221858519730862
5367	-0.0739225313693399
5368	-0.0771958537915984
5369	-0.0755591925804691
5370	-0.0662847790507366
5371	-0.069012547735952
5372	-0.0750136388434259
5373	-0.126204764502637
5374	-0.177941443898891
5375	-0.264502636843062
5376	-0.261774868157847
5377	-0.312420440080015
5378	-0.311329332605929
5379	-0.251954900891071
5380	-0.318967084924532
5381	-0.319512638661575
5382	-0.317330423713402
5383	-0.309692671394799
5384	-0.316239316239316
5385	-0.301509365339153
5386	-0.355428259683579
5387	-0.342334969994545
5388	-0.388070558283324
5389	-0.270412802327696
5390	-0.267139479905437
5391	-0.255137297690489
5392	-0.29214402618658
5393	-0.346608474268049
5394	-0.395617384979087
5395	-0.288870703764321
5396	-0.220221858519731
5397	-0.218039643571559
5398	-0.109656301145663
5399	-0.158119658119658
5400	-0.0437352245862885
5401	-0.0300963811602111
5402	-0.0142753227859613
5403	-0.00390980178214262
5404	-0.00336424804509949
5405	-0.00281869430805637
5406	0.0625568285142752
5407	0.0805601018366973
5408	0.0832878705219129
5409	0.0947444989998178
5410	0.102927805055464
5411	0.108928896162938
5412	0.117657755955628
5413	0.114384433533369
5414	0.120931078377887
5415	0.123658847063102
5416	0.145480996544826
5417	0.152027641389343
5418	0.211402073104201
5419	0.211402073104201
5420	0.219585379159847
5421	0.230496453900709
5422	0.238679759956356
5423	0.189670849245317
5424	0.200581923986179
5425	0.248499727223132
5426	0.249045280960175
5427	0.351427532278596
5428	0.354700854700854
5429	0.351427532278596
5430	0.414620840152755
5431	0.416257501363884
5432	0.423349699945445
5433	0.491998545190034
5434	0.495271867612293
5435	0.496362975086379
5436	0.567194035279141
5437	0.567739589016184
5438	0.573195126386615
5439	0.452264048008729
5440	0.457174031642117
5441	0.445717403164212
5442	0.441352973267867
5443	0.445717403164212
5444	0.448445171849427
5445	0.394526277505001
5446	0.402164029823604
5447	0.352609565375523
5448	0.35915621022004
5449	0.367339516275686
5450	0.365702855064557
5451	0.31342062193126
5452	0.317785051827605
5453	0.330332787779596
5454	0.343971631205674
5455	0.346153846153846
5456	0.24649936352064
5457	0.310783778868885
5458	0.318421531187488
5459	0.272685942898709
5460	0.286870340061829
5461	0.29396253864339
5462	0.298326968539734
5463	0.356064739043462
5464	0.237861429350791
5465	0.279778141480269
5466	0.234042553191489
5467	0.17957810511002
5468	0.175759228950719
5469	0.182851427532279
5470	0.180669212584106
5471	0.176304782687762
5472	0.18830696490271
5473	0.20249136206583
5474	0.207401345699218
5475	0.20412802327696
5476	0.19539916348427
5477	0.138206946717585
5478	0.143116930350973
5479	0.148026913984361
5480	0.144753591562102
5481	0.207946899436261
5482	0.201945808328787
5483	0.194853609747227
5484	0.19539916348427
5485	0.193762502273141
5486	0.189943626113839
5487	0.192125841062011
5488	0.187761411165666
5489	0.236224768139662
5490	0.0777414075286413
5491	0.0260047281323876
5492	0.0254591743953445
5493	0.0249136206583014
5494	0.0167303146026549
5495	0.0205491907619566
5496	-0.0785597381342062
5497	-0.129205310056374
5498	-0.13029641753046
5499	-0.236497545008183
5500	-0.247408619749045
5501	-0.356883069649027
5502	-0.353609747226769
5503	-0.298054191671213
5504	-0.292598654300782
5505	-0.294235315511911
5506	-0.307328605200946
5507	-0.31332969630842
5508	-0.326422985997454
5509	-0.336788507001273
5510	-0.350427350427351
5511	-0.364066193853428
5512	-0.359701763957083
5513	-0.300872885979269
5514	-0.295962902345881
5515	-0.296508456082924
5516	-0.295417348608838
5517	-0.297054009819967
5518	-0.245862884160757
5519	-0.258956173849791
5520	-0.257865066375705
5521	-0.25350063647936
5522	-0.250227314057101
5523	-0.240407346790326
5524	-0.190307328605201
5525	-0.193580651027459
5526	-0.247499545371886
5527	-0.254046190216403
5528	-0.360247317694126
5529	-0.370612838697945
5530	-0.373340607383161
5531	-0.433260592835061
5532	-0.395162756864885
5533	-0.392980541916712
5534	-0.454537188579742
5535	-0.513911620294599
5536	-0.523186033824332
5537	-0.532460447354064
5538	-0.539007092198582
5539	-0.592380432805965
5540	-0.590198217857792
5541	-0.543917075831969
5542	-0.497090380069104
5543	-0.487815966539371
5544	-0.488361520276414
5545	-0.501454809965448
5546	-0.509092562284052
5547	-0.515639207128569
5548	-0.527095835606474
5549	-0.528732496817603
5550	-0.535824695399163
5551	-0.593016912165848
5552	-0.601200218221495
5553	-0.612111292962357
5554	-0.619203491543917
5555	-0.573467903255137
5556	-0.579468994362611
5557	-0.544644480814694
5558	-0.608928896162939
5559	-0.620931078377887
5560	-0.625295508274232
5561	-0.641662120385525
5562	-0.703764320785597
5563	-0.703764320785597
5564	-0.756046553918894
5565	-0.741862156755774
5566	-0.807783233315148
5567	-0.81869430805601
5568	-0.8274231678487
5569	-0.842153118748863
5570	-0.856883069649027
5571	-0.796417530460084
5572	-0.801327514093472
5573	-0.813875250045463
5574	-0.832969630841972
5575	-0.832424077104928
5576	-0.825331878523368
5577	-0.816057464993635
5578	-0.75886524822695
5579	-0.768685215493726
5580	-0.766503000545554
5581	-0.817148572467722
5582	-0.865066375704674
5583	-0.862338607019458
5584	-0.863975268230587
5585	-0.806783051463902
5586	-0.818785233678851
5587	-0.838970721949445
5588	-0.849881796690308
5589	-0.797599563557011
5590	-0.846062920531006
5591	-0.851518457901437
5592	-0.846608474268049
5593	-0.846608474268049
5594	-0.842244044371704
5595	-0.846062920531006
5596	-0.849336242953264
5597	-0.860247317694126
5598	-0.809056192034915
5599	-0.817239498090562
5600	-0.815602836879433
5601	-0.763320603746136
5602	-0.773140571012912
5603	-0.776959447172213
5604	-0.84506273867976
5605	-0.742134933624295
5606	-0.738316057464994
5607	-0.727404982724132
5608	-0.772595017275868
5609	-0.773686124749955
5610	-0.775322785961084
5611	-0.772595017275868
5612	-0.767685033642481
5613	-0.715948354246227
5614	-0.774231678486998
5615	-0.782414984542644
5616	-0.851063829787234
5617	-0.85924713584288
5618	-0.877795962902346
5619	-0.948081469358065
5620	-1.00309147117658
5621	-0.952991452991453
5622	-0.955173667939626
5623	-0.967175850154573
5624	-0.974813602473177
5625	-0.973722494999091
5626	-0.976995817421349
5627	-0.98408801600291
5628	-0.936170212765957
5629	-0.939989088925259
5630	-0.941625750136388
5631	-0.957446808510638
5632	-0.957446808510638
5633	-1.00972904164394
5634	-1.01845790143662
5635	-1.02282233133297
5636	-1.02173122385888
5637	-1.01354791780324
5638	-1.07292234951809
5639	-1.06637570467358
5640	-1.06964902709584
5641	-0.960720130932897
5642	-1.01573013275141
5643	-1.0603746135661
5644	-1.06528459719949
5645	-1.01354791780324
5646	-1.01136570285506
5647	-1.00754682669576
5648	-1.01573013275141
5649	-0.898617930532825
5650	-0.898617930532825
5651	-0.902436806692126
5652	-0.896435715584652
5653	-0.895890161847609
5654	-0.898072376795781
5655	-0.895344608110566
5656	-0.943807965084561
5657	-0.931805782869612
5658	-0.973176941262048
5659	-0.969903618839789
5660	-0.976450263684307
5661	-0.981360247317694
5662	-0.981905801054737
5663	-0.990089107110384
5664	-0.994999090743772
5665	-0.995544644480815
5666	-0.996635751954901
5667	-0.97535915621022
5668	-0.970994726313875
5669	-0.961720312784143
5670	-0.951900345517367
5671	-0.952991452991453
5672	-1.01782142207674
5673	-1.01563920712857
5674	-1.00963811602109
5675	-1.00527368612475
5676	-1.00145480996545
5677	-1.0134569921804
5678	-1.02545917439534
5679	-1.08374249863612
5680	-1.07774140752864
5681	-1.08319694489907
5682	-1.08919803600655
5683	-1.11102018548827
5684	-1.10938352427714
5685	-1.11593016912166
5686	-1.120294599018
5687	-1.11047463175123
5688	-1.10065466448445
5689	-1.09629023458811
5690	-1.15839243498818
5691	-1.15402800509183
5692	-1.15293689761775
5693	-1.16984906346608
5694	-1.16384797235861
5695	-1.17530460083652
5696	-1.16548463356974
5697	-1.1164757228587
5698	-1.11756683033279
5699	-1.1725768321513
5700	-1.15730132751409
5701	-1.15511911256592
5702	-1.19812693216949
5703	-1.18557919621749
5704	-1.18994362611384
5705	-1.18176032005819
5706	-1.29341698490635
5707	-1.29396253864339
5708	-1.30705582833242
5709	-1.31905801054737
5710	-1.20576468448809
5711	-1.14420803782506
5712	-1.14802691398436
5713	-1.1447535915621
5714	-1.20140025459174
5715	-1.1932169485361
5716	-1.18830696490271
5717	-1.12293144208038
5718	-1.11420258228769
5719	-1.04719039825423
5720	-1.03191489361702
5721	-1.03355155482815
5722	-1.07055828332424
5723	-1.07328605200946
5724	-1.07219494453537
5725	-1.0814693580651
5726	-1.13538825240953
5727	-1.08474268048736
5728	-1.07655937443172
5729	-1.11574831787598
5730	-1.11138388797963
5731	-1.10101836697581
5732	-1.04328059647209
5733	-1.03727950536461
5734	-1.03782505910165
5735	-1.03291507546827
5736	-1.02200400072741
5737	-1.00781960356428
5738	-1.0143662484088
5739	-1.01000181851246
5740	-0.952264048008729
5741	-0.900527368612475
5742	-1.01873067830515
5743	-1.0181851245681
5744	-1.03127841425714
5745	-1.02964175304601
5746	-1.08028732496818
5747	-1.07755955628296
5748	-1.07810511002
5749	-1.06937625022731
5750	-1.17775959265321
5751	-1.12002182214948
5752	-1.11838516093835
5753	-1.12820512820513
5754	-1.13093289689034
5755	-1.1227495908347
5756	-1.12711402073104
5757	-1.12602291325696
5758	-1.14020731042008
5759	-1.15002727768685
5760	-1.15711947626841
5761	-1.15002727768685
5762	-1.14184397163121
5763	-1.12984178941626
5764	-1.11402073104201
5765	-1.10583742498636
5766	-1.10529187124932
5767	-1.11292962356792
5768	-1.11947626841244
5769	-1.11729405346427
5770	-1.11238406983088
5771	-1.11238406983088
5772	-1.05519185306419
5773	-1.05191853064193
5774	-1.04809965448263
5775	-1.05464629932715
5776	-1.04155300963812
5777	-1.04155300963812
5778	-1.03009638116021
5779	-1.03446081105656
5780	-1.0311874886343
5781	-1.03173304237134
5782	-1.03391525731951
5783	-1.03009638116021
5784	-0.969630841971268
5785	-0.960356428441535
5786	-0.947808692489544
5787	-0.988088743407893
5788	-0.9717221312966
5789	-0.955901072922349
5790	-0.943898890707401
5791	-0.926441171122022
5792	-0.919348972540462
5793	-0.905164575377341
5794	-0.89261683942535
5795	-0.883887979632661
5796	-0.864793598836152
5797	-0.858792507728678
5798	-0.898527004909983
5799	-0.881614839061648
5800	-0.876159301691216
5801	-0.86797599563557
5802	-0.856519367157665
5803	-0.844517184942717
5804	-0.836879432624114
5805	-0.821603927986907
5806	-0.805237315875614
5807	-0.788870703764321
5808	-0.76759410801964
5809	-0.741953082378614
5810	-0.726132024004364
5811	-0.825786506637571
5911	0.0449172576832151
5912	0.0383706128386978
5913	0.0285506455719222
5914	0.0682851427532276
5915	0.0541007455901071
5916	0.0437352245862882
5917	0.0431896708492451
5918	0.0279141662120383
5919	0.0224586288416075
5920	0.00827423167848684
5921	0.00172758683396967
5922	-0.00918348790689227
5923	-0.0135479178032371
5924	-0.0206401163847973
5925	-0.0250045462811422
5926	-0.0413711583924351
5927	-0.0985633751591199
5928	-0.0473722494999091
5929	-0.0522822331332972
5930	-0.0501000181851248
5931	-0.0511911256592109
5932	-0.0522822331332972
5933	-0.00218221494817239
5934	-0.00436442989634478
5935	-0.00109110747408614
5936	0.21840334606292
5937	0.214584469903619
5938	0.21131114748136
5939	0.210220040007274
5940	0.204764502636843
5941	0.202036733951627
5942	0.203127841425714
5943	0.194944535370067
5944	0.193853427895981
5945	0.193307874158938
5946	0.191125659210765
5947	0.187306783051464
5948	0.182396799418076
5949	0.235224586288416
5950	0.234679032551373
5951	0.230314602655028
5952	0.225950172758683
5953	0.221040189125295
5954	0.224859065284597
5955	0.223222404073468
5956	0.216675759228951
5957	0.207401345699218
5958	0.149118021458447
5959	0.254773595199127
5960	0.250954719039825
5961	0.251500272776868
5962	0.250409165302782
5963	0.252591380250955
5964	0.254773595199127
5965	0.255864702673213
5966	0.254773595199127
5967	0.255864702673213
5968	0.257501363884343
5969	0.260774686306601
5970	0.263502454991817
5971	0.263502454991817
5972	0.270049099836334
5973	0.273867975995636
5974	0.278777959629024
5975	0.282051282051282
5976	0.280960174577196
5977	0.288052373158756
5978	0.291871249318058
5979	0.297326786688489
5980	0.30278232405892
5981	0.308237861429351
5982	0.312056737588652
5983	0.323513366066558
5984	0.327332242225859
5985	0.332242225859247
5986	0.283778868885252
5987	0.291962174940898
5988	0.296872158574286
5989	0.302327695944717
5990	0.318148754318967
5991	0.3274231678487
5992	0.341062011274777
5993	0.347608656119294
5994	0.356337515911984
5995	0.365066375704673
5996	0.372158574286234
5997	0.377068557919622
5998	0.393980723767958
5999	0.349881796690307
6000	0.29923622476814
6001	0.255682851427532
6002	0.266048372431351
6003	0.279141662120385
6004	0.284597199490816
6005	0.296053827968721
6006	0.302054919076196
6007	0.313511547554101
6008	0.323331514820877
6009	0.27814148026914
6010	0.233496999454446
6011	0.24113475177305
6012	0.200309147117658
6013	0.21122022185852
6014	0.223767957810511
6015	0.186215675577378
6016	0.202036733951628
6017	0.217312238588834
6018	0.222767775959265
6019	0.240225495544644
6020	0.247863247863248
6021	0.264229859974541
6022	0.272413166030187
6023	0.284415348245135
6024	0.296417530460084
6025	0.305146390252773
6026	0.314420803782506
6027	0.330787415893799
