24	0.241758241758242
25	0.241758241758242
26	0.21978021978022
27	0.21978021978022
28	0.285714285714286
29	0.269230769230769
30	0.307692307692308
31	0.307692307692308
32	0.302197802197802
33	0.302197802197802
34	0.296703296703297
35	0.291208791208791
36	0.236263736263736
37	0.241758241758242
38	0.230769230769231
39	0.208791208791209
40	0.214285714285714
41	0.21978021978022
42	0.225274725274725
43	0.153846153846154
87	-0.0164835164835165
88	-0.00549450549450547
89	0
90	0.0164835164835165
91	0.0494505494505494
101	0.131868131868132
102	0.131868131868132
103	0.159340659340659
104	0.148351648351648
105	0.153846153846154
106	0.21978021978022
107	0.274725274725275
108	0.28021978021978
109	0.21978021978022
110	0.148351648351648
111	0.153846153846154
122	0.313186813186813
124	0.291208791208791
125	0.296703296703297
126	0.296703296703297
127	0.291208791208791
128	0.285714285714286
129	0.274725274725275
130	0.274725274725275
131	0.263736263736264
132	0.269230769230769
314	0.483516483516484
315	0.472527472527473
316	0.467032967032967
317	0.461538461538462
318	0.456043956043956
319	0.43956043956044
320	0.450549450549451
321	0.456043956043956
322	0.456043956043956
323	0.489010989010989
324	0.489010989010989
325	0.478021978021978
326	0.417582417582418
327	0.434065934065934
328	0.412087912087912
329	0.417582417582418
330	0.417582417582418
331	0.417582417582418
332	0.406593406593407
333	0.395604395604396
334	0.39010989010989
582	0.164835164835165
583	0.269230769230769
584	0.269230769230769
585	0.307692307692308
586	0.269230769230769
587	0.175824175824176
588	0.159340659340659
589	0.142857142857143
590	0.065934065934066
591	0.126373626373626
592	0.131868131868132
593	0.0879120879120879
594	0.120879120879121
595	0.120879120879121
820	-0.21978021978022
821	-0.214285714285714
822	-0.148351648351648
823	-0.197802197802198
824	-0.208791208791209
825	-0.269230769230769
826	-0.263736263736264
827	-0.258241758241758
828	-0.252747252747253
829	-0.208791208791209
847	-0.258241758241758
848	-0.241758241758242
850	-0.192307692307692
851	-0.17032967032967
852	-0.192307692307692
854	-0.175824175824176
855	-0.148351648351648
862	-0.10989010989011
872	-0.192307692307692
873	-0.120879120879121
874	-0.104395604395604
875	-0.0824175824175825
876	-0.0714285714285713
877	-0.115384615384615
878	-0.115384615384615
879	-0.098901098901099
894	-0.0714285714285714
895	-0.0659340659340659
899	0.0164835164835165
900	0.054945054945055
901	0.087912087912088
902	0.181318681318681
903	0.197802197802198
904	0.203296703296703
905	0.307692307692308
906	0.28021978021978
907	0.263736263736264
908	0.17032967032967
909	0.115384615384616
910	0.10989010989011
911	0.032967032967033
912	0.00549450549450547
913	0.0494505494505495
914	0.0274725274725276
915	0.00549450549450559
916	0.10989010989011
917	0.258241758241758
918	0.247252747252747
919	0.269230769230769
920	0.274725274725275
921	0.269230769230769
922	0.340659340659341
923	0.269230769230769
924	0.252747252747253
925	0.252747252747253
926	0.225274725274725
927	0.230769230769231
928	0.21978021978022
929	0.126373626373626
930	0.0274725274725276
931	0.032967032967033
932	0.0054945054945057
933	-0.00549450549450547
934	-0.0989010989010989
1054	-0.208791208791209
1055	-0.203296703296703
1056	-0.208791208791209
1057	-0.181318681318681
1058	-0.181318681318681
1059	-0.186813186813187
1060	-0.164835164835165
1062	-0.164835164835165
1063	-0.0769230769230769
1077	-0.0329670329670328
1078	-0.0329670329670328
1079	-0.137362637362637
1080	-0.0989010989010989
1081	-0.159340659340659
1082	-0.142857142857143
1089	-0.0329670329670331
1090	-0.0384615384615384
1091	-0.0439560439560439
1092	-0.00549450549450547
1093	0.054945054945055
1094	0.120879120879121
1095	0.115384615384616
1096	0.0934065934065935
1097	0.104395604395604
1098	0.0164835164835165
1099	0.142857142857143
1100	0.126373626373626
1101	0.197802197802198
1102	0.186813186813187
1103	0.186813186813187
1104	0.324175824175824
1105	0.379120879120879
1106	0.373626373626374
1107	0.247252747252747
1108	0.241758241758242
1109	0.357142857142857
1110	0.285714285714286
1111	0.263736263736264
1112	0.285714285714286
1113	0.164835164835165
1114	0.21978021978022
1115	0.21978021978022
1116	0.203296703296703
1117	0.269230769230769
1118	0.263736263736264
1119	0.324175824175824
1120	0.318681318681319
1121	0.302197802197802
1122	0.32967032967033
1123	0.32967032967033
1124	0.324175824175824
1125	0.247252747252747
1126	0.192307692307692
1127	0.241758241758242
1128	0.21978021978022
1129	0.252747252747253
1130	0.258241758241758
1131	0.329670329670329
1132	0.318681318681319
1133	0.357142857142857
1134	0.406593406593407
1135	0.203296703296703
1136	0.230769230769231
1137	0.17032967032967
1138	0.17032967032967
1139	0.159340659340659
1140	0.104395604395604
1141	0.032967032967033
1142	0.0164835164835164
1143	1.11022302462516e-16
1144	0.0659340659340659
1145	-0.00549450549450547
1146	0.0109890109890111
1147	-0.00549450549450547
1148	-0.0274725274725275
1149	0.126373626373626
1150	0.186813186813187
1151	0.225274725274725
1152	0.236263736263737
1153	0.148351648351648
1154	0.164835164835165
1155	0.10989010989011
1156	0.0714285714285715
1157	0.0769230769230771
1158	0.0384615384615384
1159	0.076923076923077
1160	0.054945054945055
1161	0.131868131868132
1162	0.208791208791209
1163	0.115384615384616
1164	0.043956043956044
1165	-0.00549450549450547
1166	-0.0714285714285714
1167	-0.131868131868132
1168	-0.0439560439560439
1169	-0.0659340659340657
1170	-0.10989010989011
1171	0.032967032967033
1172	1.11022302462516e-16
1173	-0.0439560439560439
1174	-0.032967032967033
1175	-0.032967032967033
1176	-0.10989010989011
1177	-0.115384615384615
1178	-0.0934065934065932
1179	-0.0879120879120878
1180	-0.159340659340659
1181	-0.164835164835165
1182	-0.181318681318681
1183	-0.164835164835165
1184	-0.0659340659340657
1185	-0.159340659340659
1189	-0.192307692307692
1190	-0.148351648351648
1191	-0.148351648351648
1192	-0.126373626373626
1193	-0.0549450549450549
1194	0.054945054945055
1195	0.0054945054945057
1196	0.0109890109890111
1197	-0.054945054945055
1198	-0.104395604395604
1199	-0.0934065934065934
1200	-0.0824175824175825
1201	-0.00549450549450536
1202	-0.0109890109890109
1203	-0.0109890109890109
1204	-0.0714285714285714
1205	-0.0714285714285714
1206	-0.0824175824175825
1212	-0.0384615384615384
1213	0.054945054945055
1214	0.137362637362637
1215	0.214285714285714
1216	0.21978021978022
1217	0.225274725274725
1218	0.230769230769231
1219	0.252747252747253
1220	0.164835164835165
1221	0.098901098901099
1222	0.087912087912088
1223	0.10989010989011
1224	0.076923076923077
1225	0.0824175824175825
1232	0.0824175824175825
1233	0.065934065934066
1234	0.0384615384615384
1235	0.0604395604395604
1236	0.0714285714285714
1238	0.175824175824176
1239	0.164835164835165
1240	0.148351648351648
1241	0.120879120879121
1242	0.214285714285714
1243	0.208791208791209
1244	0.225274725274725
1245	0.291208791208791
1246	0.236263736263736
1247	0.225274725274725
1248	0.164835164835165
1249	0.153846153846154
1250	0.065934065934066
1254	0.0824175824175825
1255	0.142857142857143
1256	0.126373626373626
1257	0.142857142857143
1258	0.148351648351648
1259	0.142857142857143
1260	0.131868131868132
1261	0.065934065934066
1262	0.142857142857143
1263	0.142857142857143
1264	0.153846153846154
1265	0.0934065934065934
1266	0.153846153846154
1267	0.159340659340659
1268	0.115384615384615
1269	0.10989010989011
1270	0.0879120879120879
1271	0.148351648351648
1272	0.142857142857143
1273	0.126373626373626
1274	0.0384615384615384
1275	0.0494505494505494
1276	0.043956043956044
1277	0.065934065934066
1279	0.0494505494505494
1280	0.043956043956044
1373	-0.417582417582418
1374	-0.428571428571428
1375	-0.28021978021978
1376	-0.384615384615385
1377	-0.373626373626373
1378	-0.379120879120879
1379	-0.307692307692308
1380	-0.285714285714286
1381	-0.285714285714286
1382	-0.258241758241758
1383	-0.126373626373626
1384	-0.098901098901099
1385	-0.291208791208791
1386	-0.203296703296703
1387	-0.137362637362637
1388	-0.120879120879121
1389	-0.0934065934065933
1390	-0.181318681318681
1391	-0.0934065934065933
1392	-0.142857142857143
1393	-0.0604395604395604
1394	0.0274725274725276
1395	0.0549450549450552
1396	0.0494505494505495
1397	0.0604395604395607
1398	0.0824175824175828
1399	0.00549450549450536
1400	0.0274725274725275
1401	0.0384615384615384
1402	0.0659340659340661
1403	-0.0274725274725274
1404	-0.054945054945055
1405	0.0274725274725274
1406	0.0714285714285716
1407	0.0824175824175826
1408	0.214285714285715
1409	0.131868131868132
1410	0.236263736263737
1411	0.164835164835165
1412	0.263736263736264
1413	0.241758241758242
1414	0.247252747252747
1415	0.230769230769231
1416	0.225274725274726
1417	0.285714285714286
1418	0.291208791208791
1419	0.137362637362637
1420	0.098901098901099
1421	0.098901098901099
1422	0.0659340659340659
1423	0.0934065934065935
1424	0.0769230769230769
1425	0.0604395604395604
1426	0.0549450549450547
1427	0.0824175824175823
1428	0.0604395604395604
1429	2.22044604925031e-16
1430	-0.104395604395604
1431	-0.148351648351648
1432	-0.148351648351648
1433	-0.153846153846154
1434	-0.197802197802198
1435	-0.0274725274725276
1436	-0.0274725274725276
1437	0.0109890109890109
1438	-0.0329670329670328
1439	0.0054945054945057
1440	0.0274725274725276
1441	-0.159340659340659
1442	-0.175824175824176
1443	-0.203296703296703
1444	-0.318681318681319
1445	-0.247252747252747
1457	-0.32967032967033
1458	-0.236263736263736
1459	-0.203296703296703
1460	-0.153846153846154
1461	-0.153846153846154
1462	-0.126373626373626
1463	-0.203296703296703
1464	-0.120879120879121
1465	-0.142857142857143
1466	-0.0934065934065933
1467	-0.043956043956044
1468	-0.054945054945055
1469	0.0109890109890112
1470	0.0439560439560442
1471	-0.104395604395604
1472	-0.104395604395604
1473	-0.120879120879121
1474	-0.054945054945055
1475	0.0054945054945057
1476	0.0054945054945057
1477	0.0274725274725276
1478	0
1479	0.054945054945055
1480	0.0274725274725275
1481	0.00549450549450536
1482	0.00549450549450536
1483	0.0494505494505494
1484	0.0824175824175828
1485	0.10989010989011
1486	0.181318681318682
1487	0.131868131868132
1488	0.142857142857143
1489	0.137362637362637
1490	0.131868131868132
1491	0.153846153846154
1492	0.076923076923077
1493	0.0164835164835165
1494	-0.0439560439560439
1495	-0.192307692307692
1496	-0.175824175824176
1497	-0.21978021978022
1498	-0.225274725274725
1499	-0.263736263736263
1500	-0.318681318681319
1501	-0.28021978021978
1502	-0.247252747252747
1503	-0.28021978021978
1504	-0.274725274725275
1505	-0.340659340659341
1506	-0.346153846153846
1507	-0.357142857142857
1508	-0.362637362637363
1509	-0.368131868131868
1514	-0.335164835164835
1515	-0.379120879120879
1516	-0.335164835164835
1517	-0.362637362637363
1518	-0.346153846153846
1519	-0.368131868131868
1567	-0.197802197802198
1568	-0.197802197802198
1569	-0.192307692307692
1576	-0.098901098901099
1577	-0.098901098901099
1578	-0.00549450549450536
1579	0.0164835164835165
1580	-0.0384615384615384
1581	-0.021978021978022
1582	-0.0109890109890111
1583	0.0109890109890109
1584	0.00549450549450547
1585	0.0164835164835165
1586	0.032967032967033
1587	0.032967032967033
1589	0.032967032967033
1590	0.0494505494505494
1591	0.0384615384615384
1592	0.043956043956044
1593	0.021978021978022
1594	0.043956043956044
1596	0.021978021978022
1597	0.0384615384615384
1598	0.0824175824175825
1619	-0.0219780219780219
1620	-0.0109890109890109
1621	-0.0164835164835163
1622	-0.0219780219780219
1623	-0.0219780219780219
1624	0.065934065934066
1625	-0.0274725274725275
1626	-0.0329670329670328
1627	-0.0219780219780219
1628	-0.00549450549450536
1629	0.0219780219780221
1630	0.076923076923077
1631	0.0934065934065935
1632	0.054945054945055
1633	0.126373626373626
1634	0.065934065934066
1635	0.0604395604395604
1636	0.0274725274725276
1637	0.065934065934066
1638	0.142857142857143
1639	0.148351648351648
1640	0.197802197802198
1641	0.197802197802198
1642	0.203296703296703
1643	0.186813186813187
1644	0.181318681318681
1645	0.115384615384615
1646	0.153846153846154
1647	0.225274725274725
1648	0.148351648351648
1649	0.197802197802198
1650	0.236263736263736
1651	0.236263736263736
1652	0.247252747252747
1653	0.39010989010989
1654	0.307692307692308
1655	0.131868131868132
1656	0.126373626373626
1657	0.115384615384616
1658	0.197802197802198
1659	0.197802197802198
1660	0.098901098901099
1661	0.098901098901099
1662	0.104395604395604
1663	0.104395604395604
1664	0.098901098901099
1665	0.104395604395604
1666	0.0494505494505494
1668	0.043956043956044
1731	-0.159340659340659
1732	-0.142857142857143
1733	-0.164835164835165
1734	-0.032967032967033
1735	0.0054945054945057
1736	-0.0494505494505492
1737	-0.0714285714285713
1738	-0.0439560439560438
1739	-0.0329670329670328
1740	0.076923076923077
1741	0.164835164835165
1742	0.318681318681319
1743	0.32967032967033
1744	0.362637362637363
1745	0.346153846153846
1746	0.324175824175824
1747	0.318681318681319
1748	0.263736263736264
1749	0.258241758241758
1750	0.258241758241758
1751	0.230769230769231
1752	0.175824175824176
1753	0.175824175824176
1754	0.181318681318681
1755	0.192307692307692
1756	0.351648351648352
1757	0.357142857142857
1758	0.483516483516484
1759	0.406593406593406
1760	0.428571428571428
1761	0.406593406593406
1762	0.401098901098901
1763	0.335164835164835
1764	0.335164835164835
1765	0.269230769230769
1766	0.335164835164835
1767	0.126373626373626
1768	0.142857142857143
1769	0.153846153846154
1770	0.0714285714285715
1771	0.0604395604395604
1772	0.0604395604395604
1773	0.065934065934066
1774	0.0329670329670331
1775	0.104395604395604
1776	0.0219780219780221
1777	-0.0604395604395603
1788	-0.0384615384615384
1789	-0.054945054945055
1790	0.0384615384615384
1791	0.115384615384615
1792	-0.0219780219780218
1793	0.0659340659340659
1794	-0.032967032967033
1795	-0.0439560439560439
1796	-0.104395604395604
1797	-0.0274725274725275
1798	0.021978021978022
1799	0.076923076923077
1800	0.0659340659340659
1801	0.0384615384615384
1802	-0.0439560439560439
1803	-0.0604395604395602
1804	-0.0879120879120878
1805	-0.115384615384615
1806	-0.10989010989011
1807	-0.131868131868132
1808	-0.0769230769230769
1809	-0.0659340659340659
1810	-0.0824175824175823
1811	-0.159340659340659
1812	-0.10989010989011
1813	-0.0274725274725274
1814	-0.0109890109890107
1815	0.120879120879121
1816	0.0824175824175826
1817	0.10989010989011
1818	0.0219780219780219
1819	0.0714285714285716
1820	0.230769230769231
1821	0.263736263736264
1822	0.252747252747253
1823	0.269230769230769
1824	0.142857142857143
1825	0.153846153846154
1826	0.0439560439560442
1827	-0.0219780219780221
1828	0.0439560439560442
1829	-0.0824175824175823
1830	-0.0384615384615383
1831	-0.0494505494505495
1832	0.0164835164835165
1833	-0.032967032967033
1834	-0.0934065934065934
1835	-0.0384615384615383
1836	-0.0109890109890109
1837	0.0109890109890111
1838	0.0384615384615384
1839	0.0384615384615384
1840	0.126373626373626
1841	0.142857142857143
1842	0.148351648351648
1843	0.175824175824176
1844	0.131868131868132
1845	0.258241758241758
1846	0.384615384615385
1847	0.373626373626374
1848	0.318681318681319
1849	0.230769230769231
1850	0.181318681318681
1851	0.0054945054945057
1852	0.0439560439560439
1853	0.0384615384615385
1854	0.0439560439560439
1855	0.0494505494505495
1856	-0.0824175824175825
1857	-0.098901098901099
1858	-0.098901098901099
1859	-0.0494505494505492
1860	-0.0879120879120878
1861	-0.0989010989010989
1862	-0.0989010989010989
1863	-0.0549450549450549
1864	-0.131868131868132
1865	-0.0934065934065934
1866	-0.0989010989010988
1867	-0.0824175824175823
1868	-0.137362637362637
1869	-0.120879120879121
1870	-0.0934065934065932
1871	-0.126373626373626
1872	-0.0659340659340657
1873	0.0109890109890111
1874	0.0604395604395603
1875	0.0824175824175825
1876	0.0164835164835164
1877	0.0274725274725276
1878	0.0164835164835164
1879	1.11022302462516e-16
1880	0.0054945054945057
1881	-0.115384615384615
1890	0.0604395604395604
1891	0.0604395604395604
1892	0.0604395604395604
1893	0.065934065934066
1894	0.0604395604395604
1900	0.043956043956044
1901	0.0604395604395604
1902	0.0274725274725275
1903	0.032967032967033
1904	-0.0109890109890111
1905	-0.0439560439560439
1906	-0.0494505494505494
1908	-0.0439560439560439
1912	-0.0604395604395603
1913	0.0549450549450551
1914	0.0384615384615385
1915	0.181318681318681
1916	0.142857142857143
1917	0.131868131868132
1918	0.115384615384615
1919	0.0879120879120879
1920	0.131868131868132
1921	0.115384615384616
1922	0.0879120879120882
1923	0.0164835164835166
1924	2.22044604925031e-16
1925	-0.0384615384615383
1926	-0.0659340659340657
1927	-0.10989010989011
1928	-0.0494505494505497
1929	-0.054945054945055
1930	0.0054945054945057
1931	0
1932	0.0494505494505497
1933	0.15934065934066
1934	0.153846153846154
1935	0.230769230769231
1936	0.15934065934066
1937	0.120879120879121
1938	0.115384615384616
1939	0.0824175824175828
1940	0.0769230769230773
1941	0.131868131868132
1942	0.087912087912088
1943	0.0714285714285714
1944	0.0384615384615385
1945	0.0274725274725276
1946	0.115384615384616
1947	0.0989010989010992
1948	-0.0494505494505493
1949	-0.21978021978022
1950	-0.208791208791208
1951	-0.197802197802198
1952	-0.186813186813187
1953	-0.181318681318681
1954	-0.175824175824176
1955	-0.17032967032967
1956	-0.241758241758242
1957	-0.159340659340659
1958	-0.104395604395604
1959	-0.043956043956044
1960	-0.043956043956044
1961	-0.0219780219780219
1962	-0.0879120879120878
1963	-0.153846153846154
1964	-0.230769230769231
1965	-0.214285714285714
1966	-0.28021978021978
1967	-0.285714285714286
1968	-0.395604395604396
1969	-0.439560439560439
1970	-0.439560439560439
1971	-0.565934065934066
1972	-0.659340659340659
2043	-0.0439560439560439
2044	0.104395604395604
2045	0
2046	0.00549450549450559
2047	0.021978021978022
2048	0.0439560439560439
2049	0.0494505494505496
2050	0.0164835164835165
2051	0.0164835164835165
2052	0.0164835164835165
2053	-0.0274725274725274
2054	0.0274725274725275
2055	-0.0824175824175823
2056	-0.0164835164835164
2057	-0.043956043956044
2058	-0.0494505494505493
2059	0.0219780219780223
2060	0.159340659340659
2061	0.164835164835165
2062	0.148351648351648
2063	0.0164835164835164
2064	0.0219780219780219
2065	-0.0164835164835164
2066	-0.0219780219780221
2067	0.043956043956044
2068	0.0109890109890112
2069	0.0054945054945057
2070	0.104395604395604
2071	0.10989010989011
2072	0.263736263736264
2073	0.170329670329671
2074	0.241758241758242
2075	0.225274725274725
2076	0.0989010989010992
2077	0.087912087912088
2078	0.0054945054945057
2079	-0.21978021978022
2080	-0.285714285714286
2081	-0.203296703296703
2082	-0.236263736263736
2083	-0.252747252747253
2084	-0.230769230769231
2085	-0.28021978021978
2086	-0.241758241758242
2087	-0.258241758241758
2088	-0.285714285714286
2089	-0.285714285714286
2090	-0.340659340659341
2091	-0.252747252747253
2092	-0.252747252747253
2093	-0.252747252747253
2094	-0.252747252747253
2095	-0.258241758241758
2096	-0.401098901098901
2097	-0.412087912087912
2098	-0.395604395604396
2099	-0.351648351648352
2100	-0.346153846153846
2101	-0.313186813186813
2102	-0.32967032967033
2103	-0.362637362637363
2104	-0.274725274725275
2105	-0.225274725274725
2106	-0.340659340659341
2107	-0.357142857142857
2108	-0.483516483516483
2109	-0.456043956043956
2110	-0.516483516483516
2111	-0.587912087912088
2112	-0.549450549450549
2113	-0.483516483516484
2114	-0.472527472527472
2115	-0.494505494505494
2116	-0.489010989010989
2117	-0.472527472527472
2118	-0.423076923076923
2119	-0.324175824175824
2120	-0.263736263736264
2121	-0.28021978021978
2122	-0.285714285714286
2123	-0.208791208791209
2124	-0.192307692307692
2125	-0.153846153846154
2126	-0.142857142857143
2127	-0.142857142857143
2128	-0.241758241758242
2129	-0.142857142857143
2130	-0.148351648351648
2131	-0.197802197802198
2132	-0.214285714285714
2133	-0.126373626373626
2134	-0.126373626373626
2135	-0.192307692307692
2136	-0.203296703296703
2137	-0.203296703296703
2138	-0.192307692307692
2139	-0.0714285714285714
2140	-0.0714285714285714
2141	-0.10989010989011
2142	-0.0879120879120878
2143	-0.0274725274725274
2144	0.0384615384615384
2145	0.0384615384615384
2146	0.0164835164835165
2147	0.0329670329670331
2148	0.104395604395605
2149	0.0494505494505494
2150	0.120879120879121
2151	0.15934065934066
2152	0.0934065934065934
2153	0.0109890109890111
2154	-0.0164835164835164
2155	0.0494505494505494
2156	0.0384615384615384
2157	0.0329670329670331
2158	0.104395604395605
2159	0.10989010989011
2160	0.126373626373627
2161	0.10989010989011
2162	0.186813186813187
2163	0.137362637362638
2164	0.126373626373627
2165	0.120879120879121
2166	0.120879120879121
2167	0.120879120879121
2168	0.137362637362638
2169	0.0604395604395604
2170	0.0659340659340659
2171	0.0714285714285714
2172	0.0714285714285714
2173	0.148351648351649
2174	0.208791208791209
2175	0.0659340659340659
2176	0.021978021978022
2177	0.021978021978022
2178	0.0329670329670331
2179	-0.0384615384615383
2180	-0.00549450549450547
2181	0.0109890109890111
2182	0.0164835164835164
2183	0.0164835164835164
2184	-0.0274725274725275
2185	-0.0164835164835163
2186	-0.0879120879120878
2187	-0.0604395604395603
2188	-0.0659340659340657
2189	-0.0769230769230769
2190	-0.0824175824175825
2202	-0.197802197802198
2203	-0.186813186813187
2204	-0.120879120879121
2205	-0.0604395604395603
2206	-0.0714285714285714
2207	-0.0824175824175823
2208	-0.0769230769230769
2209	-0.17032967032967
2210	-0.0824175824175823
2211	-0.115384615384615
2212	-0.148351648351648
2213	-0.159340659340659
2214	-0.0989010989010988
2215	-0.0439560439560439
2216	-0.137362637362637
2217	-0.137362637362637
2218	-0.137362637362637
2219	-0.137362637362637
2220	-0.137362637362637
2221	-0.0494505494505495
2222	-0.0384615384615383
2223	0
2224	-0.0109890109890109
2225	0
2226	0.0934065934065934
2227	0.0989010989010989
2228	0.076923076923077
2229	-0.0164835164835164
2230	0.0604395604395604
2231	-0.0164835164835164
2232	-0.0384615384615383
2233	0.115384615384616
2234	0.214285714285714
2235	0.153846153846154
2236	0.192307692307693
2237	0.0659340659340659
2238	1.11022302462516e-16
2239	-0.0274725274725275
2240	-0.032967032967033
2241	-0.0824175824175825
2242	0.0054945054945057
2243	0.0164835164835164
2244	-0.0274725274725275
2245	-0.032967032967033
2246	-0.17032967032967
2247	-0.0934065934065932
2248	-0.0824175824175825
2249	-0.0659340659340657
2250	-0.0494505494505492
2251	-0.054945054945055
2252	0.0054945054945057
2253	0.0109890109890111
2254	0.0164835164835164
2255	0.0109890109890111
2256	-0.0714285714285713
2257	-0.153846153846154
2258	-0.164835164835165
2259	-0.197802197802198
2260	-0.214285714285714
2261	-0.236263736263736
2335	-0.346153846153846
2336	-0.285714285714286
2337	-0.307692307692308
2338	-0.313186813186813
2339	-0.318681318681319
2340	-0.302197802197802
2341	-0.21978021978022
2342	-0.197802197802198
2343	-0.153846153846154
2344	-0.0769230769230769
2345	-0.0824175824175823
2346	-0.0824175824175823
2347	0.0604395604395604
2348	0.0824175824175825
2349	0.137362637362638
2350	0.186813186813187
2351	0.120879120879121
2352	-0.0109890109890109
2353	0.0384615384615384
2354	0.10989010989011
2355	0.0219780219780219
2356	0.076923076923077
2357	0.153846153846154
2358	0.252747252747253
2359	0.21978021978022
2360	0.142857142857143
2361	0.153846153846154
2362	0.17032967032967
2363	0.164835164835165
2364	0.17032967032967
2365	0.230769230769231
2366	0.192307692307692
2367	0.252747252747253
2368	0.318681318681319
2369	0.307692307692308
2370	0.450549450549451
2371	0.32967032967033
2372	0.313186813186813
2373	0.346153846153846
2374	0.373626373626374
2375	0.296703296703297
2376	0.296703296703297
2377	0.230769230769231
2378	0.208791208791209
2379	0.225274725274726
2380	0.120879120879121
2381	0.126373626373626
2382	0.126373626373626
2383	-0.0164835164835164
2384	-0.0274725274725274
2385	-0.0934065934065935
2386	-0.153846153846154
2387	-0.0824175824175823
2388	-0.10989010989011
2389	-0.164835164835165
2390	-0.214285714285714
2391	-0.126373626373626
2392	-0.115384615384615
2393	-0.0769230769230769
2394	-0.192307692307692
2395	-0.104395604395604
2396	-0.104395604395604
2397	-0.120879120879121
2398	-0.104395604395604
2399	-0.0934065934065933
2400	-0.0219780219780217
2401	-0.104395604395604
2402	-0.0769230769230769
2403	-0.142857142857143
2404	-0.208791208791209
2405	-0.153846153846154
2406	-0.21978021978022
2407	-0.175824175824176
2408	-0.197802197802198
2409	-0.186813186813187
2410	-0.197802197802198
2411	-0.208791208791209
2412	-0.203296703296703
2413	-0.214285714285714
2414	-0.247252747252747
2415	-0.302197802197802
2416	-0.28021978021978
2417	-0.186813186813187
2418	-0.192307692307693
2419	-0.148351648351648
2420	-0.258241758241758
2421	-0.252747252747253
2422	-0.159340659340659
2423	-0.263736263736264
2424	-0.159340659340659
2425	-0.159340659340659
2426	-0.153846153846154
2427	-0.236263736263736
2428	-0.313186813186813
2429	-0.373626373626373
2430	-0.395604395604396
2431	-0.368131868131868
2432	-0.351648351648352
2433	-0.368131868131868
2434	-0.368131868131868
2435	-0.357142857142857
2436	-0.340659340659341
2437	-0.401098901098901
2438	-0.335164835164835
2439	-0.263736263736264
2440	-0.247252747252747
2441	-0.302197802197802
2442	-0.274725274725275
2443	-0.252747252747253
2444	-0.230769230769231
2445	-0.181318681318681
2446	-0.0329670329670328
2447	-0.0109890109890109
2448	-0.0109890109890109
2449	-0.0219780219780221
2450	0.230769230769231
2451	0.274725274725275
2452	0.28021978021978
2453	0.21978021978022
2454	0.296703296703297
2455	0.252747252747253
2456	0.28021978021978
2457	0.291208791208791
2458	0.186813186813187
2459	0.181318681318681
2460	0.0989010989010989
2461	0.0714285714285714
2462	0.247252747252747
2463	0.379120879120879
2464	0.456043956043956
2465	0.423076923076923
2466	0.467032967032967
2467	0.510989010989011
2468	0.505494505494506
2469	0.527472527472528
2470	0.434065934065934
2471	0.417582417582418
2472	0.538461538461539
2473	0.659340659340659
2474	0.565934065934066
2475	0.489010989010989
2476	0.472527472527473
2477	0.478021978021978
2478	0.395604395604396
2479	0.351648351648352
2480	0.318681318681319
2481	0.324175824175824
2482	0.186813186813187
2483	0.197802197802198
2484	0.159340659340659
2485	0.17032967032967
2486	-0.0384615384615383
2487	-0.0274725274725274
2488	-0.0164835164835164
2489	-0.0219780219780217
2490	-0.0494505494505493
2491	0.0219780219780219
2492	0.0164835164835164
2493	-0.0274725274725276
2494	-0.0109890109890112
2495	0
2496	-0.0164835164835164
2497	0.0769230769230771
2498	-0.098901098901099
2499	-0.269230769230769
2500	-0.203296703296703
2501	-0.241758241758242
2502	-0.324175824175824
2536	-0.39010989010989
2537	-0.412087912087912
2538	-0.373626373626374
2539	-0.357142857142857
2540	-0.351648351648352
2541	-0.28021978021978
2542	-0.263736263736263
2543	-0.247252747252747
2544	-0.197802197802198
2545	-0.230769230769231
2546	-0.258241758241758
2547	-0.291208791208791
2548	-0.241758241758242
2549	-0.252747252747253
2550	-0.368131868131868
2551	-0.307692307692307
2552	-0.302197802197802
2553	-0.274725274725275
2554	-0.214285714285714
2555	-0.186813186813187
2556	-0.186813186813187
2557	-0.203296703296703
2558	-0.214285714285714
2559	-0.175824175824176
2560	-0.247252747252747
2561	-0.247252747252747
2562	-0.28021978021978
2563	-0.192307692307693
2564	-0.137362637362637
2565	-0.126373626373626
2566	-0.120879120879121
2567	-0.0934065934065933
2568	0.0219780219780223
2569	0.0164835164835166
2570	-0.00549450549450525
2571	-0.131868131868132
2572	-0.296703296703297
2573	-0.142857142857143
2574	-0.137362637362637
2575	-0.153846153846154
2576	-0.10989010989011
2577	-0.17032967032967
2578	-0.181318681318681
2579	-0.197802197802198
2580	-0.197802197802198
2581	-0.159340659340659
2582	-0.137362637362637
2583	-0.131868131868132
2584	-0.192307692307692
2585	-0.269230769230769
2586	-0.153846153846154
2587	-0.21978021978022
2657	-0.357142857142857
2658	-0.340659340659341
2664	-0.472527472527473
2665	-0.483516483516483
2666	-0.483516483516483
2667	-0.467032967032967
2687	-0.384615384615385
2690	-0.406593406593407
2730	-0.307692307692308
2737	-0.379120879120879
2738	-0.368131868131868
2739	-0.324175824175824
2740	-0.313186813186813
2741	-0.307692307692307
2742	-0.32967032967033
2743	-0.362637362637363
2744	-0.28021978021978
2745	-0.291208791208791
2746	-0.302197802197802
2747	-0.307692307692308
2748	-0.318681318681319
2749	-0.258241758241758
2750	-0.269230769230769
2751	-0.263736263736264
2752	-0.197802197802198
2753	-0.192307692307693
2754	-0.291208791208791
2755	-0.192307692307692
2756	-0.203296703296703
2757	-0.285714285714286
2758	-0.269230769230769
2759	-0.269230769230769
2760	-0.318681318681319
2761	-0.340659340659341
2762	-0.357142857142857
2763	-0.445054945054945
2764	-0.5
2795	-0.472527472527473
2796	-0.527472527472527
2797	-0.45054945054945
2798	-0.379120879120879
2799	-0.247252747252747
2800	-0.0274725274725274
2801	-0.0439560439560438
2802	-0.120879120879121
2803	-0.0934065934065933
2804	-0.0494505494505493
2805	-0.0714285714285714
2806	-0.0549450549450547
2807	-0.0274725274725274
2808	-0.0109890109890107
2809	0.137362637362637
2810	0.126373626373626
2811	0.115384615384615
2812	0.175824175824176
2813	0.175824175824176
2814	0.181318681318682
2815	0.142857142857143
2816	0.291208791208792
2817	0.296703296703297
2818	0.263736263736264
2819	0.324175824175824
2820	0.461538461538462
2821	0.445054945054945
2822	0.412087912087912
2823	0.461538461538461
2824	0.472527472527472
2825	0.505494505494505
2826	0.505494505494505
2827	0.428571428571429
2828	0.263736263736264
2829	0.175824175824176
2830	0.142857142857143
2831	-0.0934065934065933
2832	0.0824175824175826
2833	-0.0329670329670326
2834	-0.0879120879120878
2835	-0.21978021978022
2836	-0.406593406593406
2837	-0.379120879120879
2838	-0.247252747252747
2839	-0.203296703296703
2840	-0.241758241758242
2841	-0.164835164835164
2842	-0.17032967032967
2843	-0.181318681318681
2844	-0.269230769230769
2845	-0.318681318681319
2846	-0.313186813186813
2847	-0.302197802197802
2848	-0.351648351648352
2849	-0.368131868131868
2850	-0.32967032967033
2851	-0.241758241758242
2852	-0.153846153846154
2853	-0.0824175824175821
2854	-0.0109890109890107
2855	0.0274725274725276
2856	-0.104395604395604
2857	-0.10989010989011
2858	-0.00549450549450547
2859	-0.0824175824175821
2860	-0.0769230769230769
2861	-0.0109890109890107
2862	0.087912087912088
2863	0.0494505494505497
2864	0.0934065934065937
2865	0.236263736263737
2866	0.428571428571429
2867	0.516483516483516
2868	0.434065934065934
2869	0.631868131868132
2870	0.763736263736264
2871	0.934065934065935
2872	1.08791208791209
2873	1.08791208791209
2874	0.93956043956044
2875	0.813186813186813
2876	0.945054945054945
2877	0.928571428571429
2878	0.917582417582418
2879	0.93956043956044
2880	1.1043956043956
2881	1.08241758241758
2882	1.15384615384615
2883	1.23076923076923
2884	1.24175824175824
2885	1.32967032967033
2886	1.2967032967033
2887	1.21428571428571
2888	1.04945054945055
2889	0.994505494505494
2890	0.934065934065935
2891	0.928571428571429
2892	0.93956043956044
2893	1.01098901098901
2894	0.934065934065935
2895	0.93956043956044
2896	0.994505494505495
2897	0.87912087912088
2898	0.796703296703297
2899	0.840659340659341
2900	0.873626373626374
2901	0.82967032967033
2902	0.631868131868132
2903	0.571428571428571
2904	0.5
2905	0.318681318681319
2906	0.142857142857143
2907	-0.00549450549450547
2908	-0.164835164835165
2909	-0.208791208791209
2910	-0.164835164835165
2911	-0.131868131868132
2912	-0.274725274725274
2913	-0.296703296703297
2914	-0.307692307692307
2915	-0.329670329670329
2916	-0.478021978021978
2917	-0.56043956043956
2918	-0.587912087912088
2919	-0.648351648351648
2920	-0.653846153846154
2921	-0.637362637362637
2922	-0.56043956043956
2923	-0.456043956043956
2924	-0.467032967032967
2925	-0.489010989010989
2926	-0.467032967032967
2927	-0.538461538461538
2928	-0.5
2929	-0.576923076923077
2930	-0.565934065934066
2931	-0.576923076923077
2939	-0.461538461538462
2940	-0.43956043956044
2941	-0.417582417582418
2942	-0.401098901098901
2943	-0.368131868131868
2944	-0.368131868131868
2945	-0.252747252747253
2946	-0.28021978021978
2947	-0.368131868131868
2948	-0.368131868131868
2949	-0.181318681318681
2950	-0.192307692307692
2951	-0.104395604395604
2952	-0.120879120879121
2953	-0.159340659340659
2954	-0.214285714285714
2955	-0.241758241758242
2956	-0.230769230769231
2957	-0.32967032967033
2958	-0.401098901098901
2962	-0.401098901098901
2963	-0.395604395604396
2964	-0.351648351648352
2965	-0.351648351648352
2966	-0.351648351648352
2967	-0.340659340659341
2968	-0.32967032967033
2969	-0.335164835164835
2970	-0.192307692307692
2971	-0.203296703296703
2972	-0.208791208791209
2973	-0.307692307692308
2974	-0.357142857142857
2975	-0.285714285714286
2976	-0.214285714285714
2977	-0.214285714285714
2978	-0.181318681318681
2979	-0.214285714285714
2980	-0.208791208791209
2981	-0.214285714285714
2982	-0.21978021978022
2983	-0.192307692307692
2984	-0.197802197802198
2985	-0.28021978021978
2986	-0.258241758241758
2987	-0.335164835164835
2988	-0.318681318681319
2989	-0.252747252747253
2990	-0.252747252747253
2991	-0.258241758241758
2992	-0.285714285714286
2993	-0.28021978021978
2994	-0.269230769230769
2997	-0.274725274725275
3004	-0.285714285714286
3005	-0.285714285714286
3020	-0.28021978021978
3021	-0.208791208791209
3022	-0.148351648351648
3023	-0.148351648351648
3024	-0.17032967032967
3025	-0.186813186813187
3026	-0.148351648351648
3027	-0.126373626373626
3028	-0.0934065934065934
3029	-0.0769230769230769
3030	-0.00549450549450547
3031	0.0384615384615384
3032	0.0274725274725275
3033	0.0164835164835165
3034	0.0439560439560439
3035	0.0604395604395603
3036	0.0329670329670331
3037	0.0164835164835165
3038	-0.0549450549450549
3039	0.021978021978022
3040	-0.0384615384615383
3041	0.0384615384615384
3042	0.021978021978022
3043	0.0109890109890111
3044	0.00549450549450559
3045	0.076923076923077
3046	0.15934065934066
3047	0.153846153846154
3048	0.0824175824175825
3049	0.153846153846154
3050	0.15934065934066
3051	0.181318681318681
3052	0.346153846153846
3053	0.384615384615385
3054	0.318681318681319
3055	0.258241758241758
3056	0.164835164835165
3057	0.126373626373626
3058	0.131868131868132
3059	0.115384615384615
3060	0.131868131868132
3061	0.203296703296703
3062	0.181318681318681
3063	0.302197802197802
3064	0.302197802197802
3065	0.346153846153846
3066	0.285714285714286
3067	0.291208791208791
3068	0.302197802197802
3069	0.241758241758242
3070	0.197802197802198
3071	0.208791208791209
3072	0.241758241758242
3073	0.263736263736264
3074	0.269230769230769
3075	0.225274725274725
3076	0.230769230769231
3077	0.153846153846154
3078	0.098901098901099
3079	0.115384615384615
3080	0.252747252747253
3081	0.175824175824176
3082	0.159340659340659
3083	0.236263736263737
3084	0.307692307692308
3085	0.324175824175824
3086	0.302197802197802
3087	0.274725274725275
3088	0.142857142857143
3089	0.0659340659340659
3090	0.0934065934065936
3091	0.0769230769230771
3092	0.153846153846154
3093	0.0879120879120878
3094	0.0274725274725276
3095	0.126373626373626
3096	0.126373626373626
3097	0.0384615384615385
3098	0.0384615384615385
3099	-0.0879120879120878
3100	-0.0879120879120878
3102	-0.0604395604395603
3103	-0.0879120879120878
3104	-0.0714285714285714
3105	-0.0714285714285714
3106	-0.0604395604395603
3107	-0.00549450549450536
3108	-0.0219780219780219
3109	-0.0274725274725275
3110	1.11022302462516e-16
3111	-0.0384615384615384
3112	-0.0439560439560439
3114	-0.0274725274725274
3115	-0.021978021978022
3136	-0.00549450549450547
3137	-0.021978021978022
3141	-0.0494505494505494
3142	0.0219780219780221
3143	-0.054945054945055
3144	0.0274725274725276
3145	0.0329670329670331
3146	0.0274725274725276
3147	0.10989010989011
3148	0.098901098901099
3149	0.076923076923077
3150	0.148351648351648
3151	0.214285714285714
3152	0.137362637362637
3153	0.126373626373626
3154	0.269230769230769
3155	0.269230769230769
3156	0.291208791208791
3157	0.208791208791209
3158	0.225274725274725
3159	0.285714285714286
3160	0.296703296703297
3161	0.307692307692308
3162	0.241758241758242
3163	0.181318681318681
3164	0.131868131868132
3165	0.131868131868132
3166	0.120879120879121
3167	0.120879120879121
3168	0.142857142857143
3169	0.065934065934066
3170	0.054945054945055
3171	0.065934065934066
3172	-0.0109890109890111
3173	0
3174	-0.00549450549450547
3175	0
3176	-0.0164835164835165
3179	0.0109890109890109
3180	-0.00549450549450547
3181	0.0604395604395604
3182	0.0384615384615384
3183	-0.0494505494505494
3184	0.0274725274725276
3185	0.054945054945055
3188	-0.0164835164835165
3193	-0.021978021978022
3194	-0.0274725274725274
3205	-0.0604395604395603
3206	-0.0604395604395603
3207	-0.0824175824175825
3208	-0.0934065934065934
3209	-0.098901098901099
3210	-0.10989010989011
3211	-0.131868131868132
3212	-0.104395604395604
3213	-0.0714285714285714
3214	-0.0714285714285714
3269	-0.324175824175824
3270	-0.307692307692308
3271	-0.21978021978022
3272	-0.21978021978022
3273	-0.208791208791209
3274	-0.164835164835165
3275	-0.153846153846154
3276	-0.0934065934065935
3277	-0.181318681318681
3278	-0.197802197802198
3279	-0.208791208791209
3280	-0.21978021978022
3281	-0.236263736263736
3282	-0.274725274725275
3283	-0.159340659340659
3284	-0.148351648351648
3285	-0.126373626373626
3286	-0.126373626373626
3287	-0.142857142857143
3288	-0.104395604395604
3289	-0.120879120879121
3290	-0.148351648351648
3291	-0.17032967032967
3292	-0.115384615384615
3293	-0.032967032967033
3294	-0.208791208791209
3295	-0.186813186813187
3296	-0.21978021978022
3297	-0.214285714285714
3298	-0.153846153846154
3299	-0.120879120879121
3300	-0.10989010989011
3301	-0.104395604395604
3302	-0.104395604395604
3303	0.0274725274725275
3304	0.10989010989011
3305	-0.0384615384615383
3306	-0.0714285714285714
3307	-0.181318681318681
3308	-0.186813186813187
3309	-0.17032967032967
3310	-0.230769230769231
3311	-0.247252747252747
3312	-0.247252747252747
3313	-0.241758241758242
3314	-0.258241758241758
3319	-0.32967032967033
3320	-0.340659340659341
3321	-0.225274725274725
3322	-0.21978021978022
3323	-0.203296703296703
3324	-0.203296703296703
3325	-0.203296703296703
3326	-0.181318681318681
3327	-0.159340659340659
3328	-0.0879120879120878
3329	-0.153846153846154
3330	-0.0494505494505495
3331	-0.0494505494505495
3332	-0.0384615384615383
3333	-0.137362637362637
3334	-0.197802197802198
3335	-0.214285714285714
3336	-0.131868131868132
3337	-0.153846153846154
3338	-0.0934065934065935
3339	-0.0824175824175823
3340	-0.142857142857143
3341	-0.115384615384615
3342	-0.120879120879121
3343	-0.0934065934065934
3344	-0.0879120879120878
3345	-0.17032967032967
3346	-0.131868131868132
3347	-0.181318681318681
3348	-0.192307692307692
3349	-0.214285714285714
3350	-0.115384615384615
3351	-0.104395604395604
3352	-0.0989010989010988
3353	0.0384615384615388
3354	0.0549450549450552
3355	-0.0109890109890109
3356	0
3357	-0.148351648351648
3358	-0.0549450549450549
3359	0.0989010989010991
3360	0.0934065934065935
3361	0.0879120879120882
3362	0.0934065934065935
3363	0.0494505494505495
3364	0.0384615384615388
3365	0.0769230769230769
3366	0.0164835164835166
3367	0.0164835164835166
3368	0.0384615384615388
3369	0.0384615384615388
3370	0.0659340659340661
3371	0.225274725274726
3372	0.159340659340659
3373	0.0989010989010991
3374	0.0879120879120882
3375	0.0164835164835165
3376	0.0384615384615384
3377	-0.0109890109890109
3378	-0.00549450549450547
3379	0.00549450549450536
3380	0.0109890109890112
3381	0
3382	0.104395604395605
3383	0.137362637362638
3384	0.142857142857143
3385	0.126373626373627
3386	0.137362637362638
3387	0.153846153846154
3388	0.142857142857143
3389	0.0109890109890111
3390	0.0274725274725275
3391	-0.0219780219780218
3392	-0.032967032967033
3393	-0.0439560439560439
3394	-0.032967032967033
3395	-0.120879120879121
3396	-0.126373626373626
3397	-0.0989010989010989
3398	-0.0989010989010989
3399	-0.0494505494505492
3400	-0.126373626373626
3402	-0.120879120879121
3403	-0.0384615384615384
3404	-0.0329670329670328
3405	-0.0384615384615384
3406	-0.0659340659340657
3415	-0.115384615384615
3416	-0.131868131868132
3417	-0.0714285714285713
3419	0.0714285714285715
3420	0.0054945054945057
3421	0.0384615384615385
3422	-0.0439560439560438
3423	-0.0659340659340657
3424	-0.0604395604395603
3425	-0.0824175824175825
3426	-0.10989010989011
3427	0.0274725274725275
3428	0.0274725274725275
3429	0.104395604395604
3430	0
3431	-0.0714285714285714
3432	-0.0549450549450549
3433	0.0879120879120879
3434	0.076923076923077
3435	0.0659340659340659
3436	0.0659340659340659
3437	0.054945054945055
3438	0.0659340659340659
3439	-0.0274725274725274
3440	-0.0714285714285714
3441	-0.120879120879121
3442	-0.115384615384615
3443	-0.126373626373626
3444	-0.181318681318681
3445	-0.186813186813187
3446	-0.252747252747253
3447	-0.252747252747253
3448	-0.230769230769231
3449	-0.247252747252747
3450	-0.269230769230769
3451	-0.351648351648352
3452	-0.368131868131868
3453	-0.362637362637363
3454	-0.340659340659341
3456	-0.318681318681319
3457	-0.236263736263736
3458	-0.225274725274725
3459	-0.21978021978022
3460	-0.208791208791209
3461	-0.192307692307692
3462	-0.181318681318681
3463	-0.32967032967033
3464	-0.324175824175824
3466	-0.318681318681319
3467	-0.346153846153846
3468	-0.39010989010989
3524	-0.0604395604395603
3525	-0.0604395604395603
3526	-0.0879120879120878
3527	-0.0824175824175825
3528	-0.0769230769230769
3529	-0.00549450549450536
3530	-0.0604395604395603
3531	-0.0714285714285714
3532	0.0109890109890112
3533	0.0164835164835165
3534	0.076923076923077
3535	0.0714285714285715
3536	0.0164835164835165
3537	-0.0494505494505494
3538	0.0274725274725276
3539	-0.0109890109890111
3540	-0.0109890109890111
3541	-0.0274725274725274
3542	-0.00549450549450547
3549	-0.0659340659340659
3550	1.11022302462516e-16
3551	0.0604395604395604
3552	0.115384615384615
3553	0.0934065934065936
3554	0.0824175824175825
3555	0.0659340659340659
3556	-0.032967032967033
3557	0.0274725274725275
3558	0.0329670329670331
3559	-0.0164835164835164
3560	-0.0714285714285713
3561	-0.0659340659340657
3562	0.0439560439560439
3563	0.0604395604395604
3564	0.0274725274725276
3565	-0.0439560439560438
3566	-0.0494505494505492
3567	-0.0494505494505492
3568	-0.126373626373626
3569	-0.120879120879121
3581	-0.32967032967033
3582	-0.324175824175824
3583	-0.236263736263736
3584	-0.21978021978022
3596	-0.324175824175824
3597	-0.324175824175824
3601	-0.307692307692308
3602	-0.302197802197802
3603	-0.302197802197802
3604	-0.335164835164835
3605	-0.324175824175824
3606	-0.318681318681319
3607	-0.164835164835165
3608	-0.142857142857143
3609	-0.181318681318681
3610	-0.203296703296703
3611	-0.203296703296703
3612	-0.214285714285714
3613	-0.203296703296703
3614	-0.104395604395604
3615	-0.131868131868132
3616	-0.175824175824176
3617	-0.230769230769231
3618	-0.258241758241758
3619	-0.247252747252747
3620	-0.236263736263736
3621	-0.230769230769231
3622	-0.263736263736264
3623	-0.258241758241758
3624	-0.274725274725275
3628	-0.236263736263736
3682	-0.252747252747253
3683	-0.186813186813187
3684	-0.164835164835165
3685	-0.126373626373626
3689	-0.115384615384615
3690	-0.0879120879120878
3691	-0.0879120879120878
3692	0.0879120879120878
3693	0.115384615384615
3694	0.115384615384615
3695	0.098901098901099
3696	0.0934065934065936
3697	0.126373626373626
3698	0.197802197802198
3699	0.258241758241758
3700	0.313186813186813
3701	0.302197802197802
3702	0.269230769230769
3703	0.252747252747253
3704	0.307692307692308
3705	0.379120879120879
3706	0.346153846153846
3707	0.384615384615385
3708	0.434065934065934
3709	0.428571428571429
3710	0.335164835164835
3711	0.412087912087912
3712	0.346153846153846
3713	0.384615384615385
3714	0.263736263736264
3715	0.302197802197802
3716	0.0714285714285716
3717	0.0494505494505495
3718	-0.00549450549450547
3719	-0.0769230769230769
3720	-0.0384615384615385
3721	0.0164835164835166
3722	0.0164835164835166
3723	0.0714285714285714
3724	2.22044604925031e-16
3725	-0.0714285714285714
3726	-0.0219780219780217
3727	-0.0109890109890107
3728	-0.0769230769230769
3729	-0.0769230769230769
3730	0.0054945054945057
3731	-0.0164835164835164
3732	0.0329670329670328
3733	0.00549450549450547
3734	-0.0989010989010988
3735	-0.17032967032967
3736	-0.230769230769231
3737	-0.236263736263736
3738	-0.230769230769231
3739	-0.225274725274725
3740	-0.291208791208791
3741	-0.351648351648352
3742	-0.318681318681319
3743	-0.362637362637363
3744	-0.456043956043956
3745	-0.43956043956044
3746	-0.434065934065934
3748	-0.412087912087912
3804	-0.478021978021978
3805	-0.401098901098901
3806	-0.351648351648352
3807	-0.324175824175824
3808	-0.302197802197802
3809	-0.32967032967033
3810	-0.247252747252747
3811	-0.269230769230769
3812	-0.252747252747253
3813	-0.181318681318681
3814	-0.175824175824176
3815	-0.186813186813187
3816	-0.192307692307693
3817	-0.164835164835165
3818	-0.225274725274725
3819	-0.296703296703297
3820	-0.241758241758242
3821	-0.230769230769231
3822	-0.203296703296703
3823	-0.263736263736263
3824	-0.302197802197802
3825	-0.263736263736264
3826	-0.236263736263736
3833	-0.175824175824176
3834	-0.164835164835165
3835	-0.142857142857143
3836	-0.0439560439560438
3837	-0.0274725274725275
3838	-0.126373626373626
3845	0.0219780219780221
3846	-0.0659340659340659
3847	0.065934065934066
3848	0.0439560439560439
3849	-0.0439560439560438
3850	-0.0769230769230769
3851	-0.0989010989010989
3852	-0.0824175824175825
3853	-0.0879120879120878
3854	-0.0934065934065932
3855	0.0439560439560439
3856	0.0384615384615384
3857	0.0164835164835165
3858	-0.0109890109890109
3859	0
3860	-0.0274725274725274
3861	0.00549450549450536
3862	0.0219780219780219
3863	0.0384615384615384
3864	-0.0549450549450549
3865	0.0494505494505495
3866	0.197802197802198
3867	0.274725274725275
3868	0.489010989010989
3869	0.434065934065934
3870	0.434065934065934
3871	0.412087912087912
3872	0.324175824175825
3873	0.32967032967033
3874	0.357142857142857
3875	0.362637362637363
3876	0.313186813186813
3877	0.335164835164835
3878	0.346153846153846
3879	0.335164835164835
3880	0.247252747252747
3881	0.104395604395605
3882	0.10989010989011
3883	-0.00549450549450547
3884	0.0439560439560439
3885	0.0824175824175825
3886	0.098901098901099
3887	0.142857142857143
3888	0.137362637362637
3889	0.148351648351648
3890	0.230769230769231
3891	0.0879120879120879
3892	0.0714285714285715
3893	0.0934065934065935
3894	0.203296703296703
3895	0.258241758241758
3896	0.269230769230769
3897	0.21978021978022
3898	0.214285714285714
3899	0.225274725274725
3900	0.164835164835165
3901	0.175824175824176
3902	0.032967032967033
3911	0.021978021978022
3912	0
3913	-0.0109890109890111
3924	-0.208791208791209
3925	-0.203296703296703
3927	-0.214285714285714
3928	-0.197802197802198
3929	-0.192307692307692
3930	-0.192307692307692
3933	-0.203296703296703
3934	-0.21978021978022
3935	-0.21978021978022
3936	-0.159340659340659
3937	-0.214285714285714
3938	-0.21978021978022
3939	-0.247252747252747
3940	-0.247252747252747
3941	-0.258241758241758
3952	-0.434065934065934
3953	-0.428571428571428
3954	-0.368131868131868
3955	-0.368131868131868
3956	-0.318681318681319
3957	-0.307692307692307
3958	-0.373626373626374
3959	-0.368131868131868
3962	-0.373626373626374
3963	-0.384615384615385
3964	-0.258241758241758
3965	-0.208791208791209
3966	-0.291208791208791
3967	-0.324175824175824
3968	-0.313186813186813
3969	-0.362637362637363
3970	-0.340659340659341
3971	-0.346153846153846
3972	-0.395604395604396
3973	-0.296703296703297
3974	-0.307692307692307
3975	-0.28021978021978
3976	-0.307692307692307
3977	-0.313186813186813
3978	-0.21978021978022
3979	-0.225274725274725
3980	-0.208791208791209
3981	-0.252747252747253
3982	-0.236263736263736
3983	-0.285714285714286
3984	-0.236263736263736
3985	-0.214285714285714
4047	-0.192307692307692
4048	-0.0934065934065934
4049	-0.115384615384615
4050	-0.120879120879121
4051	-0.104395604395604
4052	-0.10989010989011
4053	-0.115384615384615
4054	-0.115384615384615
4055	-0.120879120879121
4056	-0.17032967032967
4057	-0.137362637362637
4058	-0.120879120879121
4059	-0.137362637362637
4060	-0.17032967032967
4061	-0.21978021978022
4062	-0.0714285714285714
4063	-0.0714285714285714
4064	-0.120879120879121
4065	-0.126373626373626
4066	-0.104395604395604
4067	-0.131868131868132
4068	-0.00549450549450525
4069	0.0604395604395604
4070	0.0769230769230769
4071	0.142857142857143
4072	0.192307692307693
4073	0.175824175824176
4074	0.181318681318681
4075	0.252747252747253
4076	0.263736263736264
4077	0.17032967032967
4078	0.0274725274725274
4079	0.0329670329670328
4080	0.131868131868132
4081	0.142857142857143
4082	0.0824175824175823
4083	-0.0329670329670328
4084	-0.104395604395604
4085	-0.0219780219780217
4086	-0.0439560439560438
4087	-0.0659340659340657
4088	-0.0549450549450547
4089	0.00549450549450547
4090	-0.0164835164835164
4091	-0.0274725274725276
4092	-0.0494505494505497
4093	-0.043956043956044
4094	-0.0604395604395604
4095	-0.0604395604395604
4096	-0.054945054945055
4097	0.126373626373627
4098	0.0494505494505495
4099	0.0549450549450552
4100	0.17032967032967
4101	0.175824175824176
4102	0.153846153846154
4103	0.230769230769231
4104	0.10989010989011
4105	0.192307692307693
4106	0.186813186813187
4107	0.10989010989011
4108	0.192307692307693
4109	0.208791208791209
4110	0.192307692307693
4111	0.0549450549450547
4112	0.0329670329670328
4113	0.10989010989011
4114	0.0659340659340659
4115	-0.0384615384615385
4116	-0.137362637362637
4117	-0.131868131868132
4118	-0.126373626373626
4119	0.0164835164835164
4120	-0.0274725274725274
4121	-0.0329670329670328
4122	-0.0274725274725274
4123	-0.0329670329670328
4124	0.0384615384615383
4125	0.0769230769230769
4126	0.0274725274725276
4127	0.131868131868132
4128	0.137362637362637
4129	0.131868131868132
4130	0.120879120879121
4131	0.115384615384615
4132	0.115384615384615
4133	-0.0329670329670328
4134	-0.120879120879121
4135	-0.0384615384615385
4136	-0.10989010989011
4137	-0.120879120879121
4138	-0.054945054945055
4139	-0.115384615384615
4140	-0.115384615384615
4141	-0.236263736263736
4142	-0.164835164835165
4143	-0.142857142857143
4144	-0.28021978021978
4145	-0.307692307692308
4146	-0.291208791208791
4147	-0.302197802197802
4148	-0.302197802197802
4149	-0.296703296703297
4150	-0.241758241758242
4151	-0.21978021978022
4152	-0.236263736263736
4153	-0.241758241758242
4154	-0.186813186813187
4155	-0.296703296703297
4156	-0.247252747252747
4157	-0.252747252747253
4158	-0.241758241758242
4159	-0.142857142857143
4160	-0.21978021978022
4161	-0.302197802197802
4162	-0.307692307692308
4163	-0.263736263736263
4164	-0.269230769230769
4165	-0.291208791208791
4166	-0.263736263736263
4167	-0.357142857142857
4168	-0.263736263736264
4169	-0.181318681318681
4170	-0.148351648351648
4171	-0.252747252747253
4172	-0.285714285714286
4173	-0.131868131868132
4174	-0.197802197802198
4175	-0.197802197802198
4176	-0.225274725274725
4177	-0.0384615384615385
4178	-0.181318681318681
4179	-0.197802197802198
4180	-0.214285714285714
4181	-0.214285714285714
4182	-0.148351648351648
4183	-0.159340659340659
4184	-0.115384615384615
4185	-0.186813186813187
4186	-0.197802197802198
4187	-0.21978021978022
4188	-0.208791208791208
4189	-0.230769230769231
4190	-0.32967032967033
4191	-0.274725274725274
4192	-0.32967032967033
4193	-0.324175824175824
4194	-0.362637362637363
4195	-0.43956043956044
4196	-0.379120879120879
4197	-0.406593406593407
4198	-0.335164835164835
4199	-0.406593406593407
4200	-0.478021978021978
4201	-0.461538461538461
4202	-0.406593406593407
4203	-0.362637362637363
4204	-0.412087912087912
4205	-0.510989010989011
4206	-0.571428571428571
4207	-0.571428571428571
4208	-0.456043956043956
4209	-0.516483516483516
4210	-0.494505494505495
4211	-0.505494505494505
4212	-0.362637362637363
4213	-0.565934065934066
4214	-0.576923076923077
4215	-0.576923076923077
4216	-0.5
4217	-0.401098901098901
4218	-0.456043956043956
4219	-0.450549450549451
4220	-0.483516483516484
4221	-0.406593406593406
4222	-0.428571428571429
4223	-0.406593406593406
4224	-0.258241758241758
4225	-0.252747252747253
4226	-0.230769230769231
4227	-0.285714285714286
4228	-0.274725274725275
4229	-0.340659340659341
4230	-0.307692307692308
4231	-0.318681318681319
4232	-0.401098901098901
4233	-0.39010989010989
4234	-0.505494505494505
4235	-0.521978021978022
4236	-0.554945054945055
4237	-0.565934065934066
4241	-0.527472527472527
4242	-0.467032967032967
4243	-0.434065934065934
4244	-0.461538461538462
4246	-0.423076923076923
4247	-0.318681318681319
4248	-0.313186813186813
4249	-0.0989010989010988
4250	-0.115384615384615
4251	-0.104395604395604
4252	-0.181318681318681
4253	-0.175824175824176
4254	-0.197802197802198
4255	-0.203296703296703
4256	-0.203296703296703
4257	-0.28021978021978
4258	-0.269230769230769
4259	-0.28021978021978
4260	-0.417582417582417
4261	-0.406593406593407
4262	-0.291208791208791
4263	-0.208791208791209
4264	-0.230769230769231
4265	-0.241758241758242
4266	-0.269230769230769
4267	-0.274725274725275
4268	-0.225274725274725
4269	-0.21978021978022
4270	-0.186813186813187
4271	-0.087912087912088
4272	-0.0494505494505493
4273	-0.0329670329670328
4274	-0.0109890109890109
4275	0.0604395604395607
4276	0.10989010989011
4277	0.115384615384615
4278	0.230769230769231
4279	0.225274725274725
4280	0.230769230769231
4281	0.285714285714286
4282	0.148351648351648
4283	0.10989010989011
4284	-0.0164835164835164
4285	-0.241758241758242
4286	-0.21978021978022
4287	-0.230769230769231
4288	-0.164835164835165
4289	-0.153846153846154
4290	-0.0494505494505493
4291	-0.0604395604395604
4292	-0.0604395604395604
4293	-0.0824175824175823
4294	-0.0274725274725274
4295	-0.0439560439560438
4296	-0.0494505494505493
4297	-0.0329670329670328
4298	-0.137362637362637
4299	-0.186813186813187
4300	-0.153846153846154
4301	-0.164835164835165
4302	-0.126373626373626
4303	-0.0659340659340659
4304	-0.098901098901099
4305	-0.104395604395604
4306	-0.0934065934065933
4307	-0.186813186813187
4308	-0.241758241758242
4309	-0.17032967032967
4310	-0.175824175824176
4311	-0.148351648351648
4312	-0.153846153846154
4313	-0.159340659340659
4314	-0.335164835164835
4315	-0.340659340659341
4316	-0.357142857142857
4317	-0.39010989010989
4318	-0.401098901098901
4319	-0.445054945054945
4320	-0.406593406593406
4321	-0.406593406593406
4322	-0.412087912087912
4323	-0.406593406593406
4324	-0.445054945054945
4325	-0.516483516483516
4326	-0.60989010989011
4327	-0.587912087912088
4328	-0.593406593406593
4329	-0.571428571428572
4331	-0.543956043956044
4332	-0.532967032967033
4333	-0.538461538461538
4334	-0.532967032967033
4335	-0.510989010989011
4336	-0.527472527472527
4337	-0.521978021978022
4338	-0.417582417582417
4339	-0.461538461538461
4340	-0.461538461538461
4341	-0.461538461538461
4342	-0.472527472527473
4343	-0.532967032967033
4344	-0.489010989010989
4345	-0.565934065934066
4346	-0.554945054945055
4386	-0.428571428571428
4387	-0.461538461538462
4388	-0.395604395604396
4389	-0.362637362637362
4390	-0.362637362637362
4391	-0.357142857142857
4392	-0.401098901098901
4393	-0.384615384615385
4394	-0.362637362637363
4395	-0.412087912087912
4396	-0.417582417582418
4397	-0.423076923076923
4398	-0.43956043956044
4399	-0.434065934065934
4400	-0.406593406593407
4434	-0.412087912087912
4435	-0.423076923076923
4436	-0.434065934065934
4437	-0.434065934065934
4438	-0.368131868131868
4439	-0.357142857142857
4440	-0.362637362637363
4441	-0.362637362637363
4442	-0.313186813186813
4443	-0.302197802197802
4444	-0.241758241758242
4445	-0.225274725274725
4446	-0.230769230769231
4447	-0.252747252747253
4448	-0.28021978021978
4449	-0.313186813186813
4450	-0.307692307692308
4451	-0.291208791208791
4452	-0.236263736263736
4453	-0.225274725274725
4454	-0.241758241758242
4455	-0.296703296703297
4456	-0.225274725274725
4457	-0.230769230769231
4458	-0.236263736263736
4459	-0.247252747252747
4460	-0.252747252747253
4461	-0.32967032967033
4462	-0.274725274725275
4463	-0.302197802197802
4464	-0.346153846153846
4465	-0.412087912087912
4466	-0.406593406593407
4469	-0.340659340659341
4474	-0.247252747252747
4475	-0.247252747252747
4476	-0.225274725274725
4477	-0.131868131868132
4478	-0.17032967032967
4479	-0.10989010989011
4480	-0.0549450549450549
4481	-0.0494505494505494
4482	-0.0494505494505494
4483	-0.0384615384615383
4484	-0.0219780219780218
4485	-0.0164835164835164
4486	0.0824175824175825
4487	0.104395604395604
4488	0.032967032967033
4489	-0.0494505494505492
4490	-0.0384615384615384
4491	-0.0494505494505492
4492	-0.115384615384615
4496	-0.054945054945055
4497	-0.0274725274725274
4498	0.0274725274725276
4499	0.0714285714285715
4500	0.0604395604395604
4501	0.120879120879121
4502	0.115384615384616
4503	0.126373626373626
4504	0.098901098901099
4505	-0.054945054945055
4506	-0.00549450549450547
4507	0.054945054945055
4508	0.175824175824176
4509	0.258241758241758
4510	0.186813186813187
4511	0.120879120879121
4512	0.10989010989011
4513	0.0824175824175825
4514	0.15934065934066
4515	0.076923076923077
4516	0.0109890109890111
4517	0.0384615384615384
4518	0.137362637362637
4519	0.225274725274725
4520	0.296703296703297
4521	0.285714285714286
4522	0.252747252747253
4523	0.247252747252747
4524	0.230769230769231
4525	0.241758241758242
4526	0.247252747252747
4527	0.274725274725275
4528	0.263736263736264
4529	0.302197802197802
4530	0.302197802197802
4531	0.39010989010989
4532	0.335164835164835
4533	0.379120879120879
4534	0.379120879120879
4535	0.362637362637363
4536	0.373626373626374
4537	0.384615384615385
4538	0.450549450549451
4539	0.412087912087912
4540	0.494505494505495
4541	0.505494505494506
4542	0.670329670329671
4543	0.532967032967033
4544	0.395604395604396
4545	0.302197802197802
4546	0.291208791208791
4547	0.263736263736264
4548	0.197802197802198
4549	0.21978021978022
4550	0.197802197802198
4551	0.214285714285715
4552	0.21978021978022
4553	0.192307692307693
4554	0.0494505494505496
4555	-0.0219780219780218
4556	-0.10989010989011
4557	-0.0769230769230769
4558	-0.0824175824175825
4559	-0.17032967032967
4560	-0.208791208791209
4561	-0.263736263736264
4562	-0.285714285714286
4563	-0.269230769230769
4564	-0.258241758241758
4565	-0.32967032967033
4566	-0.346153846153846
4592	-0.648351648351648
4593	-0.642857142857143
4594	-0.576923076923077
4595	-0.516483516483516
4596	-0.489010989010989
4597	-0.401098901098901
4598	-0.340659340659341
4599	-0.379120879120879
4600	-0.302197802197802
4601	-0.296703296703297
4602	-0.225274725274725
4603	-0.225274725274725
4604	-0.225274725274725
4605	-0.274725274725275
4606	-0.28021978021978
4607	-0.236263736263736
4608	-0.208791208791209
4609	-0.208791208791209
4610	-0.131868131868132
4611	-0.104395604395604
4612	-0.104395604395604
4613	-0.0879120879120876
4614	-0.0439560439560438
4615	-0.115384615384615
4616	-0.17032967032967
4617	-0.17032967032967
4618	-0.164835164835165
4619	-0.175824175824176
4620	-0.164835164835165
4621	-0.148351648351648
4622	-0.203296703296703
4623	-0.302197802197802
4624	-0.401098901098901
4626	-0.324175824175824
4627	-0.302197802197802
4665	-0.362637362637362
4666	-0.296703296703297
4667	-0.302197802197802
4668	-0.263736263736264
4669	-0.384615384615385
4670	-0.423076923076923
4671	-0.417582417582417
4672	-0.362637362637363
4673	-0.335164835164835
4674	-0.362637362637363
4675	-0.395604395604396
4676	-0.39010989010989
4677	-0.324175824175824
4678	-0.318681318681319
4679	-0.401098901098901
4680	-0.379120879120879
4681	-0.340659340659341
4682	-0.208791208791208
4683	-0.197802197802198
4684	-0.192307692307692
4685	-0.192307692307692
4686	-0.208791208791208
4687	-0.137362637362637
4688	-0.131868131868132
4689	-0.054945054945055
4690	-0.0769230769230769
4691	-0.0769230769230769
4692	-0.131868131868132
4693	-0.104395604395604
4694	-0.164835164835164
4695	-0.0824175824175826
4696	-0.10989010989011
4697	-0.098901098901099
4698	-0.0659340659340659
4699	-0.137362637362637
4700	-0.285714285714286
4701	-0.527472527472527
4705	-0.461538461538462
4706	-0.450549450549451
4707	-0.467032967032967
4816	1.11022302462516e-16
4817	0.0604395604395603
4818	0.10989010989011
4819	0.0714285714285714
4820	0.054945054945055
4821	0.0109890109890112
4822	0.0659340659340661
4823	0.0384615384615388
4824	0.0274725274725276
4825	-0.0714285714285714
4826	-0.0714285714285714
4827	-0.087912087912088
4828	0.0219780219780223
4829	-0.10989010989011
4830	-0.148351648351648
4831	-0.153846153846154
4832	-0.142857142857143
4833	-0.0714285714285712
4834	-0.0109890109890112
4835	-0.054945054945055
4836	-0.054945054945055
4837	-0.0384615384615385
4838	-0.0879120879120876
4839	-0.104395604395604
4840	-0.115384615384615
4841	-0.186813186813187
4842	-0.115384615384615
4843	-0.137362637362637
4844	-0.142857142857143
4845	-0.148351648351648
4846	-0.164835164835165
4847	-0.153846153846154
4848	-0.142857142857143
4849	-0.142857142857143
4850	-0.214285714285714
4851	-0.274725274725275
4870	-0.296703296703297
4871	-0.153846153846154
4872	-0.181318681318681
4873	-0.208791208791209
4874	-0.192307692307692
4875	-0.214285714285714
4876	-0.225274725274725
4877	-0.203296703296703
4878	-0.28021978021978
4879	-0.230769230769231
4880	-0.192307692307693
4881	-0.175824175824176
4882	-0.126373626373626
4883	-0.137362637362637
4884	-0.131868131868132
4885	-0.120879120879121
4886	-0.0329670329670331
4887	0.0659340659340659
4888	0.0714285714285716
4889	-0.0219780219780221
4890	-0.0054945054945057
4891	-0.148351648351648
4892	-0.131868131868132
4893	-0.0989010989010988
4894	-0.0274725274725276
4895	0.0109890109890109
4896	-0.0109890109890112
4897	0.0824175824175826
4898	0.0714285714285716
4899	0.043956043956044
4900	-0.0164835164835164
4901	-0.0164835164835164
4902	-0.0164835164835164
4903	0.0329670329670331
4904	0.104395604395604
4905	0.098901098901099
4906	0.0769230769230771
4907	-0.0769230769230769
4908	0.0769230769230771
4909	0.142857142857143
4910	0.098901098901099
4911	0.203296703296703
4912	0.21978021978022
4913	0.197802197802198
4914	0.203296703296703
4915	0.159340659340659
4916	0.10989010989011
4917	0.131868131868132
4918	0.131868131868132
4919	0.115384615384615
4920	0.0219780219780223
4921	-0.0219780219780217
4922	-0.0109890109890112
4923	-0.104395604395604
4924	-0.115384615384615
4925	0.087912087912088
4926	0.0714285714285714
4927	0.142857142857143
4928	0.17032967032967
4929	0.175824175824176
4930	0.175824175824176
4931	0.186813186813187
4932	0.115384615384615
4933	-0.0109890109890112
4934	-0.0274725274725276
4935	-0.0054945054945057
4936	0.0054945054945057
4937	0.0109890109890112
4938	0.131868131868132
4939	0.0824175824175826
4940	0.0219780219780221
4941	-0.00549450549450547
4942	0.0219780219780221
4943	0.0769230769230771
4944	-0.0604395604395604
4945	-0.148351648351648
4946	-0.175824175824176
4947	-0.274725274725275
4948	-0.302197802197802
4949	-0.313186813186813
4950	-0.32967032967033
4951	-0.335164835164835
4952	-0.368131868131868
4953	-0.335164835164835
4954	-0.329670329670329
4955	-0.329670329670329
4956	-0.384615384615385
4957	-0.285714285714286
4958	-0.406593406593406
4959	-0.346153846153846
4960	-0.39010989010989
4961	-0.478021978021978
4962	-0.56043956043956
4963	-0.626373626373626
4964	-0.675824175824176
4965	-0.505494505494505
4966	-0.56043956043956
4967	-0.56043956043956
4968	-0.538461538461539
4969	-0.450549450549451
4970	-0.461538461538461
4971	-0.313186813186813
4972	-0.351648351648352
4973	-0.412087912087912
4974	-0.554945054945055
4975	-0.54945054945055
4976	-0.593406593406594
4977	-0.648351648351648
4978	-0.747252747252747
4979	-0.697802197802198
4980	-0.763736263736263
4981	-0.763736263736263
4982	-0.71978021978022
4983	-0.714285714285714
4984	-0.54945054945055
4985	-0.472527472527473
4986	-0.32967032967033
4987	-0.346153846153846
4988	-0.252747252747252
4989	-0.351648351648352
4990	-0.351648351648352
4991	-0.225274725274725
4992	-0.241758241758242
4993	-0.186813186813187
4994	-0.0934065934065935
4995	-0.148351648351648
4996	-0.043956043956044
4997	-0.0879120879120876
4998	-0.0769230769230766
4999	0.0219780219780219
5000	0.142857142857143
5001	-0.0494505494505493
5002	0.0109890109890114
5003	0.043956043956044
5004	0.0494505494505495
5005	-0.00549450549450525
5006	0.0714285714285714
5007	-0.0549450549450547
5008	0.104395604395604
5009	0.0934065934065935
5010	0.054945054945055
5011	0.0494505494505495
5012	0.0494505494505495
5013	0.10989010989011
5014	0.0879120879120883
5015	0.0219780219780219
5016	0.0824175824175826
5017	0.164835164835165
5018	0.148351648351648
5019	0.296703296703297
5020	0.21978021978022
5021	0.153846153846154
5022	0.0054945054945057
5023	0.0274725274725276
5024	0.0439560439560442
5025	0.0989010989010992
5026	0.0109890109890112
5027	-0.098901098901099
5028	-0.0824175824175826
5029	-0.0769230769230769
5030	-0.17032967032967
5031	-0.054945054945055
5032	-0.098901098901099
5033	-0.054945054945055
5034	-0.0659340659340657
5035	0.0384615384615385
5036	-0.0384615384615383
5037	-0.0384615384615383
5038	-0.0934065934065933
5039	-0.0219780219780217
5040	-0.0219780219780217
5041	-0.0219780219780217
5042	0.0494505494505497
5043	0.115384615384616
5044	-0.00549450549450525
5045	0.0164835164835166
5046	0.0494505494505495
5047	0.0219780219780219
5048	0.0274725274725276
5049	-0.043956043956044
5050	-0.0659340659340659
5051	-0.0659340659340659
5052	-0.0659340659340659
5053	-0.0659340659340659
5054	0.0824175824175826
5055	-0.054945054945055
5056	-0.131868131868132
5057	-0.098901098901099
5058	-0.0934065934065933
5059	-0.104395604395604
5060	-0.186813186813187
5061	-0.10989010989011
5062	-0.0934065934065933
5063	-0.115384615384615
5064	-0.175824175824176
5065	-0.0659340659340657
5066	0.0274725274725276
5067	-0.104395604395604
5068	-0.054945054945055
5069	-0.142857142857143
5070	-0.131868131868132
5071	-0.307692307692308
5072	-0.340659340659341
5073	-0.296703296703297
5074	-0.252747252747253
5075	-0.401098901098901
5076	-0.395604395604396
5077	-0.197802197802198
5078	-0.346153846153846
5079	-0.434065934065934
5080	-0.373626373626373
5081	-0.379120879120879
5082	-0.32967032967033
5083	-0.340659340659341
5084	-0.324175824175824
5085	-0.230769230769231
5086	-0.120879120879121
5087	-0.115384615384615
5088	-0.120879120879121
5089	-0.10989010989011
5090	-0.120879120879121
5091	-0.142857142857143
5092	0.0109890109890109
5093	0.0494505494505495
5094	0.054945054945055
5095	0.054945054945055
5096	0.0714285714285714
5097	0.120879120879121
5098	0.307692307692308
5099	0.296703296703297
5100	0.302197802197802
5101	0.214285714285714
5102	0.142857142857143
5103	0.17032967032967
5104	0.087912087912088
5105	0.214285714285714
5106	0.203296703296704
5107	0.362637362637363
5108	0.395604395604396
5109	0.357142857142857
5110	0.39010989010989
5111	0.428571428571429
5112	0.423076923076923
5113	0.230769230769231
5114	0.247252747252747
5115	0.313186813186813
5116	0.258241758241758
5117	0.32967032967033
5118	0.307692307692308
5119	0.335164835164835
5120	0.60989010989011
5121	0.549450549450549
5122	0.43956043956044
5123	0.510989010989011
5124	0.587912087912088
5125	0.494505494505495
5126	0.54945054945055
5127	0.532967032967033
5128	0.351648351648352
5129	0.28021978021978
5130	0.28021978021978
5131	0.274725274725275
5132	0.291208791208791
5133	0.0714285714285716
5134	-0.0494505494505493
5135	-0.0384615384615383
5136	-0.0879120879120876
5137	-0.120879120879121
5138	-0.0384615384615385
5139	-0.043956043956044
5140	0.043956043956044
5141	0
5142	-0.0274725274725274
5143	-0.0164835164835162
5144	-0.0164835164835162
5145	-0.00549450549450525
5146	-0.104395604395604
5147	-0.120879120879121
5148	-0.131868131868132
5149	-0.0659340659340657
5150	-0.0934065934065933
5151	-0.17032967032967
5152	-0.203296703296703
5153	-0.21978021978022
5154	-0.296703296703297
5155	-0.307692307692307
5156	-0.505494505494505
5157	-0.362637362637363
5158	-0.357142857142857
5159	-0.587912087912088
5160	-0.67032967032967
5161	-0.648351648351648
5162	-0.620879120879121
5163	-0.532967032967033
5164	-0.417582417582417
5165	-0.340659340659341
5166	-0.346153846153846
5167	-0.335164835164835
5168	-0.362637362637363
5169	-0.335164835164835
5170	-0.32967032967033
5171	-0.241758241758242
5172	-0.236263736263736
5173	-0.214285714285714
5174	-0.159340659340659
5175	-0.164835164835164
5176	-0.230769230769231
5177	-0.285714285714286
5178	-0.192307692307693
5179	-0.32967032967033
5180	-0.335164835164835
5181	-0.362637362637362
5182	-0.296703296703297
5183	-0.247252747252747
5184	-0.269230769230769
5185	-0.346153846153846
5186	-0.318681318681319
5187	-0.307692307692307
5188	-0.307692307692307
5189	-0.368131868131868
5190	-0.17032967032967
5191	-0.0714285714285716
5192	-0.0329670329670328
5193	-0.181318681318681
5194	-0.098901098901099
5195	-0.0824175824175826
5196	0.0054945054945057
5197	0.120879120879121
5198	0.0219780219780221
5199	-0.0219780219780217
5200	-0.104395604395604
5201	-0.186813186813187
5202	-0.203296703296703
5203	-0.164835164835165
5204	-0.17032967032967
5205	-0.17032967032967
5206	-0.0824175824175823
5207	-0.164835164835165
5208	-0.104395604395604
5209	-0.0494505494505493
5210	-0.21978021978022
5211	-0.258241758241758
5212	-0.21978021978022
5213	-0.225274725274725
5214	-0.159340659340659
5215	-0.0989010989010988
5216	-0.0549450549450545
5217	-0.0494505494505491
5218	-0.0714285714285712
5219	-0.159340659340659
5220	-0.137362637362637
5221	-0.0714285714285712
5222	0.0219780219780223
5223	0.0164835164835169
5224	0.0219780219780223
5225	0.104395604395604
5226	-0.120879120879121
5227	-0.197802197802197
5228	-0.274725274725275
5229	-0.291208791208791
5230	-0.32967032967033
5231	-0.324175824175824
5232	-0.34065934065934
5233	-0.489010989010989
5234	-0.406593406593406
5235	-0.351648351648352
5236	-0.296703296703297
5237	-0.23076923076923
5238	-0.263736263736263
5239	-0.241758241758242
5240	-0.197802197802198
5241	-0.0934065934065933
5242	-0.0879120879120876
5243	-0.0879120879120876
5244	0.0219780219780223
5245	-0.0274725274725274
5246	0.0274725274725276
5247	0.126373626373627
5248	0.0549450549450552
5249	0.0714285714285716
5250	-0.0384615384615383
5251	-0.0714285714285712
5252	-0.0164835164835162
5253	-0.0219780219780219
5254	0.0109890109890112
5255	0.0824175824175826
5256	0.0659340659340659
5257	0.0824175824175826
5258	-0.0439560439560438
5259	-0.0274725274725274
5260	-0.0109890109890107
5261	-0.115384615384615
5262	0.0659340659340659
5263	0.0494505494505495
5264	0.269230769230769
5265	0.714285714285714
5266	0.956043956043956
5267	1.01098901098901
5268	0.956043956043956
5269	0.994505494505494
5270	0.928571428571429
5271	0.906593406593407
5272	0.928571428571429
5273	0.873626373626373
5274	0.901098901098901
5275	0.873626373626373
5276	0.824175824175825
5277	0.813186813186813
5278	0.714285714285714
5279	0.67032967032967
5280	0.587912087912088
5281	0.642857142857143
5282	0.686813186813187
5283	0.758241758241758
5284	0.78021978021978
5285	0.923076923076923
5286	0.912087912087912
5287	1.01648351648352
5288	0.978021978021978
5289	0.956043956043956
5290	0.93956043956044
5291	0.862637362637363
5292	0.923076923076923
5293	0.851648351648352
5294	0.868131868131868
5295	0.901098901098902
5296	1.02197802197802
5297	1.00549450549451
5298	0.813186813186813
5299	0.774725274725275
5300	0.642857142857143
5301	0.324175824175825
5302	0.0714285714285712
5303	0.00549450549450525
5304	-0.00549450549450547
5305	0.0659340659340661
5306	0.0494505494505497
5307	0.054945054945055
5308	0.0219780219780221
5309	0.0549450549450547
5310	0.0879120879120878
5311	0.00549450549450547
5312	0.0164835164835164
5313	-0.115384615384616
5314	-0.0549450549450547
5315	0.0769230769230769
5316	-0.0329670329670333
5317	0.0109890109890107
5318	0.0604395604395607
5319	-0.087912087912088
5320	0.0274725274725274
5321	0.0109890109890109
5322	0.093406593406594
5323	-0.00549450549450547
5324	0.0274725274725274
5325	0.0329670329670333
5326	-0.0164835164835164
5327	0.0109890109890107
5328	-0.0219780219780221
5329	-0.0109890109890109
5330	-0.0219780219780219
5331	0.0164835164835166
5332	-0.131868131868132
5333	-0.126373626373626
5334	-0.225274725274725
5335	-0.186813186813187
5336	-0.142857142857143
5337	-0.203296703296703
5338	-0.208791208791209
5339	-0.230769230769231
5340	-0.197802197802198
5341	-0.296703296703297
5342	-0.32967032967033
5343	-0.412087912087912
5344	-0.401098901098901
5345	-0.45054945054945
5346	-0.406593406593406
5347	-0.368131868131868
5348	-0.384615384615384
5349	-0.384615384615384
5350	-0.467032967032967
5351	-0.527472527472527
5352	-0.521978021978022
5353	-0.571428571428571
5354	-0.659340659340659
5355	-0.456043956043956
5356	-0.56043956043956
5357	-0.692307692307692
5358	-0.802197802197802
5359	-0.857142857142857
5360	-0.945054945054945
5361	-0.950549450549451
5362	-0.923076923076923
5363	-0.835164835164835
5364	-0.851648351648352
5365	-0.763736263736264
5366	-0.659340659340659
5367	-0.736263736263737
5368	-0.714285714285714
5369	-0.752747252747253
5370	-0.741758241758242
5371	-0.763736263736264
5372	-0.769230769230769
5373	-0.719780219780219
5374	-0.758241758241758
5375	-0.615384615384615
5376	-0.659340659340659
5377	-0.598901098901099
5378	-0.659340659340659
5379	-0.681318681318681
5380	-0.664835164835165
5381	-0.703296703296703
5382	-0.774725274725275
5383	-0.626373626373626
5384	-0.642857142857143
5385	-0.593406593406593
5386	-0.554945054945055
5387	-0.538461538461538
5388	-0.5
5389	-0.598901098901099
5390	-0.67032967032967
5391	-0.873626373626374
5392	-0.813186813186813
5393	-0.736263736263736
5394	-0.582417582417582
5395	-0.598901098901099
5396	-0.620879120879121
5397	-0.598901098901099
5398	-0.439560439560439
5399	-0.434065934065934
5400	-0.423076923076923
5401	-0.532967032967033
5402	-0.631868131868132
5403	-0.637362637362637
5404	-0.587912087912088
5405	-0.527472527472528
5406	-0.494505494505495
5407	-0.269230769230769
5408	-0.241758241758242
5409	-0.159340659340659
5410	-0.17032967032967
5411	-0.225274725274725
5412	-0.208791208791209
5413	-0.175824175824176
5414	-0.0659340659340657
5415	-0.0109890109890109
5416	0.0109890109890112
5417	0.148351648351648
5418	0.153846153846154
5419	-0.0384615384615383
5420	-0.0714285714285712
5421	-0.0384615384615383
5422	-0.0714285714285712
5423	-0.10989010989011
5424	-0.131868131868132
5425	-0.0714285714285712
5426	-0.0164835164835162
5427	-0.054945054945055
5428	-0.186813186813186
5429	-0.252747252747253
5430	-0.373626373626373
5431	-0.340659340659341
5432	-0.247252747252747
5433	-0.104395604395604
5434	-0.291208791208791
5435	-0.423076923076923
5436	-0.43956043956044
5437	-0.417582417582417
5438	-0.412087912087912
5439	-0.384615384615385
5440	-0.434065934065934
5441	-0.417582417582418
5442	-0.445054945054945
5443	-0.664835164835165
5444	-0.587912087912088
5445	-0.697802197802198
5446	-0.725274725274725
5447	-0.802197802197802
5448	-0.807692307692308
5449	-0.912087912087912
5456	-0.857142857142857
5457	-0.851648351648352
5458	-0.879120879120879
5459	-0.89010989010989
5460	-0.873626373626373
5461	-0.857142857142857
5462	-0.873626373626374
5463	-0.857142857142857
5464	-0.631868131868132
5465	-0.494505494505495
5466	-0.494505494505495
5467	-0.494505494505495
5468	-0.516483516483516
5469	-0.637362637362638
5470	-0.708791208791209
5471	-0.543956043956044
5472	-0.543956043956044
5473	-0.56043956043956
5474	-0.565934065934066
5475	-0.598901098901099
5476	-0.593406593406594
5477	-0.598901098901099
5478	-0.494505494505494
5479	-0.34065934065934
5480	-0.494505494505494
5481	-0.505494505494505
5482	-0.417582417582418
5483	-0.335164835164835
5484	-0.324175824175824
5485	-0.313186813186813
5486	-0.357142857142857
5487	-0.258241758241758
5488	-0.126373626373626
5489	-0.137362637362637
5490	-0.0714285714285712
5491	0.0054945054945057
5492	-0.0549450549450545
5493	-0.137362637362637
5494	0.0934065934065933
5495	0.120879120879121
5496	0.203296703296703
5497	0.214285714285714
5498	0.186813186813187
5499	0.203296703296703
5500	0.0659340659340661
5501	-0.0714285714285712
5502	-0.0659340659340661
5503	-0.0769230769230769
5504	-0.142857142857142
5505	-0.186813186813187
5506	0.0109890109890112
5507	-0.043956043956044
5508	-0.0274725274725274
5509	0.0329670329670335
5510	0.0384615384615385
5511	-0.00549450549450525
5512	0.131868131868132
5513	0.10989010989011
5514	0.0824175824175826
5515	-0.0604395604395602
5516	-0.0384615384615383
5517	-0.0549450549450545
5518	-0.0549450549450545
5519	-0.0879120879120876
5520	-0.120879120879121
5521	-0.120879120879121
5522	-0.115384615384615
5523	-0.21978021978022
5524	-0.357142857142857
5525	-0.373626373626373
5526	-0.494505494505494
5527	-0.653846153846154
5528	-0.703296703296703
5529	-0.725274725274725
5530	-0.873626373626374
5531	-0.824175824175824
5532	-0.730769230769231
5533	-0.82967032967033
5534	-0.692307692307692
5535	-0.71978021978022
5536	-0.692307692307692
5537	-0.692307692307692
5538	-0.730769230769231
5539	-0.736263736263736
5540	-0.736263736263736
5541	-0.708791208791208
5542	-0.868131868131868
5543	-0.912087912087912
5544	-0.868131868131868
5545	-0.912087912087912
5546	-0.912087912087912
5547	-0.813186813186813
5548	-0.89010989010989
5549	-0.978021978021978
5550	-0.945054945054945
5551	-0.978021978021978
5552	-1.02747252747253
5553	-0.89010989010989
5554	-0.989010989010989
5555	-1.00549450549451
5556	-1.06593406593407
5557	-1.06593406593407
5558	-1.08791208791209
5559	-1.01098901098901
5560	-0.82967032967033
5561	-0.741758241758241
5562	-0.703296703296703
5563	-0.620879120879121
5564	-0.516483516483516
5565	-0.5
5566	-0.582417582417582
5567	-0.60989010989011
5568	-0.774725274725274
5569	-0.681318681318681
5570	-0.78021978021978
5571	-0.703296703296703
5572	-0.796703296703296
5573	-0.747252747252747
5574	-0.736263736263736
5575	-0.675824175824176
5576	-0.637362637362637
5577	-0.664835164835165
5578	-0.648351648351648
5579	-0.692307692307692
5580	-0.752747252747253
5581	-0.703296703296703
5582	-0.620879120879121
5583	-0.587912087912088
5584	-0.664835164835165
5585	-0.664835164835164
5586	-0.631868131868132
5587	-0.560439560439561
5588	-0.527472527472528
5589	-0.67032967032967
5590	-0.675824175824176
5591	-0.543956043956044
5592	-0.549450549450549
5593	-0.565934065934066
5594	-0.56043956043956
5595	-0.692307692307692
5596	-0.84065934065934
5597	-0.93956043956044
5598	-0.934065934065934
5599	-1.02747252747253
5600	-1.14835164835165
5601	-1.14835164835165
5602	-1.06043956043956
5603	-1.00549450549451
5604	-1.0989010989011
5605	-1.16483516483516
5606	-1.01098901098901
5607	-1.09340659340659
5608	-1.04945054945055
5609	-1.07142857142857
5610	-1.14835164835165
5611	-1.1043956043956
5612	-0.994505494505494
5613	-0.912087912087912
5614	-0.873626373626374
5615	-0.807692307692307
5616	-0.642857142857143
5617	-0.60989010989011
5618	-0.604395604395604
5619	-0.692307692307692
5620	-0.626373626373626
5621	-0.637362637362637
5622	-0.521978021978022
5623	-0.434065934065934
5624	-0.467032967032967
5625	-0.390109890109891
5626	-0.390109890109891
5627	-0.489010989010989
5628	-0.516483516483516
5629	-0.472527472527473
5630	-0.39010989010989
5631	-0.247252747252747
5632	-0.21978021978022
5633	-0.241758241758242
5634	-0.0879120879120872
5635	-0.137362637362637
5636	-0.131868131868131
5637	0.016483516483516
5638	-0.0384615384615388
5639	-0.0219780219780223
5640	-0.0164835164835164
5641	0.0274725274725274
5642	-0.203296703296703
5643	-0.0769230769230766
5644	-0.181318681318681
5645	-0.0274725274725269
5646	-0.0384615384615379
5647	4.44089209850063e-16
5648	-0.0879120879120876
5649	0.0274725274725274
5650	-0.0384615384615388
5651	-0.0219780219780223
5652	-0.0879120879120872
5653	-0.175824175824175
5654	-0.274725274725275
5655	-0.203296703296703
5656	-0.263736263736263
5657	-0.23076923076923
5658	-0.373626373626374
5659	-0.428571428571429
5660	-0.401098901098901
5661	-0.373626373626374
5662	-0.28021978021978
5663	-0.203296703296703
5664	-0.148351648351649
5665	-0.087912087912088
5666	-0.230769230769231
5667	-0.269230769230769
5668	-0.164835164835165
5669	-0.115384615384616
5670	-0.159340659340659
5671	-0.115384615384615
5672	0.0769230769230769
5673	-0.06043956043956
5674	-0.0769230769230766
5675	-0.0384615384615385
5676	0.0329670329670328
5677	0.0769230769230769
5678	0.32967032967033
5679	0.379120879120879
5680	0.489010989010989
5681	0.54945054945055
5682	0.576923076923078
5683	0.54945054945055
5684	0.417582417582418
5685	0.225274725274725
5686	0.313186813186813
5687	0.362637362637363
5688	0.296703296703297
5689	0.318681318681318
5690	0.373626373626373
5691	0.28021978021978
5692	0.335164835164835
5693	0.357142857142857
5694	0.340659340659341
5695	0.373626373626374
5696	0.340659340659341
5697	0.313186813186814
5698	0.197802197802198
5699	0.0934065934065933
5700	0.0659340659340659
5701	0.0384615384615383
5702	0.0274725274725272
5703	-2.22044604925031e-16
5704	-0.098901098901099
5705	-0.098901098901099
5706	-0.12087912087912
5707	-0.230769230769231
5708	-0.34065934065934
5709	-0.324175824175824
5710	-0.302197802197802
5711	-0.373626373626374
5712	-0.384615384615384
5713	-0.379120879120879
5714	-0.5
5715	-0.532967032967033
5716	-0.598901098901099
5717	-0.763736263736264
5718	-0.807692307692308
5719	-0.708791208791209
5720	-0.736263736263736
5721	-0.741758241758242
5722	-0.785714285714285
5723	-0.725274725274725
5724	-0.582417582417582
5725	-0.626373626373626
5726	-0.554945054945055
5727	-0.549450549450549
5728	-0.659340659340659
5729	-0.747252747252747
5730	-0.862637362637362
5731	-0.835164835164835
5732	-0.703296703296703
5733	-0.626373626373626
5734	-0.576923076923077
5735	-0.532967032967033
5736	-0.472527472527472
5737	-0.351648351648352
5738	-0.324175824175824
5739	-0.247252747252748
5740	-0.175824175824176
5741	0.0934065934065931
5742	0.0714285714285712
5743	0.131868131868132
5744	0.093406593406594
5745	0.0549450549450552
5746	0.153846153846154
5747	0.164835164835166
5748	0.0659340659340661
5749	0.104395604395605
5750	0.093406593406594
5751	-0.0384615384615383
5752	-0.0219780219780219
5753	-0.0274725274725269
5754	-0.0164835164835164
5755	-0.0659340659340657
5756	-0.0164835164835164
5757	0.0329670329670333
5758	0.148351648351649
5759	0.054945054945055
5760	-0.175824175824176
5761	-0.10989010989011
5762	-0.186813186813187
5763	-0.186813186813187
5764	-0.164835164835165
5765	-0.0934065934065935
5766	-0.0329670329670328
5767	-0.142857142857143
5768	-0.115384615384615
5769	-0.241758241758242
5770	-0.219780219780219
5771	-0.159340659340659
5772	-0.131868131868132
5773	-0.302197802197802
5774	-0.214285714285714
5775	-0.263736263736263
5776	-0.324175824175824
5777	-0.587912087912088
5778	-0.406593406593406
5779	-0.428571428571429
5780	-0.17032967032967
5781	-0.142857142857143
5782	-0.23076923076923
5783	-0.291208791208791
5784	-0.164835164835165
5785	-0.28021978021978
5786	-0.291208791208791
5787	-0.203296703296703
5788	-0.21978021978022
5789	-0.21978021978022
5790	-0.252747252747253
5791	-0.0549450549450545
5792	-0.164835164835165
5793	-0.159340659340659
5794	-0.192307692307692
5795	-0.21978021978022
5796	-0.148351648351648
5797	-0.115384615384615
5798	-0.0604395604395604
5799	-0.0329670329670331
5800	0.0384615384615385
5801	0.0164835164835169
5802	0
5803	0.054945054945055
5804	-0.0604395604395602
5805	0.10989010989011
5806	0.0934065934065935
5807	0.0494505494505497
5808	0.0054945054945057
5809	0.0164835164835164
5810	-0.0494505494505493
5811	-0.0384615384615383
5812	0.0384615384615385
5813	0.0549450549450552
5814	-0.0439560439560438
5815	-0.0219780219780217
5816	-0.252747252747253
5817	-0.21978021978022
5818	-0.0879120879120878
5819	-0.115384615384615
5820	-0.164835164835165
5821	-0.208791208791208
5822	-0.258241758241758
5823	-0.0494505494505493
5824	-0.131868131868132
5825	-0.142857142857143
5826	-0.126373626373626
5827	-0.159340659340659
5828	-0.043956043956044
5829	0.0054945054945057
5830	-0.0659340659340657
5831	-0.0494505494505493
5832	-0.0329670329670328
5833	-0.120879120879121
5834	-0.131868131868132
5835	-0.115384615384615
5836	-0.131868131868132
5837	-0.0219780219780221
5838	0
5839	-0.0439560439560438
5840	-0.0219780219780217
5841	-0.104395604395604
5842	0.0439560439560438
5843	0.131868131868132
5844	0.115384615384615
5845	0.197802197802198
5846	0.203296703296703
5847	0.197802197802198
5848	0.131868131868132
5849	0.148351648351648
5850	0.115384615384615
5851	0.148351648351648
5852	0.0879120879120882
5853	0.0824175824175825
5854	0.054945054945055
5855	0.17032967032967
5856	0.236263736263736
5857	0.307692307692308
5858	0.335164835164835
5893	-0.0879120879120878
5894	0.10989010989011
5895	0.0824175824175825
5896	0.0879120879120878
5897	0.153846153846154
5898	0.296703296703297
5899	0.373626373626374
5900	0.384615384615385
5901	0.340659340659341
5902	0.285714285714286
5903	0.335164835164835
5904	0.516483516483517
5905	0.571428571428572
5906	0.653846153846154
5907	0.653846153846154
5908	0.796703296703297
5909	0.747252747252747
5910	0.703296703296703
5911	0.697802197802198
5912	0.752747252747253
5913	0.884615384615384
5914	0.796703296703297
5915	0.796703296703297
5916	0.791208791208791
5917	0.994505494505495
5918	1.10989010989011
5919	1.17582417582418
5920	1.17582417582418
5921	1.18131868131868
5922	1.2967032967033
5923	1.35164835164835
5924	1.28021978021978
5925	1.45604395604396
5926	1.45604395604396
5927	1.46703296703297
5928	1.47802197802198
5929	1.48901098901099
5930	1.26373626373626
5931	1.27472527472528
5932	1.30769230769231
5933	1.26373626373626
5934	1.10989010989011
5935	1.03846153846154
5936	1.2967032967033
5937	1.45604395604396
5938	1.47802197802198
5939	1.41758241758242
5940	1.29120879120879
5941	1.12637362637363
5942	1.05494505494505
5943	1.02197802197802
5944	0.873626373626374
5945	0.928571428571429
5946	0.884615384615385
5947	0.93956043956044
5948	0.95054945054945
5949	0.851648351648352
5950	0.846153846153846
5951	0.884615384615384
5952	0.82967032967033
5953	0.626373626373627
5954	0.538461538461539
5955	0.456043956043956
5956	0.494505494505495
5957	0.467032967032967
5958	0.384615384615385
5959	0.318681318681319
5960	0.313186813186813
5961	0.153846153846154
5962	0.230769230769231
5963	0.230769230769231
5964	0.269230769230769
5965	0.175824175824176
5966	0.263736263736264
5967	0.296703296703297
5968	0.208791208791209
5969	0.186813186813187
5970	0.197802197802198
5971	0.175824175824176
5972	0.0219780219780223
5973	-0.120879120879121
5974	-0.120879120879121
5975	-0.0714285714285714
5976	-0.0494505494505493
5977	-0.0219780219780219
5978	-0.0274725274725274
5979	-0.0109890109890107
5980	-0.00549450549450547
5981	0.0054945054945057
5982	0.17032967032967
5983	0.285714285714286
5984	0.192307692307693
5985	0.269230769230769
5986	0.263736263736264
5987	0.28021978021978
5988	0.263736263736264
5989	0.252747252747253
5990	0.269230769230769
5991	0.291208791208792
5992	0.252747252747253
5993	0.357142857142857
5994	0.357142857142857
5995	0.60989010989011
5996	0.714285714285714
5997	0.730769230769231
5998	0.659340659340659
5999	0.686813186813187
6000	0.796703296703297
6001	0.774725274725275
6002	0.692307692307692
6003	0.763736263736264
6004	0.884615384615385
6005	0.967032967032967
6006	0.983516483516483
6007	0.923076923076923
6008	0.873626373626374
6009	0.906593406593407
6010	1.01648351648352
6011	0.961538461538462
6012	0.961538461538462
6013	0.967032967032967
6014	1.04395604395604
6015	1.12637362637363
6016	1.1043956043956
6017	0.978021978021978
6018	0.835164835164835
6019	0.697802197802198
6020	0.807692307692308
6021	0.642857142857143
6022	0.653846153846154
6023	0.582417582417583
6024	0.604395604395605
6025	0.648351648351648
6026	0.653846153846154
6027	0.659340659340659
6028	0.675824175824176
6029	0.615384615384615
6030	0.637362637362637
6031	0.423076923076923
6032	0.357142857142857
6033	0.379120879120879
6034	0.406593406593407
6035	0.412087912087912
6036	0.28021978021978
6037	0.28021978021978
6038	0.296703296703297
