123	-4.23716153127918
124	-4.35294117647059
125	-4.12231559290383
126	-4.06349206349206
127	-3.86647992530345
128	-3.64705882352941
129	-3.56769374416433
130	-3.47245564892624
131	-3.42950513538749
132	-3.29598506069094
133	-3.23716153127918
134	-3.40056022408964
135	-3.4640522875817
136	-3.38935574229692
137	-3.50046685340803
138	-3.54808590102708
139	-3.50046685340803
140	-3.73856209150327
141	-3.90849673202614
142	-3.93557422969188
143	-3.8515406162465
144	-3.69281045751634
145	-3.52287581699346
146	-3.46591970121382
147	-3.5406162464986
148	-3.72829131652661
149	-3.59663865546218
150	-3.89075630252101
151	-3.83846872082166
152	-4.08309990662932
413	-4.062558356676
414	-3.93557422969188
415	-3.96545284780579
416	-3.90662931839402
417	-3.95424836601307
418	-3.87488328664799
419	-3.74789915966387
420	-3.71615312791783
421	-3.72082166199813
422	-3.74136321195145
423	-3.44911297852474
424	-3.27917833800187
425	-3.2156862745098
426	-3.17927170868347
427	-3.17460317460317
428	-3.04761904761905
429	-3.01587301587301
430	-2.77777777777778
431	-2.44444444444444
432	-2.31746031746032
433	-2.11111111111111
434	-2.20821661998133
435	-2.18767507002801
436	-2.26237161531279
437	-2.21008403361345
438	-2.30065359477124
439	-2.41176470588235
