7	-0.0317460317460316
8	-0.19047619047619
9	-0.174603174603174
10	-0.365079365079365
11	-0.317460317460317
12	-0.317460317460317
13	-0.476190476190476
14	-0.380952380952381
15	-0.333333333333333
16	-0.428571428571429
17	-0.507936507936508
18	-0.412698412698413
19	-0.492063492063492
20	-0.46031746031746
21	-0.571428571428571
22	-0.603174603174603
23	-0.603174603174603
24	-0.53968253968254
25	-0.571428571428571
26	-0.634920634920635
27	-0.682539682539682
28	-0.571428571428571
29	-0.587301587301587
30	-0.777777777777778
31	-0.73015873015873
32	-0.650793650793651
33	-0.428571428571428
34	-0.555555555555556
35	-0.301587301587301
36	-0.317460317460318
37	-0.380952380952381
38	-0.222222222222222
39	-0.412698412698413
40	-0.571428571428571
41	-0.492063492063493
42	-0.492063492063493
43	-0.698412698412698
44	-0.698412698412698
45	-0.80952380952381
46	-0.761904761904762
47	-0.65079365079365
48	-0.777777777777777
49	-1
50	-0.936507936507936
51	-0.936507936507937
52	-1
53	-1.23809523809524
54	-1.28571428571429
55	-1.14285714285714
56	-1.11111111111111
57	-1.11111111111111
58	-1.17460317460317
59	-1.09523809523809
60	-1.15873015873016
61	-1.28571428571429
62	-1.41269841269841
63	-1.47619047619048
64	-1.3968253968254
65	-1.47619047619048
66	-1.58730158730159
67	-1.53968253968254
68	-1.38095238095238
69	-1.26984126984127
70	-1.36507936507936
71	-1.26984126984127
72	-1.3015873015873
73	-1.14285714285714
74	-1.03174603174603
75	-1.25396825396825
76	-1.28571428571429
77	-1.23809523809524
78	-1.33333333333333
79	-1.25396825396825
80	-1.33333333333333
81	-1.36507936507936
82	-1.36507936507936
83	-1.50793650793651
84	-1.49206349206349
85	-1.52380952380952
86	-1.52380952380952
87	-1.38095238095238
88	-1.3015873015873
89	-1.33333333333333
90	-1.26984126984127
91	-1.20634920634921
92	-1.23809523809524
93	-1.52380952380952
94	-1.68253968253968
95	-1.52380952380952
96	-1.65079365079365
97	-1.77777777777778
98	-1.92063492063492
99	-1.92063492063492
100	-1.68253968253968
101	-1.74603174603175
102	-1.74603174603175
103	-1.74603174603175
104	-1.84126984126984
105	-1.9047619047619
106	-1.9047619047619
107	-1.87301587301587
108	-1.88888888888889
109	-1.93650793650794
110	-1.85714285714286
111	-1.92063492063492
112	-1.76190476190476
113	-1.6984126984127
114	-1.73015873015873
115	-1.46031746031746
116	-1.49206349206349
117	-1.66666666666667
118	-1.65079365079365
119	-1.84126984126984
120	-1.98412698412698
121	-2.03174603174603
122	-2.15873015873016
123	-2.3015873015873
124	-2.19047619047619
125	-2.44444444444444
126	-2.20634920634921
127	-2.12698412698413
128	-2.09523809523809
129	-2.01587301587301
130	-1.96825396825397
131	-2.07936507936508
132	-2.25396825396825
133	-2.15873015873016
134	-2.23809523809524
135	-2.20634920634921
136	-2.14285714285714
137	-2.34920634920635
138	-2.58730158730159
139	-2.58730158730159
140	-2.96825396825397
141	-2.98412698412698
142	-2.90476190476191
143	-2.47619047619048
144	-2.22222222222222
145	-2.06349206349206
146	-1.84126984126984
147	-1.76190476190476
148	-1.61904761904762
149	-1.52380952380952
150	-1.52380952380952
151	-1.55555555555556
152	-1.68253968253968
153	-1.71428571428571
154	-1.77777777777778
155	-1.74603174603175
156	-1.76190476190476
157	-1.68253968253968
158	-1.73015873015873
159	-1.66666666666667
160	-1.6984126984127
161	-1.65079365079365
162	-1.50793650793651
163	-1.6031746031746
164	-1.58730158730159
165	-1.36507936507937
166	-1.31746031746032
167	-1.23809523809524
168	-1.52380952380952
169	-1.53968253968254
170	-1.66666666666667
171	-1.77777777777778
172	-1.92063492063492
173	-1.92063492063492
174	-2.11111111111111
175	-2.09523809523809
176	-2.11111111111111
177	-2.04761904761905
178	-1.88888888888889
179	-1.96825396825397
180	-1.68253968253968
181	-1.52380952380952
182	-1.47619047619048
183	-1.49206349206349
184	-1.33333333333333
185	-1.36507936507937
186	-1.44444444444444
187	-1.55555555555555
188	-1.58730158730159
189	-1.74603174603175
190	-1.85714285714286
191	-1.74603174603175
192	-1.6984126984127
193	-1.63492063492063
194	-1.68253968253968
195	-1.55555555555556
196	-1.63492063492064
197	-1.46031746031746
198	-1.3968253968254
199	-1.44444444444444
200	-1.28571428571428
201	-1.38095238095238
202	-1.28571428571428
203	-1.41269841269841
204	-1.31746031746032
205	-1.50793650793651
206	-1.52380952380952
207	-1.61904761904762
208	-1.50793650793651
209	-1.6031746031746
210	-1.52380952380952
211	-1.46031746031746
212	-1.50793650793651
213	-1.3015873015873
214	-1.11111111111111
215	-1.06349206349206
216	-1.15873015873016
217	-1.15873015873016
218	-1.3015873015873
219	-1.19047619047619
220	-1.19047619047619
221	-1.0952380952381
222	-1.03174603174603
223	-1.01587301587302
224	-0.952380952380953
225	-1.11111111111111
226	-1.07936507936508
227	-1.22222222222222
228	-1.04761904761905
229	-0.984126984126984
230	-0.984126984126984
231	-1.07936507936508
232	-1.15873015873016
233	-1.25396825396825
234	-1.28571428571429
235	-1.46031746031746
236	-1.36507936507936
237	-1.23809523809524
238	-1.07936507936508
239	-1.11111111111111
240	-1.17460317460317
241	-1.09523809523809
242	-0.984126984126984
243	-0.825396825396825
244	-0.825396825396825
245	-0.873015873015873
246	-0.92063492063492
247	-1
248	-0.936507936507936
249	-0.825396825396825
250	-0.634920634920635
251	-0.587301587301587
252	-0.476190476190476
253	-0.46031746031746
254	-0.53968253968254
255	-0.587301587301587
256	-0.476190476190476
257	-0.428571428571429
258	-0.365079365079365
259	-0.380952380952381
260	-0.396825396825397
261	-0.46031746031746
262	-0.476190476190476
263	-0.555555555555555
264	-0.53968253968254
265	-0.285714285714286
266	-0.301587301587301
267	-0.349206349206349
268	-0.253968253968254
269	-0.19047619047619
270	-0.206349206349206
271	-0.0952380952380953
272	0.0476190476190474
273	0.0634920634920628
274	0.0317460317460321
275	-0.0158730158730154
276	-0.111111111111111
277	-0.0634920634920633
278	-0.174603174603174
279	-0.142857142857143
280	-0.126984126984127
281	-0.0793650793650789
282	-0.0317460317460319
283	-0.0158730158730158
284	0.0317460317460319
285	0.142857142857143
286	0.222222222222222
287	0.174603174603174
288	0.111111111111111
289	0.111111111111111
290	0.0793650793650797
291	-0.111111111111111
292	-0.126984126984127
293	-0.0476190476190474
294	-0.126984126984127
295	2.22044604925031e-16
296	-0.0634920634920633
297	-0.19047619047619
298	-0.158730158730159
299	-0.174603174603175
300	-0.285714285714286
301	-0.238095238095238
302	-0.317460317460317
303	-0.158730158730158
304	-0.158730158730159
305	-0.19047619047619
306	-0.19047619047619
307	-0.19047619047619
308	-0.206349206349207
309	-0.301587301587302
310	-0.380952380952381
311	-0.46031746031746
312	-0.492063492063492
313	-0.476190476190476
314	-0.428571428571428
315	-0.476190476190476
316	-0.396825396825396
317	-0.428571428571429
318	-0.698412698412699
319	-0.507936507936508
320	-0.682539682539682
321	-0.571428571428572
322	-0.53968253968254
323	-0.666666666666667
324	-0.634920634920635
325	-0.587301587301587
326	-0.507936507936508
327	-0.507936507936508
328	-0.523809523809524
329	-0.396825396825396
330	-0.380952380952381
331	-0.333333333333333
332	-0.238095238095238
333	-0.285714285714285
334	-0.238095238095238
335	-4.44089209850063e-16
336	-0.0952380952380953
337	0.0476190476190479
338	0.0476190476190474
339	0.0793650793650795
340	0.174603174603175
341	0.428571428571429
342	0.380952380952381
343	0.333333333333333
344	0.285714285714286
345	0.26984126984127
346	0.206349206349207
347	0.174603174603175
348	0.380952380952381
349	0.301587301587301
350	0.460317460317461
351	0.460317460317461
352	0.476190476190476
353	0.380952380952381
354	0.174603174603175
355	0.19047619047619
356	0.0476190476190474
357	-0.0476190476190474
358	-0.111111111111111
359	-0.412698412698413
360	-0.634920634920634
361	-0.634920634920634
362	-0.777777777777778
363	-0.777777777777778
364	-0.714285714285714
365	-0.73015873015873
366	-1.03174603174603
367	-0.984126984126984
368	-0.682539682539682
369	-0.936507936507936
370	-1
371	-0.984126984126985
372	-1
373	-1.31746031746032
374	-1.26984126984127
375	-1.46031746031746
376	-1.44444444444444
377	-1.49206349206349
378	-1.49206349206349
379	-1.41269841269841
380	-1.44444444444444
381	-1.26984126984127
382	-0.873015873015873
383	-0.507936507936507
384	0.0317460317460316
385	0.111111111111111
386	0.396825396825397
387	0.53968253968254
388	0.53968253968254
389	0.285714285714286
390	0.412698412698413
391	0.53968253968254
392	0.80952380952381
393	0.809523809523809
394	0.904761904761905
395	1
396	1.04761904761905
397	1.26984126984127
398	1.3015873015873
399	1.22222222222222
400	1.26984126984127
401	1.06349206349206
402	1.33333333333333
403	1.61904761904762
404	1.6031746031746
405	1.61904761904762
406	1.3015873015873
407	0.952380952380953
408	0.714285714285714
409	0.380952380952382
410	0.365079365079366
411	0.126984126984128
412	0.0952380952380958
413	0.15873015873016
414	0.380952380952381
415	0.0317460317460316
416	0.07936507936508
417	-0.15873015873016
418	-0.222222222222222
419	-0.0476190476190474
420	0.222222222222222
421	0.111111111111112
422	0.07936507936508
423	0.396825396825397
424	0.365079365079366
425	0.61904761904762
426	0.952380952380953
427	0.825396825396825
428	0.714285714285714
429	0.841269841269842
430	1.12698412698413
431	1.50793650793651
432	1.58730158730159
433	1.88888888888889
434	2.3015873015873
435	2.76190476190476
436	3.22222222222222
437	3.66666666666667
438	3.44444444444444
439	3.42857142857143
440	3.57142857142857
441	3.63492063492064
442	3.88888888888889
443	3.96825396825397
444	3.92063492063492
445	3.96825396825397
446	4.20634920634921
447	4.11111111111111
448	4.26984126984127
449	4.65079365079365
450	4.42857142857143
451	4.34920634920635
452	4.38095238095238
453	4.41269841269841
454	4.58730158730159
455	4.34920634920635
456	4.12698412698413
457	4.3015873015873
458	4.04761904761905
459	4.17460317460318
460	4.14285714285714
461	4
462	3.53968253968254
463	3.87301587301587
464	4.11111111111111
465	4.3015873015873
466	4.26984126984127
467	4.0952380952381
468	4.04761904761905
469	4.20634920634921
470	4.31746031746032
471	4.19047619047619
472	4.01587301587302
473	3.63492063492063
474	3.47619047619048
475	3.41269841269841
476	3.58730158730159
477	3.58730158730159
478	3.38095238095238
479	3.06349206349206
480	3.22222222222222
481	3.28571428571429
482	3
483	3.17460317460317
484	2.79365079365079
485	2.63492063492063
486	2.49206349206349
487	2.38095238095238
488	2.42857142857143
489	2.12698412698413
490	2
491	2.11111111111111
492	2.03174603174603
493	1.80952380952381
494	1.49206349206349
495	1.03174603174603
496	1.28571428571429
497	1.55555555555556
498	2.20634920634921
499	2.33333333333333
500	2.50793650793651
501	2.11111111111111
502	2.22222222222222
503	2.22222222222222
504	2.31746031746032
505	2.20634920634921
506	2.20634920634921
507	2.26984126984127
508	1.93650793650794
509	1.88888888888889
510	1.76190476190476
511	1.77777777777778
512	1.98412698412698
513	1.82539682539683
514	1.77777777777778
515	1.58730158730159
516	1.41269841269841
517	1.33333333333333
518	1.49206349206349
519	1.74603174603175
520	1.93650793650794
521	1.90476190476191
522	1.80952380952381
523	1.23809523809524
524	1
525	1
526	1.14285714285714
527	1.15873015873016
528	1.17460317460317
529	1.11111111111111
530	1.14285714285714
531	1.11111111111111
532	1.12698412698413
533	1.31746031746032
534	1.57142857142857
535	1.61904761904762
536	1.46031746031746
537	1.44444444444444
538	1.36507936507937
539	1.46031746031746
540	1.49206349206349
541	1.82539682539683
542	2.0952380952381
543	1.96825396825397
544	1.92063492063492
545	1.85714285714286
546	1.6031746031746
547	1.55555555555556
548	1.68253968253968
549	1.6984126984127
550	1.68253968253968
551	1.74603174603175
552	1.44444444444445
553	1.38095238095238
554	1.42857142857143
555	1.3015873015873
556	1.33333333333333
557	1.22222222222222
558	1.0952380952381
559	0.841269841269842
560	0.650793650793651
561	0.650793650793651
562	0.587301587301588
563	0.666666666666667
564	0.634920634920635
565	0.666666666666667
566	0.317460317460317
567	0.111111111111111
568	0.111111111111111
569	0.126984126984127
570	0.0634920634920635
571	0.0634920634920635
572	0.0317460317460319
573	-0.222222222222222
574	-0.0793650793650791
575	-0.333333333333333
576	-0.26984126984127
577	-0.19047619047619
578	-0.0793650793650795
579	-0.222222222222222
580	-0.174603174603175
581	0.0158730158730158
582	0.015873015873016
583	0.0952380952380953
584	0.190476190476191
585	0.158730158730159
586	0.174603174603175
587	0.0634920634920637
588	-0.0793650793650791
589	-0.0158730158730158
590	-4.44089209850063e-16
591	-0.0634920634920637
592	-0.0158730158730163
593	0.0634920634920637
594	-0.253968253968254
595	-0.238095238095238
596	-0.158730158730159
597	-0.0634920634920628
598	0.158730158730159
599	4.44089209850063e-16
600	0.19047619047619
601	0.0317460317460321
602	-0.0317460317460316
603	-0.0952380952380949
604	0.0476190476190474
605	0.126984126984127
606	-0.111111111111111
607	-0.126984126984127
608	-0.206349206349206
609	-0.26984126984127
610	-0.253968253968254
611	-0.238095238095238
612	-0.206349206349206
613	-0.0793650793650791
614	-0.238095238095238
615	-0.238095238095238
616	-0.142857142857142
617	-0.142857142857142
618	-0.301587301587302
619	-0.285714285714286
620	-0.301587301587301
621	-0.380952380952381
622	-0.444444444444444
623	-0.65079365079365
624	-0.761904761904761
625	-1.04761904761905
626	-1.04761904761905
627	-0.92063492063492
628	-0.952380952380952
629	-1.0952380952381
630	-1.19047619047619
631	-1.26984126984127
632	-1.46031746031746
633	-1.23809523809524
634	-1.20634920634921
635	-1.22222222222222
636	-1.42857142857143
637	-1.41269841269841
638	-1.58730158730159
639	-1.58730158730159
640	-1.65079365079365
641	-1.68253968253968
642	-1.76190476190476
643	-1.63492063492063
644	-1.6031746031746
645	-1.57142857142857
646	-1.53968253968254
647	-1.63492063492063
648	-1.6984126984127
649	-1.66666666666667
650	-1.57142857142857
651	-1.77777777777778
652	-1.93650793650794
653	-2.01587301587302
654	-1.9047619047619
655	-1.87301587301587
656	-1.93650793650794
657	-1.77777777777778
658	-2.12698412698413
659	-2.26984126984127
660	-2.41269841269841
661	-2.22222222222222
662	-2.23809523809524
663	-2.14285714285714
664	-2.07936507936508
665	-1.95238095238095
666	-2
667	-2.04761904761905
668	-2.01587301587302
669	-1.76190476190476
670	-1.85714285714286
671	-2.11111111111111
672	-1.9047619047619
673	-1.93650793650794
674	-2.03174603174603
675	-2
676	-1.88888888888889
677	-2.03174603174603
678	-2.06349206349206
679	-2.15873015873016
680	-2.28571428571429
681	-2.17460317460317
682	-2.19047619047619
683	-2.04761904761905
684	-1.96825396825397
685	-1.74603174603175
686	-1.73015873015873
687	-1.71428571428571
688	-1.57142857142857
689	-1.55555555555556
690	-1.74603174603175
691	-1.87301587301587
692	-1.84126984126984
693	-1.88888888888889
694	-2.04761904761905
695	-1.98412698412698
696	-1.85714285714286
697	-2.20634920634921
698	-1.74603174603175
699	-1.63492063492063
700	-1.53968253968254
701	-1.38095238095238
702	-1.14285714285714
703	-1.17460317460317
704	-1.11111111111111
705	-0.952380952380953
706	-0.936507936507936
707	-0.888888888888889
708	-0.793650793650794
709	-0.777777777777778
710	-0.936507936507936
711	-1
712	-1.17460317460317
713	-1.15873015873016
714	-1.19047619047619
715	-1.20634920634921
716	-1.20634920634921
717	-1.34920634920635
718	-1.44444444444444
719	-1.49206349206349
720	-1.3015873015873
721	-1.36507936507936
722	-1.15873015873016
723	-1.41269841269841
724	-1.25396825396825
725	-1.3015873015873
726	-1.57142857142857
727	-1.58730158730159
728	-1.46031746031746
729	-1.42857142857143
730	-1.63492063492063
731	-1.6031746031746
732	-1.61904761904762
733	-1.74603174603175
734	-1.76190476190476
735	-1.58730158730159
736	-1.49206349206349
737	-1.41269841269841
738	-1.52380952380952
739	-1.73015873015873
740	-1.66666666666667
741	-1.42857142857143
742	-1.3968253968254
743	-1.31746031746032
744	-1.47619047619048
745	-1.77777777777778
746	-1.74603174603175
747	-1.80952380952381
748	-1.93650793650794
749	-2.01587301587302
750	-2
751	-1.84126984126984
752	-1.80952380952381
753	-1.96825396825397
754	-2.04761904761905
755	-1.92063492063492
756	-1.96825396825397
757	-1.88888888888889
758	-1.82539682539682
759	-1.84126984126984
760	-1.92063492063492
761	-1.85714285714286
762	-1.73015873015873
763	-1.80952380952381
764	-1.63492063492063
765	-1.42857142857143
766	-1.46031746031746
767	-1.3015873015873
768	-1.34920634920635
769	-1.26984126984127
770	-1.14285714285714
771	-1
772	-0.904761904761904
773	-0.714285714285714
774	-0.746031746031746
775	-0.73015873015873
776	-0.968253968253969
777	-1.06349206349206
778	-0.857142857142857
779	-0.873015873015873
780	-0.841269841269841
781	-0.873015873015873
782	-0.825396825396825
783	-0.682539682539682
784	-0.587301587301587
785	-0.65079365079365
786	-0.619047619047619
787	-0.619047619047618
788	-0.571428571428571
789	-0.666666666666666
790	-0.825396825396825
791	-0.952380952380952
792	-0.92063492063492
793	-0.888888888888889
794	-0.761904761904762
795	-0.777777777777777
796	-0.73015873015873
797	-0.777777777777778
798	-0.92063492063492
799	-0.92063492063492
800	-0.904761904761904
801	-0.666666666666667
802	-0.682539682539683
803	-0.666666666666667
804	-0.555555555555555
805	-0.634920634920635
806	-0.476190476190476
807	-0.619047619047619
808	-0.761904761904762
809	-0.841269841269841
810	-0.777777777777777
811	-0.777777777777778
812	-0.857142857142857
813	-0.793650793650794
814	-0.698412698412698
815	-0.682539682539682
816	-0.571428571428571
817	-0.666666666666667
818	-0.619047619047619
819	-0.634920634920635
820	-0.603174603174603
821	-0.746031746031746
822	-0.698412698412698
823	-0.73015873015873
824	-0.698412698412698
825	-0.746031746031746
826	-0.571428571428571
827	-0.476190476190476
828	-0.507936507936508
829	-0.492063492063492
830	-0.412698412698412
831	-0.507936507936508
832	-0.428571428571428
833	-0.444444444444444
834	-0.396825396825397
835	-0.317460317460317
841	-0.428571428571429
842	-0.428571428571429
843	-0.412698412698413
844	-0.412698412698413
977	-1.14285714285714
978	-1.12698412698413
979	-1.20634920634921
980	-1.15873015873016
982	-1.0952380952381
983	-1.01587301587302
984	-1.03174603174603
985	-1
986	-0.968253968253968
987	-0.952380952380952
988	-1.01587301587302
989	-0.968253968253968
990	-0.888888888888889
991	-0.888888888888889
992	-0.920634920634921
993	-0.793650793650793
994	-0.761904761904762
995	-0.746031746031746
996	-0.53968253968254
997	-0.444444444444444
998	-0.412698412698413
999	-0.412698412698412
1000	-0.396825396825397
1001	-0.349206349206349
1002	-0.444444444444444
1003	-0.476190476190476
1004	-0.523809523809524
1005	-0.571428571428571
1006	-0.523809523809524
1007	-0.571428571428571
1008	-0.428571428571428
1009	-0.333333333333333
1010	-0.333333333333333
1011	-0.428571428571428
1012	-0.555555555555556
1013	-0.428571428571428
1014	-0.428571428571428
1015	-0.444444444444444
1016	-0.428571428571429
1017	-0.396825396825397
1018	-0.555555555555555
1019	-0.587301587301587
1020	-0.53968253968254
1021	-0.587301587301587
1022	-0.650793650793651
1023	-0.714285714285714
1024	-0.666666666666667
1025	-0.619047619047619
1026	-0.746031746031746
1027	-0.841269841269841
1028	-0.841269841269841
1029	-0.682539682539682
1030	-0.650793650793651
1031	-0.619047619047619
1032	-0.634920634920635
1033	-0.825396825396825
1034	-0.968253968253968
1035	-1.03174603174603
1036	-1
1037	-0.936507936507937
1038	-1.04761904761905
1039	-1.15873015873016
1040	-1.17460317460317
1041	-1.14285714285714
1042	-1.14285714285714
1043	-0.984126984126984
1044	-0.936507936507936
1045	-0.936507936507936
1046	-0.936507936507936
1047	-0.920634920634921
1048	-0.888888888888889
1049	-0.92063492063492
1050	-0.857142857142857
1051	-0.73015873015873
1052	-0.682539682539682
1053	-0.619047619047619
1054	-0.682539682539682
1055	-0.698412698412698
1082	-0.26984126984127
1083	-0.222222222222222
1084	-0.19047619047619
1085	-0.174603174603175
1086	-0.19047619047619
1087	-0.158730158730159
1088	-0.158730158730159
1089	-0.158730158730159
1090	-0.142857142857143
1091	-0.126984126984127
1163	-0.46031746031746
1165	-0.507936507936508
1166	-0.507936507936508
1167	-0.555555555555555
1168	-0.476190476190476
1169	-0.444444444444444
1170	-0.476190476190476
1171	-0.46031746031746
1172	-0.587301587301587
1173	-0.603174603174603
1174	-0.587301587301587
1175	-0.682539682539682
1176	-0.714285714285714
1177	-0.603174603174603
1178	-0.634920634920635
1179	-0.523809523809524
1180	-0.428571428571428
1181	-0.444444444444444
1182	-0.412698412698413
1183	-0.46031746031746
1184	-0.507936507936508
1185	-0.412698412698413
1186	-0.428571428571429
1187	-0.444444444444444
1188	-0.396825396825397
1189	-0.380952380952381
1190	-0.301587301587301
1191	-0.333333333333333
1192	-0.380952380952381
1193	-0.444444444444444
1194	-0.301587301587302
1195	-0.349206349206349
1196	-0.301587301587302
1197	-0.380952380952381
1198	-0.333333333333333
1199	-0.365079365079365
1200	-0.333333333333333
1201	-0.365079365079365
1202	-0.587301587301587
1203	-0.650793650793651
1204	-0.761904761904762
1205	-0.777777777777778
1206	-0.793650793650794
1207	-0.777777777777778
1208	-0.73015873015873
1209	-0.634920634920635
1210	-0.714285714285714
1211	-0.634920634920635
1212	-0.603174603174603
1213	-0.650793650793651
1214	-0.650793650793651
1215	-0.746031746031746
1216	-0.761904761904762
1217	-0.682539682539682
1218	-0.714285714285714
1354	-0.206349206349206
1355	-0.285714285714286
1363	-0.238095238095238
1364	-0.206349206349206
1365	-0.238095238095238
1366	-0.301587301587302
1367	-0.428571428571429
1368	-0.428571428571429
1369	-0.444444444444445
1370	-0.412698412698413
1376	-0.444444444444445
1387	-0.634920634920635
1388	-0.666666666666666
1389	-0.746031746031746
1390	-0.746031746031746
1391	-0.714285714285714
1392	-0.666666666666667
1393	-0.650793650793651
1394	-0.666666666666667
1395	-0.714285714285714
1396	-0.619047619047619
1397	-0.507936507936508
1398	-0.603174603174603
1399	-0.619047619047619
1400	-0.603174603174603
1401	-0.73015873015873
1402	-0.603174603174603
1403	-0.603174603174603
1404	-0.603174603174603
1405	-0.571428571428571
1406	-0.555555555555555
1407	-0.476190476190476
1408	-0.507936507936508
1409	-0.46031746031746
1410	-0.317460317460317
1411	-0.222222222222222
1412	-0.428571428571428
1413	-0.523809523809524
1414	-0.46031746031746
1415	-0.476190476190476
1416	-0.492063492063492
1417	-0.507936507936508
1418	-0.53968253968254
1419	-0.523809523809524
1420	-0.428571428571428
1421	-0.539682539682539
1449	-0.714285714285714
1450	-0.650793650793651
1451	-0.571428571428571
1452	-0.571428571428571
1453	-0.603174603174603
1454	-0.746031746031746
1455	-0.714285714285714
1456	-0.666666666666666
1457	-0.793650793650794
1458	-0.777777777777778
1459	-0.857142857142857
1460	-0.809523809523809
1461	-0.73015873015873
1462	-0.666666666666667
1463	-0.682539682539682
1464	-0.746031746031746
1465	-0.777777777777778
1466	-0.841269841269841
1467	-0.793650793650794
1468	-0.825396825396825
1469	-0.888888888888889
1470	-0.92063492063492
1471	-0.793650793650793
1472	-0.73015873015873
1473	-0.857142857142857
1474	-0.857142857142857
1475	-0.857142857142857
1476	-0.952380952380952
1477	-0.968253968253968
1478	-1.04761904761905
1479	-0.952380952380952
1480	-1.03174603174603
1481	-1.04761904761905
1482	-1.06349206349206
1483	-1.06349206349206
1484	-1.09523809523809
1485	-1.09523809523809
1486	-1.0952380952381
1487	-1.14285714285714
1488	-1.19047619047619
1567	-0.253968253968254
1568	-0.222222222222222
1569	-0.206349206349206
1570	-0.206349206349206
1571	-0.174603174603175
1572	-0.142857142857143
1573	-0.0793650793650793
1574	-0.111111111111111
1576	-0.126984126984127
1584	-0.126984126984127
1585	-0.0317460317460316
1586	-0.0634920634920634
1587	-0.0634920634920634
1588	-0.0952380952380952
1589	-0.158730158730159
1590	-0.126984126984127
1591	-0.142857142857143
1593	-0.174603174603175
1594	-0.158730158730159
1595	-0.174603174603175
1596	-0.174603174603174
1597	-0.206349206349206
1598	-0.206349206349206
1599	-0.222222222222222
1600	-0.222222222222222
1601	-0.301587301587302
1602	-0.301587301587302
1603	-0.317460317460317
1604	-0.396825396825397
1605	-0.476190476190476
1606	-0.428571428571428
1607	-0.476190476190476
1608	-0.523809523809524
1609	-0.634920634920635
1615	-0.777777777777778
1616	-0.841269841269841
1617	-0.873015873015873
1618	-0.857142857142857
1619	-0.904761904761905
1620	-0.92063492063492
1624	-1
1625	-0.968253968253968
1626	-0.968253968253968
1627	-0.968253968253968
1628	-1.06349206349206
1630	-1.01587301587302
1632	-1.03174603174603
1633	-1
1634	-0.936507936507936
1635	-0.841269841269841
1636	-0.825396825396825
1637	-0.92063492063492
1638	-0.761904761904762
1639	-0.825396825396825
1640	-0.841269841269841
1641	-0.73015873015873
1642	-0.746031746031746
1643	-0.73015873015873
1644	-0.714285714285714
1645	-0.682539682539682
1646	-0.650793650793651
1647	-0.682539682539682
1648	-0.809523809523809
1649	-0.761904761904762
1650	-0.777777777777778
1651	-0.777777777777778
1652	-0.714285714285714
1653	-0.698412698412698
1654	-0.73015873015873
1655	-0.73015873015873
1656	-0.714285714285714
1657	-0.746031746031746
1658	-0.666666666666667
1659	-0.650793650793651
1660	-0.761904761904762
1661	-0.73015873015873
1662	-0.698412698412698
1663	-0.793650793650793
1664	-0.825396825396825
1665	-0.825396825396825
1666	-0.920634920634921
1667	-0.841269841269841
1668	-0.888888888888889
1669	-0.841269841269841
1696	-0.444444444444445
1697	-0.380952380952381
1698	-0.380952380952381
1699	-0.333333333333333
1702	-0.238095238095238
1703	-0.253968253968254
1704	-0.253968253968254
1834	-0.666666666666667
1835	-0.619047619047619
1836	-0.571428571428571
1837	-0.571428571428571
1838	-0.523809523809524
1839	-0.571428571428571
1840	-0.507936507936508
1841	-0.555555555555555
1842	-0.603174603174603
1843	-0.714285714285714
1844	-0.746031746031746
1845	-0.777777777777778
1846	-0.841269841269841
1847	-0.92063492063492
1848	-0.968253968253968
1849	-0.936507936507936
1872	-0.984126984126984
1873	-1
1874	-1.04761904761905
1875	-1.04761904761905
1876	-0.952380952380952
1877	-0.952380952380952
1878	-0.904761904761905
1879	-0.92063492063492
1880	-0.873015873015873
1881	-0.857142857142857
1882	-0.873015873015873
1883	-0.904761904761905
1884	-0.873015873015873
1885	-0.825396825396825
1886	-0.793650793650794
1887	-0.73015873015873
1888	-0.841269841269841
1889	-0.984126984126984
1890	-0.904761904761905
1891	-0.952380952380952
1892	-0.904761904761905
1893	-0.888888888888889
1894	-0.952380952380952
1895	-1.01587301587302
1934	-0.904761904761905
1935	-0.888888888888889
1937	-0.73015873015873
1938	-0.634920634920635
1939	-0.571428571428571
1940	-0.587301587301587
1941	-0.603174603174603
1942	-0.682539682539682
1943	-0.698412698412698
1944	-0.682539682539682
1945	-0.682539682539682
1946	-0.619047619047619
1947	-0.650793650793651
1948	-0.634920634920635
1949	-0.571428571428571
1950	-0.555555555555555
1951	-0.587301587301587
1952	-0.507936507936508
1954	-0.46031746031746
1956	-0.365079365079365
1957	-0.380952380952381
1958	-0.365079365079365
1960	-0.428571428571429
1961	-0.412698412698413
2062	-0.285714285714286
2063	-0.253968253968254
2064	-0.26984126984127
2065	-0.285714285714286
2066	-0.412698412698412
2067	-0.444444444444444
2068	-0.444444444444444
2069	-0.476190476190476
2070	-0.53968253968254
2071	-0.587301587301587
2072	-0.603174603174603
2073	-0.619047619047619
2074	-0.634920634920635
2075	-0.698412698412698
2080	-0.73015873015873
2082	-0.825396825396825
2083	-0.841269841269841
2084	-0.825396825396825
2094	-0.761904761904762
2095	-0.92063492063492
2096	-0.952380952380952
2097	-0.873015873015873
2098	-0.777777777777777
2099	-0.825396825396825
2100	-0.888888888888889
2101	-0.936507936507936
2102	-0.936507936507936
2103	-1
2104	-0.936507936507937
2105	-1.01587301587302
2106	-1.01587301587302
2107	-1
2108	-0.968253968253968
2109	-0.968253968253968
2110	-0.888888888888889
2111	-0.873015873015873
2112	-0.841269841269841
2113	-0.888888888888889
2114	-0.904761904761905
2115	-1.06349206349206
2116	-1.12698412698413
2117	-1.15873015873016
2118	-1.28571428571429
2119	-1.25396825396825
2120	-1.12698412698413
2121	-1.12698412698413
2122	-1.15873015873016
2123	-1.26984126984127
2124	-1.19047619047619
2125	-1.07936507936508
2126	-0.968253968253968
2127	-1
2128	-0.952380952380952
2129	-1
2130	-0.841269841269841
2131	-0.698412698412698
2132	-0.666666666666667
2133	-0.650793650793651
2134	-0.555555555555555
2135	-0.666666666666667
2136	-0.714285714285714
2137	-0.682539682539682
2138	-0.603174603174603
2139	-0.666666666666667
2140	-0.587301587301587
2141	-0.523809523809524
2142	-0.571428571428571
2143	-0.492063492063492
2318	-0.0317460317460316
2319	-0.0158730158730158
2366	-0.253968253968254
2367	-0.206349206349206
2368	-0.222222222222222
2369	-0.174603174603174
2370	-0.19047619047619
2371	-0.19047619047619
2372	-0.238095238095238
2373	-0.238095238095238
2374	-0.19047619047619
2375	-0.206349206349206
2376	-0.26984126984127
2377	-0.253968253968254
2378	-0.26984126984127
2379	-0.206349206349206
2380	-0.222222222222222
2382	-0.26984126984127
2383	-0.253968253968254
2384	-0.285714285714286
2385	-0.285714285714286
2418	-0.428571428571429
2419	-0.412698412698413
2421	-0.396825396825397
2422	-0.365079365079365
2423	-0.396825396825397
2424	-0.365079365079365
2425	-0.476190476190476
2426	-0.555555555555555
2427	-0.539682539682539
2428	-0.539682539682539
2762	-0.365079365079365
2763	-0.285714285714286
2764	-0.238095238095238
2765	-0.253968253968254
2766	-0.285714285714286
2767	-0.333333333333333
2768	-0.317460317460317
2770	-0.365079365079365
2771	-0.333333333333333
2773	-0.333333333333333
2845	-0.650793650793651
2846	-0.698412698412698
2847	-0.682539682539682
2848	-0.857142857142857
2849	-0.857142857142857
2850	-0.857142857142857
2851	-0.793650793650793
2852	-0.857142857142857
2853	-0.873015873015873
2854	-0.888888888888889
2855	-0.873015873015873
2856	-0.904761904761905
2857	-0.936507936507936
2858	-0.857142857142857
2859	-0.888888888888889
2860	-0.809523809523809
2861	-0.857142857142857
2862	-0.888888888888889
2863	-0.857142857142857
3386	-0.174603174603175
3391	-0.285714285714286
3399	-0.238095238095238
3400	-0.19047619047619
3401	-0.301587301587302
3402	-0.301587301587302
3403	-0.253968253968254
3404	-0.253968253968254
3405	-0.19047619047619
3406	-0.222222222222222
3407	-0.238095238095238
3408	-0.206349206349206
3409	-0.317460317460317
3412	-0.396825396825397
3413	-0.333333333333333
3414	-0.285714285714286
3415	-0.238095238095238
3416	-0.317460317460317
3417	-0.317460317460317
3418	-0.333333333333333
3419	-0.349206349206349
3420	-0.365079365079365
3421	-0.396825396825397
3422	-0.349206349206349
3423	-0.333333333333333
3425	-0.380952380952381
3426	-0.285714285714286
3427	-0.333333333333333
3434	-0.492063492063492
3435	-0.539682539682539
3436	-0.619047619047619
3446	-0.650793650793651
3631	-0.412698412698412
3632	-0.317460317460317
3633	-0.365079365079365
3634	-0.333333333333333
3635	-0.349206349206349
3636	-0.380952380952381
3637	-0.46031746031746
3638	-0.444444444444444
3639	-0.428571428571428
3640	-0.507936507936508
3641	-0.492063492063492
3642	-0.523809523809524
3643	-0.571428571428571
3644	-0.587301587301587
3645	-0.587301587301587
3646	-0.650793650793651
3647	-0.650793650793651
3648	-0.746031746031746
3649	-0.73015873015873
3650	-0.873015873015873
3651	-0.73015873015873
3652	-0.809523809523809
3653	-0.746031746031746
3654	-0.746031746031746
3655	-0.825396825396825
3656	-0.968253968253968
3668	-1.12698412698413
3669	-1.14285714285714
3670	-1.0952380952381
3671	-1.06349206349206
3672	-1.01587301587302
3673	-0.968253968253968
3674	-1.03174603174603
3675	-0.857142857142857
3676	-0.936507936507936
3677	-0.984126984126984
3678	-1.07936507936508
3679	-1.11111111111111
3680	-1.03174603174603
3681	-1.07936507936508
3682	-1.12698412698413
3683	-1.11111111111111
3684	-1.17460317460317
3685	-1.28571428571429
3686	-1.23809523809524
3687	-1.3015873015873
3688	-1.36507936507936
3689	-1.25396825396825
3690	-1.31746031746032
3691	-1.19047619047619
3692	-1.19047619047619
3693	-1.20634920634921
3694	-1.11111111111111
3695	-1.15873015873016
3696	-1.15873015873016
3697	-1.22222222222222
3698	-1.23809523809524
3699	-1.28571428571429
3700	-1.33333333333333
3701	-1.3015873015873
3702	-1.25396825396825
3703	-1.23809523809524
3704	-1.17460317460317
3755	-0.0952380952380952
3756	-0.111111111111111
3757	-0.0952380952380952
3897	-0.222222222222222
3898	-0.238095238095238
3899	-0.285714285714286
3901	-0.333333333333333
3902	-0.317460317460317
3903	-0.238095238095238
3904	-0.222222222222222
3905	-0.206349206349206
3906	-0.253968253968254
3907	-0.26984126984127
3908	-0.285714285714286
3909	-0.238095238095238
3910	-0.285714285714286
3911	-0.349206349206349
3912	-0.333333333333333
3913	-0.349206349206349
3914	-0.396825396825397
3915	-0.396825396825397
3916	-0.333333333333333
3917	-0.349206349206349
3918	-0.380952380952381
3919	-0.492063492063492
3920	-0.46031746031746
3921	-0.507936507936508
3922	-0.666666666666667
3923	-0.73015873015873
3924	-0.746031746031746
3925	-0.73015873015873
3926	-0.73015873015873
3927	-0.761904761904762
3931	-0.809523809523809
3932	-0.761904761904762
3933	-0.714285714285714
3934	-0.793650793650793
3935	-0.777777777777777
3936	-0.761904761904762
3937	-0.793650793650793
3938	-0.777777777777778
3939	-0.857142857142857
3940	-0.809523809523809
3941	-0.936507936507936
3942	-0.904761904761905
3943	-0.841269841269841
3944	-0.841269841269841
3945	-0.904761904761905
3946	-0.873015873015873
3947	-0.873015873015873
3948	-0.809523809523809
3949	-0.825396825396825
3950	-0.920634920634921
3951	-1.04761904761905
3952	-1.06349206349206
3953	-1.04761904761905
3954	-1.01587301587302
3955	-1.14285714285714
3956	-1.25396825396825
3957	-1.34920634920635
3958	-1.3015873015873
3959	-1.25396825396825
3960	-1.25396825396825
3961	-1.3015873015873
3962	-1.34920634920635
3963	-1.26984126984127
3964	-1.3015873015873
3965	-1.31746031746032
3966	-1.33333333333333
3967	-1.22222222222222
3968	-1.26984126984127
3969	-1.23809523809524
3970	-1.17460317460317
3971	-1.17460317460317
3972	-1.14285714285714
3973	-1.17460317460317
3974	-1.09523809523809
3975	-1
3976	-0.825396825396825
3977	-0.793650793650794
3978	-0.936507936507937
3979	-0.904761904761905
3980	-0.746031746031746
3981	-0.698412698412698
3982	-0.682539682539682
3983	-0.714285714285714
3984	-0.682539682539682
3985	-0.587301587301587
3986	-0.555555555555556
3987	-0.444444444444444
3988	-0.539682539682539
3989	-0.555555555555555
3990	-0.539682539682539
3991	-0.444444444444444
3992	-0.571428571428571
3993	-0.587301587301587
3994	-0.492063492063492
3995	-0.507936507936508
3996	-0.507936507936508
3997	-0.476190476190476
3998	-0.444444444444444
3999	-0.46031746031746
4000	-0.476190476190476
4001	-0.492063492063492
4002	-0.587301587301587
4003	-0.476190476190476
4004	-0.476190476190476
4005	-0.53968253968254
4006	-0.555555555555555
4007	-0.571428571428571
4008	-0.619047619047619
4009	-0.619047619047619
4010	-0.619047619047619
4011	-0.507936507936508
4012	-0.53968253968254
4013	-0.444444444444444
4014	-0.349206349206349
4015	-0.428571428571428
4016	-0.412698412698413
4017	-0.365079365079365
4018	-0.365079365079365
4019	-0.492063492063492
4020	-0.507936507936508
4021	-0.539682539682539
4022	-0.587301587301587
4023	-0.650793650793651
4024	-0.650793650793651
4025	-0.650793650793651
4026	-0.761904761904762
4027	-0.73015873015873
4028	-0.809523809523809
4108	-0.142857142857143
4327	-0.555555555555555
4328	-0.571428571428571
4543	-0.349206349206349
4544	-0.380952380952381
4545	-0.428571428571429
4546	-0.444444444444444
4547	-0.539682539682539
4548	-0.555555555555555
4549	-0.587301587301587
4550	-0.603174603174603
4551	-0.714285714285714
4557	-0.793650793650794
4558	-0.746031746031746
4559	-0.746031746031746
4560	-0.761904761904762
4561	-0.746031746031746
4562	-0.666666666666666
4563	-0.714285714285714
4564	-0.698412698412698
4565	-0.73015873015873
4578	-0.968253968253968
4579	-1.11111111111111
4580	-1.20634920634921
4581	-1.3015873015873
4591	-1.38095238095238
4592	-1.38095238095238
4630	-0.952380952380952
4631	-1.04761904761905
4637	-1.09523809523809
4638	-1.06349206349206
4639	-1.04761904761905
4640	-1.09523809523809
4641	-1.14285714285714
4642	-1.07936507936508
4643	-1.06349206349206
4644	-1.06349206349206
4645	-1.06349206349206
4646	-1.11111111111111
4647	-1.17460317460317
4648	-1.07936507936508
4649	-1
4650	-0.936507936507936
4651	-0.984126984126984
4652	-1.04761904761905
4653	-1.07936507936508
4654	-1.11111111111111
4658	-0.873015873015873
4659	-0.825396825396825
4660	-0.857142857142857
4661	-0.793650793650794
4680	-0.857142857142857
4681	-0.857142857142857
4682	-0.841269841269841
4683	-0.888888888888889
4685	-0.809523809523809
4686	-0.825396825396825
4687	-0.825396825396825
4688	-0.714285714285714
4689	-0.698412698412698
4690	-0.809523809523809
4691	-0.746031746031746
4692	-0.761904761904762
4695	-0.698412698412698
4925	-0.238095238095238
4926	-0.238095238095238
4927	-0.26984126984127
4928	-0.301587301587302
4929	-0.301587301587302
4930	-0.285714285714286
4931	-0.26984126984127
4932	-0.253968253968254
4933	-0.253968253968254
4934	-0.26984126984127
4935	-0.26984126984127
4936	-0.349206349206349
4937	-0.380952380952381
4938	-0.26984126984127
4939	-0.333333333333333
4940	-0.238095238095238
4941	-0.238095238095238
4942	-0.26984126984127
4943	-0.317460317460317
4944	-0.412698412698413
4945	-0.555555555555556
4946	-0.571428571428571
4947	-0.698412698412698
4948	-0.682539682539682
4949	-0.793650793650793
4950	-0.873015873015873
4951	-0.904761904761905
4952	-0.888888888888889
4953	-0.841269841269841
4954	-0.904761904761905
5047	-0.301587301587302
5048	-0.333333333333333
5049	-0.285714285714286
5050	-0.126984126984127
5051	-0.142857142857143
5052	-0.142857142857143
5053	-0.158730158730159
5054	-0.19047619047619
5055	-0.0793650793650794
5056	-0.0317460317460317
5057	-0.0158730158730158
5058	-0.142857142857143
5059	-0.126984126984127
5060	-0.111111111111111
5061	-0.0793650793650793
5062	-0.0793650793650794
5063	-0.0952380952380952
5064	-0.126984126984127
5065	-0.158730158730159
5066	-0.19047619047619
5067	-0.26984126984127
5068	-0.285714285714286
5069	-0.349206349206349
5070	-0.380952380952381
5071	-0.365079365079365
5072	-0.46031746031746
5073	-0.507936507936508
5074	-0.619047619047619
5075	-0.761904761904762
5076	-0.761904761904762
5274	-1.19047619047619
5275	-1.01587301587302
5276	-1.06349206349206
5277	-0.984126984126984
5278	-0.968253968253968
5279	-0.968253968253968
5280	-0.968253968253968
5281	-1
5282	-0.968253968253968
5283	-0.920634920634921
5284	-1
5285	-0.984126984126984
5286	-1.07936507936508
5287	-1.01587301587302
5288	-1.01587301587302
5289	-1
5290	-0.984126984126984
5291	-1.01587301587302
5292	-0.952380952380952
5293	-0.873015873015873
5294	-0.80952380952381
5295	-0.698412698412698
5296	-0.682539682539682
5297	-0.666666666666667
5298	-0.682539682539682
5299	-0.761904761904762
5300	-0.904761904761905
5301	-0.857142857142857
5320	-1.15873015873016
5321	-1.17460317460317
5322	-1.22222222222222
5323	-1.25396825396825
5324	-1.26984126984127
5325	-1.50793650793651
5326	-1.55555555555556
5327	-1.50793650793651
5328	-1.3968253968254
5329	-1.28571428571429
5330	-1.36507936507936
5331	-1.36507936507936
5332	-1.31746031746032
5333	-1.26984126984127
5334	-1.20634920634921
5335	-1.15873015873016
5336	-1.07936507936508
5337	-1.06349206349206
5338	-1.07936507936508
5339	-1.01587301587302
5340	-1.03174603174603
5341	-1
5342	-0.920634920634921
5343	-0.984126984126984
5344	-0.936507936507936
5345	-1.04761904761905
5346	-1.01587301587302
5347	-0.952380952380952
5348	-1.07936507936508
5349	-1.11111111111111
5350	-0.857142857142857
5351	-0.793650793650794
5352	-0.888888888888889
5353	-0.952380952380952
5354	-0.92063492063492
5355	-0.904761904761905
5356	-0.936507936507937
5357	-1.03174603174603
5358	-1.0952380952381
5359	-1.09523809523809
5360	-1.14285714285714
5361	-1.19047619047619
5362	-1.14285714285714
5363	-1.23809523809524
5364	-1.11111111111111
5365	-1.07936507936508
5366	-1
5367	-1.06349206349206
5368	-1.07936507936508
5369	-1.14285714285714
5370	-1.01587301587302
5371	-0.984126984126984
5372	-1.03174603174603
5373	-0.873015873015873
5374	-0.904761904761905
5375	-1.07936507936508
5376	-1
5377	-1.07936507936508
5378	-1.03174603174603
5379	-1.17460317460317
5380	-1.17460317460317
5381	-1.12698412698413
5382	-1.03174603174603
5383	-0.904761904761905
5384	-1
5385	-0.873015873015873
5386	-0.904761904761905
5387	-1.12698412698413
5388	-1
5389	-1.12698412698413
5390	-1.07936507936508
5391	-1.25396825396825
5392	-1.28571428571429
5393	-1.26984126984127
5394	-1.20634920634921
5395	-1.22222222222222
5396	-1.36507936507936
5397	-1.42857142857143
5398	-1.42857142857143
5399	-1.42857142857143
5400	-1.3015873015873
5401	-1.33333333333333
5402	-1.12698412698413
5403	-1.25396825396825
5404	-1.23809523809524
5405	-1.23809523809524
5406	-1.26984126984127
5407	-1.3015873015873
5408	-1.38095238095238
5409	-1.46031746031746
5410	-1.57142857142857
5411	-1.6031746031746
5412	-1.33333333333333
5413	-1.33333333333333
5414	-1.34920634920635
5415	-1.41269841269841
5416	-1.3015873015873
5417	-1.33333333333333
5418	-1.22222222222222
5419	-1.11111111111111
5420	-1.15873015873016
5421	-1.07936507936508
5422	-1.03174603174603
5423	-1.0952380952381
5424	-0.92063492063492
5425	-0.92063492063492
5426	-0.968253968253968
5427	-1.06349206349206
5428	-0.984126984126984
5429	-0.904761904761905
5430	-0.777777777777778
5431	-0.714285714285714
5432	-0.761904761904762
5433	-0.682539682539682
5434	-0.571428571428571
5435	-0.603174603174603
5436	-0.507936507936508
5437	-0.682539682539682
5438	-0.603174603174604
5439	-0.698412698412699
5440	-0.698412698412698
5441	-0.952380952380952
5442	-0.936507936507937
5443	-1.19047619047619
5444	-1.26984126984127
5445	-1.33333333333333
5446	-1.42857142857143
5447	-1.33333333333333
5448	-1.34920634920635
5449	-1.28571428571429
5450	-1.33333333333333
5451	-1.25396825396825
5452	-1.20634920634921
5453	-1.28571428571429
5454	-1.47619047619048
5455	-1.63492063492063
5456	-1.61904761904762
5457	-1.6031746031746
5458	-1.71428571428571
5459	-1.63492063492063
5460	-1.65079365079365
5461	-1.65079365079365
5462	-1.63492063492063
5463	-1.6984126984127
5464	-1.65079365079365
5465	-1.6031746031746
5466	-1.3968253968254
5467	-1.3968253968254
5468	-1.23809523809524
5469	-1.33333333333333
5470	-1.3015873015873
5471	-1.23809523809524
5472	-1.28571428571429
5473	-1.26984126984127
5474	-1.46031746031746
5475	-1.46031746031746
5476	-1.63492063492063
5477	-1.6984126984127
5478	-1.66666666666667
5479	-1.55555555555556
5480	-1.46031746031746
5481	-1.47619047619048
5482	-1.49206349206349
5483	-1.46031746031746
5487	-1.3968253968254
5488	-1.41269841269841
5489	-1.44444444444444
5490	-1.52380952380952
5491	-1.44444444444444
5492	-1.3968253968254
5493	-1.42857142857143
5494	-1.36507936507936
5495	-1.33333333333333
5496	-1.33333333333333
5497	-1.25396825396825
5498	-1.12698412698413
5499	-1.07936507936508
5500	-1.03174603174603
5501	-0.984126984126984
5502	-1
5503	-1
5504	-1.01587301587302
5505	-1.06349206349206
5506	-1
5507	-0.904761904761905
5508	-0.873015873015873
5509	-0.714285714285714
5510	-0.603174603174603
5511	-0.53968253968254
5512	-0.714285714285714
5513	-0.682539682539682
5514	-0.666666666666667
5515	-0.714285714285714
5516	-0.746031746031746
5517	-0.777777777777778
5518	-0.746031746031746
5519	-0.793650793650794
5520	-0.825396825396825
5521	-0.746031746031746
5522	-0.777777777777778
5523	-0.857142857142857
5524	-0.92063492063492
5525	-0.825396825396825
5526	-0.825396825396825
5527	-0.746031746031746
5528	-0.746031746031746
5529	-0.682539682539682
5530	-0.682539682539682
5531	-0.761904761904762
5540	-0.968253968253968
5541	-1
5542	-0.873015873015873
5543	-0.92063492063492
5544	-0.92063492063492
5545	-0.904761904761904
5546	-0.936507936507936
5547	-0.888888888888888
5548	-0.968253968253968
5549	-0.968253968253968
5550	-1.04761904761905
5551	-1.03174603174603
5552	-0.968253968253968
5553	-1.01587301587302
5554	-1.09523809523809
5555	-1.03174603174603
5556	-1.07936507936508
5557	-1.11111111111111
5558	-1
5559	-0.968253968253968
5560	-0.984126984126984
5561	-0.968253968253968
5562	-1.03174603174603
5563	-1.15873015873016
5564	-1.23809523809524
5565	-1.19047619047619
5566	-1.15873015873016
5567	-1.33333333333333
5568	-1.33333333333333
5569	-1.34920634920635
5570	-1.23809523809524
5571	-1.22222222222222
5572	-1.22222222222222
5573	-1.20634920634921
5574	-1.20634920634921
5575	-1.20634920634921
5576	-1.26984126984127
5577	-1.34920634920635
5578	-1.28571428571429
5579	-1.20634920634921
5580	-1.26984126984127
5581	-1.28571428571429
5582	-1.3015873015873
5583	-1.44444444444444
5584	-1.41269841269841
5585	-1.33333333333333
5586	-1.31746031746032
5587	-1.34920634920635
5588	-1.23809523809524
5589	-1.23809523809524
5590	-1.33333333333333
5591	-1.42857142857143
5592	-1.3968253968254
5593	-1.42857142857143
5594	-1.41269841269841
5595	-1.53968253968254
5596	-1.58730158730159
5597	-1.76190476190476
5598	-1.74603174603175
5618	-1.98412698412698
5619	-1.92063492063492
5620	-1.95238095238095
5621	-1.93650793650794
5622	-1.82539682539683
5623	-1.82539682539683
5624	-1.84126984126984
5625	-1.80952380952381
5626	-1.74603174603175
5627	-1.65079365079365
5628	-1.46031746031746
5629	-1.3968253968254
5630	-1.28571428571429
5631	-1.26984126984127
5632	-1.14285714285714
5633	-1.12698412698413
5634	-1.26984126984127
5635	-1.14285714285714
5636	-1
5637	-0.920634920634921
5638	-0.841269841269841
5639	-0.936507936507937
5640	-0.888888888888889
5641	-0.92063492063492
5642	-0.857142857142857
5643	-0.904761904761905
5644	-1.03174603174603
5645	-1.04761904761905
5646	-1.07936507936508
5647	-1.07936507936508
5648	-1.03174603174603
5649	-1.07936507936508
5650	-1.14285714285714
5651	-1.17460317460317
5652	-1.20634920634921
5653	-1.34920634920635
5654	-1.36507936507937
5655	-1.42857142857143
5656	-1.57142857142857
5657	-1.57142857142857
5658	-1.61904761904762
5659	-1.49206349206349
5660	-1.3968253968254
5661	-1.57142857142857
5662	-1.65079365079365
5663	-1.65079365079365
5664	-1.61904761904762
5665	-1.61904761904762
5666	-1.49206349206349
5667	-1.53968253968254
5668	-1.50793650793651
5669	-1.46031746031746
5670	-1.38095238095238
5671	-1.38095238095238
5672	-1.41269841269841
5673	-1.28571428571429
5674	-1.17460317460317
5675	-1.17460317460317
5676	-1.17460317460317
5677	-1.20634920634921
5678	-1.19047619047619
5679	-1.19047619047619
5680	-1.20634920634921
5681	-1.11111111111111
5682	-1.11111111111111
5683	-1
5684	-0.968253968253968
5685	-1.06349206349206
5686	-1
5687	-1.03174603174603
5688	-1
5689	-0.904761904761905
5690	-0.809523809523809
5691	-0.761904761904762
5692	-0.746031746031746
5693	-0.682539682539683
5694	-0.73015873015873
5695	-0.666666666666667
5696	-0.698412698412698
5697	-0.714285714285714
5698	-0.873015873015873
5699	-0.888888888888889
5700	-0.841269841269841
5701	-0.936507936507936
5702	-0.968253968253968
5703	-1.03174603174603
5704	-0.984126984126984
5705	-0.777777777777778
5706	-0.777777777777778
5707	-0.698412698412698
5708	-0.761904761904762
5709	-0.984126984126984
5710	-1
5711	-1.03174603174603
5712	-1
5713	-1.04761904761905
5714	-1.12698412698413
5715	-1.15873015873016
5716	-1.20634920634921
5717	-1.19047619047619
5718	-1.15873015873016
5719	-1.17460317460317
5720	-1.12698412698413
5721	-1.06349206349206
5722	-1.06349206349206
5723	-1.03174603174603
5724	-1.12698412698413
5725	-1.14285714285714
5726	-1.17460317460317
5727	-1.0952380952381
5728	-1.04761904761905
5729	-0.952380952380952
5730	-1.07936507936508
5731	-1.17460317460317
5732	-1.23809523809524
5733	-1.25396825396825
5734	-1.14285714285714
5735	-1.11111111111111
5736	-1.0952380952381
5737	-1.0952380952381
5738	-0.968253968253968
5739	-0.904761904761905
5740	-0.873015873015873
5741	-0.936507936507936
5742	-0.952380952380952
5743	-1
5744	-0.952380952380952
5745	-1.03174603174603
5746	-1.07936507936508
5747	-1
5748	-1.03174603174603
5749	-1
5750	-0.920634920634921
5751	-0.857142857142857
5752	-0.904761904761905
5753	-0.904761904761905
5754	-1.06349206349206
5755	-1.09523809523809
5756	-0.984126984126984
5757	-0.952380952380952
5758	-0.904761904761905
5759	-0.888888888888889
5760	-0.936507936507936
5761	-0.888888888888889
5762	-0.761904761904762
5763	-0.777777777777778
5764	-0.714285714285714
5765	-0.746031746031746
5766	-0.666666666666667
5767	-0.571428571428571
5768	-0.634920634920635
5769	-0.619047619047619
5770	-0.650793650793651
5771	-0.682539682539682
5772	-0.714285714285714
5773	-0.746031746031746
5774	-0.666666666666667
5775	-0.634920634920635
5776	-0.634920634920635
5777	-0.603174603174603
5778	-0.603174603174603
5779	-0.571428571428571
5780	-0.682539682539683
5781	-0.714285714285714
5782	-0.873015873015873
5783	-0.761904761904761
5784	-0.825396825396826
5785	-0.698412698412698
5786	-0.73015873015873
5787	-0.857142857142857
5788	-0.873015873015873
5789	-0.952380952380952
5790	-0.936507936507937
5791	-0.968253968253968
5792	-1.07936507936508
5793	-0.984126984126984
5794	-0.888888888888889
5795	-0.841269841269841
5796	-0.682539682539682
5797	-0.73015873015873
5798	-0.682539682539682
5799	-0.666666666666667
5800	-0.603174603174603
5801	-0.698412698412698
5802	-0.73015873015873
5803	-0.714285714285714
5804	-0.761904761904762
5805	-0.698412698412698
5806	-0.793650793650793
5807	-0.761904761904761
5808	-0.888888888888889
5809	-0.92063492063492
5810	-1.0952380952381
5811	-1.12698412698413
5812	-1.22222222222222
5813	-1.3968253968254
5814	-1.57142857142857
5815	-1.63492063492063
5816	-1.76190476190476
5817	-1.66666666666667
5818	-1.85714285714286
5819	-1.9047619047619
5820	-1.98412698412698
5821	-2.09523809523809
5822	-2.11111111111111
5823	-2.15873015873016
5824	-2.28571428571429
5825	-2.33333333333333
5826	-2.28571428571429
5827	-2.25396825396825
5828	-2.26984126984127
5829	-2.36507936507936
5830	-2.31746031746032
5831	-2.14285714285714
5832	-2.06349206349206
5833	-2.09523809523809
5834	-2.09523809523809
5835	-2.07936507936508
5836	-2.11111111111111
5837	-2.06349206349206
5838	-1.9047619047619
5839	-1.74603174603175
5840	-1.82539682539683
5841	-1.74603174603175
5842	-1.88888888888889
5843	-1.84126984126984
5844	-1.92063492063492
5845	-1.80952380952381
5846	-1.79365079365079
5847	-1.74603174603175
5848	-1.71428571428571
5849	-1.66666666666667
5850	-1.74603174603175
5851	-1.76190476190476
5852	-1.87301587301587
5853	-1.93650793650794
5854	-1.82539682539683
5855	-1.98412698412698
5856	-2.06349206349206
5857	-2.07936507936508
5858	-2
5859	-1.96825396825397
5860	-1.88888888888889
5861	-1.80952380952381
5862	-1.76190476190476
5863	-1.82539682539682
5864	-1.82539682539682
5865	-1.73015873015873
5866	-1.6031746031746
5867	-1.52380952380952
5868	-1.3968253968254
5869	-1.41269841269841
5870	-1.38095238095238
5871	-1.25396825396825
5872	-1.23809523809524
5873	-1.04761904761905
5874	-0.968253968253968
5875	-0.952380952380952
5876	-0.857142857142857
5877	-0.666666666666667
5878	-0.634920634920635
5879	-0.571428571428571
5880	-0.26984126984127
5881	-0.285714285714286
5882	-0.317460317460317
5883	-0.507936507936508
5884	-0.317460317460317
5885	-0.412698412698413
5886	-0.380952380952381
5887	-0.634920634920635
5888	-0.492063492063492
5889	-0.650793650793651
5890	-0.777777777777778
5891	-0.777777777777777
5892	-0.793650793650793
5893	-1.03174603174603
5894	-1
5895	-1
5896	-1.11111111111111
5897	-1.25396825396825
5898	-1.6031746031746
5899	-1.73015873015873
5900	-1.73015873015873
5901	-1.9047619047619
5902	-2.20634920634921
5903	-2.41269841269841
5904	-2.58730158730159
5905	-2.80952380952381
5906	-2.6984126984127
5907	-2.79365079365079
5908	-2.68253968253968
5909	-2.87301587301587
5910	-3.01587301587302
5911	-3.0952380952381
5912	-2.9047619047619
5913	-3.01587301587302
5914	-3.19047619047619
5915	-3.19047619047619
5916	-3.42857142857143
5917	-3.42857142857143
5918	-3.46031746031746
5919	-3.65079365079365
5920	-3.73015873015873
5921	-3.87301587301587
5922	-3.92063492063492
5923	-4.04761904761905
5924	-4.12698412698413
5925	-4.19047619047619
5926	-4
5927	-3.82539682539682
5928	-3.68253968253968
5929	-3.68253968253968
5930	-3.58730158730159
5931	-3.47619047619048
5932	-3.50793650793651
5933	-3.61904761904762
5934	-3.6984126984127
5935	-3.73015873015873
5936	-3.82539682539683
5937	-3.98412698412698
5938	-4.3015873015873
5939	-3.98412698412698
5940	-4.14285714285714
5941	-4
5942	-4.22222222222222
5943	-4
5944	-3.96825396825397
5945	-3.92063492063492
5946	-3.93650793650794
5947	-3.85714285714286
5948	-3.55555555555555
5949	-3.46031746031746
5950	-3.47619047619048
5951	-3.44444444444444
5952	-3.55555555555556
5953	-3.42857142857143
5954	-3.33333333333333
5955	-3.34920634920635
5956	-3.47619047619048
5957	-3.36507936507936
5958	-3.23809523809524
5959	-3.17460317460317
5960	-2.95238095238095
5961	-2.88888888888889
5962	-2.68253968253968
5963	-2.42857142857143
5964	-2.6031746031746
5965	-2.34920634920635
5966	-2.57142857142857
5967	-2.41269841269841
5968	-2.63492063492063
5969	-2.44444444444444
5970	-2.58730158730159
5971	-2.46031746031746
5972	-2.46031746031746
5973	-2.42857142857143
5974	-2.41269841269841
5975	-2.50793650793651
5976	-3.01587301587301
5977	-2.84126984126984
5978	-2.93650793650794
5979	-2.92063492063492
5980	-2.93650793650794
5981	-3.06349206349206
5982	-2.9047619047619
5983	-2.93650793650794
5984	-2.77777777777778
5985	-2.77777777777778
5986	-2.71428571428571
5987	-2.6984126984127
5988	-2.46031746031746
5989	-2.26984126984127
5990	-2.42857142857143
5991	-2.15873015873016
5992	-1.96825396825397
5993	-1.79365079365079
5994	-1.71428571428571
5995	-1.65079365079365
5996	-1.6031746031746
5997	-1.47619047619048
5998	-1.47619047619048
5999	-1.38095238095238
6000	-1.19047619047619
6001	-0.73015873015873
6002	-0.746031746031746
6003	-0.682539682539682
6004	-0.634920634920635
6005	-0.555555555555555
6006	-0.476190476190476
6007	-0.539682539682539
6008	-0.46031746031746
6009	-0.492063492063492
6010	-0.412698412698413
6011	-0.365079365079365
6012	-0.317460317460317
6024	-11.3968253968254
6025	-11.2539682539683
6026	-11.4920634920635
6027	-11.3968253968254
6028	-11.4444444444444
6029	-11.4761904761905
6030	-11.4285714285714
6031	-11.4126984126984
6032	-11.4126984126984
6033	-11.4444444444444
6034	-11.5238095238095
6035	-11.5238095238095
6036	-11.4761904761905
6037	-11.4920634920635
6038	-11.4920634920635
6039	-11.4920634920635
6040	-11.4920634920635
6041	-11.5238095238095
6042	-11.5238095238095
6043	-11.5873015873016
6044	-11.5238095238095
6045	-11.4444444444444
6046	-11.4761904761905
6047	-11.5714285714286
6048	-0.126984126984127
6049	-0.19047619047619
