5	0.282617111885405
6	0.18854045683314
7	0.174990321331785
8	0.0650406504065043
9	0.0332946186604726
10	-0.0596205962059621
11	-0.104916763453349
12	-0.103755323267518
13	-0.262485481997677
14	-0.211382113821138
15	-0.210220673635308
16	-0.304297328687573
17	-0.382500967866821
18	-0.282617111885404
19	-0.360820751064653
20	-0.277971351142083
21	-0.339140534262485
22	-0.320944638017809
23	-0.367402245451026
24	-0.399148277197057
25	-0.477351916376306
26	-0.54084397986837
27	-0.588463027487418
28	-0.8130081300813
29	-0.975222609368951
30	-1.1680216802168
31	-1.1680216802168
32	-1.23383662408053
33	-1.10569105691057
34	-1.13627564847077
35	-1.07394502516454
36	-1.09214092140921
37	-1.15563298490128
38	-0.995741385985289
39	-1.13975996902826
40	-1.25087108013937
41	-1.17034456058846
42	-1.17034456058846
43	-1.23499806426636
44	-1.23383662408053
45	-1.29849012775842
46	-1.29965156794425
47	-1.33255903987611
48	-1.31552458381727
49	-1.48780487804878
50	-1.3244289585753
51	-1.42082849399923
52	-1.53193960511034
53	-1.52961672473868
54	-1.43205574912892
55	-1.33565621370499
56	-1.30391018195896
57	-1.4467673248161
58	-1.56020131629888
59	-1.57607433217189
60	-1.49438637243515
61	-1.57375145180023
62	-1.70189701897019
63	-1.66898954703833
64	-1.63956639566396
65	-1.52497096399535
66	-1.63840495547813
67	-1.687185443283
68	-1.7212543554007
69	-1.70770421989934
70	-1.85172280294232
71	-1.89818041037553
72	-1.97870692992644
73	-1.96399535423926
74	-1.80874951606659
75	-1.98451413085559
76	-1.96864111498258
77	-1.92102206736353
78	-1.92102206736353
79	-1.89043747580333
80	-1.87456445993031
81	-1.90631049167635
82	-1.6182733255904
83	-1.51722802942315
84	-1.45257452574526
85	-1.48432055749129
86	-1.38792102206736
87	-1.29268292682927
88	-1.40495547812621
89	-1.28803716608595
90	-1.32210607820364
91	-1.15873015873016
92	-0.94773519163763
93	-1.18583042973287
94	-1.2481610530391
95	-1.18583042973287
96	-1.16763453348819
97	-1.00309717382888
98	-1.0495547812621
99	-1.00077429345722
100	-1.00309717382888
101	-0.969028261711188
102	-0.91908633372048
103	-1.01548586914441
104	-1.1107239643825
105	-1.22183507549361
106	-1.267131242741
107	-1.23190089043747
108	-1.34533488192025
109	-1.39527680991096
110	-1.4123112659698
111	-1.47580332946187
112	-1.45993031358885
113	-1.39527680991096
114	-1.5269066976384
115	-1.25009678668215
116	-1.23538521099497
117	-1.60511033681765
118	-1.58923732094464
119	-1.63337204800619
120	-1.67750677506775
121	-1.77506775067751
122	-1.95315524583817
123	-2.28881145954317
124	-2.26829268292683
125	-2.38056523422377
126	-2.13666279519938
127	-2.00851722802942
128	-1.92682926829268
129	-1.79868370112273
130	-1.75222609368951
131	-1.8168795973674
132	-1.9961285327139
133	-1.89856755710414
134	-1.97444831591173
135	-1.94037940379404
136	-1.9732868757259
137	-1.93805652342238
138	-2.08323654665118
139	-2.08439798683701
140	-2.56639566395664
141	-2.72628726287263
142	-2.59698025551684
143	-2.21022067363531
144	-2.1490514905149
145	-2.03794037940379
146	-1.81455671699574
147	-1.83042973286876
148	-1.5876887340302
149	-1.49477351916376
150	-1.44599303135888
151	-1.53000387146729
152	-1.80332946186605
153	-1.88385598141696
154	-1.94967092528068
155	-1.86914440572977
156	-1.88734030197445
157	-1.80681378242354
158	-1.85675571041425
159	-1.84436701509872
160	-1.82965543941154
161	-1.68447541618273
162	-1.73209446380178
163	-1.778552071235
164	-1.61517615176152
165	-1.19899341850561
166	-1.10375532326752
167	-1.12078977932636
168	-1.36585365853659
169	-1.28765001935734
170	-1.36817653890825
171	-1.38404955478126
172	-1.43166860240031
173	-1.28881145954317
174	-1.43399148277197
175	-1.46689895470383
176	-1.57801006581494
177	-1.41695702671312
178	-1.35462640340689
179	-1.43283004258614
180	-1.13898567557104
181	-1.0267131242741
182	-0.977932636469221
183	-1.09252806813782
184	-0.881533101045295
185	-0.915602013162989
186	-0.994967092528068
187	-1.01200154858691
188	-1.04026325977545
189	-1.34417344173442
190	-1.60278745644599
191	-1.58691444057298
192	-1.44405729771583
193	-1.37824235385211
194	-1.32597754548974
195	-1.10027100271003
196	-1.17847464188928
197	-1.10027100271003
198	-1.23073945025164
199	-1.22957801006582
200	-0.873403019744482
201	-0.874564459930313
202	-1.01974448315912
203	-1.00154858691444
204	-0.756484707704219
205	-1.09562524196671
206	-1.1602787456446
207	-1.20789779326365
208	-1.045683313976
209	-1.23964382500968
210	-1.35075493612079
211	-1.28726287262873
212	-1.28726287262873
213	-1.22841656987998
214	-1.08672086720867
215	-0.990321331784745
216	-0.942702284165698
217	-0.942702284165698
218	-1.03910181958962
219	-0.930313588850173
220	-0.980255516840882
221	-0.936120789779327
222	-0.777390631049168
223	-0.618660472319009
224	-0.653890824622532
225	-0.962446767324816
226	-0.933023615950445
227	-0.837785520712349
228	-0.760743321718932
229	-0.798296554394115
230	-0.606658923732094
231	-0.559039876113047
232	-0.591947348044908
233	-0.640727835849787
234	-0.626016260162601
235	-0.562524196670538
236	-0.51490514905149
237	-0.387921022067363
238	-0.180410375532327
239	-0.114595431668602
240	-0.179248935346496
241	-0.241579558652729
242	-0.128145567169957
243	0.0329074719318623
244	-0.112272551296941
245	-0.208672086720867
246	-0.256291134339914
247	-0.43321718931475
248	-0.463801780874951
249	-0.350367789392179
250	-0.300425861401471
251	-0.250483933410762
252	-0.184668989547038
253	-0.120015485869144
254	-0.249322493224933
255	-0.346883468834688
256	-0.283391405342625
257	-0.283391405342625
258	-0.219899341850561
259	-0.185830429732869
260	-0.345722028648858
261	-0.506775067750677
262	-0.426248548199768
263	-0.505613627564847
264	-0.442121564072783
265	-0.184668989547038
266	-0.202864885791715
267	-0.300425861401471
268	-0.350367789392179
269	-0.383275261324042
270	-0.449090205187766
271	-0.286875725900116
272	-0.141695702671312
273	-0.0770421989934187
274	-0.10994967092528
275	-0.0147115756871852
276	-0.0634920634920633
277	-0.0669763840495545
278	-0.176926054974835
279	-0.145180023228803
280	-0.129307007355787
281	-0.129307007355787
282	-0.179248935346496
283	-0.164537359659311
284	-0.166860240030972
285	-0.0069686411149823
286	0.122338366240805
287	-0.0216802168021681
288	0.0100658149438637
289	-0.13627564847077
290	-0.315524583817266
291	-0.458381726674409
292	-0.425474254742547
293	-0.295005807200929
294	-0.277971351142083
295	-0.0987224157955862
296	-0.213317847464189
297	-0.342624854819976
298	-0.310878823073945
299	-0.375532326751839
300	-0.48896631823461
301	-0.48896631823461
302	-0.614789005032908
303	-0.456058846302749
304	-0.502516453735966
305	-0.583042973286876
306	-0.535423925667828
307	-0.437862950058072
308	-0.499032133178475
309	-0.546651180797522
310	-0.530778164924506
311	-0.51490514905149
312	-0.548974061169182
313	-0.579558652729384
314	-0.481997677119628
315	-0.43205574912892
316	-0.305071622144792
317	-0.337979094076655
318	-0.467286101432443
319	-0.419667053813395
320	-0.597754548974061
321	-0.530778164924506
322	-0.497870692992644
323	-0.627177700348432
324	-0.495547812620983
325	-0.494386372435152
326	-0.413859852884243
327	-0.412698412698413
328	-0.477351916376306
329	-0.348044909020518
330	-0.333333333333333
331	-0.13704994192799
332	-0.0882694541231128
333	-0.138211382113821
334	-0.0418118466898951
335	0.05458768873403
336	-0.0418118466898951
337	0.152148664343786
338	0.248548199767712
339	0.329074719318623
340	0.37669376693767
341	0.538908246225319
342	0.491289198606272
343	0.346109175377468
344	0.396051103368176
345	0.333720480061944
346	0.219125048393341
347	0.333720480061944
348	0.35075493612079
349	0.316686024003097
350	0.577622919086334
351	0.578784359272165
352	0.688734030197445
353	0.59349593495935
354	0.4312814556717
355	0.498257839721255
356	0.159117305458769
357	0.110336817653891
358	0.0944638017808748
359	-0.30003871467286
360	-0.37940379403794
361	-0.330623306233062
362	-0.522260936895083
363	-0.61982191250484
364	-0.651567944250871
365	-0.618660472319009
366	-0.827332559039875
367	-0.778552071234998
368	-0.56755710414247
369	-0.67866821525358
370	-0.549361207897793
371	-0.531165311653117
372	-0.692218350754936
373	-0.771583430120015
374	-0.671699574138599
375	-0.964382500967866
376	-0.997289972899729
377	-0.848625629113434
378	-0.848625629113434
379	-0.765776229190863
380	-0.652342237708091
381	-0.425474254742547
382	-0.359659310878823
383	-0.228029423151373
384	0.166473093302362
385	0.198219125048394
386	0.343399148277197
387	0.537359659310879
388	0.53968253968254
389	0.624854819976771
390	0.462640340689121
391	0.5420054200542
392	0.914053426248548
393	0.721254355400697
394	0.624854819976771
395	0.574912891986063
396	0.573751451800232
397	0.70189701897019
398	0.735965931087883
399	0.463801780874951
400	0.707704219899341
401	0.64653503677894
402	0.629500580720094
403	0.873403019744483
404	0.903987611304685
405	0.923344947735192
406	0.554781262098336
407	0.442508710801394
408	0.299651567944251
409	0.156794425087108
410	0.142082849399924
411	0.0468447541618282
412	-0.276422764227642
413	-0.114208284939991
414	-0.182346109175377
415	-0.242353852109949
416	-0.144792876500194
417	-0.582655826558266
418	-0.356949283778551
419	-0.132404181184668
420	0.143244289585753
421	0.274874177313202
422	0.439411536972513
423	0.760356174990321
424	0.822686798296555
425	0.886178861788618
426	1.03019744483159
427	0.94734804490902
428	1.02555168408827
429	1.10607820363918
430	1.05149051490515
431	1.48238482384824
432	1.60936895083237
433	1.96205962059621
434	2.18776616337592
435	2.41347270615563
436	2.73906310491676
437	3.2404181184669
438	3.30623306233062
439	3.48780487804878
440	3.72938443670151
441	3.74525745257453
442	3.95741385985288
443	3.9427022841657
444	3.8474641889276
445	3.84978706929926
446	4.04374758033295
447	4.04374758033295
448	3.96205962059621
449	4.15485869144406
450	3.92799070847851
451	3.8474641889276
452	3.97793263646922
453	3.91327913279133
454	4.14246999612853
455	3.99961285327139
456	4.0189701897019
457	4.15060007742935
458	3.94076655052265
459	4.07007355787844
460	4.08594657375145
461	3.74216027874564
462	3.56174990321332
463	3.75454897406117
464	3.55594270228417
465	3.65118079752226
466	3.71583430120015
467	3.58536585365854
468	3.58304297328688
469	3.64537359659311
470	3.61130468447542
471	3.33333333333333
472	3.05652342237708
473	3.10878823073945
474	3.0418118466899
475	3.1258226867983
476	3.35269066976384
477	3.15756871854433
478	2.99535423925668
479	2.6221447928765
480	2.58807588075881
481	2.40882694541231
482	2.65389082462253
483	2.82965543941154
484	2.58807588075881
485	2.67092528068138
486	2.86720867208672
487	2.66202090592335
488	2.27293844367015
489	2.16182733255904
490	2.18002322880372
491	2.29810298102981
492	2.31629887727449
493	2.28571428571429
494	2.35036778939218
495	2.12349980642664
496	2.335656213705
497	2.56020131629888
498	2.73596593108788
499	2.87108013937282
500	2.85288424312815
501	2.45141308555943
502	2.61478900503291
503	2.56833139759969
504	2.66356949283779
505	2.74525745257453
506	2.84397986837011
507	2.4196670538134
508	2.17808749516067
509	2.4730933023616
510	2.19628339140534
511	2.16337591947348
512	2.22686798296554
513	2.25977545489741
514	2.25861401471158
515	1.86953155245838
516	1.73441734417344
517	1.94425087108014
518	1.91018195896245
519	1.97599690282617
520	2.16879597367402
521	2.2822299651568
522	2.1869918699187
523	1.89430894308943
524	1.79442508710801
525	1.79326364692218
526	1.9349593495935
527	1.99845141308556
528	1.9655439411537
529	1.75687185443283
530	1.78977932636469
531	1.65814943863724
532	1.72280294231514
533	1.81920247773906
534	1.68641114982579
535	1.68524970963995
536	1.42547425474255
537	1.60123886953155
538	1.61595044521874
539	1.66589237320945
540	1.9427022841657
541	1.99264421215641
542	1.92566782810685
543	2.09020518776616
544	2.18776616337592
545	1.98025551684088
546	1.76809910956252
547	1.66937669376694
548	1.75106465350368
549	1.66705381339528
550	1.79519938056524
551	1.95625241966705
552	1.74525745257453
553	1.72706155632985
554	1.91869918699187
555	1.93341076267906
556	1.96399535423926
557	1.84939992257065
558	1.76655052264808
559	1.60085172280294
560	1.55207123499806
561	1.69608981804104
562	1.43631436314363
563	1.37049941927991
564	1.38404955478126
565	1.21718931475029
566	0.956252419667054
567	0.745257452574526
568	0.546651180797522
569	0.366240805265196
570	0.250483933410763
571	0.152922957801007
572	0.0723964382500972
573	-0.188540456833139
574	-0.0921409214092137
575	-0.445993031358885
576	-0.527680991095625
577	-0.592334494773519
578	-0.380178087495161
579	-0.475416182733256
580	-0.475416182733256
581	-0.280294231513744
582	-0.279132791327913
583	-0.247386759581881
584	-0.198606271777003
585	-0.181571815718157
586	-0.262098335269067
587	-0.228029423151374
588	-0.273325590398761
589	-0.208672086720867
590	-0.140534262485482
591	-0.156407278358498
592	-0.156407278358498
593	-0.122338366240805
594	-0.346883468834688
595	-0.234610917537747
596	-0.250483933410762
597	-0.202864885791715
598	0.024003097173829
599	-0.183507549361208
600	-0.0394889663182347
601	-0.152922957801006
602	-0.072396438250097
603	-0.283391405342625
604	-0.234610917537747
605	-0.348044909020518
606	-0.589624467673248
607	-0.556716995741386
608	-0.538521099496709
609	-0.553232675183895
610	-0.538521099496709
611	-0.619047619047619
612	-0.53968253968254
613	-0.510259388308169
614	-0.62253193960511
615	-0.721254355400696
616	-0.721254355400696
617	-0.720092915214866
618	-0.833526906697638
619	-0.816492450638792
620	-0.879984514130855
621	-0.864111498257839
622	-0.879984514130855
623	-0.993418505613627
624	-0.815331010452961
625	-1.00696864111498
626	-1.05458768873403
627	-1.02168021680217
628	-0.957026713124274
629	-1.00580720092915
630	-0.957026713124274
631	-1.08633372048006
632	-1.37553232675184
633	-1.44134727061556
634	-1.45838172667441
635	-1.47193186217576
636	-1.58188153310104
637	-1.56368563685637
638	-1.68834688346883
639	-1.78474641889276
640	-1.94579945799458
641	-1.83120402632598
642	-1.81533101045296
643	-1.78358497870693
644	-1.60549748354626
645	-1.47619047619048
646	-1.53968253968254
647	-1.488579171506
648	-1.50329074719319
649	-1.61672473867596
650	-1.52032520325203
651	-1.53503677893922
652	-1.64614789005033
653	-1.67789392179636
654	-1.56562137049942
655	-1.62795199380565
656	-1.54626403406891
657	-1.38521099496709
658	-1.54277971351142
659	-1.63801780874952
660	-1.8319783197832
661	-1.73790166473093
662	-1.8513356562137
663	-1.61207897793264
664	-1.44986449864499
665	-1.17653890824622
666	-1.27293844367015
667	-1.31823461091754
668	-1.28648857917151
669	-1.27177700348432
670	-1.41811846689895
671	-1.38404955478126
672	-1.1753774680604
673	-1.35230352303523
674	-1.44754161827332
675	-1.36469221835076
676	-1.39759969028262
677	-1.44521873790166
678	-1.52458381726674
679	-1.71622144792876
680	-1.50638792102207
681	-1.63569492837785
682	-1.6527293844367
683	-1.45993031358885
684	-1.37940379403794
685	-1.25241966705381
686	-1.09020518776616
687	-1.07549361207898
688	-1.22067363530778
689	-1.2059620596206
690	-1.39876113046845
691	-1.47928765001936
692	-1.44986449864499
693	-1.54510259388308
694	-1.61091753774681
695	-1.59388308168796
696	-1.51451800232288
697	-1.91482771970577
698	-1.73906310491676
699	-1.67440960123887
700	-1.67673248161053
701	-1.41927990708479
702	-1.08246225319396
703	-1.21176926054975
704	-1.05187766163376
705	-1.1335656213705
706	-0.972512582268679
707	-0.972512582268679
708	-1.02361595044522
709	-1.00890437475803
710	-1.07007355787844
711	-1.18350754936121
712	-1.21409214092141
713	-1.2481610530391
714	-1.37630662020906
715	-1.29461866047232
716	-1.38869531552458
717	-1.43283004258614
718	-1.33526906697638
719	-1.43166860240031
720	-1.19008904374758
721	-1.20480061943476
722	-0.996128532713898
723	-0.964382500967866
724	-0.803329461866046
725	-0.754548974061168
726	-1.07549361207898
727	-1.2365466511808
728	-1.06194347657762
729	-1.07781649245064
730	-1.33410762679055
731	-1.20363917924893
732	-1.17073170731707
733	-1.25009678668215
734	-1.31475029036005
735	-1.23770809136663
736	-1.18776616337592
737	-1.15485869144406
738	-0.976771196283391
739	-1.08904374758033
740	-1.12078977932636
741	-0.977932636469221
742	-1.09252806813782
743	-1.15718157181572
744	-1.1219512195122
745	-1.28068137824235
746	-1.44405729771583
747	-1.55865272938444
748	-1.68447541618273
749	-1.86140147115757
750	-1.99070847851336
751	-1.87843592721641
752	-1.89547038327526
753	-1.95663956639566
754	-1.9883855981417
755	-1.86140147115757
756	-2.00890437475803
757	-1.88192024777391
758	-1.72202864885792
759	-1.68912117692605
760	-1.67324816105304
761	-1.5609756097561
762	-1.4351529229578
763	-1.61207897793264
764	-1.43631436314363
765	-1.27642276422764
766	-1.16531165311653
767	-0.910181958962446
768	-0.912504839334108
769	-0.880758807588076
770	-0.948896631823461
771	-0.804878048780488
772	-0.612078977932636
773	-0.56678281068525
774	-0.505613627564847
775	-0.490902051877661
776	-0.731320170344561
777	-0.924119241192412
778	-0.862950058072009
779	-0.928765001935733
780	-0.898180410375532
781	-0.978706929926442
782	-1.02748741773132
783	-1.02748741773132
784	-0.978706929926442
785	-0.993418505613627
786	-0.960511033681765
787	-1.05691056910569
788	-0.912891986062717
789	-1.00813008130081
790	-1.07394502516454
791	-1.10452961672474
792	-1.12040263259775
793	-1.03871467286101
794	-0.960511033681765
795	-0.928765001935733
796	-0.929926442121564
797	-1.0762679055362
798	-1.12504839334108
799	-1.07742934572203
800	-1.06155632984901
801	-0.774680603948896
802	-0.742934572202865
803	-0.630662020905923
804	-0.56716995741386
805	-0.598915989159892
806	-0.439024390243903
807	-0.535423925667828
808	-0.584204413472706
809	-0.618273325590399
810	-0.603561749903213
811	-0.70344560588463
812	-0.736353077816492
813	-0.770421989934185
814	-0.725125822686798
815	-0.75803329461866
816	-0.745644599303136
817	-0.794425087108014
818	-0.796747967479674
826	-0.749128919860627
827	-0.606271777003484
828	-0.686798296554394
829	-0.6221447928765
830	-0.542779713511421
831	-0.591560201316299
832	-0.51219512195122
860	-0.43166860240031
861	-0.253581107239644
862	-0.26945412311266
863	-0.237708091366628
864	-0.221835075493612
865	-0.10956252419667
866	-0.141308555942702
867	-0.0936895083236545
868	-0.125435540069686
869	-0.10956252419667
870	-0.142469996128533
871	-0.126596980255517
872	-0.0948509485094849
873	-0.143631436314363
874	-0.0960123886953155
875	-0.0472319008904374
876	0.000387146728610288
877	0.0491676345334884
878	0.0491676345334884
879	0.000387146728610288
880	-0.0166473093302361
881	0.0162601626016262
882	0.0627177700348432
883	0.0785907859078592
884	0.0944638017808751
885	-0.0189701897018969
943	-0.62330623306233
944	-0.574525745257452
945	-0.606271777003484
946	-0.62330623306233
947	-0.718544328300426
948	-0.766163375919473
955	-0.988385598141696
973	-1.21060782036392
974	-1.1947348044909
975	-1.21060782036392
976	-1.06542779713511
977	-0.984901277584204
978	-0.969028261711188
979	-0.950832365466512
980	-0.951993805652342
981	-0.967866821525358
982	-0.83855981416957
983	-0.759194734804491
984	-0.726287262872628
985	-0.645760743321719
986	-0.662795199380565
987	-0.645760743321719
988	-0.564072783584979
989	-0.515292295780101
990	-0.581107239643825
991	-0.629887727448703
992	-0.564072783584979
993	-0.48586914440573
994	-0.452961672473867
995	-0.388308168795974
996	-0.32597754548974
997	-0.230739450251645
998	-0.247773906310491
999	-0.152535811072396
1000	-0.0878823073945025
1001	-0.137824235385211
1002	-0.186604723190089
1003	-0.315911730545877
1004	-0.46109175377468
1005	-0.46109175377468
1006	-0.46109175377468
1007	-0.46109175377468
1008	-0.363530778164924
1009	-0.315911730545877
1010	-0.364692218350755
1011	-0.45993031358885
1012	-0.588075880758808
1013	-0.606271777003484
1014	-0.606271777003484
1015	-0.573364305071622
1016	-0.605110336817654
1017	-0.6221447928765
1018	-0.780874951606659
1019	-0.812620983352691
1020	-0.765001935733643
1021	-0.765001935733643
1022	-0.779713511420828
1023	-0.746806039488966
1024	-0.794425087108014
1025	-0.842044134727061
1026	-0.871467286101432
1027	-0.966705381339528
1028	-0.965543941153697
1029	-0.805652342237708
1030	-0.773906310491676
1031	-0.692218350754936
1032	-0.75687185443283
1033	-0.902051877661634
1034	-1.04607046070461
1035	-1.10956252419667
1036	-1.02903600464576
1037	-0.965543941153697
1038	-1.02903600464576
1039	-1.1413085559427
1040	-1.10956252419667
1041	-1.03019744483159
1042	-1.07897793263647
1043	-0.92024777390631
1044	-0.921409214092141
1045	-0.970189701897019
1046	-0.921409214092141
1047	-0.954316686024003
1048	-0.971351142082849
1049	-0.906697638404955
1050	-0.843205574912892
1051	-0.861401471157569
1052	-0.813782423538521
1073	-0.496322106078203
1087	-0.194734804490902
1182	-0.734417344173442
1183	-0.780874951606659
1184	-0.73093302361595
1185	-0.73093302361595
1186	-0.746806039488966
1187	-0.665118079752226
1188	-0.615176151761518
1189	-0.599303135888501
1190	-0.468834688346883
1191	-0.452961672473867
1192	-0.354239256678281
1193	-0.465350367789392
1194	-0.416569879984514
1195	-0.416569879984514
1196	-0.416569879984514
1197	-0.448315911730546
1198	-0.353077816492451
1199	-0.336043360433604
1200	-0.304297328687573
1201	-0.288424312814557
1202	-0.464188927603562
1203	-0.528842431281455
1204	-0.544715447154471
1205	-0.561749903213318
1206	-0.528842431281455
1207	-0.560588463027487
1208	-0.561749903213318
1209	-0.564072783584979
1210	-0.59581881533101
1211	-0.418892760356175
1212	-0.484707704219899
1213	-0.534649632210608
1214	-0.534649632210608
1215	-0.682152535811072
1216	-0.698025551684088
1217	-0.765001935733643
1218	-0.701509872241579
1219	-0.750290360046457
1220	-0.686798296554394
1221	-0.718544328300426
1222	-0.525745257452574
1223	-0.62098335269067
1224	-0.605110336817654
1225	-0.572202864885792
1226	-0.619821912504839
1227	-0.444057297715834
1228	-0.396438250096786
1229	-0.412311265969802
1230	-0.428184281842818
1231	-0.525745257452574
1232	-0.478126209833527
1233	-0.380565234223771
1234	-0.380565234223771
1235	-0.348819202477739
1236	-0.363530778164924
1237	-0.330623306233062
1238	-0.427022841656988
1239	-0.442895857530004
1240	-0.474641889276035
1241	-0.457607433217189
1242	-0.552845528455284
1243	-0.601626016260162
1244	-0.585753000387146
1245	-0.633372048006194
1246	-0.64924506387921
1247	-0.746806039488966
1248	-0.651567944250871
1249	-0.684475416182733
1250	-0.733255903987611
1251	-0.669763840495548
1252	-0.734417344173442
1253	-0.70267131242741
1254	-0.686798296554394
1255	-0.6221447928765
1256	-0.590398761130468
1257	-0.607433217189315
1289	-0.226480836236934
1290	-0.177700348432056
1291	-0.16182733255904
1292	-0.145954316686024
1293	-0.194734804490902
1294	-0.147115756871854
1295	-0.067750677506775
1296	-0.0836236933797909
1297	-0.0360046457607432
1298	-0.0042586140147115
1299	0.0116144018583043
1300	0.0274874177313201
1301	0.043360433604336
1376	-0.43283004258614
1377	-0.401084010840108
1378	-0.43283004258614
1379	-0.416957026713124
1380	-0.401084010840108
1387	-0.669763840495548
1388	-0.603948896631823
1389	-0.588075880758808
1390	-0.636856368563686
1391	-0.605110336817654
1392	-0.606271777003484
1393	-0.589237320944638
1394	-0.653890824622532
1395	-0.750290360046457
1396	-0.652729384436701
1397	-0.588075880758808
1398	-0.684475416182733
1399	-0.700348432055749
1400	-0.684475416182733
1401	-0.765001935733643
1402	-0.635694928377855
1403	-0.635694928377855
1404	-0.635694928377855
1405	-0.603948896631823
1406	-0.635694928377855
1407	-0.555168408826945
1408	-0.54045683313976
1409	-0.492837785520712
1410	-0.349980642663569
1411	-0.301200154858691
1412	-0.511033681765389
1414	-0.543941153697251
1415	-0.559814169570267
1416	-0.526906697638405
1417	-0.542779713511421
1418	-0.575687185443283
1419	-0.511033681765389
1420	-0.414634146341463
1421	-0.381726674409601
1422	-0.446380178087495
1423	-0.509872241579559
1424	-0.525745257452574
1425	-0.605110336817654
1426	-0.605110336817654
1427	-0.70267131242741
1428	-0.70267131242741
1429	-0.70267131242741
1430	-0.589237320944638
1431	-0.62098335269067
1432	-0.652729384436701
1433	-0.585753000387146
1434	-0.554006968641115
1435	-0.585753000387146
1436	-0.715060007742934
1437	-0.667440960123887
1438	-0.588075880758808
1439	-0.603948896631823
1440	-0.507549361207898
1441	-0.524583817266744
1442	-0.524583817266744
1443	-0.492837785520712
1444	-0.525745257452574
1445	-0.6221447928765
1448	-0.670925280681378
1449	-0.70267131242741
1450	-0.590398761130468
1451	-0.509872241579559
1452	-0.509872241579559
1453	-0.54161827332559
1454	-0.636856368563686
1455	-0.750290360046457
1456	-0.701509872241579
1457	-0.782036391792489
1459	-0.845528455284553
1460	-0.8931475029036
1461	-0.813782423538521
1462	-0.749128919860627
1463	-0.812620983352691
1464	-0.779713511420828
1465	-0.81029810298103
1466	-0.826171118854046
1467	-0.777390631049168
1468	-0.807975222609369
1469	-0.871467286101432
1470	-0.805652342237708
1471	-0.67634533488192
1472	-0.612853271389857
1473	-0.740998838559814
1474	-0.692218350754936
1475	-0.740998838559814
1476	-0.739837398373984
1477	-0.754548974061169
1478	-0.78513356562137
1479	-0.689895470383275
1480	-0.672861014324429
1481	-0.689895470383275
1482	-0.608207510646535
1483	-0.560588463027487
1484	-0.691056910569106
1485	-0.59581881533101
1486	-0.59465737514518
1487	-0.593495934959349
1488	-0.544715447154471
1489	-0.610530391018196
1490	-0.644599303135888
1491	-0.771583430120015
1492	-0.836236933797909
1493	-0.805652342237708
1494	-0.788617886178862
1495	-0.870305845915602
1496	-0.967866821525358
1497	-0.870305845915602
1498	-0.790940766550522
1499	-0.855594270228416
1500	-0.855594270228416
1501	-0.889663182346109
1502	-0.922570654277971
1503	-0.827332559039876
1504	-0.843205574912892
1505	-0.89198606271777
1506	-0.778552071234998
1507	-0.860240030971738
1508	-0.844367015098722
1509	-0.763840495547813
1510	-0.874951606658924
1511	-0.795586527293844
1512	-0.747967479674796
1513	-0.668602400309717
1514	-0.668602400309717
1515	-0.652729384436701
1516	-0.525745257452574
1517	-0.493999225706543
1518	-0.54161827332559
1519	-0.542779713511421
1520	-0.542779713511421
1521	-0.543941153697251
1526	-0.495160665892373
1527	-0.479287650019357
1528	-0.496322106078203
1529	-0.464576074332172
1530	-0.368176538908246
1536	-0.416957026713124
1540	-0.448703058459156
1541	-0.384049554781262
1542	-0.368176538908246
1543	-0.336430507162214
1544	-0.304684475416183
1545	-0.192411924119241
1546	-0.208284939992257
1547	-0.0960123886953155
1548	-0.127758420441347
1549	-0.176538908246225
1550	-0.144792876500194
1551	-0.258226867982965
1552	-0.226480836236934
1553	-0.128919860627178
1554	-0.192411924119241
1555	-0.160665892373209
1556	-0.128919860627178
1557	-0.128919860627178
1558	-0.0483933410762678
1559	-0.0483933410762678
1560	-0.0971738288811459
1561	-0.130081300813008
1562	-0.113046844754162
1563	-0.16182733255904
1564	-0.210607820363918
1598	-0.24235385210995
1599	-0.258226867982965
1600	-0.209446380178087
1601	-0.240030971738289
1602	-0.240030971738289
1603	-0.255903987611305
1604	-0.335269066976384
1605	-0.464576074332172
1606	-0.464576074332172
1607	-0.365853658536585
1608	-0.413472706155633
1609	-0.525745257452574
1610	-0.606271777003484
1611	-0.606271777003484
1612	-0.6221447928765
1613	-0.733255903987611
1614	-0.653890824622532
1617	-0.812620983352691
1618	-0.845528455284553
1619	-0.8931475029036
1620	-0.909020518776616
1623	-0.909020518776616
1624	-0.988385598141696
1625	-1.00425861401471
1630	-1.00425861401471
1631	-1.03600464576074
1638	-0.8931475029036
1639	-0.860240030971738
1640	-0.779713511420828
1641	-0.716221447928765
1642	-0.780874951606659
1643	-0.765001935733643
1644	-0.749128919860627
1645	-0.618660472319009
1646	-0.585753000387146
1647	-0.519938056523422
1648	-0.698025551684088
1649	-0.600464576074332
1650	-0.617499032133178
1651	-0.617499032133178
1652	-0.504065040650406
1653	-0.48819202477739
1654	-0.519938056523422
1655	-0.472319008904375
1656	-0.456445993031359
1657	-0.440572977158343
1658	-0.407665505226481
1659	-0.391792489353465
1660	-0.456445993031359
1661	-0.472319008904375
1662	-0.440572977158343
1663	-0.536972512582269
1664	-0.617499032133178
1665	-0.713898567557104
1666	-0.761517615176152
1667	-0.73093302361595
1668	-0.73093302361595
1669	-0.683313975996903
1670	-0.877274487030584
1818	-0.6221447928765
1819	-0.638017808749516
1820	-0.606271777003484
1821	-0.655052264808362
1822	-0.639179248935347
1823	-0.558652729384437
1824	-0.525745257452574
1825	-0.508710801393728
1826	-0.492837785520712
1827	-0.508710801393728
1828	-0.524583817266744
1829	-0.46109175377468
1830	-0.428184281842818
1831	-0.45993031358885
1832	-0.475803329461866
1833	-0.361207897793264
1834	-0.313588850174216
1835	-0.265969802555168
1836	-0.265969802555168
1837	-0.313588850174216
1838	-0.314750290360046
1839	-0.362369337979094
1840	-0.29887727448703
1841	-0.347657762291908
1842	-0.347657762291908
1843	-0.556329849012776
1844	-0.635694928377855
1845	-0.667440960123887
1846	-0.73093302361595
1847	-0.713898567557104
1848	-0.81029810298103
1849	-0.827332559039876
1850	-0.859078590785908
1851	-0.954316686024003
1852	-0.776229190863337
1853	-0.760356174990321
1854	-0.695702671312427
1855	-0.807975222609369
1856	-0.759194734804491
1857	-0.661633759194735
1858	-0.743321718931475
1859	-0.775067750677507
1860	-0.726287262872628
1861	-0.725125822686798
1862	-0.75803329461866
1863	-0.75803329461866
1864	-0.726287262872628
1865	-0.805652342237708
1866	-0.805652342237708
1867	-0.886178861788618
1868	-0.8397212543554
1869	-0.678668215253581
1870	-0.678668215253581
1871	-0.646922183507549
1872	-0.679829655439412
1873	-0.646922183507549
1874	-0.742160278745644
1875	-0.8397212543554
1876	-0.792102206736353
1877	-0.938443670150987
1878	-0.89082462253194
1879	-0.906697638404955
1880	-0.81145954316686
1881	-0.844367015098722
1891	-1.03600464576074
1892	-0.988385598141696
1893	-0.97251258226868
1906	-1.11536972512582
1907	-1.14711575687185
1908	-1.16298877274487
1909	-1.16298877274487
1910	-1.13008130081301
1911	-1.25706542779713
1912	-1.2253193960511
1939	-0.655052264808362
1940	-0.670925280681378
1941	-0.591560201316299
1942	-0.670925280681378
1943	-0.686798296554394
1960	-0.368176538908246
1961	-0.35230352303523
1962	-0.464576074332172
1969	-0.401084010840108
1970	-0.35230352303523
1971	-0.415795586527294
1972	-0.384049554781262
1973	-0.35230352303523
1974	-0.336430507162214
1975	-0.319396051103368
1976	-0.319396051103368
1977	-0.3511420828494
1978	-0.3511420828494
1979	-0.448703058459156
1980	-0.43283004258614
2056	0.0445218737901666
2057	0.0127758420441348
2058	0.0286488579171508
2059	-0.0665892373209446
2060	-0.0336817653890824
2061	-0.0960123886953155
2062	-0.127758420441347
2063	-0.192411924119241
2064	-0.208284939992257
2065	-0.222996515679442
2066	-0.349980642663569
2067	-0.381726674409601
2068	-0.381726674409601
2069	-0.413472706155633
2070	-0.331784746418893
2071	-0.380565234223771
2072	-0.396438250096786
2073	-0.412311265969802
2074	-0.37940379403794
2075	-0.442895857530004
2076	-0.507549361207898
2077	-0.508710801393728
2078	-0.556329849012776
2079	-0.717382888114595
2080	-0.669763840495548
2106	-1.24235385210995
2107	-1.22648083623693
2114	-1.27409988385598
2116	-1.44870305845916
2117	-1.48044909020519
2118	-1.55865272938444
2119	-1.52574525745257
2120	-1.34998064266357
2121	-1.34881920247774
2122	-1.38056523422377
2123	-1.39643825009679
2124	-1.31707317073171
2125	-1.25358110723964
2126	-1.09252806813782
2127	-1.07665505226481
2128	-1.03019744483159
2129	-0.982578397212543
2130	-0.870305845915602
2131	-0.773906310491676
2132	-0.694541231126597
2133	-0.678668215253581
2134	-0.583430120015486
2135	-0.599303135888501
2136	-0.599303135888501
2137	-0.616337591947348
2138	-0.489353464963221
2139	-0.554006968641115
2140	-0.474641889276035
2141	-0.45993031358885
2142	-0.45993031358885
2143	-0.381726674409601
2144	-0.335269066976384
2145	-0.384049554781262
2146	-0.353464963221061
2173	-0.401084010840108
2174	-0.369337979094077
2175	-0.369337979094077
2178	-0.131242740998838
2179	-0.16298877274487
2318	0.0286488579171508
2319	0.0445218737901666
2320	0.0762679055361982
2321	0.0921409214092141
2322	0.0921409214092141
2323	0.043360433604336
2324	0.043360433604336
2436	-0.528068137824235
2446	-0.496322106078203
2447	-0.528068137824235
2448	-0.399922570654278
2449	-0.480449090205188
2450	-0.496322106078203
2451	-0.464576074332172
2452	-0.480449090205188
2487	-1.08362369337979
2488	-1.25822686798297
2489	-1.289972899729
2500	-1.44870305845916
2501	-1.3205574912892
2502	-1.23886953155246
2503	-1.12775842044135
2504	-1.12891986062718
2505	-1.00193573364305
2506	-1.00193573364305
2507	-0.922570654277971
2508	-0.89198606271777
2509	-0.8931475029036
2510	-0.782036391792489
2518	-0.559814169570267
2519	-0.51219512195122
2520	-0.480449090205188
2521	-0.416957026713124
2522	-0.336430507162214
2523	-0.336430507162214
2524	-0.368176538908246
2534	-0.575687185443283
2535	-0.575687185443283
2536	-0.575687185443283
2537	-0.543941153697251
2539	-0.480449090205188
2540	-0.464576074332172
2541	-0.464576074332172
2542	-0.43283004258614
2798	-0.353464963221061
2807	-0.16298877274487
2808	-0.114208284939992
2809	-0.0971738288811459
2810	-0.0336817653890824
2811	-0.130081300813008
2812	-0.178861788617886
2813	-0.16298877274487
2814	-0.145954316686024
2815	-0.194734804490902
2816	-0.226480836236934
2817	-0.193573364305072
2818	-0.241192411924119
2819	-0.305845915602013
2827	-0.305845915602013
2828	-0.321718931475029
2829	-0.289972899728997
2830	-0.321718931475029
2831	-0.274099883855981
2849	-0.845528455284553
2850	-0.8931475029036
2851	-0.877274487030584
2853	-0.956639566395664
2854	-0.923732094463802
2855	-0.907859078590786
2856	-0.89082462253194
2857	-0.922570654277971
2858	-0.843205574912892
2859	-0.874951606658924
2860	-0.843205574912892
2861	-0.844367015098722
2862	-0.828493999225706
2863	-0.796747967479674
2864	-0.765001935733643
2865	-0.782036391792489
2866	-0.670925280681378
2867	-0.686798296554394
2868	-0.575687185443283
2869	-0.559814169570267
3397	-0.24235385210995
3398	-0.274099883855981
3399	-0.274099883855981
3400	-0.178861788617886
3401	-0.289972899728997
3402	-0.192411924119241
3403	-0.241192411924119
3404	-0.288811459543167
3405	-0.225319396051103
3406	-0.209446380178087
3407	-0.272938443670151
3408	-0.192411924119241
3409	-0.305845915602013
3410	-0.255903987611305
3411	-0.287650019357336
3412	-0.336430507162214
3413	-0.320557491289199
3414	-0.272938443670151
3415	-0.176538908246225
3416	-0.208284939992257
3417	-0.208284939992257
3418	-0.272938443670151
3419	-0.288811459543167
3420	-0.353464963221061
3421	-0.385210994967093
3455	-0.734417344173442
3456	-0.655052264808362
3457	-0.638017808749516
3458	-0.670925280681378
3461	-0.385210994967093
3613	-0.0836236933797909
3641	-0.813782423538521
3642	-0.8931475029036
3643	-0.940766550522648
3644	-0.956639566395664
3645	-0.907859078590786
3646	-0.971351142082849
3647	-0.922570654277971
3648	-0.921409214092141
3649	-0.905536198219125
3650	-0.953155245838173
3651	-0.906697638404955
3652	-0.987224157955865
3653	-0.923732094463802
3654	-0.923732094463802
3662	-0.988385598141696
3663	-0.940766550522648
3668	-1.11536972512582
3669	-1.13008130081301
3670	-1.13124274099884
3671	-1.09949670925281
3672	-1.09949670925281
3674	-1.0189701897019
3675	-0.793263646922183
3676	-0.872628726287263
3677	-0.967866821525358
3678	-1.01432442895858
3679	-0.998451413085559
3680	-0.965543941153697
3681	-1.01316298877274
3682	-1.01200154858691
3683	-0.948509485094851
3684	-0.914440572977158
3685	-1.07433217189315
3686	-1.0267131242741
3687	-1.09020518776616
3688	-1.10491676345335
3689	-1.04142469996129
3690	-1.15485869144406
3691	-1.07433217189315
3692	-1.07433217189315
3693	-1.04490902051878
3694	-0.998451413085559
3695	-1.04607046070461
3696	-0.997289972899729
3697	-1.06194347657762
3698	-1.12543554006969
3699	-1.27061556329849
3700	-1.31939605110337
3701	-1.24003097173829
3702	-1.09601238869532
3703	-1.12891986062718
3704	-1.06542779713511
3705	-1.06658923732094
3706	-0.955478126209833
3707	-0.909020518776616
3708	-0.89198606271777
3897	-0.210607820363918
3898	-0.128919860627178
3899	-0.176538908246225
3900	-0.143631436314363
3901	-0.175377468060395
3902	-0.207123499806427
3903	-0.174216027874564
3904	-0.205962059620596
3905	-0.19008904374758
3906	-0.19008904374758
3907	-0.205962059620596
3908	-0.221835075493612
3909	-0.221835075493612
3910	-0.26945412311266
3911	-0.284165698799845
3912	-0.268292682926829
3913	-0.332946186604723
3914	-0.332946186604723
3915	-0.429345722028649
3916	-0.509872241579559
3917	-0.574525745257452
3918	-0.653890824622532
3919	-0.669763840495548
3920	-0.686798296554394
3921	-0.734417344173442
3942	-0.940766550522648
3945	-0.988385598141696
3946	-0.859078590785908
3947	-0.859078590785908
3948	-0.843205574912892
3949	-0.81029810298103
3950	-0.856755710414247
3951	-0.984901277584204
3952	-1.00077429345722
3953	-0.984901277584204
3954	-0.904374758033294
3955	-1.0801393728223
3956	-1.09368950832365
3957	-1.09368950832365
3958	-1.04490902051878
3959	-0.898567557104142
3960	-0.94618660472319
3961	-0.896244676732481
3962	-0.943863724351529
3963	-0.863337204800619
3964	-0.895083236546651
3965	-0.910956252419667
3966	-0.975609756097561
3967	-1.15369725125823
3968	-1.20131629887727
3969	-1.12078977932636
3970	-1.15369725125823
3971	-1.25125822686798
3972	-1.21951219512195
3973	-1.15485869144406
3974	-1.1718931475029
3975	-1.12427409988386
3976	-1.04490902051878
3977	-1.01200154858691
3978	-1.10723964382501
3979	-1.12427409988386
3980	-0.916763453348819
3981	-0.91908633372048
3982	-0.903213317847464
3983	-0.936120789779326
3984	-1.05071622144793
3985	-1.00309717382888
3987	-0.909020518776616
3996	-0.733255903987611
3997	-0.747967479674796
3998	-0.861401471157569
3999	-0.732094463801781
4000	-0.844367015098722
4001	-0.860240030971738
4002	-0.956639566395664
4003	-0.8931475029036
4004	-0.89198606271777
4005	-0.955478126209833
4006	-0.874951606658924
4007	-0.840882694541231
4008	-0.743321718931475
4009	-0.694541231126597
4010	-0.695702671312427
4011	-0.583430120015486
4012	-0.663956639566396
4013	-0.518776616337592
4014	-0.32481610530391
4015	-0.355400696864111
4016	-0.290747193186217
4017	-0.241966705381339
4018	-0.193186217576461
4019	-0.0321331784746419
4020	-0.0480061943476577
4021	-0.0309717382888111
4022	-0.0321331784746419
4023	-0.0480061943476577
4024	-0.145567169957414
4025	-0.0503290747193186
4026	-0.0174216027874563
4027	0.0143244289585753
4028	-0.0174216027874563
4029	0.0948509485094848
4030	0.109562524196671
4031	0.0290360046457607
4032	0.0267131242741001
4033	-0.05497483546264
4034	-0.13550135501355
4035	-0.151374370886566
4036	-0.184281842818428
4037	-0.13550135501355
4038	-0.233062330623306
4039	-0.347657762291908
4040	-0.332946186604723
4041	-0.334107626790554
4042	-0.3511420828494
4043	-0.287650019357336
4088	-0.416957026713124
4089	-0.385210994967093
4090	-0.288811459543167
4091	-0.288811459543167
4092	-0.257065427797135
4093	-0.257065427797135
4094	-0.16182733255904
4095	-0.178861788617886
4096	-0.178861788617886
4107	-0.0824622531939604
4108	-0.0824622531939604
4258	-0.305845915602013
4259	-0.305845915602013
4421	-0.258226867982965
4422	-0.257065427797135
4430	-0.321718931475029
4431	-0.321718931475029
4438	-0.480449090205188
4439	-0.464576074332172
4440	-0.496322106078203
4441	-0.398761130468447
4442	-0.382888114595432
4443	-0.382888114595432
4444	-0.382888114595432
4445	-0.382888114595432
4446	-0.511033681765389
4447	-0.62330623306233
4448	-0.62330623306233
4556	-0.684475416182733
4557	-0.733255903987611
4558	-0.684475416182733
4559	-0.635694928377855
4560	-0.602787456445993
4561	-0.538133952768099
4562	-0.506387921022067
4563	-0.506387921022067
4564	-0.442895857530004
4565	-0.523422377080914
4566	-0.506387921022067
4567	-0.425861401471158
4568	-0.440572977158343
4569	-0.456445993031359
4570	-0.343012001548587
4571	-0.343012001548587
4572	-0.374758033294618
4573	-0.374758033294618
4574	-0.422377080913666
4575	-0.357723577235772
4576	-0.438250096786682
4577	-0.454123112659698
4578	-0.517615176151761
4579	-0.611691831204026
4580	-0.804490902051878
4581	-1.09485094850949
4582	-1.04607046070461
4583	-1.09485094850949
4584	-1.1107239643825
4585	-1.09485094850949
4586	-1.14363143631436
4587	-1.15950445218738
4588	-1.15950445218738
4589	-1.14246999612853
4590	-1.17421602787456
4591	-1.22299651567944
4592	-1.22299651567944
4593	-1.2559039876113
4594	-1.27177700348432
4595	-1.39992257065428
4596	-1.41579558652729
4597	-1.33643050716221
4598	-1.35346496322106
4599	-1.30584591560201
4606	-0.988385598141696
4626	-1.03600464576074
4627	-1.03600464576074
4628	-0.795586527293844
4629	-0.812620983352691
4630	-0.940766550522648
4632	-1.03600464576074
4633	-0.955478126209833
4634	-0.874951606658924
4635	-0.938443670150987
4636	-1.0189701897019
4637	-1.08362369337979
4638	-1.05187766163376
4639	-1.08362369337979
4640	-1.08362369337979
4641	-1.08246225319396
4642	-1.01664730933024
4643	-1.00193573364305
4644	-1.0495547812621
4645	-1.09833526906698
4646	-1.09833526906698
4647	-1.16182733255904
4648	-1.11420828493999
4649	-0.937282229965157
4650	-0.873790166473093
4651	-0.970189701897019
4652	-0.986062717770035
4653	-1.06775067750677
4654	-1.09949670925281
4655	-1.02013162988773
4656	-0.876113046844754
4657	-0.924893534649632
4663	-0.845528455284553
4939	-0.607433217189315
4940	-0.509872241579559
4941	-0.559814169570267
4942	-0.542779713511421
4943	-0.590398761130468
4944	-0.638017808749516
4945	-0.685636856368564
4946	-0.701509872241579
4947	-0.780874951606659
4948	-0.765001935733643
4949	-0.877274487030584
4950	-0.861401471157569
4951	-0.8931475029036
4952	-0.877274487030584
4953	-0.877274487030584
4954	-0.8931475029036
4955	-0.909020518776616
4956	-0.907859078590786
4957	-0.987224157955865
5067	-0.496322106078203
5068	-0.511033681765389
5069	-0.574525745257452
5070	-0.557491289198606
5071	-0.492837785520712
5072	-0.638017808749516
5073	-0.590398761130468
5211	-0.496322106078203
5212	-0.51219512195122
5213	-0.496322106078203
5214	-0.480449090205188
5215	-0.464576074332172
5216	-0.43283004258614
5217	-0.369337979094077
5218	-0.416957026713124
5245	-0.575687185443283
5246	-0.559814169570267
5247	-0.591560201316299
5248	-0.655052264808362
5249	-0.670925280681378
5250	-0.590398761130468
5251	-0.605110336817654
5252	-0.605110336817654
5253	-0.686798296554394
5254	-0.718544328300426
5255	-0.652729384436701
5256	-0.636856368563686
5257	-0.684475416182733
5258	-0.780874951606659
5261	-0.829655439411537
5262	-0.844367015098722
5263	-0.89198606271777
5264	-0.89198606271777
5265	-0.987224157955865
5266	-0.987224157955865
5267	-0.955478126209833
5271	-1.22648083623693
5272	-1.2253193960511
5273	-1.17770034843206
5274	-1.08130081300813
5275	-1.14595431668602
5276	-1.0495547812621
5277	-1.06542779713511
5278	-1.09601238869532
5279	-1.04723190089044
5280	-1.04839334107627
5281	-1.0801393728223
5282	-0.99961285327139
5283	-0.99961285327139
5284	-1.03019744483159
5285	-1.01432442895858
5286	-1.11188540456833
5287	-1.14479287650019
5288	-1.09601238869532
5289	-1.0801393728223
5290	-1.01664730933024
5291	-1.04839334107627
5292	-1.07897793263647
5293	-0.99961285327139
5294	-0.887340301974448
5295	-0.825009678668215
5296	-0.857917150600077
5297	-0.89082462253194
5298	-0.906697638404955
5299	-0.939605110336817
5300	-0.89198606271777
5318	-1.05187766163376
5320	-1.1947348044909
5321	-1.25822686798297
5322	-1.35346496322106
5323	-1.33643050716221
5324	-1.3511420828494
5325	-1.58807588075881
5326	-1.63569492837786
5327	-1.58575300038715
5328	-1.42469996128533
5329	-1.16492450638792
5330	-1.19550909794812
5331	-1.244289585753
5332	-1.19550909794812
5333	-1.14789005032907
5334	-1.08323654665118
5335	-1.13201703445606
5336	-1.05149051490515
5337	-1.03561749903213
5338	-1.00271002710027
5339	-0.987998451413085
5340	-1.05265195509098
5341	-0.97212543554007
5342	-0.89159891598916
5343	-0.957413859852884
5344	-0.861014324428958
5345	-0.876887340301974
5346	-0.796360820751065
5347	-0.588850174216028
5348	-0.715834301200155
5349	-0.843979868370112
5350	-0.686411149825784
5351	-0.670538133952768
5352	-0.768099109562524
5353	-0.880371660859466
5354	-1.14014711575687
5355	-1.17305458768873
5356	-1.20480061943477
5357	-1.15485869144406
5358	-1.12078977932636
5359	-1.16840882694541
5360	-1.21602787456446
5361	-1.21486643437863
5362	-1.1184668989547
5363	-1.26132404181185
5364	-1.22725512969415
5365	-1.24080526519551
5366	-1.25783972125436
5367	-1.32133178474642
5368	-1.3360433604336
5369	-1.49593495934959
5370	-1.36662795199381
5371	-1.33488192024777
5372	-1.47890050329075
5373	-1.27022841656988
5374	-1.06039488966318
5375	-1.13975996902826
5376	-1.00929152148664
5377	-1.03987611304684
5378	-1.03987611304684
5379	-0.942315137437088
5380	-0.942315137437088
5381	-0.797135114208285
5382	-0.798296554394115
5383	-0.718931475029036
5384	-0.716608594657375
5385	-0.588463027487418
5386	-0.667828106852497
5387	-0.841269841269841
5388	-0.665505226480836
5389	-0.746031746031746
5390	-0.748354626403407
5391	-0.827719705768486
5392	-0.763066202090592
5393	-0.650793650793651
5394	-0.53968253968254
5395	-0.556716995741386
5396	-0.651955090979481
5397	-0.666666666666666
5398	-0.667828106852497
5399	-0.765389082462253
5400	-0.589624467673248
5401	-0.718931475029036
5402	-0.608981804103755
5403	-0.640727835849787
5404	-0.722415795586527
5405	-0.722415795586527
5406	-0.802942315137437
5407	-0.787069299264421
5408	-0.916376306620209
5409	-0.998064266356949
5410	-1.20789779326365
5411	-1.19318621757646
5412	-0.969802555168409
5413	-1.06736353077817
5414	-1.13201703445606
5415	-1.19434765776229
5416	-1.08207510646535
5417	-1.25900116144019
5418	-1.3395276809911
5419	-1.27255129694154
5420	-1.32017034456059
5421	-1.28842431281456
5422	-1.33720480061943
5423	-1.49709639953542
5424	-1.36895083236547
5425	-1.51296941540844
5426	-1.46535036778939
5427	-1.55942702284166
5428	-1.52768099109563
5429	-1.49361207897793
5430	-1.26558265582656
5431	-1.20209059233449
5432	-1.3472706155633
5433	-1.26674409601239
5434	-1.15447154471545
5435	-1.18621757646148
5436	-1.23383662408053
5437	-1.36198219125048
5438	-1.28029423151374
5439	-1.32907471931862
5440	-1.1374370886566
5441	-1.39256678281068
5442	-1.32791327913279
5443	-1.48664343786295
5444	-1.61711188540457
5445	-1.73054587688734
5446	-1.92218350754936
5447	-1.92102206736353
5448	-1.8892760356175
5449	-1.92102206736353
5450	-1.77584204413473
5451	-1.84049554781262
5452	-1.79287650019357
5453	-1.82346109175377
5454	-1.9198606271777
5455	-2.13085559427023
5456	-2.0150987224158
5457	-2.04684475416183
5458	-2.06155632984901
5459	-2.12737127371274
5460	-2.04684475416183
5461	-1.95160665892373
5462	-1.98451413085559
5463	-1.90514905149051
5464	-1.85753000387147
5465	-1.90631049167635
5466	-1.69996128532714
5467	-1.65350367789392
5468	-1.49593495934959
5469	-1.44831591173055
5470	-1.31900890437476
5471	-1.11149825783972
5472	-0.921022067363531
5473	-0.953929539295393
5474	-1.00271002710027
5475	-1.05149051490515
5476	-0.984514130855594
5477	-1.04916763453349
5478	-0.921022067363531
5479	-0.80991095625242
5480	-0.762291908633372
5481	-0.878048780487805
5482	-0.747580332946187
5483	-0.765776229190863
5484	-0.829268292682927
5485	-0.780487804878049
5486	-0.89276035617499
5487	-0.796360820751065
5488	-0.908633372048006
5489	-0.89276035617499
5490	-1.02090592334495
5491	-0.939217963608207
5492	-0.939217963608207
5493	-0.922183507549361
5494	-0.952768099109563
5495	-1.01742160278746
5496	-1.01626016260163
5497	-0.983352690669763
5498	-0.951606658923732
5499	-0.902826171118854
5500	-0.855207123499806
5501	-0.856368563685636
5502	-0.774680603948896
5503	-0.921022067363531
5504	-0.935733643050716
5505	-0.984514130855594
5506	-0.968641114982578
5507	-1.06736353077817
5508	-1.08323654665118
5509	-0.97212543554007
5510	-0.908633372048006
5511	-0.747580332946187
5512	-0.781649245063879
5513	-0.798683701122725
5514	-0.782810685249709
5515	-0.734030197444832
5516	-0.768099109562524
5517	-0.752226093689508
5518	-0.721641502129307
5519	-0.67518389469609
5520	-0.708091366627952
5521	-0.581107239643825
5522	-0.614014711575687
5523	-0.598141695702671
5524	-0.711575687185443
5525	-0.663956639566396
5526	-0.713898567557104
5527	-0.635694928377855
5528	-0.635694928377855
5529	-0.524583817266744
5530	-0.572202864885792
5531	-0.603948896631823
5532	-0.572202864885792
5533	-0.556329849012776
5534	-0.538133952768099
5535	-0.619821912504839
5536	-0.715060007742934
5537	-0.713898567557104
5538	-0.64808362369338
5539	-0.583430120015486
5540	-0.663956639566396
5541	-0.644599303135888
5542	-0.660472319008904
5543	-0.803329461866047
5544	-0.94618660472319
5545	-0.927990708478513
5546	-1.10491676345335
5547	-1.05613627564847
5548	-1.03794037940379
5549	-1.03794037940379
5550	-1.11730545876887
5551	-1.05265195509098
5552	-0.939217963608207
5553	-0.986837011227255
5554	-1.16260162601626
5555	-1.09794812233837
5556	-1.14556716995741
5557	-1.17731320170345
5558	-1.1602787456446
5559	-1.17847464188928
5560	-1.14556716995741
5561	-1.22725512969415
5562	-1.24312814556717
5563	-1.42005420054201
5564	-1.50058072009291
5565	-1.35540069686411
5566	-1.42237708091367
5567	-1.45296167247387
5568	-1.30894308943089
5569	-1.08439798683701
5570	-1.07084785133566
5571	-1.05497483546264
5572	-1.10375532326752
5573	-1.13666279519938
5574	-1.1831204026326
5575	-1.1831204026326
5576	-1.34301200154859
5577	-1.52109949670925
5578	-1.36004645760743
5579	-1.1831204026326
5580	-1.20015485869144
5581	-1.21486643437863
5582	-1.18195896244677
5583	-1.18195896244677
5584	-1.1490514905149
5585	-1.11730545876887
5586	-1.10143244289586
5587	-1.08555942702284
5588	-0.925667828106852
5589	-0.925667828106852
5590	-1.07084785133566
5591	-1.1184668989547
5592	-1.03910181958962
5593	-1.11962833914053
5594	-1.1525358110724
5595	-1.23190089043748
5596	-1.23190089043748
5597	-1.31126596980256
5598	-1.34417344173442
5599	-1.28184281842818
5600	-1.33062330623306
5601	-1.267131242741
5602	-1.31475029036005
5603	-1.37940379403794
5604	-1.54045683313976
5605	-1.58691444057298
5606	-1.52458381726674
5607	-1.63685636856369
5608	-1.62098335269067
5609	-1.66976384049555
5610	-1.81262098335269
5611	-1.7479674796748
5612	-1.78087495160666
5613	-1.94076655052265
5614	-1.82733255903988
5615	-1.74680603948897
5616	-1.76267905536198
5617	-1.82617111885405
5618	-1.82617111885405
5619	-1.85907859078591
5620	-1.79442508710801
5621	-1.58343012001549
5622	-1.51993805652342
5623	-1.47115756871854
5624	-1.43825009678668
5625	-1.4541231126597
5626	-1.39063104916763
5627	-1.34301200154859
5628	-1.39179248935347
5629	-1.37708091366628
5630	-1.31475029036005
5631	-1.34765776229191
5632	-1.22067363530778
5633	-1.20480061943477
5634	-1.15485869144406
5635	-1.02787456445993
5636	-1.02903600464576
5637	-0.948509485094851
5638	-0.771583430120015
5639	-0.867982965543941
5640	-0.722802942315137
5641	-0.754548974061169
5642	-0.738675958188153
5643	-0.738675958188153
5644	-0.816879597367402
5645	-0.881533101045296
5646	-1.15602013162989
5647	-1.20363917924894
5648	-1.15602013162989
5649	-1.20363917924894
5650	-1.17073170731707
5651	-1.15369725125823
5652	-1.13782423538521
5653	-1.08904374758033
5654	-0.959736740224545
5655	-1.07084785133566
5656	-1.2137049941928
5657	-1.16492450638792
5658	-1.26132404181185
5659	-1.18079752226094
5660	-1.22957801006581
5661	-1.30894308943089
5662	-1.3894696089818
5663	-1.53464963221061
5664	-1.55168408826945
5665	-1.64808362369338
5666	-1.47231900890437
5667	-1.47231900890437
5668	-1.44057297715834
5669	-1.34533488192025
5670	-1.21718931475029
5671	-1.16957026713124
5672	-1.15369725125823
5673	-1.17073170731707
5674	-1.10840108401084
5675	-1.15718157181572
5676	-1.15834301200155
5677	-1.19008904374758
5678	-1.1753774680604
5679	-1.1753774680604
5680	-1.09485094850949
5681	-0.950832365466512
5682	-0.99961285327139
5683	-0.936120789779326
5684	-1.00193573364305
5685	-1.00193573364305
5686	-0.938443670150987
5687	-0.970189701897019
5688	-0.888501742160278
5689	-0.694541231126597
5690	-0.695702671312427
5691	-0.744483159117305
5692	-0.679829655439412
5693	-0.517615176151761
5694	-0.614014711575687
5695	-0.646922183507549
5696	-0.678668215253581
5697	-0.695702671312427
5698	-0.759194734804491
5699	-0.775067750677507
5700	-0.678668215253581
5701	-0.67750677506775
5702	-0.709252806813782
5703	-0.820363917924893
5704	-0.916763453348819
5705	-0.75687185443283
5706	-0.75803329461866
5707	-0.67634533488192
5708	-0.692218350754936
5709	-0.721641502129307
5710	-0.737514518002323
5711	-0.769260549748354
5712	-0.688734030197445
5713	-0.738675958188153
5714	-0.916763453348819
5715	-0.900890437475803
5716	-0.900890437475803
5717	-0.885017421602787
5718	-1.04723190089044
5719	-1.06194347657762
5720	-1.01316298877274
5721	-0.949670925280681
5722	-0.900890437475803
5723	-0.819202477739063
5724	-0.914440572977158
5725	-0.979094076655052
5726	-1.05962059620596
5727	-0.930313588850174
5728	-0.833914053426249
5729	-0.688734030197445
5730	-0.818041037553233
5731	-0.913279132791328
5732	-0.979094076655052
5733	-1.04258614014712
5734	-1.02903600464576
5735	-0.997289972899729
5736	-0.981416957026713
5737	-1.03019744483159
5738	-0.998451413085559
5739	-0.933797909407665
5740	-0.900890437475803
5741	-0.964382500967867
5742	-0.981416957026713
5743	-0.932636469221835
5744	-0.886178861788618
5745	-0.91792489353465
5746	-0.965543941153697
5747	-0.982578397212543
5748	-1.06426635694928
5749	-1.03252032520325
5750	-0.953155245838173
5751	-0.889663182346109
5752	-0.987224157955865
5753	-0.988385598141696
5756	-0.97251258226868
5757	-0.939605110336817
5758	-0.844367015098722
5759	-0.828493999225706
5760	-0.876113046844754
5761	-0.923732094463802
5762	-0.89082462253194
5763	-0.712737127371274
5764	-0.744483159117305
5765	-0.825009678668215
5766	-0.792102206736353
5767	-0.792102206736353
5768	-0.904374758033294
5769	-0.888501742160278
5770	-0.871467286101432
5771	-0.805652342237708
5772	-0.739837398373984
5773	-0.771583430120015
5774	-0.739837398373984
5775	-0.754548974061169
5776	-0.801006581494386
5777	-0.912117692605497
5778	-0.862175764614789
5779	-0.829268292682927
5780	-0.940379403794038
5781	-1.02090592334495
5782	-1.13201703445606
5783	-1.16260162601626
5784	-1.22493224932249
5785	-1.09446380178087
5786	-1.03097173828881
5787	-1.01393728222996
5788	-1.07859078590786
5789	-1.06271777003484
5790	-0.99922570654278
5791	-0.886953155245838
5792	-0.99922570654278
5793	-0.901664730933023
5794	-0.949283778552071
5795	-0.951606658923732
5796	-0.985675571041425
5797	-1.17847464188928
5798	-1.17731320170345
5799	-1.20905923344948
5800	-1.14440572977158
5801	-1.19318621757646
5802	-1.03213317847464
5803	-1.1602787456446
5804	-1.25783972125436
5805	-1.24196670538134
5806	-1.38482384823848
5807	-1.35191637630662
5808	-1.38482384823848
5809	-1.46535036778939
5810	-1.59465737514518
5811	-1.57762291908633
5812	-1.62524196670538
5813	-1.84978706929926
5814	-2.02555168408827
5815	-2.04142469996129
5816	-2.16840882694541
5817	-2.07317073170732
5818	-2.21835075493612
5819	-2.17073170731707
5820	-2.20131629887727
5821	-2.21602787456446
5822	-2.08672086720867
5823	-2.03910181958962
5824	-2.07084785133566
5825	-2.07084785133566
5826	-2.02206736353078
5827	-2.0878823073945
5828	-2.10491676345335
5829	-2.19899341850561
5830	-2.20015485869144
5831	-2.02439024390244
5832	-1.99496709252807
5833	-1.92915214866434
5834	-1.97677119628339
5835	-1.96089818041038
5836	-2.04026325977545
5837	-2.04142469996129
5838	-1.8815331010453
5839	-1.67402245451026
5840	-1.84978706929926
5841	-1.86798296554394
5842	-1.91444057297716
5843	-1.91327913279133
5844	-1.99264421215641
5845	-1.8780487804878
5846	-1.86217576461479
5847	-1.95973674022454
5848	-1.8780487804878
5849	-1.78164924506388
5850	-1.86333720480062
5851	-1.83159117305459
5852	-1.89392179636082
5853	-1.86217576461479
5854	-1.75222609368951
5855	-1.86217576461479
5856	-1.94154084397987
5857	-1.95625241966705
5858	-1.87688734030197
5859	-1.79752226093689
5860	-1.71583430120015
5861	-1.5876887340302
5862	-1.58885017421603
5863	-1.65350367789392
5864	-1.7022841656988
5865	-1.6070460704607
5866	-1.52651955090979
5867	-1.49477351916376
5868	-1.32017034456059
5869	-1.28842431281456
5870	-1.25900116144019
5871	-1.13085559427023
5872	-1.01974448315912
5873	-0.924506387921022
5874	-0.89276035617499
5875	-0.876887340301974
5876	-0.829268292682927
5877	-0.686411149825784
5878	-0.604723190089044
5879	-0.54123112659698
5880	-0.383662408052652
5881	-0.35075493612079
5882	-0.4312814556717
5883	-0.670538133952768
5884	-0.526519550909795
5885	-0.672861014324429
5886	-0.687572590011614
5887	-0.843979868370112
5888	-0.939217963608207
5889	-1.04684475416183
5890	-1.12504839334108
5891	-1.12388695315525
5892	-1.08981804103755
5893	-1.27797135114208
5894	-1.24622531939605
5895	-1.38908246225319
5896	-1.45373596593109
5897	-1.59659310878823
5898	-1.94928377855207
5899	-2.12388695315525
5900	-2.12156407278359
5901	-2.29732868757259
5902	-2.45489740611692
5903	-2.66124661246613
5904	-2.78823073945025
5905	-2.81881533101045
5906	-2.75416182733256
5907	-2.80178087495161
5908	-2.64072783584979
5909	-2.78590785907859
5910	-2.87882307394502
5911	-3.00696864111498
5912	-2.91056910569106
5913	-2.7824235385211
5914	-3.00696864111498
5915	-3.00813008130081
5916	-3.198606271777
5917	-3.24738675958188
5918	-3.27913279132791
5919	-3.4696089818041
5920	-3.40379403794038
5921	-3.59310878823074
5922	-3.64072783584979
5923	-3.76655052264808
5924	-3.74951606658924
5925	-3.86178861788618
5926	-3.66666666666667
5927	-3.63492063492063
5928	-3.53968253968254
5929	-3.53619821912505
5930	-3.53503677893922
5931	-3.61672473867596
5932	-3.5497483546264
5933	-3.66318234610917
5934	-3.59272164150213
5935	-3.6221447928765
5936	-3.76616337591947
5937	-3.87727448703058
5938	-4.09833526906698
5939	-3.73209446380178
5940	-3.89082462253194
5941	-3.79674796747967
5942	-3.87379016647309
5943	-3.74912891986063
5944	-3.66860240030972
5945	-3.71970576848626
5946	-3.73790166473093
5947	-3.60975609756098
5948	-3.30816879597367
5949	-3.26287262872629
5950	-3.23112659698026
5951	-3.29926442121564
5952	-3.31629887727449
5953	-3.23925667828107
5954	-3.09756097560976
5955	-2.97057684862563
5956	-2.95586527293844
5957	-2.89469608981804
5958	-2.71777003484321
5959	-2.80294231513744
5960	-2.63298490127758
5961	-2.32791327913279
5962	-2.07394502516454
5963	-1.86875725900116
5964	-2.09330236159504
5965	-1.83817266744096
5966	-2.06155632984901
5967	-1.99922570654278
5968	-2.07742934572203
5969	-1.98219125048393
5970	-2.02864885791715
5971	-1.94463801780875
5972	-2.03987611304684
5973	-2.05458768873403
5974	-1.98877274487031
5975	-2.08284939992257
5976	-2.63840495547813
5977	-2.60549748354626
5978	-2.69957413859853
5979	-2.6337591947348
5980	-2.74719318621758
5981	-2.7289972899729
5982	-2.66550522648084
5983	-2.79481223383662
5984	-2.68486256291134
5985	-2.68486256291134
5986	-2.76887340301974
5987	-2.80294231513744
5988	-2.65776229190863
5989	-2.46612466124661
5990	-2.6260162601626
5991	-2.25861401471157
5992	-2.06813782423538
5993	-1.99109562524197
5994	-1.86411149825784
5995	-1.85056136275648
5996	-1.75996902826171
5997	-1.58536585365854
5998	-1.54006968641115
5999	-1.49477351916376
6000	-1.30662020905923
6001	-0.70344560588463
6002	-0.626403406891212
6003	-0.516453735965931
6004	-0.5687185443283
6005	-0.489353464963221
6006	-0.45993031358885
6007	-0.476964769647696
6008	-0.398761130468447
6009	-0.382888114595432
6010	-0.303523035230352
6011	-0.255903987611305
6012	-0.257065427797135
6025	-11.4804490902052
6026	-11.6686024003097
6027	-11.5222609368951
6028	-11.5199380565234
6029	-11.3077816492451
6030	-11.2078977932636
6031	-11.1432442895858
6032	-11.1432442895858
6033	-11.1749903213318
6034	-11.3019744483159
6035	-11.3019744483159
6036	-11.3019744483159
6037	-11.3178474641889
6038	-11.3178474641889
6039	-11.3178474641889
6040	-11.3178474641889
6041	-11.3019744483159
6042	-11.3019744483159
6043	-11.2702284165699
6044	-11.3054587688734
6045	-11.2260936895083
6046	-11.2113821138211
6047	-11.3577235772358
6048	0.0367789392179636
6049	0.0685249709639953
6050	0.067363530778165
6051	0.255516840882695
6052	0.140921409214092
6053	0.154471544715447
