2	0.0950000000000001
3	0.0775000000000001
4	0.0425
5	-0.0225
6	-0.115
7	-0.195
8	-0.21
9	-0.22
10	-0.2525
11	-0.275
12	-0.1675
13	-0.215
14	-0.195
15	-0.1625
16	-0.1475
17	-0.1425
18	-0.1225
19	-0.135
20	-0.18
21	-0.175
22	-0.1875
23	-0.285
24	-0.235
25	-0.1975
26	-0.192499999999999
27	-0.2275
28	-0.2375
29	-0.2275
30	-0.2275
31	-0.172499999999999
32	-0.172499999999999
33	-0.0374999999999996
34	-0.1025
35	-0.00749999999999984
36	0.0575000000000006
37	0.0375000000000005
38	0.140000000000001
39	0.185
40	0.175
41	0.2075
42	0.257500000000001
43	0.3175
44	0.2975
45	0.320000000000001
46	0.28
47	0.265000000000001
48	0.187500000000001
49	0.1525
50	0.0925000000000007
51	-0.0249999999999995
52	0.0225000000000009
53	-0.0224999999999991
54	-0.0574999999999992
55	-0.0374999999999992
56	0.00500000000000078
57	-0.0624999999999991
58	-0.0299999999999994
59	0.1075
60	0.0475000000000008
61	0.110000000000001
62	0.0400000000000014
63	0.0825000000000005
64	0.15
65	-0.0100000000000002
66	-0.0349999999999997
67	0.0250000000000004
68	0.0575000000000001
69	-0.0874999999999999
70	0.00750000000000028
71	-0.0100000000000002
72	-0.0424999999999995
73	-0.15
74	-0.3775
75	-0.4375
76	-0.367499999999999
77	-0.3825
78	-0.365
79	-0.347499999999999
80	-0.24
81	-0.2475
82	-0.2275
83	-0.289999999999999
84	-0.254999999999999
85	-0.1
86	0.100000000000001
87	0.0675000000000003
88	0.0724999999999998
89	0.0550000000000006
90	0.0175000000000005
91	-0.00249999999999995
92	-0.0699999999999994
93	0.0850000000000009
94	0.0400000000000005
95	0.0600000000000009
96	0.25
97	0.0675000000000003
98	0.275000000000001
99	0.28
100	0.145
101	0.242500000000001
102	0.305
103	0.1475
104	0.272500000000001
105	0.235000000000001
106	0.160000000000001
107	0.172500000000001
108	0.105000000000001
109	0.17
110	0.145
111	0.257500000000001
112	0.182500000000001
113	0.2975
114	0.340000000000001
115	0.530000000000001
116	0.577500000000001
117	0.6675
118	0.955
119	0.997500000000001
120	0.987500000000001
121	0.9175
122	0.807500000000001
123	1.095
124	1.08
125	1.2475
126	1.22
127	1.295
128	1.3375
129	1.3
130	1.335
131	1.395
132	1.4425
133	1.5125
134	1.4275
135	1.49
136	1.3975
137	1.395
138	1.335
139	1.395
140	1.29
141	1.4375
142	1.5325
143	1.665
144	1.8025
145	1.905
146	2.0425
147	2.245
148	2.2825
149	2.3575
150	2.3725
151	2.345
152	2.4175
153	2.48
154	2.2275
155	2.2175
156	2.275
157	2.2125
158	2.2625
159	2.105
160	2.1625
161	1.91
162	2.0125
163	2.0775
164	2.17
165	2.1275
166	2.21
167	2.1375
168	2.01
169	1.94
170	1.925
171	1.755
172	1.9175
173	1.875
174	1.915
175	2.065
176	2.1075
177	1.97
178	2.0525
179	1.85
180	1.7375
181	1.695
182	1.6475
183	1.6775
184	1.5625
185	1.345
186	1.3075
187	1.33
188	1.295
189	1.085
190	1.1075
191	1.11
192	0.915000000000001
193	1.025
194	0.857500000000003
195	1.0375
196	1.0775
197	1.165
198	1.015
199	0.910000000000002
200	0.7475
201	0.68
202	0.735000000000001
203	0.982500000000002
204	1.005
205	0.9975
206	1.0525
207	1.01
208	1.05
209	1.05
210	1.0425
211	0.98
212	0.89
213	0.835
214	0.720000000000001
215	0.725000000000001
216	0.655
217	0.625000000000001
218	0.510000000000002
219	0.382500000000001
220	0.415000000000001
221	0.437500000000002
222	0.385000000000001
223	0.260000000000001
224	0.1325
225	0.0650000000000013
226	0.0425000000000004
227	0.0475000000000003
228	0.335000000000001
229	0.197500000000001
230	0.375000000000001
231	0.352500000000001
232	0.210000000000001
233	0.350000000000001
234	0.287500000000001
235	0.315
236	0.302500000000001
237	0.405
238	0.315000000000001
239	-0.0349999999999988
240	0.0325000000000006
241	-0.0024999999999995
242	-0.107499999999999
243	-0.125
244	-0.25
245	-0.24
246	-0.23
247	-0.365
248	-0.322499999999999
249	-0.337499999999999
250	-0.429999999999999
251	-0.522499999999999
252	-0.632499999999999
253	-0.692499999999999
254	-0.692499999999999
255	-0.6875
256	-0.625
257	-0.607499999999999
258	-0.5475
259	-0.5525
260	-0.64
261	-0.595
262	-0.5975
263	-0.544999999999999
264	-0.637499999999999
265	-0.875
266	-0.89
267	-1.0625
268	-1.0275
269	-1.12
270	-1.03
271	-1.1
272	-0.975
273	-1.0425
274	-0.9925
275	-0.995
276	-1.1275
277	-1.1325
278	-1.1675
279	-1.005
280	-1.09
281	-1.145
282	-1.225
283	-1.095
284	-1.18
285	-1.085
286	-0.96
287	-0.9475
288	-0.8275
289	-0.745
290	-0.605
291	-0.5775
292	-0.7225
293	-0.649999999999999
294	-0.649999999999999
295	-0.62
296	-0.554999999999999
297	-0.585
298	-0.5725
299	-0.597499999999999
300	-0.5075
301	-0.37
302	-0.495
303	-0.3
304	-0.2425
305	-0.3
306	-0.357499999999999
307	-0.32
308	-0.3775
309	-0.442499999999999
310	-0.345
311	-0.387499999999999
312	-0.365
313	-0.317499999999999
314	-0.257499999999999
315	-0.4525
316	-0.385
317	-0.197499999999999
318	-0.105
319	-0.204999999999999
320	-0.2475
321	-0.244999999999999
322	-0.347499999999999
323	-0.249999999999999
324	-0.225
325	-0.177499999999999
326	-0.225
327	-0.1425
328	-0.0375000000000001
329	-0.0375000000000001
330	-0.117499999999999
331	-0.1225
332	-0.112499999999999
333	-0.149999999999999
334	-0.154999999999999
335	-0.139999999999999
336	-0.24
337	-0.107499999999999
338	-0.105
339	-0.155
340	-0.1875
341	-0.200000000000001
342	-0.0299999999999989
343	-0.0524999999999993
344	-0.0174999999999996
345	0.11
346	-0.0224999999999995
347	-0.0324999999999998
348	0.0325000000000006
349	0.0325000000000006
350	0.0200000000000005
351	0.0524999999999998
352	0.0900000000000003
353	0.00500000000000034
354	0.0700000000000007
355	0.0775000000000006
356	0.102500000000001
357	0.0500000000000007
358	0.2575
359	0.155
360	0.100000000000001
361	0.1325
362	0.100000000000001
363	0.11
364	0.0500000000000007
365	-0.1225
366	-0.129999999999999
367	-0.0199999999999996
368	0.017500000000001
369	0.0950000000000015
370	0.127500000000001
371	0.15
372	0.112500000000001
373	-0.0599999999999987
374	-0.142499999999999
375	-0.175
376	-0.232499999999999
377	-0.315
378	-0.3275
379	-0.25
380	-0.204999999999999
381	-0.199999999999998
382	-0.112499999999999
383	-0.19
384	-0.194999999999999
385	-0.177499999999999
386	-0.145
387	-0.109999999999999
388	0.0225000000000009
389	0.0825000000000005
390	-0.0350000000000001
391	0.0575000000000019
392	0.19
393	0.205
394	0.0475000000000003
395	0.0725000000000007
396	0.100000000000001
397	-0.0099999999999989
398	0.1775
399	0.080000000000001
400	0.0825000000000014
401	0.175000000000002
402	0.307500000000001
403	0.12
404	0.202500000000001
405	0.117500000000001
406	0.157500000000001
407	0.165
408	0.212500000000001
409	0.3125
410	0.3425
411	0.302500000000001
412	0.525
413	0.542500000000001
414	0.535000000000001
415	0.522500000000002
416	0.297500000000001
417	0.157500000000002
418	0.100000000000001
419	0.235
420	0.265000000000001
421	0.205000000000001
422	0.157500000000002
423	0.239999999999999
424	0.287500000000001
425	0.307500000000001
426	0.445
427	0.330000000000001
428	0.2975
429	0.317500000000002
430	0.262500000000001
431	0.315
432	0.267500000000001
433	0.367500000000001
434	0.325
435	0.402500000000001
436	0.495
437	0.662500000000001
438	0.532500000000002
439	0.557500000000001
440	0.475000000000001
441	0.562500000000001
442	0.540000000000001
443	0.5525
444	0.485
445	0.522500000000001
446	0.635000000000001
447	0.707500000000001
448	0.527500000000001
449	0.545000000000001
450	0.52
451	0.5475
452	0.71
453	0.7275
454	0.69
455	0.660000000000001
456	0.517500000000001
457	0.575000000000001
458	0.555000000000001
459	0.417500000000001
460	0.260000000000002
461	0.0425000000000004
462	-0.027499999999999
463	0.115
464	0.100000000000001
465	0.00750000000000028
466	0.115000000000001
467	-0.0374999999999996
468	-0.0274999999999999
469	-0.14
470	-0.2925
471	-0.387499999999999
472	-0.385
473	-0.477499999999999
474	-0.5575
475	-0.499999999999999
476	-0.4475
477	-0.54
478	-0.4925
479	-0.507499999999999
480	-0.425
481	-0.5275
482	-0.5375
483	-0.715
484	-0.7475
485	-0.752499999999999
486	-0.902499999999999
487	-1.0025
488	-1.0775
489	-1.01
490	-1.005
491	-1.0425
492	-1.04
493	-1.1075
494	-1.03
495	-1.0425
496	-1.085
497	-0.975
498	-1.005
499	-1.09
500	-1.095
501	-1.1025
502	-1.03
503	-0.842499999999998
504	-0.882499999999999
505	-0.854999999999999
506	-0.64
507	-0.7075
508	-0.682499999999999
509	-0.659999999999999
510	-0.54
511	-0.5725
512	-0.5375
513	-0.682499999999999
514	-0.702499999999999
515	-0.779999999999999
516	-0.882499999999999
517	-0.844999999999999
518	-0.83
519	-0.632499999999999
520	-0.612499999999998
521	-0.552499999999999
522	-0.562499999999999
523	-0.644999999999999
524	-0.6325
525	-0.615
526	-0.482499999999999
527	-0.569999999999999
528	-0.659999999999998
529	-0.559999999999999
530	-0.607499999999999
531	-0.522499999999999
532	-0.482499999999999
533	-0.4875
534	-0.4875
535	-0.377499999999999
536	-0.342499999999999
537	-0.374999999999999
538	-0.459999999999999
539	-0.454999999999999
540	-0.377499999999999
541	-0.282499999999999
542	-0.432499999999999
543	-0.394999999999999
544	-0.447499999999999
545	-0.5475
546	-0.622499999999999
547	-0.644999999999999
548	-0.674999999999999
549	-0.5225
550	-0.4725
551	-0.447499999999999
552	-0.329999999999999
553	-0.3075
554	-0.4125
555	-0.5825
556	-0.587499999999999
557	-0.5775
558	-0.5225
559	-0.415
560	-0.305
561	-0.34
562	-0.34
563	-0.3675
564	-0.182499999999999
565	-0.1775
566	-0.212499999999999
567	-0.355
568	-0.417499999999999
569	-0.46
570	-0.45
571	-0.4975
572	-0.5325
573	-0.5025
574	-0.505
575	-0.5175
576	-0.59
577	-0.695
578	-0.749999999999999
579	-0.7175
580	-0.72
581	-0.814999999999999
582	-0.805
583	-0.88
584	-0.99
585	-0.87
586	-1
587	-1.115
588	-1.1675
589	-1.23
590	-1.2775
591	-1.275
592	-1.195
593	-1.25
594	-1.235
595	-1.3825
596	-1.435
597	-1.285
598	-1.265
599	-1.2
600	-1.2725
601	-1.355
602	-1.345
603	-1.325
604	-1.2425
605	-1.205
606	-1.1775
607	-1.21
608	-1.15
609	-1.075
610	-1.155
611	-1.12
612	-1.0575
613	-1.07
614	-0.9725
615	-1
616	-1.0725
617	-1.0075
618	-1.0275
619	-0.8975
620	-0.7675
621	-0.9
622	-0.9125
623	-0.779999999999999
624	-0.75
625	-0.71
626	-0.629999999999999
627	-0.492499999999999
628	-0.5625
629	-0.632499999999999
630	-0.6225
631	-0.58
632	-0.589999999999999
633	-0.759999999999999
634	-0.78
635	-0.8375
636	-0.782499999999999
637	-0.7425
638	-0.7775
639	-0.625
640	-0.6225
641	-0.6475
642	-0.54
643	-0.392499999999999
644	-0.345
645	-0.3125
646	-0.284999999999998
647	-0.2725
648	-0.3925
649	-0.394999999999999
650	-0.457499999999999
651	-0.372499999999999
652	-0.349999999999999
653	-0.385
654	-0.412499999999999
655	-0.5
656	-0.492499999999999
657	-0.532499999999999
658	-0.359999999999999
659	-0.274999999999999
660	-0.279999999999999
661	-0.312499999999999
662	-0.2775
663	-0.3175
664	-0.3025
665	-0.24
666	-0.2375
667	-0.19
668	-0.284999999999999
669	-0.215
670	-0.232499999999999
671	0.0625000000000009
672	0.107500000000001
673	0.097500000000001
674	0.1275
675	0.115
676	0.220000000000001
677	0.350000000000001
678	0.380000000000001
679	0.210000000000001
680	0.1675
681	0.0725000000000007
682	0.1275
683	0.145
684	0.365000000000002
685	0.575000000000001
686	0.610000000000001
687	0.775000000000001
688	0.765000000000001
689	0.83
690	0.985
691	1.0475
692	1.1425
693	1.2275
694	1.2525
695	1.14
696	1.3875
697	1.5225
698	1.3975
699	1.3825
700	1.315
701	1.3625
702	1.3325
703	1.2275
704	1.34
705	1.445
706	1.655
707	1.5075
708	1.415
709	1.585
710	1.74
711	1.7125
712	1.705
713	1.755
714	1.815
715	2.0925
716	2.15
717	2.295
718	2.285
719	2.275
720	2.265
721	2.295
722	2.2625
723	2.24
724	2.405
725	2.485
726	2.52
727	2.48
728	2.49
729	2.5275
730	2.3425
731	2.3425
732	2.1625
733	2.2025
734	2.21
735	2.2175
736	2.285
737	2.28
738	2.305
739	2.5325
740	2.5075
741	2.39
742	2.105
743	2.1025
744	2.135
745	2.03
746	2.0775
747	2.045
748	1.95
749	1.805
750	1.7875
751	1.6925
752	1.715
753	1.6775
754	1.685
755	1.7425
756	1.6225
757	1.5525
758	1.5925
759	1.605
760	1.55
761	1.57
762	1.495
763	1.4675
764	1.385
765	1.535
766	1.59
767	1.56
768	1.5225
769	1.435
770	1.3325
771	1.455
772	1.2775
773	1.3525
774	1.2775
775	1.315
776	1.21
777	1.0475
778	0.995000000000001
779	1.0275
780	0.910000000000001
781	0.8125
782	0.582500000000001
783	0.600000000000001
784	0.550000000000001
785	0.465000000000001
786	0.362500000000001
787	0.2175
788	0.147500000000001
789	0.157500000000001
790	0.1875
791	0.100000000000001
792	0.155000000000001
793	0.0600000000000005
794	0.0500000000000007
795	0.00500000000000034
796	-0.00249999999999995
797	-0.0199999999999996
798	0.0100000000000007
799	0.0275000000000003
800	0.0450000000000008
801	-0.1275
802	-0.0899999999999999
803	-0.0824999999999991
804	-0.0949999999999998
805	-0.112499999999999
806	-0.0424999999999991
807	-0.165
808	0.0150000000000001
809	0.0125
810	0.00750000000000073
811	0.00750000000000006
812	0.0449999999999999
813	0.160000000000001
814	0.3275
815	0.2175
816	0.275
817	0.2775
818	0.32
819	0.285
820	0.28
821	0.31
822	0.29
823	0.2875
824	0.325
825	0.2525
826	0.2675
827	0.2275
828	0.18
829	0.2475
830	0.3
831	0.275
832	0.2975
833	0.23
834	0.16
835	0.1575
836	0.17
837	0.1575
838	0.0600000000000001
839	0.12
840	0.14
841	0.1125
842	0.0875000000000004
843	0.1075
844	0.0925000000000002
845	0.0925000000000002
846	0.145
847	0.0700000000000003
848	0.1175
849	0.0974999999999999
850	0.105
851	0.2025
852	0.1525
853	0.2325
854	0.155
855	0.205
856	0.23
857	0.2225
858	0.2475
859	0.2925
860	0.26
861	0.3
862	0.285
863	0.3425
864	0.355
865	0.3
866	0.28
867	0.2525
868	0.2125
869	0.205
870	0.2875
871	0.27
872	0.2925
873	0.3175
874	0.3425
875	0.3275
876	0.2825
877	0.275
878	0.2975
879	0.3425
880	0.3175
881	0.3025
882	0.2425
883	0.265
884	0.2825
885	0.3525
886	0.3
887	0.2275
888	0.26
889	0.1875
890	0.2375
891	0.22
892	0.155
893	0.155
894	0.2075
895	0.2
896	0.2125
897	0.2025
898	0.2025
899	0.1825
900	0.17
901	0.15
902	0.13
903	0.175
904	0.18
905	0.205
906	0.1725
907	0.1525
908	0.1475
909	0.1275
910	0.1125
911	0.0800000000000002
912	0.0600000000000001
913	0.0650000000000001
914	0.0150000000000001
915	-0.0249999999999999
916	-0.0449999999999999
917	-0.11
918	-0.0975
919	-0.11
920	-0.1275
921	-0.2175
922	-0.1975
923	-0.165
924	-0.1725
925	-0.16
926	-0.165
927	-0.16
928	-0.1975
929	-0.195
930	-0.2575
931	-0.2375
932	-0.195
933	-0.2325
934	-0.25
935	-0.1875
936	-0.2
937	-0.25
938	-0.255
939	-0.3
940	-0.2725
941	-0.295
942	-0.325
943	-0.2725
944	-0.3175
945	-0.3525
946	-0.3575
947	-0.33
948	-0.3525
949	-0.34
950	-0.2925
951	-0.2875
952	-0.24
953	-0.1975
954	-0.244999999999999
955	-0.1725
956	-0.165
957	-0.145
958	-0.19
959	-0.215
960	-0.1875
961	-0.22
962	-0.1275
963	-0.0774999999999995
964	-0.0774999999999995
965	-0.0699999999999996
966	-0.0649999999999997
967	-0.0899999999999996
968	-0.155
969	-0.16
970	-0.1975
971	-0.225
972	-0.1925
973	-0.135
974	-0.14
975	-0.1325
976	-0.18
977	-0.2125
978	-0.1675
979	-0.2175
980	-0.17
981	-0.1275
982	-0.14
983	-0.205
984	-0.1675
985	-0.205
986	-0.225
987	-0.2475
988	-0.2725
989	-0.3275
990	-0.265
991	-0.3375
992	-0.34
993	-0.46
994	-0.465
995	-0.5025
996	-0.475
997	-0.415
998	-0.545
999	-0.5475
1000	-0.51
1001	-0.5875
1002	-0.535
1003	-0.515
1004	-0.4325
1005	-0.44
1006	-0.415
1007	-0.4475
1008	-0.35
1009	-0.245
1010	-0.2225
1011	-0.205
1012	-0.2075
1013	-0.0449999999999995
1014	0.00250000000000017
1015	2.22044604925031e-16
1016	-0.0274999999999999
1017	-0.0824999999999998
1018	-0.0774999999999997
1019	-0.0124999999999997
1020	0.0425000000000004
1021	0.1275
1022	0.0650000000000002
1023	0.1375
1024	0.120000000000001
1025	0.185
1026	0.1775
1027	0.1775
1028	0.205
1029	0.2475
1030	0.2275
1031	0.2925
1032	0.28
1033	0.2075
1034	0.2775
1035	0.16
1036	0.135
1037	0.1975
1038	0.1325
1039	0.0750000000000002
1040	0.00500000000000034
1041	-0.0324999999999998
1042	0.0125000000000002
1043	-0.0124999999999997
1044	-0.0974999999999997
1045	-0.195
1046	-0.195
1047	-0.1875
1048	-0.17
1049	-0.2175
1050	-0.26
1051	-0.265
1052	-0.2725
1053	-0.2625
1054	-0.1825
1055	-0.2075
1056	-0.2575
1057	-0.3425
1058	-0.3175
1059	-0.365
1060	-0.3625
1061	-0.3975
1062	-0.3275
1063	-0.3275
1064	-0.4
1065	-0.415
1066	-0.3125
1067	-0.3275
1068	-0.4325
1069	-0.4325
1070	-0.445
1071	-0.425
1072	-0.445
1073	-0.425
1074	-0.4
1075	-0.3625
1076	-0.32
1077	-0.2575
1078	-0.3225
1079	-0.2925
1080	-0.24
1081	-0.2225
1082	-0.1975
1083	-0.1675
1084	-0.1375
1085	-0.205
1086	-0.18
1087	-0.1875
1088	-0.175
1089	-0.1125
1090	-0.1425
1091	-0.145
1092	-0.165
1093	-0.165
1094	-0.13
1095	-0.11
1096	-0.0849999999999998
1097	-0.0649999999999999
1098	-0.0849999999999998
1099	-0.0724999999999998
1100	-0.0349999999999999
1101	0.00250000000000006
1102	-0.0375
1103	-0.0449999999999999
1104	0.0125000000000001
1105	0.0500000000000001
1106	0.035
1107	0.065
1108	0.0775000000000001
1109	0.05
1110	0.05
1111	0.055
1112	0.0350000000000001
1113	0.015
1114	0.0275000000000001
1115	0.00750000000000006
1129	-0.0624999999999999
1130	-0.0624999999999999
1147	-0.2475
1148	-0.235
1149	-0.26
1150	-0.18
1151	-0.12
1152	-0.1325
1153	-0.1325
1154	-0.125
1155	-0.0574999999999999
1156	-0.0674999999999998
1157	-0.1375
1158	-0.1375
1159	-0.105
1160	-0.11
1161	-0.1075
1162	-0.0599999999999998
1163	-0.11
1164	-0.1275
1165	-0.125
1166	-0.11
1167	-0.0575
1168	-0.08
1169	-0.0199999999999998
1170	0.04
1171	0.0550000000000002
1172	0.0550000000000002
1173	0.0700000000000001
1174	0.0375000000000001
1175	0.025
1176	0.0425000000000002
1177	0.1425
1178	0.21
1179	0.16
1180	0.1225
1181	0.17
1182	0.12
1183	0.03
1184	0.0175000000000003
1185	0.0825000000000002
1186	0.00500000000000034
1187	-0.085
1188	-0.0650000000000002
1189	-0.0374999999999999
1190	-0.0574999999999997
1191	-0.1225
1192	-0.155
1193	-0.0825
1194	-0.1375
1195	-0.1575
1196	-0.0799999999999996
1197	-0.0799999999999996
1198	-0.145
1199	-0.0474999999999997
1200	-0.0924999999999994
1201	-0.0949999999999998
1202	-0.0899999999999999
1203	-0.1225
1204	-0.1425
1205	-0.1875
1206	-0.2475
1207	-0.2125
1208	-0.2125
1209	-0.1725
1210	-0.105
1211	-0.0599999999999998
1212	-0.0999999999999999
1213	-0.1675
1214	-0.2275
1215	-0.11
1216	-0.0649999999999997
1217	-0.11
1218	-0.0649999999999997
1219	-0.00249999999999995
1220	0.0375000000000001
1221	0.0175000000000001
1222	0.0375000000000001
1223	0.1
1224	0.1325
1225	0.145
1226	0.1975
1227	0.2375
1228	0.255
1229	0.2225
1230	0.2
1231	0.2275
1232	0.17
1233	0.21
1234	0.19
1235	0.125
1236	0.235
1237	0.245
1238	0.2025
1239	0.2025
1240	0.24
1241	0.2325
1242	0.2525
1243	0.21
1244	0.185
1245	0.1175
1246	0.0625000000000002
1247	0.0300000000000002
1248	0.0475000000000003
1249	0.0525000000000002
1250	0.0275000000000003
1251	-0.0124999999999997
1252	-0.00749999999999984
1253	-0.04
1254	0.0175000000000001
1255	-0.00249999999999995
1256	-0.0425
1257	-0.075
1258	-0.0699999999999997
1259	-0.0824999999999999
1260	-0.0899999999999996
1261	-0.11
1262	-0.105
1263	-0.1125
1264	-0.125
1265	-0.125
1266	-0.0599999999999999
1267	-0.0624999999999998
1268	-0.0774999999999999
1269	-0.1575
1270	-0.1125
1271	-0.0674999999999999
1272	-0.14
1273	-0.195
1274	-0.165
1275	-0.1575
1276	-0.125
1277	-0.0799999999999997
1278	-0.0999999999999998
1279	-0.0174999999999998
1280	0.0125000000000001
1281	0.0650000000000002
1282	0.13
1283	0.135
1284	0.1275
1285	0.1225
1286	0.165
1287	0.1575
1288	0.1075
1289	0.1375
1290	0.0725000000000002
1291	0.0850000000000002
1292	0.0850000000000002
1293	0.0800000000000001
1294	0.0525000000000002
1295	0.0650000000000002
1296	0.0700000000000001
1297	0.03
1298	0.01
1299	-0.0299999999999999
1300	-0.0174999999999998
1301	-0.00499999999999978
1302	-0.0449999999999998
1303	-0.0249999999999999
1304	0
1305	-0.0125
1306	-0.0199999999999999
1307	-0.0599999999999999
1308	-0.0224999999999999
1309	0.0150000000000001
1310	0.0325
1311	0.00500000000000006
1312	-0.0225
1313	-0.0374999999999999
1314	-0.0424999999999999
1315	-0.0624999999999999
1316	-0.0624999999999999
1317	-0.0649999999999999
1318	-0.0925
1319	-0.0599999999999999
1320	-0.0525
1321	-0.0599999999999999
1322	-0.0725
1323	-0.1175
1324	-0.0925
1325	-0.0799999999999999
1326	-0.0674999999999999
1327	-0.0925
1328	-0.085
1329	-0.0725
1330	-0.0825
1331	-0.1275
1332	-0.0799999999999998
1333	-0.0975
1334	-0.135
1335	-0.1225
1336	-0.115
1337	-0.1025
1338	-0.0824999999999999
1339	-0.0649999999999999
1340	-0.115
1341	-0.115
1342	-0.1275
1343	-0.1275
1344	-0.1275
1345	-0.12
1346	-0.0925
1347	-0.0724999999999998
1348	-0.0649999999999999
1349	-0.0375
1350	-0.05
1351	-0.0174999999999998
1352	0.0475000000000001
1353	0.05
1354	0.0900000000000001
1355	0.0850000000000002
1356	0.0650000000000002
1357	-0.005
1358	-0.0174999999999998
1359	0.00250000000000017
1360	-0.0225
1361	-0.0524999999999999
1362	-0.0649999999999998
1363	-0.0899999999999999
1364	-0.11
1365	-0.1475
1366	-0.1625
1367	-0.13
1368	-0.155
1369	-0.13
1370	-0.13
1371	-0.1275
1372	-0.095
1373	-0.1625
1374	-0.115
1375	-0.12
1376	-0.055
1377	-0.0424999999999999
1378	-0.01
1379	-0.00249999999999984
1380	0.0375000000000002
1381	0.00500000000000012
1382	0.00500000000000012
1383	-0.0324999999999999
1384	-0.00749999999999973
1385	0.0525000000000001
1386	-0.0299999999999999
1387	-0.1175
1388	-0.1175
1389	-0.1325
1390	-0.16
1391	-0.14
1392	-0.0449999999999998
1393	0.00750000000000006
1394	0.0725000000000001
1395	0.0150000000000003
1396	0.0550000000000002
1397	0.1275
1398	0.165
1399	0.25
1400	0.2575
1401	0.245
1402	0.285
1403	0.3125
1404	0.235
1405	0.1975
1406	0.18
1407	0.115
1408	0.0575000000000001
1409	0.0700000000000003
1410	0.1275
1411	0.0700000000000003
1412	0.00500000000000034
1413	0.0250000000000004
1414	0.0375000000000001
1415	-0.0199999999999998
1416	0.0250000000000004
1417	0.0200000000000002
1418	0.0250000000000004
1419	0.00750000000000006
1420	0.0499999999999998
1421	-0.00249999999999995
1422	0.0725
1423	0.1025
1424	0.0775000000000001
1425	0.0900000000000003
1426	0.11
1427	0.115
1428	0.0850000000000002
1429	0.02
1430	-0.0574999999999999
1431	-0.0249999999999999
1432	-0.0699999999999998
1433	-0.175
1434	-0.2
1435	-0.26
1436	-0.24
1437	-0.1825
1438	-0.2225
1439	-0.2425
1440	-0.2625
1441	-0.21
1442	-0.205
1443	-0.1275
1444	-0.1075
1445	-0.0874999999999999
1446	-0.12
1447	-0.0425
1448	0.0150000000000003
1449	0.0100000000000002
1450	0
1451	0.0525000000000002
1452	-0.0174999999999998
1453	0.0625000000000002
1454	0.11
1455	0.135
1456	0.0825000000000002
1457	0.0375000000000001
1458	0.0450000000000004
1459	0.0600000000000001
1460	0.0900000000000001
1461	0.145
1462	0.17
1463	0.145
1464	0.1025
1465	0.175
1466	0.2225
1467	0.21
1468	0.2225
1469	0.255
1470	0.275
1471	0.2575
1472	0.22
1473	0.195
1474	0.2625
1475	0.2575
1476	0.3025
1477	0.37
1478	0.39
1479	0.387500000000001
1480	0.4175
1481	0.3825
1482	0.3025
1483	0.2625
1484	0.27
1485	0.2825
1486	0.2175
1487	0.1725
1488	0.21
1489	0.1825
1490	0.135
1491	0.115
1492	0.075
1493	0.0600000000000001
1494	0.0925000000000002
1495	0.0450000000000004
1496	0.0125000000000002
1497	-0.0474999999999999
1498	-0.0525
1499	-0.0525
1500	-0.00249999999999995
1501	0.0175000000000001
1502	0.0350000000000001
1503	0.125
1504	0.105
1505	0.1175
1506	0.15
1507	0.1625
1508	0.185
1509	0.1775
1510	0.17
1511	0.1
1512	0.1325
1513	0.025
1514	0.0775000000000003
1515	0.17
1516	0.15
1517	0.2075
1518	0.215
1519	0.2475
1520	0.24
1521	0.2525
1522	0.31
1523	0.33
1524	0.2775
1525	0.2825
1526	0.2875
1527	0.2675
1528	0.2825
1529	0.3475
1530	0.3275
1531	0.3275
1532	0.335
1533	0.3475
1534	0.385
1535	0.3725
1536	0.3
1537	0.24
1538	0.24
1539	0.18
1540	0.225
1541	0.205
1542	0.1975
1543	0.1725
1544	0.1675
1545	0.1825
1546	0.1375
1547	0.185
1548	0.1825
1549	0.1325
1550	0.12
1551	0.0275
1552	0.0725000000000001
1553	0.045
1554	0.0525
1555	0.045
1556	0.0250000000000001
1557	0.0425000000000002
1558	0.0150000000000001
1559	0.00750000000000006
1560	0.0450000000000002
1561	-0.00749999999999995
1562	-0.0325
1563	-0.0574999999999999
1564	-0.0325
1565	-0.0774999999999998
1566	-0.0474999999999999
1567	0.00500000000000012
1568	0.00500000000000012
1569	-0.00749999999999995
1570	-0.0599999999999998
1571	-0.0749999999999998
1572	-0.0625
1573	-0.0425
1574	-0.07
1575	-0.0625
1576	-0.0674999999999999
1577	-0.0474999999999999
1578	-0.0799999999999998
1579	-0.0674999999999999
1580	-0.0149999999999998
1581	-0.0749999999999998
1582	-0.1025
1583	-0.0574999999999999
1584	-0.0574999999999999
1585	-0.0524999999999999
1586	-0.0799999999999998
1587	-0.0924999999999998
1588	-0.1375
1589	-0.1375
1590	-0.1075
1591	-0.0924999999999998
1592	-0.0524999999999999
1593	-0.0825
1594	-0.0999999999999999
1595	-0.0674999999999999
1596	-0.0649999999999998
1597	-0.075
1598	-0.0349999999999999
1599	0.0200000000000002
1600	-0.00499999999999989
1601	0.00750000000000006
1602	-0.0299999999999999
1603	-0.0874999999999998
1604	-0.15
1605	-0.0574999999999998
1606	0.0225000000000002
1607	0.0175000000000002
1608	0.0975000000000001
1609	0.1175
1610	0.1325
1611	0.0975000000000001
1612	0.0525000000000002
1613	0.0300000000000002
1614	2.22044604925031e-16
1615	0.0400000000000003
1616	-0.0174999999999998
1617	-0.0549999999999997
1618	-0.0799999999999998
1619	-0.105
1620	-0.11
1621	-0.1225
1622	-0.0774999999999999
1623	-0.0974999999999997
1624	-0.11
1625	-0.0525
1626	-0.0949999999999998
1627	-0.0825
1628	-0.0625000000000002
1629	-0.0499999999999998
1630	-0.0174999999999996
1631	-0.0699999999999996
1632	-0.00999999999999956
1633	0.0150000000000001
1634	0.0250000000000001
1635	0.0100000000000002
1636	-0.00999999999999956
1637	0.0100000000000002
1638	0.0950000000000002
1639	0.145
1640	0.1775
1641	0.1
1642	0.0150000000000001
1643	0.12
1644	0.0500000000000003
1645	-0.00250000000000017
1646	0.0425000000000002
1647	0.0475000000000001
1648	0.1575
1649	0.205
1650	0.2125
1651	0.1475
1652	0.165
1653	0.2025
1654	0.2425
1655	0.295
1656	0.3225
1657	0.4275
1658	0.4025
1659	0.435
1660	0.48
1661	0.4225
1662	0.4075
1663	0.355
1664	0.3275
1665	0.2875
1666	0.295
1667	0.3625
1668	0.32
1669	0.3575
1670	0.315
1671	0.3275
1672	0.32
1673	0.2875
1674	0.1975
1675	0.2025
1676	0.2075
1677	0.22
1678	0.2575
1679	0.165
1680	0.1575
1681	0.1825
1682	0.1175
1683	0.1875
1684	0.0825
1685	0.0700000000000001
1686	0.0750000000000001
1687	0.0800000000000001
1688	0.0725000000000002
1689	0.1175
1690	0.1275
1691	0.0800000000000004
1692	0.0525
1693	-0.0274999999999999
1694	-0.0099999999999999
1695	-0.0174999999999998
1696	-0.0374999999999999
1697	1.11022302462516e-16
1698	0.0450000000000002
1699	0.0825000000000001
1700	0.05
1701	0.075
1702	0.0400000000000001
1703	-0.0274999999999999
1704	-0.0599999999999999
1705	-0.0924999999999998
1706	-0.0874999999999999
1707	-0.07
1708	-0.1025
1709	-0.11
1710	-0.0675
1711	-0.0874999999999999
1712	-0.0824999999999999
1713	-0.1175
1714	-0.155
1715	-0.1425
1716	-0.17
1717	-0.17
1718	-0.14
1719	-0.1875
1720	-0.175
1721	-0.155
1722	-0.1425
1723	-0.11
1724	-0.11
1725	-0.105
1726	-0.1425
1727	-0.155
1728	-0.1625
1729	-0.15
1731	-0.15
1732	-0.0974999999999999
1733	-0.0774999999999999
1734	-0.11
1735	-0.11
1736	-0.0974999999999999
1737	-0.0974999999999999
1738	-0.085
1739	-0.0399999999999999
1740	-0.02
1741	-0.015
1742	-0.0399999999999999
1743	-0.0599999999999999
1744	-0.0599999999999999
1745	-0.0649999999999999
1746	-0.0649999999999999
1747	-0.0299999999999999
1748	-0.0299999999999999
1749	0.0375000000000001
1750	0.0500000000000001
1751	0.0750000000000001
1752	0.0750000000000001
1753	0.1
1754	0.0625000000000001
1755	0.0625000000000001
1756	0.0625000000000001
1757	0.0175000000000001
1758	-0.015
1759	-0.035
1760	-0.0225
1761	-0.035
1762	-0.0225
1763	-0.00999999999999995
1764	-0.0225
1765	-0.0225
1766	-0.0275
1767	-0.035
1768	-0.0549999999999999
1769	-0.035
1770	-0.015
1771	-0.00749999999999995
1772	1.66533453693773e-16
1773	1.66533453693773e-16
1774	0.00750000000000001
1775	-0.005
1776	-0.0375
1777	-0.0624999999999999
1778	-0.0375
1779	-0.0375
1780	-0.0249999999999999
1781	-0.0324999999999999
1782	-0.0449999999999999
1783	-0.0674999999999999
1784	-0.0674999999999999
1785	-0.115
1786	-0.1275
1787	-0.1475
1788	-0.1275
1789	-0.1725
1790	-0.1475
1791	-0.1275
1792	-0.12
1793	-0.12
1794	-0.125
1795	-0.1625
1796	-0.1425
1797	-0.115
1798	-0.0999999999999999
1799	-0.125
1800	-0.1375
1801	-0.0574999999999999
1802	-0.0524999999999999
1803	-0.0225
1804	1.11022302462516e-16
1805	-0.0199999999999999
1806	-0.005
1807	-0.0549999999999998
1808	-0.0524999999999999
1809	-0.0449999999999999
1810	-0.0449999999999999
1811	-0.0899999999999999
1812	-0.0374999999999999
1813	-0.0549999999999999
1814	-0.0149999999999999
1815	0.0200000000000002
1816	-0.0175000000000001
1817	-0.0399999999999999
1818	-0.0525
1819	0.00749999999999995
1820	0.0350000000000003
1821	0.0425000000000001
1822	0.0650000000000003
1823	0.0350000000000001
1824	-0.00249999999999995
1825	-0.0574999999999999
1826	-0.0699999999999998
1827	-0.12
1828	-0.0799999999999998
1829	-0.0474999999999999
1830	-0.0274999999999999
1831	0.0250000000000004
1832	0.0525000000000002
1833	0.0450000000000004
1834	0.0175000000000001
1835	0.0775000000000001
1836	0.145
1837	0.0600000000000001
1838	0.1
1839	0.0650000000000004
1840	-0.00749999999999984
1841	-0.0274999999999999
1842	-0.0549999999999997
1843	0.0225000000000002
1844	0.04
1845	0.04
1846	0.0850000000000002
1847	0.125
1848	0.0800000000000001
1849	0.0225000000000002
1850	-0.00249999999999995
1851	-0.0749999999999997
1852	-0.0249999999999999
1853	-0.04
1854	-0.0249999999999999
1855	-0.0949999999999998
1856	-0.0749999999999997
1857	-0.0874999999999999
1858	-0.0599999999999998
1859	-0.0649999999999997
1860	-0.0525
1861	0.0575000000000001
1862	0.0550000000000004
1863	0.0575000000000003
1864	0.0225
1865	0.0575000000000003
1866	0.1175
1867	0.0975000000000001
1868	0.0850000000000002
1869	0.0525000000000004
1870	0.0150000000000001
1871	0.00250000000000039
1872	-0.0449999999999999
1873	-0.0199999999999998
1874	-0.0349999999999997
1875	-0.0599999999999998
1876	-0.0549999999999997
1877	-0.0449999999999999
1878	-0.0174999999999996
1879	-0.0525
1880	-0.0924999999999998
1881	-0.085
1882	-0.1375
1883	-0.1175
1884	-0.1175
1885	-0.0474999999999997
1886	-0.0374999999999999
1887	-0.00499999999999967
1888	0.0675000000000001
1889	0.0575000000000003
1890	0.03
1891	0.1325
1892	0.0750000000000002
1893	0.0175000000000003
1894	-0.05
1895	-0.0274999999999999
1896	0.0150000000000003
1897	0.0125000000000002
1898	0.0225000000000002
1899	0.0475000000000003
1900	0.0675000000000003
1901	-0.0249999999999999
1902	-0.1375
1903	-0.1375
1904	-0.1575
1905	-0.11
1906	-0.02
1907	-0.04
1908	-0.0724999999999996
1909	-0.1175
1910	-0.1175
1911	-0.1425
1912	-0.1225
1913	-0.1175
1914	-0.1325
1915	-0.12
1916	-0.1225
1917	-0.175
1918	-0.2
1919	-0.235
1920	-0.1825
1921	-0.2325
1922	-0.2625
1923	-0.2475
1924	-0.345
1925	-0.345
1926	-0.345
1927	-0.32
1928	-0.255
1929	-0.17
1930	-0.125
1931	-0.1875
1932	-0.1725
1933	-0.2125
1934	-0.2125
1935	-0.285
1936	-0.2525
1937	-0.235
1938	-0.2125
1939	-0.1525
1940	-0.16
1941	-0.2125
1942	-0.2175
1943	-0.295
1944	-0.3075
1945	-0.2725
1946	-0.2725
1947	-0.33
1948	-0.3225
1949	-0.33
1950	-0.3175
1951	-0.3225
1952	-0.3175
1953	-0.285
1954	-0.2275
1955	-0.1475
1956	-0.205
1957	-0.1625
1958	-0.0725
1959	-0.0299999999999998
1960	0.0150000000000001
1961	-0.00499999999999989
1962	0.0150000000000001
1963	-0.0774999999999999
1964	-0.1575
1965	-0.255
1966	-0.26
1967	-0.1375
1968	-0.2025
1969	-0.1775
1970	-0.13
1971	-0.0249999999999999
1972	0
1973	0.0125000000000002
1974	-0.0324999999999998
1975	-0.0874999999999999
1976	-0.1
1977	-0.0499999999999998
1978	-0.0524999999999998
1979	0.0300000000000001
1980	0.0625
1981	0.0900000000000001
1982	0.155
1983	0.18
1984	0.1525
1985	0.1575
1986	0.1625
1987	0.15
1988	0.1425
1989	0.1675
1990	0.155
1991	0.0625000000000002
1992	0.0475000000000001
1993	0.0350000000000001
1994	-0.0125
1995	-0.0449999999999999
1996	-0.0524999999999999
1997	-0.0349999999999998
1998	-0.0549999999999998
1999	-0.0299999999999999
2000	-0.0174999999999998
2001	1.11022302462516e-16
2002	-0.0225
2003	-0.075
2004	-0.0174999999999998
2005	-0.00499999999999978
2006	-0.0599999999999999
2007	-0.1275
2008	-0.1675
2009	-0.155
2010	-0.1325
2011	-0.1825
2012	-0.165
2013	-0.145
2014	-0.165
2015	-0.165
2016	-0.1725
2017	-0.1725
2018	-0.2125
2019	-0.2
2020	-0.1875
2021	-0.2
2022	-0.1875
2030	-0.055
2031	-0.055
2032	-0.0525
2033	-0.0649999999999999
2034	-0.045
2035	-0.0574999999999999
2036	-0.025
2037	0.00250000000000006
2038	-0.00999999999999995
2039	-0.0424999999999999
2040	-0.075
2041	-0.0875
2042	-0.0875
2043	-0.1125
2044	-0.1125
2045	-0.0649999999999999
2046	-0.0324999999999999
2047	-0.0575
2048	-0.0874999999999999
2049	-0.0649999999999999
2050	-0.075
2051	-0.075
2052	-0.0474999999999999
2053	-0.0324999999999999
2054	-0.0499999999999999
2055	-0.0749999999999998
2056	-0.0199999999999999
2057	-0.0249999999999999
2058	-0.075
2059	-0.0799999999999997
2060	-0.0975
2061	-0.01
2062	-0.0874999999999998
2063	0.0225000000000002
2064	-0.00749999999999984
2065	0.025
2066	-0.0824999999999999
2067	-0.1125
2068	-0.145
2069	-0.1825
2070	-0.27
2071	-0.26
2072	-0.31
2073	-0.3375
2074	-0.3675
2075	-0.34
2076	-0.2925
2077	-0.245
2078	-0.23
2079	-0.2425
2080	-0.27
2081	-0.3175
2082	-0.3075
2083	-0.2075
2084	-0.192499999999999
2085	-0.2675
2086	-0.275
2087	-0.2025
2088	-0.265
2089	-0.31
2090	-0.2575
2091	-0.21
2092	-0.255
2093	-0.2325
2094	-0.1725
2095	-0.1575
2096	-0.2275
2097	-0.2925
2098	-0.2075
2099	-0.3025
2100	-0.2525
2101	-0.315
2102	-0.34
2103	-0.279999999999999
2104	-0.235
2105	-0.1025
2106	0.0200000000000002
2107	0.0500000000000003
2108	0.0675000000000006
2109	0.0950000000000002
2110	0.2275
2111	0.3025
2112	0.245
2113	0.145
2114	0.2025
2115	0.3025
2116	0.3475
2117	0.3875
2118	0.3925
2119	0.3875
2120	0.3925
2121	0.3875
2122	0.42
2123	0.34
2124	0.3825
2125	0.367500000000001
2126	0.32
2127	0.3175
2128	0.265
2129	0.255
2130	0.2
2131	0.21
2132	0.26
2133	0.225
2134	0.19
2135	0.15
2136	0.13
2137	0.2
2138	0.2575
2139	0.2525
2140	0.22
2141	0.1325
2142	0.0350000000000001
2143	0.02
2144	0.045
2145	-0.0199999999999999
2146	-0.0749999999999998
2147	-0.15
2148	-0.165
2149	-0.1425
2150	-0.195
2151	-0.21
2152	-0.255
2153	-0.2175
2154	-0.2175
2155	-0.1925
2156	-0.225
2157	-0.12
2158	-0.075
2159	-0.1125
2160	-0.12
2161	-0.145
2162	-0.145
2163	-0.1275
2164	-0.14
2165	-0.16
2166	-0.16
2167	-0.16
2168	-0.1725
2169	-0.1525
2170	-0.115
2171	-0.0574999999999999
2172	-0.0774999999999998
2173	-0.0924999999999999
2174	-0.0874999999999999
2175	-0.1325
2176	-0.14
2177	-0.1475
2178	-0.1025
2179	-0.14
2180	-0.1325
2181	-0.0825
2182	-0.11
2183	-0.15
2184	-0.125
2185	-0.0874999999999999
2186	-0.0625
2187	-0.115
2188	-0.05
2189	-0.1025
2190	-0.13
2191	-0.155
2192	-0.1625
2193	-0.21
2194	-0.255
2195	-0.1825
2196	-0.1825
2197	-0.2075
2198	-0.2
2199	-0.205
2200	-0.165
2201	-0.1775
2202	-0.1825
2203	-0.215
2204	-0.215
2205	-0.235
2206	-0.26
2207	-0.28
2208	-0.28
2209	-0.26
2210	-0.305
2211	-0.24
2212	-0.2275
2213	-0.175
2214	-0.2025
2215	-0.165
2216	-0.16
2217	-0.14
2218	-0.14
2219	-0.0775
2220	-0.09
2221	-0.1225
2222	-0.1175
2223	-0.08
2224	-0.1325
2225	-0.0949999999999999
2226	-0.0624999999999999
2227	-0.0375
2228	0.0150000000000001
2229	-0.0124999999999999
2230	-0.0324999999999999
2231	-0.0924999999999999
2232	-0.0924999999999999
2233	-0.0424999999999999
2234	-0.0624999999999999
2235	-0.0574999999999999
2236	-0.0974999999999999
2237	-0.085
2238	-0.1175
2239	-0.105
2240	-0.105
2241	-0.1175
2242	-0.0799999999999999
2243	-0.0925
2244	-0.0525
2245	-0.0525
2246	-0.0325
2247	-0.0474999999999999
2248	-0.0725
2249	-0.125
2250	-0.125
2251	-0.1375
2252	-0.175
2253	-0.1625
2256	-0.2125
2257	-0.2125
2258	-0.2375
2270	-0.35
2271	-0.33
2272	-0.3225
2273	-0.3275
2274	-0.3275
2275	-0.3275
2276	-0.3
2277	-0.2425
2278	-0.255
2279	-0.235
2280	-0.2675
2281	-0.325
2282	-0.3575
2283	-0.35
2284	-0.3375
2285	-0.3375
2286	-0.3175
2287	-0.2925
2288	-0.28
2289	-0.3125
2290	-0.28
2291	-0.265
2292	-0.29
2293	-0.27
2294	-0.205
2295	-0.23
2296	-0.2475
2297	-0.2225
2298	-0.2275
2299	-0.1825
2300	-0.2675
2301	-0.235
2302	-0.2225
2303	-0.1825
2304	-0.1475
2305	-0.1275
2306	-0.1225
2307	-0.1425
2308	-0.1375
2309	-0.145
2310	-0.1325
2311	-0.12
2312	-0.1275
2313	-0.1075
2314	-0.0874999999999999
2315	-0.0949999999999999
2316	-0.0775
2317	-0.0275
2318	0.00500000000000012
2319	-0.04
2320	-0.0074999999999999
2321	0.025
2322	0.0300000000000001
2323	0.0624999999999999
2324	0.0700000000000001
2325	0.0825000000000001
2326	0.0624999999999999
2327	0.0475
2328	0.0725
2329	0.0400000000000002
2330	-0.0249999999999999
2331	-0.0124999999999999
2332	-0.00749999999999995
2333	0.0325
2334	0.0250000000000001
2335	0.0650000000000001
2336	0.1175
2337	0.0975
2338	0.105
2339	0.085
2340	0.0775000000000001
2341	0.085
2342	0.0800000000000002
2343	0.1075
2344	0.1075
2345	0.12
2346	0.1675
2347	0.2025
2348	0.1975
2349	0.21
2350	0.225
2351	0.245
2352	0.2075
2353	0.2275
2354	0.1825
2355	0.215
2356	0.19
2357	0.19
2358	0.1975
2359	0.165
2360	0.1075
2361	0.115
2362	0.1025
2363	0.115
2364	0.1225
2365	0.1875
2366	0.195
2367	0.1825
2368	0.2225
2369	0.145
2370	0.165
2371	0.0800000000000002
2372	-0.0149999999999999
2373	-0.0175000000000001
2374	-0.00249999999999984
2375	0.00249999999999984
2376	-0.0175000000000001
2377	-0.0449999999999998
2378	-0.0249999999999998
2379	-0.0199999999999997
2380	-0.0324999999999999
2381	-0.0449999999999998
2382	-0.13
2383	-0.1825
2384	-0.2225
2385	-0.2225
2386	-0.295
2387	-0.3025
2388	-0.265
2389	-0.3225
2390	-0.2625
2391	-0.2175
2392	-0.1925
2393	-0.225
2394	-0.2
2395	-0.1875
2396	-0.175
2397	-0.1825
2398	-0.2325
2399	-0.1925
2400	-0.27
2401	-0.3275
2402	-0.275
2403	-0.25
2404	-0.2775
2405	-0.245
2406	-0.2775
2407	-0.2
2408	-0.125
2409	-0.0974999999999999
2410	-0.15
2411	-0.1375
2412	-0.15
2413	-0.1675
2414	-0.175
2415	-0.1425
2416	-0.1175
2417	-0.0974999999999999
2418	-0.0199999999999999
2419	0.00500000000000012
2420	0.0375000000000001
2421	0.0175000000000001
2422	0.05
2423	0.0825000000000001
2424	0.0325000000000002
2425	0.11
2426	0.0625000000000001
2427	0.0325000000000002
2428	0.0200000000000001
2429	0.015
2430	-0.0474999999999999
2431	-0.00749999999999995
2432	0.0200000000000001
2433	-0.00499999999999989
2434	0.0875000000000001
2435	0.00500000000000012
2436	0.045
2437	0.0575000000000002
2438	3.33066907387547e-16
2439	3.33066907387547e-16
2440	0.00750000000000006
2441	0.0200000000000002
2442	0.0400000000000001
2443	-0.00499999999999989
2444	0.0225
2445	0.0449999999999999
2446	0.0525000000000001
2447	0.0225000000000002
2448	0.0425000000000001
2449	0.115
2450	0.1225
2451	0.1025
2452	0.0725000000000001
2453	0.0400000000000003
2454	-0.00999999999999956
2455	-0.0800000000000001
2456	-0.125
2457	-0.15
2458	-0.17
2459	-0.1275
2460	-0.0625
2461	-0.0749999999999997
2462	-0.0225
2463	-0.0425
2464	0.0375000000000001
2465	0.0375000000000001
2466	0.0550000000000002
2467	-0.00749999999999984
2468	-0.00249999999999995
2469	0.0300000000000002
2470	-0.0874999999999999
2471	-0.0674999999999999
2472	0.0100000000000002
2473	0.0350000000000001
2474	0.0600000000000001
2475	0.13
2476	0.1
2477	0.105
2478	0.1975
2479	0.235
2480	0.21
2481	0.25
2482	0.1975
2483	0.27
2484	0.2425
2485	0.215
2486	0.2275
2487	0.2025
2488	0.2075
2489	0.3325
2490	0.345
2491	0.39
2492	0.385
2493	0.405
2494	0.42
2495	0.3675
2496	0.3625
2497	0.3225
2498	0.29
2499	0.25
2500	0.14
2501	0.1275
2502	0.155
2503	0.2175
2504	0.2
2505	0.2325
2506	0.335
2507	0.3525
2508	0.2425
2509	0.2225
2510	0.1975
2511	0.0900000000000003
2512	0.0875000000000004
2513	0.1075
2514	0.00750000000000028
2515	-0.0174999999999998
2516	-0.0449999999999999
2517	-0.1175
2518	-0.0924999999999998
2519	-0.16
2520	-0.1275
2521	-0.11
2522	-0.125
2523	-0.1625
2524	-0.13
2525	-0.1575
2526	-0.1775
2527	-0.185
2528	-0.155
2529	-0.2075
2530	-0.2275
2531	-0.275
2532	-0.3225
2533	-0.29
2534	-0.29
2535	-0.2575
2536	-0.26
2537	-0.255
2538	-0.25
2539	-0.2575
2540	-0.2525
2541	-0.235
2542	-0.23
2543	-0.225
2544	-0.22
2545	-0.2
2546	-0.2
2547	-0.1225
2548	-0.0650000000000001
2549	-0.0850000000000001
2550	-0.0774999999999999
2551	-0.0124999999999998
2552	-0.0124999999999998
2553	-0.0650000000000001
2554	0.0175000000000001
2555	0.03
2556	0.0225000000000001
2557	0.0375000000000001
2558	0.0700000000000001
2559	0.0950000000000002
2560	0.0950000000000002
2561	0.01
2562	-0.01
2563	0.0150000000000001
2564	0.0475000000000001
2565	0.0725000000000001
2566	0.0525
2567	0.0275000000000001
2568	0.0675000000000001
2569	0.0800000000000001
2570	0.0675000000000001
2571	0.0350000000000001
2572	0.0375000000000001
2573	0.0625000000000001
2574	0.11
2575	0.105
2576	0.125
2577	0.12
2578	0.1325
2579	0.1075
2580	0.14
2581	0.1725
2582	0.2025
2583	0.1825
2584	0.1125
2585	0.1
2586	0.145
2587	0.0975000000000001
2588	0.0775000000000001
2589	0.1025
2590	0.0850000000000002
2591	0.0725000000000002
2592	0.105
2593	0.0400000000000001
2594	0.00750000000000017
2595	0.0425000000000001
2596	0.0575
2597	0.00750000000000006
2598	0.0350000000000001
2599	0.0425000000000002
2600	0.045
2601	0.0275
2602	0.0350000000000001
2603	0.0225
2604	-0.0674999999999999
2605	-0.08
2606	-0.055
2607	-0.0350000000000001
2608	-0.0249999999999998
2609	-0.00499999999999989
2610	-0.0399999999999997
2611	-0.0799999999999997
2612	-0.0874999999999999
2613	-0.075
2614	-0.0799999999999997
2615	-0.0674999999999999
2616	-0.0624999999999998
2617	-0.0899999999999999
2618	-0.11
2619	-0.1425
2620	-0.0924999999999999
2621	-0.0924999999999999
2622	-0.145
2623	-0.1325
2624	-0.0724999999999999
2625	-0.0474999999999999
2626	-0.0349999999999998
2627	-0.0149999999999998
2628	-0.0274999999999999
2629	0.0400000000000001
2630	0.0525000000000002
2631	-0.00249999999999995
2632	-0.0174999999999998
2633	0.00750000000000017
2634	-0.0074999999999999
2635	0.0125
2636	-0.0349999999999999
2637	-0.08
2638	-0.0425
2639	0.0275000000000001
2640	0.105
2641	0.0725
2642	0.0400000000000002
2643	0.0325
2644	0.0400000000000002
2645	1.66533453693773e-16
2646	-0.03
2647	-0.0175000000000001
2648	-0.00249999999999995
2649	-0.0599999999999999
2650	-0.0999999999999999
2651	-0.1375
2652	-0.15
2653	-0.13
2654	-0.1225
2655	-0.1475
2656	-0.1525
2657	-0.215
2658	-0.1825
2659	-0.2325
2660	-0.3425
2661	-0.3675
2662	-0.3625
2663	-0.3425
2664	-0.3225
2665	-0.3075
2666	-0.37
2667	-0.3625
2668	-0.35
2669	-0.31
2670	-0.29
2671	-0.2975
2672	-0.29
2673	-0.265
2674	-0.2575
2675	-0.29
2676	-0.33
2677	-0.3175
2678	-0.31
2679	-0.31
2680	-0.36
2681	-0.3125
2682	-0.3125
2683	-0.3125
2684	-0.36
2685	-0.355
2686	-0.31
2687	-0.27
2688	-0.2625
2689	-0.2825
2690	-0.3
2691	-0.2525
2692	-0.24
2693	-0.11
2694	-0.0975
2695	-0.0149999999999999
2696	0.045
2697	0.0525
2698	0.0649999999999999
2699	0.0975000000000003
2700	0.0725000000000001
2701	0.00750000000000006
2702	0.0575000000000002
2703	0.0700000000000001
2704	0.0250000000000001
2705	0.00500000000000012
2706	0.0325000000000001
2707	0.0325000000000001
2708	0.045
2709	0.0775000000000001
2710	0.045
2711	0.0975000000000003
2712	0.0925000000000002
2713	0.0550000000000003
2714	0.025
2715	0.0649999999999999
2716	0.115
2717	0.0575000000000001
2718	0.02
2719	0.00749999999999995
2720	0.0425000000000001
2721	0.0175000000000002
2722	0.00500000000000012
2723	0
2724	0.00500000000000012
2725	0.045
2726	0.0175000000000002
2727	0.0225000000000002
2728	0.0375000000000001
2729	-0.00249999999999972
2730	-0.0399999999999998
2731	-0.0249999999999999
2732	-0.0274999999999997
2733	-0.0474999999999999
2734	-0.1225
2735	-0.175
2736	-0.1725
2737	-0.1
2738	-0.11
2739	-0.1475
2740	-0.0949999999999998
2741	-0.1375
2742	-0.1775
2743	-0.1975
2744	-0.2675
2745	-0.26
2746	-0.2275
2747	-0.175
2748	-0.1625
2749	-0.15
2750	-0.0949999999999998
2751	-0.0999999999999999
2752	-0.125
2753	-0.12
2754	-0.0574999999999999
2755	-0.0749999999999997
2756	-0.0449999999999999
2757	-0.0449999999999999
2758	-0.0499999999999998
2759	-0.02
2760	-0.0249999999999999
2761	-0.0774999999999999
2762	0
2763	-0.02
2764	-0.0674999999999999
2765	-0.1075
2766	-0.0574999999999998
2767	-0.1025
2768	-0.075
2769	-0.0625
2770	-0.00999999999999956
2771	-0.00499999999999989
2772	-0.0399999999999998
2773	-0.0924999999999999
2774	-0.0749999999999998
2775	-0.0574999999999998
2776	-0.0600000000000001
2777	-0.0124999999999998
2778	-0.0324999999999999
2779	-0.0324999999999999
2780	0.0175000000000003
2781	-0.0099999999999999
2782	-0.0624999999999998
2783	-0.1475
2784	-0.1675
2785	-0.0974999999999998
2786	-0.0524999999999999
2787	-0.0849999999999999
2788	-0.0674999999999999
2789	-0.0499999999999999
2790	-0.1075
2791	-0.115
2792	-0.135
2793	-0.0774999999999999
2794	-0.0974999999999999
2795	-0.125
2796	-0.15
2797	-0.1675
2798	-0.1725
2799	-0.16
2800	-0.165
2801	-0.2025
2802	-0.19
2803	-0.1925
2804	-0.205
2805	-0.1925
2806	-0.2275
2807	-0.1875
2808	-0.2125
2809	-0.25
2810	-0.24
2811	-0.2175
2812	-0.1975
2813	-0.235
2814	-0.24
2815	-0.1925
2816	-0.2425
2817	-0.2675
2818	-0.2225
2819	-0.2425
2820	-0.2275
2821	-0.2525
2822	-0.31
2823	-0.3425
2824	-0.3525
2825	-0.3525
2826	-0.2925
2827	-0.2925
2828	-0.3375
2829	-0.3275
2830	-0.295
2831	-0.3
2832	-0.2225
2833	-0.195
2834	-0.2275
2835	-0.2325
2836	-0.2125
2837	-0.155
2838	-0.2
2839	-0.1575
2840	-0.1525
2841	-0.105
2842	-0.0900000000000001
2843	-0.1275
2844	-0.0774999999999999
2845	-0.0274999999999999
2846	-0.0249999999999999
2847	-0.0899999999999999
2848	-0.135
2849	-0.0699999999999998
2850	-0.1025
2851	-0.0774999999999999
2852	0.0250000000000001
2853	0.0575000000000001
2854	0.0250000000000001
2855	0.0450000000000002
2856	0.0500000000000003
2857	0.0625000000000002
2858	0.0825000000000002
2859	0.14
2860	0.1575
2861	0.165
2862	0.17
2863	0.2175
2864	0.225
2865	0.2475
2866	0.2625
2867	0.32
2868	0.255
2869	0.245
2870	0.2825
2871	0.2675
2872	0.265
2873	0.22
2874	0.22
2875	0.1775
2876	0.1125
2877	0.0600000000000003
2878	0.0649999999999999
2879	0.0500000000000002
2880	0.0500000000000002
2881	0.0500000000000002
2882	0.0250000000000001
2883	0.0300000000000001
2884	0.0425000000000002
2885	0.0550000000000002
2886	0.1125
2887	0.0225000000000002
2888	-0.0099999999999999
2889	-0.0099999999999999
2890	0.0100000000000001
2891	-0.0149999999999999
2892	-0.0224999999999997
2893	-0.0424999999999998
2894	-0.0624999999999998
2895	-0.1525
2896	-0.19
2897	-0.165
2898	-0.17
2899	-0.255
2900	-0.255
2901	-0.295
2902	-0.3625
2903	-0.3675
2904	-0.3625
2905	-0.3875
2906	-0.3825
2907	-0.3625
2908	-0.33
2909	-0.27
2910	-0.2875
2911	-0.285
2912	-0.235
2913	-0.1975
2914	-0.2425
2915	-0.195
2916	-0.2275
2917	-0.2225
2918	-0.205
2919	-0.2175
2920	-0.1925
2921	-0.27
2922	-0.29
2923	-0.2725
2924	-0.28
2925	-0.2425
2926	-0.255
2927	-0.2375
2928	-0.2375
2929	-0.225
2930	-0.22
2931	-0.1825
2932	-0.1325
2933	-0.145
2934	-0.18
2935	-0.11
2936	-0.0849999999999998
2937	-0.0724999999999998
2938	-0.0349999999999999
2939	-0.0824999999999999
2940	-0.07
2941	-0.0499999999999999
2942	-0.1075
2943	-0.1275
2944	-0.14
2945	-0.1625
2946	-0.12
2947	-0.16
2948	-0.16
2949	-0.16
2950	-0.0499999999999999
2951	-0.0325
2952	-0.0125
2953	-0.025
2954	-0.0374999999999999
2955	-0.025
2956	-0.0125
2957	-0.0374999999999999
2958	-0.0499999999999999
2959	-0.0624999999999999
2960	-0.0299999999999999
2961	-0.0674999999999999
2962	-0.0799999999999998
2963	-0.105
2964	-0.0449999999999999
2965	-0.0375
2966	-0.0624999999999999
2967	-0.0675
2968	-0.0599999999999999
2969	-0.0349999999999999
2970	-0.0474999999999999
2971	-0.0599999999999999
2972	-0.0724999999999998
2973	-0.11
2974	-0.09
2975	-0.0649999999999999
2976	-0.0574999999999999
2977	-0.04
2978	0.0175000000000001
2979	0.0375
2980	0.0425
2981	0.0624999999999999
2982	0.0700000000000001
2983	0.1025
2984	0.1425
2985	0.0975000000000001
2986	0.0375
2987	-0.00249999999999995
2988	-0.0099999999999999
2989	-0.0349999999999999
2990	-0.015
2991	-0.0275
2992	-0.04
2993	-0.0275
2994	0.00500000000000012
2995	-0.0074999999999999
2996	-0.0524999999999999
2997	-0.0474999999999999
2998	-0.0675
2999	-0.0349999999999999
3000	-0.12
3001	-0.14
3002	-0.12
3003	-0.115
3004	-0.155
3005	-0.175
3006	-0.1625
3007	-0.1375
3008	-0.1325
3009	-0.1075
3010	-0.1075
3011	-0.0875
3012	-0.095
3013	-0.12
3014	-0.1525
3015	-0.185
3016	-0.165
3017	-0.1975
3018	-0.205
3019	-0.2375
3021	-0.3
3022	-0.3
3023	-0.3
3024	-0.2875
3025	-0.2625
3029	-0.225
3036	-0.1125
3037	-0.1
3042	-0.075
3052	-0.075
3053	-0.0424999999999999
3054	-0.00249999999999989
3055	-0.0274999999999999
3056	-0.00999999999999995
3057	-0.00499999999999995
3058	-0.00499999999999995
3059	-0.0174999999999999
3060	-0.0299999999999999
3061	-0.055
3062	-0.055
3063	-0.0224999999999999
3064	0.0100000000000001
3065	-0.00999999999999995
3066	0.0100000000000001
3067	0.0100000000000001
3068	0.0225000000000001
3069	-0.00249999999999989
3070	-0.00249999999999989
3071	-0.00249999999999989
3072	-0.015
3073	0.005
3074	-0.00749999999999995
3075	-0.02
3076	-0.02
3077	-0.0525
3078	-0.0649999999999999
3079	-0.045
3080	-0.0499999999999999
3081	-0.0499999999999999
3082	-0.045
3083	-0.0325
3084	-0.0125
3085	0.0200000000000001
3086	-0.0174999999999999
3087	-0.00499999999999995
3088	-0.045
3089	-0.0899999999999999
3090	-0.155
3091	-0.0974999999999999
3092	-0.0974999999999999
3093	-0.085
3094	-0.085
3095	-0.0725
3096	-0.0599999999999999
3097	-0.0474999999999999
3098	-0.0599999999999999
3099	-0.0725
3100	-0.105
3101	-0.1175
3102	-0.125
3103	-0.125
3104	-0.125
3105	-0.1125
3106	-0.1125
3177	-0.1
3178	-0.1
3179	-0.1
3181	-0.1125
3182	-0.105
3183	-0.0799999999999999
3184	-0.0925
3185	-0.11
3186	-0.1225
3187	-0.115
3188	-0.1025
3189	-0.0774999999999999
3190	-0.0774999999999999
3191	-0.0774999999999999
3192	-0.0774999999999999
3193	-0.0649999999999999
3194	-0.0525
3195	-0.0649999999999999
3196	-0.0399999999999999
3197	-0.0525
3198	-0.0274999999999999
3199	-0.0274999999999999
3200	0.005
3201	0.005
3202	0.0125000000000001
3203	-0.02
3204	-0.015
3205	-0.015
3206	-0.0224999999999999
3207	-0.0224999999999999
3208	-0.015
3209	-0.0725
3210	-0.085
3211	-0.13
3212	-0.1025
3213	-0.1025
3214	-0.14
3215	-0.165
3216	-0.1525
3217	-0.1725
3218	-0.1525
3219	-0.165
3220	-0.1775
3221	-0.0875
3222	-0.0624999999999999
3223	-0.07
3224	-0.0499999999999999
3225	-0.0499999999999999
3226	-0.0499999999999999
3227	-0.0299999999999999
3228	-0.0299999999999999
3229	-0.0174999999999999
3230	-0.0174999999999999
3231	-0.00499999999999995
3232	-0.0299999999999999
3233	-0.0475
3234	-0.0599999999999999
3235	-0.0599999999999999
3236	-0.035
3237	-0.035
3238	-0.035
3239	-0.035
3240	-0.0424999999999999
3241	-0.0424999999999999
3242	-0.0299999999999999
3243	-0.0424999999999999
3244	-0.0374999999999999
3245	5.55111512312578e-17
3246	5.55111512312578e-17
3247	5.55111512312578e-17
3248	-0.0399999999999999
3249	-0.0474999999999999
3250	-0.00999999999999995
3251	-0.00999999999999995
3252	-0.00249999999999989
3253	0.0175000000000001
3254	-0.015
3255	-0.0525
3256	-0.0525
3257	-0.1
3258	-0.0925
3259	-0.0774999999999999
3260	-0.085
3261	-0.0899999999999999
3262	-0.115
3263	-0.1475
3264	-0.1675
3265	-0.1475
3266	-0.16
3267	-0.1775
3268	-0.1775
3269	-0.17
3270	-0.17
3271	-0.195
3272	-0.2075
3273	-0.155
3274	-0.115
3275	-0.1125
3276	-0.1125
3277	-0.105
3278	-0.0449999999999998
3279	-0.0375
3280	-0.0625
3281	-0.0949999999999999
3282	-0.1075
3283	-0.0874999999999999
3284	-0.075
3285	-0.075
3286	-0.1
3287	-0.0549999999999998
3288	-0.075
3289	-0.12
3290	-0.14
3291	-0.1275
3292	-0.0824999999999999
3293	-0.0299999999999999
3294	-0.0299999999999999
3295	-0.0375
3296	-0.0299999999999999
3297	-0.05
3298	-0.05
3299	-0.0299999999999999
3300	-0.0174999999999998
3301	-0.0299999999999999
3302	0.01
3303	0.0350000000000001
3304	0.0350000000000001
3305	0.0275000000000001
3306	0.0600000000000001
3307	0.1375
3308	0.1175
3309	0.0525
3310	-0.07
3311	-0.0724999999999998
3312	-0.0974999999999999
3313	-0.1175
3314	-0.1625
3315	-0.155
3316	-0.13
3317	-0.1475
3318	-0.1325
3319	-0.1525
3320	-0.1525
3321	-0.1375
3322	-0.1375
3323	-0.17
3324	-0.1625
3325	-0.13
3326	-0.1175
3327	-0.1175
3328	-0.125
3329	-0.1325
3330	-0.1175
3331	-0.1225
3332	-0.115
3333	-0.0774999999999999
3334	-0.0324999999999999
3335	0.0325000000000002
3336	0.0450000000000002
3337	0.0400000000000001
3338	0.0450000000000002
3339	0.0125000000000002
3340	-0.0199999999999999
3341	0.0325000000000002
3342	0.0450000000000002
3343	0.0250000000000001
3344	0.0375000000000001
3345	0.0250000000000001
3346	0.0950000000000002
3347	0.0950000000000002
3348	0.18
3349	0.1675
3350	0.1275
3351	0.0825000000000001
3352	0.1225
3353	0.1675
3354	0.11
3355	0.11
3356	0.11
3357	0.0975000000000001
3358	0.1225
3359	0.0975000000000001
3360	0.1225
3361	0.13
3362	0.125
3363	0.105
3364	0.125
3365	0.105
3366	0.0850000000000002
3367	0.0700000000000001
3368	0.0175000000000001
3369	0.0250000000000001
3370	0.0125000000000002
3371	-0.00749999999999984
3372	0.0125000000000002
3373	0.0125000000000002
3374	-0.045
3375	-0.07
3376	-0.0374999999999999
3377	-0.0650000000000001
3378	-0.0574999999999999
3379	-0.0174999999999998
3380	-0.00249999999999995
3381	0.1375
3382	0.1375
3383	0.2175
3384	0.165
3385	0.12
3386	0.1725
3387	0.255
3388	0.2225
3389	0.2025
3390	0.2725
3391	0.28
3392	0.295
3393	0.345
3394	0.345
3395	0.3975
3396	0.365
3397	0.34
3398	0.355
3399	0.4075
3400	0.41
3401	0.38
3402	0.425
3403	0.375
3404	0.4075
3405	0.44
3406	0.46
3407	0.4275
3408	0.39
3409	0.395
3410	0.42
3411	0.46
3412	0.46
3413	0.475
3414	0.45
3415	0.41
3416	0.41
3417	0.3275
3418	0.3025
3419	0.27
3420	0.2775
3421	0.2975
3422	0.245
3423	0.155
3424	0.0850000000000001
3425	0.0375000000000001
3426	-0.00749999999999984
3427	-0.0199999999999999
3428	-0.0224999999999999
3429	-0.0149999999999998
3430	-0.0399999999999998
3431	-0.0774999999999997
3432	-0.0899999999999996
3433	-0.0649999999999997
3434	-0.0324999999999999
3435	-0.0324999999999999
3436	0.025
3437	0.025
3438	-0.0199999999999999
3439	-0.0199999999999999
3440	-0.0224999999999997
3441	-0.1
3442	-0.1325
3443	-0.0874999999999999
3444	-0.0800000000000001
3445	-0.125
3446	-0.15
3447	-0.19
3448	-0.1425
3449	-0.11
3450	-0.175
3451	-0.1825
3452	-0.1575
3453	-0.165
3454	-0.165
3455	-0.225
3456	-0.22
3457	-0.19
3458	-0.1775
3459	-0.12
3460	-0.0699999999999997
3461	-0.0424999999999999
3462	-0.00499999999999989
3463	0.0325000000000001
3464	0.0649999999999999
3465	0.0500000000000002
3466	0.115
3467	0.0950000000000001
3468	0.135
3469	0.1075
3470	0.0725000000000001
3471	0.0325000000000001
3472	-0.00249999999999995
3473	-0.00249999999999995
3474	-0.0099999999999999
3475	0.0400000000000001
3476	0.0375000000000001
3477	0.1475
3478	0.1275
3479	0.0700000000000001
3480	0.0675000000000001
3481	0.0550000000000002
3482	0.1125
3483	0.125
3484	0.0450000000000002
3485	0.0550000000000001
3486	0.0225
3487	0.0624999999999999
3488	0.0300000000000001
3489	0.0125
3490	0
3491	0.0525
3492	0.0925000000000001
3493	0.1
3494	0.0750000000000002
3495	0.0875000000000001
3496	0.05
3497	0.035
3498	0.035
3499	0.0225000000000002
3500	0.0100000000000001
3501	-0.0174999999999998
3502	-0.0724999999999999
3503	0.00500000000000012
3504	-0.0599999999999998
3505	-0.0599999999999998
3506	-0.0799999999999998
3507	-0.0799999999999998
3508	-0.13
3509	-0.1375
3510	-0.13
3511	-0.1225
3512	-0.1425
3513	-0.215
3514	-0.2075
3515	-0.2
3516	-0.1475
3517	-0.1025
3518	-0.0824999999999998
3519	-0.1075
3520	-0.095
3521	-0.215
3522	-0.2025
3523	-0.215
3524	-0.1625
3525	-0.1175
3526	-0.1225
3527	-0.135
3528	-0.15
3529	-0.15
3530	-0.0999999999999998
3531	-0.1125
3532	-0.0874999999999999
3533	-0.0724999999999999
3534	-0.0799999999999998
3535	-0.0674999999999999
3536	-0.0799999999999998
3537	-0.0799999999999998
3538	-0.09
3539	-0.1175
3540	-0.0724999999999999
3541	-0.09
3542	-0.0174999999999998
3543	-0.0174999999999998
3544	0.0325000000000002
3545	0.0575000000000001
3546	0.1025
3547	0.0825000000000001
3548	0.0700000000000001
3549	0.0825000000000001
3550	0.0750000000000002
3551	0.125
3552	0.0925000000000001
3553	0.0600000000000001
3554	0.0525
3555	0.0725000000000001
3556	0.0475000000000001
3557	0.0850000000000001
3558	0.1375
3559	0.13
3560	0.0775000000000001
3561	0.0700000000000001
3562	0.0675000000000001
3563	0.0475
3564	0.0475
3565	0.0275000000000001
3566	0.0475
3567	0.0475
3568	0.0600000000000001
3569	0.0225
3570	0.0225
3571	-0.0349999999999999
3572	0.0425
3573	0.075
3574	0.115
3575	0.0575000000000002
3576	0.0125
3577	0.00500000000000012
3578	-0.0474999999999999
3579	-0.0275
3580	-0.0074999999999999
3581	-0.0074999999999999
3582	-0.0724999999999998
3583	-0.04
3584	-0.0449999999999998
3585	-0.05
3586	-0.0174999999999998
3587	-0.0449999999999998
3588	-0.0199999999999999
3589	0.0325000000000001
3590	0.0125
3591	0.00500000000000012
3592	0.0375
3593	0.1225
3594	0.09
3595	0.0650000000000001
3596	0.04
3597	0.0150000000000001
3598	0.0225000000000001
3599	0.0225000000000001
3600	0.0225000000000001
3601	0.01
3602	-0.0225
3603	-0.0549999999999998
3604	-0.0549999999999998
3605	-0.0299999999999999
3606	-0.0474999999999999
3607	-0.0349999999999999
3608	-0.0799999999999998
3609	-0.0399999999999999
3610	-0.0549999999999998
3611	-0.0225
3612	-0.00249999999999995
3613	-0.0149999999999999
3614	-0.0274999999999999
3615	-0.00749999999999984
3616	-0.0324999999999999
3617	-0.0299999999999999
3618	0.00250000000000017
3619	0.0100000000000001
3620	-0.0425
3621	0.0175
3622	-0.00749999999999995
3623	-0.0349999999999999
3624	-0.0199999999999997
3625	0.0325000000000001
3626	0.0225
3627	0.0449999999999999
3628	0.0325000000000001
3629	0.0475000000000001
3630	0.0100000000000002
3631	0.1175
3632	0.16
3633	0.195
3634	0.1825
3635	0.16
3636	0.255
3637	0.2625
3638	0.3225
3639	0.3625
3640	0.365
3641	0.4825
3642	0.5025
3643	0.5225
3644	0.575
3645	0.5875
3646	0.55
3647	0.4675
3648	0.5025
3649	0.4775
3650	0.505
3651	0.44
3652	0.54
3653	0.525
3654	0.4925
3655	0.4425
3656	0.525
3657	0.57
3658	0.5575
3659	0.5575
3660	0.5925
3661	0.49
3662	0.45
3663	0.43
3664	0.45
3665	0.43
3666	0.5175
3667	0.3775
3668	0.335
3669	0.287500000000001
3670	0.265
3671	0.2525
3672	0.1225
3673	0.2475
3674	0.1975
3675	0.19
3676	0.2075
3677	0.135
3678	0.175
3679	0.105
3680	0.0200000000000007
3681	-0.0699999999999996
3682	-0.0274999999999999
3683	0.0775000000000001
3684	0.0325000000000002
3685	0.122500000000001
3686	0.1375
3687	0.1975
3688	0.19
3689	0.21
3690	0.255
3691	0.260000000000001
3692	0.2425
3693	0.0925000000000002
3694	0.1125
3695	0.1025
3696	0.0350000000000001
3697	0.0975000000000001
3698	0.1425
3699	0.1425
3700	0.0725000000000002
3701	0.00500000000000034
3702	-0.0574999999999997
3703	0.0250000000000001
3704	0.0575000000000001
3705	0.0625000000000002
3706	0.0925000000000002
3707	0.1525
3708	0.175
3709	0.1
3710	0.1225
3711	0.0775000000000001
3712	0.0700000000000003
3713	0.0125000000000002
3714	-0.0549999999999999
3715	-0.0174999999999998
3716	0.02
3717	0.045
3718	0.1325
3719	0.0775000000000001
3720	0.12
3721	0.0800000000000004
3722	-0.00749999999999984
3723	-0.0349999999999999
3724	-0.115
3725	-0.135
3726	-0.13
3727	-0.1375
3728	-0.1125
3729	-0.0874999999999999
3730	-0.14
3731	-0.1075
3732	-0.135
3733	-0.155
3734	-0.18
3735	-0.22
3736	-0.165
3737	-0.19
3738	-0.165
3739	-0.145
3740	-0.1725
3741	-0.1525
3742	-0.155
3743	-0.175
3744	-0.1875
3745	-0.2
3746	-0.1875
3747	-0.175
3748	-0.135
3749	-0.0449999999999998
3750	-0.0449999999999998
3751	0.00750000000000017
3752	0.0325000000000001
3753	0.0325000000000001
3754	-0.0524999999999999
3755	-0.0275
3756	-0.0675
3757	-0.0349999999999999
3758	-0.015
3759	-0.0224999999999999
3760	-0.0425
3761	-0.0425
3762	-0.055
3763	-0.0675
3764	-0.1125
3765	-0.1375
3766	-0.105
3767	-0.0849999999999998
3768	-0.0724999999999998
3769	-0.0449999999999998
3770	-0.0524999999999999
3771	0.04
3772	0.0350000000000001
3773	0.105
3774	0.0725000000000001
3775	0.0775000000000001
3776	0.0525
3777	0.00750000000000017
3778	0.0600000000000001
3779	0.0475000000000001
3780	0.0850000000000001
3781	0.0650000000000001
3782	0.0325000000000001
3783	0.0200000000000001
3784	-0.0125
3785	-0.0524999999999999
3786	-0.0199999999999999
3787	-0.0724999999999998
3788	-0.0724999999999998
3789	-0.055
3790	-0.0375
3791	-0.0375
3792	-0.03
3793	-0.0749999999999999
3794	-0.0499999999999999
3795	-0.03
3796	-0.03
3797	-0.0425
3798	-0.0499999999999999
3799	0.00750000000000001
3800	0.0125000000000001
3801	0.0375000000000001
3802	0.0300000000000001
3803	0.0300000000000001
3804	0.0175000000000001
3805	-0.00999999999999995
3806	0.035
3807	-0.0125
3808	-0.02
3809	-0.0399999999999999
3810	-0.0174999999999999
3811	-0.0174999999999999
3812	0.00250000000000006
3813	0.0275
3814	0.00750000000000001
3815	0.0200000000000001
3816	-0.0174999999999999
3817	0.00250000000000006
3818	0.0600000000000001
3819	0.0475
3820	0.04
3821	0.0475
3822	0.055
3823	0.0875
3824	0.0875
3825	0.0750000000000001
3826	0.0500000000000001
3827	0.0625000000000001
3828	0.0675
3829	0.055
3830	0.0225000000000001
3831	0.0225000000000001
3832	0.0225000000000001
3833	0.0425000000000001
3834	0.0425000000000001
3835	0.0225000000000001
3836	0.0225000000000001
3837	0.0225000000000001
3838	0.0425000000000001
3839	0.0425000000000001
3840	0.0750000000000001
3841	0.0800000000000001
3842	0.0725000000000001
3843	0.0525
3844	0.0525
3845	0.0725000000000001
3846	5.55111512312578e-17
3847	5.55111512312578e-17
3848	0.0525
3849	0.0525
3850	0.0200000000000001
3851	-0.00499999999999995
3852	0.04
3853	0.04
3854	0.0600000000000001
3855	0.0725000000000001
3856	0.1125
3857	0.0925000000000001
3858	0.0775000000000001
3859	0.0575000000000001
3860	0.045
3861	0.0575000000000001
3862	0.0825000000000001
3863	0.0825000000000001
3864	0.0575000000000001
3865	0.115
3866	0.135
3867	0.1025
3868	0.09
3869	0.0700000000000001
3870	0.1025
3871	0.115
3872	0.135
3873	0.1425
3874	0.0975000000000001
3875	0.045
3876	0.025
3877	0.025
3878	0.0200000000000001
3879	0.0600000000000001
3880	0.0800000000000001
3881	0.0600000000000001
3882	0.0600000000000001
3883	0.0725000000000001
3884	-0.0374999999999999
3885	0.00750000000000001
3886	0.0200000000000001
3887	0.0275
3888	0.00250000000000006
3889	0.0375000000000001
3890	0.0125000000000001
3891	0.00750000000000001
3892	-0.0575
3893	-0.0249999999999999
3894	0.0425
3895	0.1225
3896	0.195
3897	0.21
3898	0.27
3899	0.245
3900	0.265
3901	0.24
3902	0.28
3903	0.2425
3904	0.25
3905	0.2325
3906	0.255
3907	0.23
3908	0.2775
3909	0.2725
3910	0.3075
3911	0.355
3912	0.33
3913	0.28
3914	0.2725
3915	0.235
3916	0.255
3917	0.31
3918	0.37
3919	0.3775
3920	0.41
3921	0.365
3922	0.3675
3923	0.335
3924	0.3875
3925	0.335
3926	0.395
3927	0.4475
3928	0.5
3929	0.5275
3930	0.5075
3931	0.45
3932	0.345
3933	0.2875
3934	0.235
3935	0.235
3936	0.2175
3937	0.1975
3938	0.1925
3939	0.235
3940	0.3075
3941	0.425
3942	0.3975
3943	0.47
3944	0.4
3945	0.3675
3946	0.3425
3947	0.3175
3948	0.4175
3949	0.395
3950	0.405
3951	0.3775
3952	0.4275
3953	0.395000000000001
3954	0.3525
3955	0.325
3956	0.4075
3957	0.45
3958	0.4775
3959	0.505
3960	0.395
3961	0.4875
3962	0.4225
3963	0.332500000000001
3964	0.3525
3965	0.282500000000001
3966	0.2775
3967	0.2725
3968	0.267500000000001
3969	0.307500000000001
3970	0.315
3971	0.355
3972	0.34
3973	0.407500000000001
3974	0.42
3975	0.36
3976	0.3
3977	0.1725
3978	0.1475
3979	0.13
3980	0.0975000000000001
3981	0.11
3982	0.1075
3983	0.0950000000000002
3984	0.0675000000000003
3985	0.142500000000001
3986	0.132500000000001
3987	0.18
3988	0.0475000000000003
3989	0.0275000000000001
3990	0.00750000000000006
3991	0.0675000000000001
3992	-0.00750000000000006
3993	-0.0474999999999999
3994	-0.0874999999999997
3995	-0.1275
3996	-0.1225
3997	-0.1625
3998	-0.11
3999	-0.0924999999999998
4000	-0.0949999999999998
4001	-0.0824999999999998
4002	-0.0624999999999998
4003	-0.0649999999999995
4004	0.0125000000000002
4005	0.0425000000000002
4006	0.0375000000000003
4007	0.0775000000000001
4008	0.135
4009	0.0800000000000003
4010	0.105
4011	0.13
4012	0.16
4013	0.1875
4014	0.1925
4015	0.1825
4016	0.1875
4017	0.2525
4018	0.285
4019	0.2825
4020	0.2625
4021	0.1725
4022	0.185
4023	0.115
4024	0.16
4025	0.12
4026	0.13
4027	0.1175
4028	0.135
4029	0.1325
4030	0.1375
4031	0.2075
4032	0.2525
4033	0.18
4034	0.1575
4035	0.17
4036	0.1825
4037	0.2325
4038	0.14
4039	0.1275
4040	0.12
4041	0.0800000000000004
4042	0.09
4043	0.0475000000000001
4044	0.0800000000000002
4045	0.0675000000000001
4046	0.0925000000000001
4047	0.0200000000000001
4048	0.00750000000000006
4049	0.0100000000000001
4050	0.00250000000000017
4051	-0.00499999999999989
4052	0.0650000000000002
4053	0.0850000000000002
4054	0.00750000000000006
4055	-0.00499999999999989
4056	-0.0299999999999999
4057	0.0725000000000001
4058	0.105
4059	0.0775
4060	0.1425
4061	0.255
4062	0.2425
4063	0.1975
4064	0.18
4065	0.1825
4066	0.1575
4067	0.165
4068	0.16
4069	0.1875
4070	0.1675
4071	0.13
4072	0.1375
4073	0.1
4074	0.0925000000000001
4075	0.0850000000000001
4076	0.0649999999999999
4077	0.0350000000000003
4078	0.0375000000000001
4079	0.025
4080	-0.0449999999999998
4081	-0.0449999999999998
4082	-0.0649999999999997
4083	-0.0399999999999998
4084	-0.0399999999999998
4085	-0.0774999999999997
4086	-0.0249999999999999
4087	0.0275000000000003
4088	0.0150000000000003
4089	-0.0324999999999999
4090	0.05
4091	0.12
4092	0.12
4093	0.0750000000000001
4094	0.0800000000000001
4095	0.1125
4096	0.0449999999999999
4097	-0.0225
4098	-0.0350000000000001
4099	-0.0424999999999999
4100	-0.00249999999999984
4101	0.015
4102	0.00249999999999984
4103	-0.0499999999999998
4104	-0.115
4105	-0.155
4106	-0.1875
4107	-0.135
4108	-0.175
4109	-0.1875
4110	-0.1475
4111	-0.1475
4112	-0.1525
4113	-0.1225
4114	-0.1125
4115	-0.0924999999999999
4116	-0.1125
4117	-0.0874999999999999
4118	-0.0674999999999999
4119	-0.0924999999999999
4120	-0.0599999999999997
4121	-0.0349999999999999
4122	-0.0999999999999998
4123	-0.165
4124	-0.16
4125	-0.18
4126	-0.185
4127	-0.2625
4128	-0.2325
4129	-0.215
4130	-0.17
4131	-0.1875
4132	-0.2
4133	-0.195
4134	-0.175
4135	-0.2
4136	-0.255
4137	-0.3
4138	-0.295
4139	-0.2925
4140	-0.2925
4141	-0.2925
4142	-0.28
4143	-0.3075
4144	-0.31
4145	-0.2925
4146	-0.3125
4147	-0.3125
4148	-0.3375
4149	-0.3375
4150	-0.3825
4151	-0.39
4152	-0.4025
4153	-0.4025
4154	-0.435
4155	-0.415
4156	-0.46
4157	-0.5
4158	-0.4875
4159	-0.495
4160	-0.4875
4161	-0.475
4162	-0.3975
4163	-0.315
4164	-0.335
4165	-0.36
4166	-0.38
4167	-0.4
4168	-0.3675
4169	-0.335
4170	-0.3375
4171	-0.2925
4172	-0.2925
4173	-0.2925
4174	-0.2925
4175	-0.2475
4176	-0.2225
4177	-0.2225
4178	-0.215
4179	-0.2775
4180	-0.28
4181	-0.3175
4182	-0.2975
4183	-0.285
4184	-0.28
4185	-0.2675
4186	-0.26
4187	-0.285
4188	-0.265
4189	-0.2575
4190	-0.265
4191	-0.2325
4192	-0.2075
4193	-0.2075
4194	-0.195
4195	-0.1875
4196	-0.195
4197	-0.2325
4198	-0.305
4199	-0.3375
4200	-0.3625
4201	-0.3175
4202	-0.27
4203	-0.295
4204	-0.3025
4205	-0.335
4206	-0.335
4207	-0.38
4208	-0.36
4209	-0.365
4210	-0.37
4211	-0.415
4212	-0.4475
4213	-0.415
4214	-0.37
4215	-0.28
4216	-0.305
4217	-0.325
4218	-0.3225
4219	-0.3025
4220	-0.255
4221	-0.24
4222	-0.22
4223	-0.21
4224	-0.2275
4225	-0.2225
4226	-0.1825
4227	-0.215
4228	-0.1875
4229	-0.1675
4230	-0.21
4231	-0.23
4232	-0.1825
4233	-0.1775
4234	-0.215
4235	-0.2275
4236	-0.2325
4237	-0.2525
4238	-0.345
4239	-0.4075
4240	-0.4825
4241	-0.3975
4242	-0.3525
4243	-0.3325
4244	-0.345
4245	-0.3275
4246	-0.2975
4247	-0.2275
4248	-0.2075
4249	-0.2275
4250	-0.2975
4251	-0.305
4252	-0.3125
4253	-0.2725
4254	-0.21
4255	-0.275
4256	-0.29
4257	-0.31
4258	-0.305
4259	-0.25
4260	-0.24
4261	-0.195
4262	-0.19
4263	-0.165
4264	-0.1925
4265	-0.2125
4266	-0.1825
4267	-0.195
4268	-0.2425
4269	-0.235
4270	-0.185
4271	-0.14
4272	-0.135
4273	-0.11
4274	-0.0850000000000001
4275	0.0225000000000001
4276	0.145
4277	0.0600000000000001
4278	0.0525
4279	0.09
4280	0.0950000000000001
4281	0.0700000000000001
4282	0.0575000000000002
4283	0.0175000000000001
4284	-0.0074999999999999
4285	-0.0449999999999998
4286	-0.0199999999999999
4287	-0.0524999999999999
4288	-0.0524999999999999
4289	-0.04
4290	-0.1325
4291	-0.0999999999999999
4292	-0.1325
4293	-0.165
4294	-0.21
4295	-0.25
4296	-0.2275
4297	-0.2725
4298	-0.3175
4299	-0.3625
4300	-0.355
4301	-0.3675
4302	-0.3475
4303	-0.36
4304	-0.3725
4305	-0.43
4306	-0.39
4307	-0.39
4308	-0.4025
4309	-0.4275
4310	-0.4075
4311	-0.4275
4312	-0.48
4313	-0.4675
4314	-0.4925
4315	-0.4925
4316	-0.5225
4317	-0.445
4318	-0.47
4319	-0.4625
4320	-0.47
4321	-0.4325
4322	-0.465
4323	-0.445
4324	-0.4325
4325	-0.445
4326	-0.38
4327	-0.36
4328	-0.3275
4329	-0.315
4330	-0.21
4331	-0.1775
4332	-0.16
4333	-0.16
4334	-0.135
4335	-0.135
4336	-0.1275
4337	-0.0825
4338	-0.0774999999999999
4339	-0.0399999999999999
4340	-0.0199999999999999
4341	0.0175000000000001
4342	-0.09
4343	-0.0574999999999999
4344	-0.0174999999999998
4345	-0.0225
4346	-0.0474999999999999
4347	-0.0325
4348	-0.0199999999999999
4349	0.0375
4350	0.0125000000000001
4351	-0.0125
4352	0.0325000000000001
4353	1.11022302462516e-16
4354	0.00250000000000017
4355	0.0225000000000002
4356	0.0175000000000003
4357	-0.0199999999999997
4358	0.0325000000000001
4359	-0.00499999999999989
4360	-0.0175000000000001
4361	-0.0449999999999998
4362	-0.0849999999999999
4363	-0.1125
4364	-0.11
4365	-0.1075
4366	-0.1725
4367	-0.1775
4368	-0.195
4369	-0.1425
4370	-0.1675
4371	-0.185
4372	-0.2425
4373	-0.2425
4374	-0.26
4375	-0.2525
4376	-0.195
4377	-0.1425
4378	-0.0349999999999999
4379	-0.0599999999999999
4380	-0.0724999999999999
4381	-0.0849999999999999
4382	-0.0924999999999999
4383	-0.0674999999999999
4384	-0.0599999999999999
4385	-0.105
4386	-0.0199999999999999
4387	-0.0699999999999997
4388	-0.0874999999999999
4389	-0.0349999999999997
4390	-0.00499999999999989
4391	-0.0224999999999997
4392	-0.00749999999999984
4393	0.0425000000000002
4394	-0.0349999999999997
4395	-0.0299999999999998
4396	-0.0299999999999998
4397	-0.00249999999999995
4398	0.0125000000000002
4399	0.0925000000000002
4400	0.0475000000000003
4401	0.04
4402	0.0325000000000002
4403	-0.02
4404	-0.00999999999999956
4405	-0.0299999999999998
4406	-0.0224999999999997
4407	0.0175000000000001
4408	0.0675000000000001
4409	0.0750000000000002
4410	0.0750000000000002
4411	0.1
4412	0.18
4413	0.1475
4414	0.0450000000000002
4415	-0.02
4416	0.0650000000000002
4417	0.1175
4418	0.1125
4419	0.0925000000000002
4420	0.0900000000000003
4421	0.0775000000000001
4422	0.0300000000000002
4423	-0.00249999999999995
4424	-0.0499999999999998
4425	-0.0774999999999997
4426	-0.075
4427	-0.0249999999999999
4428	-0.0724999999999999
4429	-0.0649999999999997
4430	-0.0649999999999997
4431	0.0150000000000003
4432	0.0150000000000003
4433	-0.0174999999999998
4434	-0.0549999999999999
4435	-0.125
4436	-0.0800000000000001
4437	-0.125
4438	-0.1125
4439	-0.04
4440	-0.04
4441	-0.0299999999999998
4442	0.0150000000000001
4443	-0.0124999999999997
4444	-0.0374999999999999
4445	-0.0124999999999997
4446	-0.0174999999999998
4447	-0.0299999999999998
4448	-0.155
4449	-0.155
4450	-0.1025
4451	-0.0374999999999999
4452	-0.115
4453	-0.0949999999999998
4454	-0.0499999999999998
4455	-0.0499999999999998
4456	-0.0549999999999997
4457	0.0300000000000002
4458	0.0300000000000002
4459	0.0750000000000002
4460	0.1275
4461	0.0950000000000002
4462	0.1125
4463	0.0725000000000002
4464	0.21
4465	0.19
4466	0.255
4467	0.1575
4468	0.12
4469	0.1575
4470	0.1675
4471	0.14
4472	0.1575
4473	0.1825
4474	0.17
4475	0.1175
4476	0.1175
4477	0.0874999999999999
4478	0.0600000000000002
4479	0.0775000000000001
4480	0.0900000000000001
4481	0.0900000000000001
4482	0.0750000000000002
4483	0.1
4484	0.13
4485	0.1625
4486	0.155
4487	0.14
4488	0.1175
4489	0.0900000000000001
4490	0.0250000000000001
4491	0.0175
4492	0.0425000000000001
4493	0.0525000000000002
4494	0.0850000000000002
4495	0.0525000000000002
4496	1.11022302462516e-16
4497	0.0125000000000002
4498	-0.0274999999999999
4499	-0.0474999999999999
4500	-0.12
4501	-0.0549999999999998
4502	-0.0625
4503	0.00750000000000017
4504	0.00750000000000017
4505	-0.0249999999999999
4506	0.00750000000000017
4507	0.0325000000000001
4508	-0.0125
4509	-0.0299999999999999
4510	0.00750000000000017
4511	0.0375
4512	0.0300000000000001
4513	0.0175000000000001
4514	0.00500000000000012
4515	0.025
4516	0.0700000000000001
4517	0.0425
4518	0.0800000000000002
4519	0.0600000000000001
4520	0.075
4521	0.0475
4522	0.0600000000000001
4523	0.0600000000000001
4524	0.0550000000000001
4525	0.00250000000000006
4526	-0.0099999999999999
4527	0.00500000000000012
4528	-0.015
4529	-0.0349999999999999
4530	-0.0474999999999999
4531	0.0575000000000002
4532	0.11
4533	0.135
4534	0.1625
4535	0.15
4536	0.1175
4537	0.0650000000000001
4538	0.00750000000000017
4539	-0.0174999999999998
4540	0.05
4541	0.0450000000000002
4542	0.0200000000000001
4543	-0.0124999999999998
4544	-0.0374999999999999
4545	-0.005
4546	-0.0274999999999999
4547	-0.0174999999999998
4548	-0.0624999999999998
4549	-0.1225
4550	-0.115
4551	-0.165
4552	-0.0925
4553	-0.0899999999999999
4554	-0.0949999999999998
4555	-0.0524999999999998
4556	-0.0574999999999998
4557	-0.0625
4558	-0.0599999999999998
4559	0
4560	0.0325000000000002
4561	0.0575000000000001
4562	0.1975
4563	0.1225
4564	0.15
4565	0.1925
4566	0.16
4567	0.145
4568	0.135
4569	0.1175
4570	0.1175
4571	0.1625
4572	0.21
4573	0.2425
4574	0.3525
4575	0.3475
4576	0.355
4577	0.3675
4578	0.4
4579	0.4525
4580	0.52
4581	0.43
4582	0.435
4583	0.3875
4584	0.3325
4585	0.3975
4586	0.4425
4587	0.4825
4588	0.3725
4589	0.360000000000001
4590	0.3725
4591	0.3525
4592	0.28
4593	0.28
4594	0.285
4595	0.2125
4596	0.207500000000001
4597	0.2375
4598	0.145
4599	0.167500000000001
4600	0.205
4601	0.1825
4602	0.235
4603	0.132500000000001
4604	0.132500000000001
4605	0.155
4606	0.14
4607	0.1175
4608	0.0325000000000004
4609	2.22044604925031e-16
4610	0.0325000000000004
4611	-0.0149999999999999
4612	-0.0425
4613	-0.0874999999999999
4614	-0.1375
4615	-0.1475
4616	-0.2125
4617	-0.15
4618	-0.17
4619	-0.1375
4620	-0.0825
4621	-0.1675
4622	-0.172499999999999
4623	-0.232499999999999
4624	-0.2475
4625	-0.2
4626	-0.1675
4627	-0.155
4628	-0.0499999999999998
4629	-0.0949999999999998
4630	-0.1575
4631	-0.105
4632	-0.0924999999999994
4633	-0.1475
4634	-0.1225
4635	-0.0324999999999998
4636	0.0150000000000001
4637	-0.0425
4638	-0.0499999999999998
4639	-0.0374999999999999
4640	-0.0724999999999998
4641	-0.0700000000000001
4642	-0.0749999999999997
4643	-0.0849999999999997
4644	-0.0799999999999998
4645	-0.105
4646	-0.215
4647	-0.2525
4648	-0.2975
4649	-0.3175
4650	-0.345
4651	-0.385
4652	-0.335
4653	-0.365
4654	-0.3525
4655	-0.4225
4656	-0.44
4657	-0.445
4658	-0.47
4659	-0.3525
4660	-0.345
4661	-0.45
4662	-0.495
4663	-0.5425
4664	-0.5575
4665	-0.475
4666	-0.43
4667	-0.45
4668	-0.49
4669	-0.5075
4670	-0.5475
4671	-0.5625
4672	-0.675
4673	-0.6275
4674	-0.6775
4675	-0.65
4676	-0.695
4677	-0.65
4678	-0.625
4679	-0.6425
4680	-0.6425
4681	-0.595
4682	-0.5425
4683	-0.4275
4684	-0.4225
4685	-0.3775
4686	-0.3
4687	-0.27
4688	-0.33
4689	-0.3
4690	-0.325
4691	-0.2475
4692	-0.235
4693	-0.1475
4694	-0.1675
4695	-0.2275
4696	-0.26
4697	-0.2425
4698	-0.23
4699	-0.17
4700	-0.145
4701	-0.14
4702	-0.11
4703	-0.205
4704	-0.16
4705	-0.11
4706	-0.1175
4707	-0.11
4708	-0.0525
4709	-0.0674999999999999
4710	-0.0375
4711	-0.0775
4712	-0.0249999999999998
4713	-0.0624999999999998
4714	-0.0824999999999998
4715	-0.0375
4716	3.33066907387547e-16
4717	-0.0599999999999997
4718	-0.1075
4719	-0.1475
4720	-0.115
4721	-0.1225
4722	-0.2
4723	-0.22
4724	-0.23
4725	-0.23
4726	-0.2
4727	-0.22
4728	-0.215
4729	-0.2725
4730	-0.255
4731	-0.2625
4732	-0.1775
4733	-0.175
4734	-0.1825
4735	-0.19
4736	-0.21
4737	-0.2225
4738	-0.2625
4739	-0.15
4740	-0.1825
4741	-0.195
4742	-0.1425
4743	-0.11
4744	-0.115
4745	-0.1025
4746	-0.0874999999999999
4747	-0.0749999999999998
4748	-0.0949999999999999
4749	-0.0850000000000001
4750	-0.0850000000000001
4751	-0.15
4752	-0.125
4753	-0.125
4754	-0.09
4755	-0.0499999999999999
4756	-0.0825
4757	-0.0499999999999999
4758	0.0325000000000002
4759	0.0275000000000002
4760	0.0775000000000001
4761	0.0775000000000001
4762	0.0975000000000001
4763	0.0525000000000002
4764	0.0725000000000002
4765	0.135
4766	0.135
4767	0.0975000000000001
4768	0.0975000000000001
4769	0.1075
4770	0.1075
4771	0.0625000000000001
4772	0.0375000000000001
4773	0.0375000000000001
4774	0.0200000000000001
4775	-0.005
4776	-0.025
4777	0.00750000000000017
4778	0.0125000000000002
4779	1.11022302462516e-16
4780	-0.0399999999999999
4781	0.01
4782	-0.0299999999999999
4783	-0.0225
4784	-0.0349999999999999
4785	-0.0149999999999999
4786	0.00500000000000012
4787	0.03
4788	0.03
4789	0.05
4790	-0.01
4791	-0.0625
4792	-0.01
4793	0.0175000000000001
4794	0.0250000000000001
4795	0.0175000000000001
4796	-0.01
4797	-0.0225
4798	-0.0424999999999999
4799	-0.0349999999999999
4800	-0.0799999999999998
4801	-0.0724999999999999
4802	-0.0799999999999998
4803	-0.0349999999999999
4804	-0.0625
4805	-0.0424999999999999
4806	-0.0299999999999999
4807	-0.0424999999999999
4808	-0.0274999999999999
4809	0.0125000000000002
4810	0.0700000000000001
4811	0.0900000000000001
4812	0.0975000000000001
4813	0.0775000000000001
4814	0.0975000000000001
4815	0.0650000000000002
4816	0.11
4817	0.0850000000000002
4818	0.0725000000000002
4819	0.1125
4820	0.1125
4821	0.14
4822	0.095
4823	0.11
4824	0.0850000000000002
4825	0.0525000000000001
4826	0.0850000000000002
4827	0.0850000000000002
4828	0.0650000000000002
4829	-0.0125
4830	-0.0524999999999999
4831	-0.0399999999999998
4832	-0.0125
4833	0.0450000000000002
4834	0.0450000000000002
4835	0.0625000000000001
4836	0.1125
4837	0.0925000000000001
4838	0.105
4839	0.0975000000000001
4840	0.0975000000000001
4841	0.0400000000000001
4842	0.0600000000000002
4843	0.0975000000000001
4844	0.0700000000000001
4845	-0.00749999999999984
4846	-0.0349999999999999
4847	-0.0424999999999999
4848	-0.0249999999999999
4849	-0.0324999999999999
4850	-0.0724999999999998
4851	-0.055
4852	-0.0874999999999999
4853	-0.0999999999999999
4854	-0.0375
4855	-0.0725
4856	-0.0924999999999999
4857	-0.0999999999999999
4858	-0.0549999999999999
4859	-0.0825
4860	-0.07
4861	-0.07
4862	-0.115
4863	-0.1025
4864	-0.115
4865	-0.135
4866	-0.1225
4867	-0.1475
4868	-0.2
4869	-0.1675
4870	-0.1475
4871	-0.16
4872	-0.14
4873	-0.0999999999999999
4874	-0.1125
4875	-0.0924999999999999
4876	-0.1125
4877	-0.0875
4878	-0.0875
4879	-0.0799999999999998
4880	-0.0524999999999999
4881	-0.00249999999999995
4882	-0.00749999999999995
4883	-0.00749999999999995
4884	-0.0324999999999999
4885	-0.0375
4886	-0.03
4887	-0.0224999999999999
4888	-0.0349999999999999
4889	0.0150000000000001
4890	0.0150000000000001
4891	0.0300000000000001
4892	0.0950000000000001
4893	0.0300000000000001
4894	0.01
4895	-0.015
4896	-0.015
4897	0.0175000000000001
4898	0.0825000000000001
4899	0.0450000000000002
4900	0.025
4901	0.0450000000000002
4902	0.0325000000000001
4903	0.0850000000000001
4904	0.105
4905	0.0650000000000001
4906	0.0575000000000002
4907	0.1025
4908	0.0700000000000001
4909	0.05
4910	0.0575000000000002
4911	-0.0125
4912	-0.0174999999999998
4913	-0.0299999999999999
4914	-0.0549999999999998
4915	-0.0625
4916	-0.0824999999999999
4917	-0.0349999999999999
4918	-0.0424999999999999
4919	-0.0349999999999999
4920	-0.0324999999999999
4921	-0.0825
4922	-0.1325
4923	-0.17
4924	-0.095
4925	-0.0799999999999997
4926	-0.0775
4927	-0.0999999999999999
4928	-0.0725000000000001
4929	-0.0899999999999999
4930	-0.125
4931	-0.175
4932	-0.2225
4933	-0.3025
4934	-0.3075
4935	-0.25
4936	-0.285
4937	-0.3025
4938	-0.3075
4939	-0.3275
4940	-0.3575
4941	-0.37
4942	-0.38
4943	-0.455
4944	-0.4675
4945	-0.4675
4946	-0.5375
4947	-0.535
4948	-0.5275
4949	-0.565
4950	-0.5825
4951	-0.6125
4952	-0.56
4953	-0.6575
4954	-0.6325
4955	-0.59
4956	-0.6025
4957	-0.5525
4958	-0.4275
4959	-0.4025
4960	-0.4125
4961	-0.455
4962	-0.415
4963	-0.385
4964	-0.4375
4965	-0.4175
4966	-0.4075
4967	-0.297499999999999
4968	-0.279999999999999
4969	-0.22
4970	-0.2475
4971	-0.255
4972	-0.1425
4973	-0.1125
4974	-0.0949999999999998
4975	-0.0824999999999998
4976	-0.0725
4977	-0.0274999999999999
4978	-0.0299999999999998
4979	0.0275000000000003
4980	0.0925000000000002
4981	0.0175000000000001
4982	0.0825000000000002
4983	0.1475
4984	0.185
4985	0.185
4986	0.1825
4987	0.2025
4988	0.1375
4989	0.175
4990	0.1375
4991	0.0700000000000003
4992	0.1125
4993	0.125
4994	0.025
4995	0.0575000000000001
4996	0.00750000000000006
4997	0.0375000000000001
4998	-0.0224999999999999
4999	-0.0574999999999998
5000	-0.0975
5001	-0.055
5002	-0.00249999999999984
5003	-0.0424999999999999
5004	3.33066907387547e-16
5005	-0.0124999999999998
5006	0.0100000000000001
5007	0.0375000000000003
5008	-0.00249999999999972
5009	-0.00249999999999972
5010	0.0375000000000003
5011	0.0500000000000002
5012	0.0375000000000003
5013	0.0725000000000001
5014	0.0850000000000001
5015	0.0575000000000002
5016	0.045
5017	0.045
5018	0.0375000000000003
5019	0.0150000000000001
5020	-0.0125
5021	0.0200000000000001
5022	0.0650000000000002
5023	0.0675000000000001
5024	0.0600000000000002
5025	0.0600000000000002
5026	0.0975000000000001
5027	0.1225
5028	0.0775000000000001
5029	0.0700000000000001
5030	0.0750000000000002
5031	0.01
5032	0.0150000000000001
5033	0.0150000000000001
5034	0.0550000000000002
5035	0.0625000000000001
5036	0.0375000000000001
5037	0.0425000000000001
5038	-0.0349999999999999
5039	-0.0349999999999999
5040	-0.0274999999999999
5041	0.0125000000000002
5042	-0.005
5043	-0.0149999999999998
5044	-0.00749999999999995
5045	-0.0199999999999999
5046	-0.0649999999999998
5047	0.00750000000000006
5048	-0.0274999999999999
5049	-0.0374999999999999
5050	-0.0499999999999999
5051	-0.0424999999999998
5052	-0.00249999999999972
5053	0.0350000000000001
5054	0.00500000000000012
5055	-0.00749999999999984
5056	3.33066907387547e-16
5057	-0.0199999999999997
5058	0.00249999999999984
5059	0.00500000000000012
5060	-0.0249999999999998
5061	-0.0199999999999999
5062	-0.0299999999999998
5063	-0.00249999999999995
5064	0.0450000000000002
5065	0.0650000000000002
5066	0.0925000000000002
5067	0.105
5068	0.1175
5069	0.0525000000000002
5070	0.0500000000000003
5071	0.0175000000000001
5072	0.0425000000000002
5073	0.0550000000000002
5074	0.0875000000000001
5075	0.0550000000000002
5076	0.0875000000000001
5077	0.0950000000000002
5078	0.0975000000000001
5079	0.115
5080	0.1225
5081	0.11
5082	0.105
5083	0.0600000000000001
5084	0.0850000000000002
5085	0.0275000000000003
5086	0.0475000000000003
5087	0.1175
5088	0.0650000000000002
5089	0.0775000000000001
5090	0.0750000000000002
5091	0.135
5092	0.1025
5093	0.135
5094	0.105
5095	0.1025
5096	0.1525
5097	0.13
5098	0.1225
5099	0.1675
5100	0.135
5101	0.1725
5102	0.1525
5103	0.2175
5104	0.2
5105	0.1875
5106	0.1425
5107	0.195
5108	0.2025
5109	0.2025
5110	0.1775
5111	0.2025
5112	0.15
5113	0.1025
5114	0.0700000000000001
5115	0.0575000000000001
5116	0.00500000000000012
5117	-0.00249999999999984
5118	-0.0299999999999999
5119	-0.0775
5120	-0.0799999999999997
5121	-0.0299999999999999
5122	-0.0125
5123	-0.0649999999999998
5124	-0.0924999999999999
5125	-0.0474999999999999
5126	1.11022302462516e-16
5127	-0.0724999999999999
5128	-0.0649999999999998
5129	-0.0849999999999999
5130	-0.0899999999999999
5131	-0.1025
5132	-0.115
5133	-0.1225
5134	-0.1425
5135	-0.2275
5136	-0.2425
5137	-0.2625
5138	-0.255
5139	-0.2425
5140	-0.2325
5141	-0.2275
5142	-0.2025
5143	-0.23
5144	-0.16
5145	-0.16
5146	-0.135
5147	-0.135
5148	-0.1225
5149	-0.11
5150	-0.0925
5151	-0.1075
5152	-0.0824999999999999
5153	-0.0749999999999999
5154	-0.0124999999999999
5155	1.66533453693773e-16
5156	1.66533453693773e-16
5157	0.00750000000000001
5158	-0.03
5159	-0.005
5160	0.0600000000000001
5161	0.0200000000000001
5162	-0.015
5163	0.0425000000000001
5164	0.015
5165	0.04
5166	0.065
5167	0.09
5168	0.0375000000000001
5169	0.05
5170	0.0375000000000001
5171	0.0175000000000001
5172	0.0175000000000001
5173	0.025
5174	-0.02
5175	-0.085
5176	-0.0574999999999999
5177	-0.0399999999999999
5178	-0.0449999999999999
5179	-0.0499999999999999
5180	-0.0624999999999999
5181	-0.0074999999999999
5182	-0.0074999999999999
5183	-0.0324999999999999
5184	0.0875000000000001
5185	0.0250000000000001
5186	0.0175000000000001
5187	-0.0324999999999999
5188	0.0225000000000002
5189	0.00250000000000017
5190	-0.00749999999999995
5191	0.0150000000000001
5192	-0.0224999999999997
5193	-0.0174999999999998
5194	-0.0099999999999999
5195	-0.00749999999999984
5196	0.00500000000000012
5197	0.0125000000000002
5198	-0.0175000000000001
5199	-0.0624999999999998
5200	0.0175000000000003
5201	0.025
5202	-0.00749999999999973
5203	-0.0324999999999999
5204	-0.0125
5205	-0.0249999999999998
5206	0.00749999999999995
5207	0.0275
5208	0.0725000000000002
5209	0.0525000000000001
5210	0.0575000000000001
5211	0.13
5212	0.13
5213	0.205
5214	0.1925
5215	0.2
5216	0.1425
5217	0.115
5218	0.0700000000000001
5219	0.13
5220	0.0300000000000002
5221	0.0125000000000002
5222	0.00749999999999995
5223	0.0700000000000001
5224	0.0700000000000001
5225	0.0824999999999999
5226	0.0575000000000001
5227	0.0824999999999999
5228	0.11
5229	0.17
5230	0.235
5231	0.2425
5232	0.19
5233	0.1775
5234	0.205
5235	0.31
5236	0.2625
5237	0.2625
5238	0.3075
5239	0.3475
5240	0.2975
5241	0.31
5242	0.26
5243	0.24
5244	0.17
5245	0.145
5246	0.2125
5247	0.14
5248	0.0950000000000002
5249	-0.0724999999999996
5250	-0.0699999999999998
5251	-0.0899999999999999
5252	0.0150000000000001
5253	0.0600000000000001
5254	0.2075
5255	0.2275
5256	0.17
5257	0.2475
5258	0.255
5259	0.2775
5260	0.2475
5261	0.2125
5262	0.245
5263	0.155
5264	0.1175
5265	0.0974999999999999
5266	0.0150000000000001
5267	-0.0124999999999995
5268	-0.0374999999999999
5269	0.0675000000000006
5270	-0.0299999999999996
5271	-0.0949999999999998
5272	-0.175
5273	-0.2
5274	-0.2375
5275	-0.245
5276	-0.2275
5277	-0.1575
5278	-0.0999999999999994
5279	-0.1225
5280	-0.0624999999999996
5281	-0.0549999999999999
5282	-0.0899999999999996
5283	-0.0824999999999996
5284	-0.0649999999999997
5285	0.0500000000000003
5286	0.0750000000000006
5287	0.1325
5288	0.0150000000000003
5289	-0.0349999999999999
5290	-0.1225
5291	-0.1825
5292	-0.155
5293	-0.2125
5294	-0.179999999999999
5295	-0.17
5296	-0.2375
5297	-0.155
5298	-0.13
5299	-0.11
5300	-0.105
5301	-0.15
5302	-0.125
5303	-0.125
5304	-0.0274999999999999
5305	-0.1425
5306	-0.1075
5307	-0.0874999999999999
5308	-0.0299999999999996
5309	-0.0624999999999998
5310	-0.1325
5311	-0.1575
5312	-0.1725
5313	-0.2475
5314	-0.2925
5315	-0.2925
5316	-0.3175
5317	-0.24
5318	-0.22
5319	-0.22
5320	-0.1725
5321	-0.1475
5322	-0.18
5323	-0.1475
5324	-0.155
5325	-0.0774999999999995
5326	-0.0549999999999997
5327	-0.0174999999999996
5328	0.04
5329	0.0600000000000003
5330	-0.0299999999999998
5331	0.0225000000000004
5332	-0.01
5333	0.0175000000000003
5334	-0.085
5335	-0.11
5336	-0.0899999999999996
5337	-0.1275
5338	-0.0924999999999998
5339	-0.0849999999999997
5340	-0.0999999999999996
5341	-0.0424999999999995
5342	-0.0699999999999996
5343	-0.085
5344	-0.0799999999999994
5345	-0.0399999999999994
5346	0.0600000000000005
5347	0.125
5348	0.115
5349	0.135
5350	0.0925000000000002
5351	0.0850000000000004
5352	0.0325000000000002
5353	-0.0249999999999995
5354	-0.0624999999999998
5355	-0.00499999999999967
5356	0.00499999999999967
5357	-0.0924999999999998
5358	0.00750000000000006
5359	-0.0299999999999998
5360	0.0500000000000005
5361	0.0250000000000004
5362	0.00750000000000073
5363	-0.00499999999999945
5364	0.0425
5365	-0.0774999999999995
5366	0
5367	0.0500000000000003
5368	0.0650000000000004
5369	0.0625
5370	0.115
5371	0.1225
5372	0.1425
5373	0.195
5374	0.125
5375	0.165
5376	0.1225
5377	0.0450000000000004
5378	0.00250000000000039
5379	-0.0824999999999996
5380	-0.1575
5381	-0.125
5382	-0.1225
5383	-0.12
5384	-0.194999999999999
5385	-0.214999999999999
5386	-0.22
5387	-0.197499999999999
5388	-0.1775
5389	-0.23
5390	-0.2625
5391	-0.302499999999999
5392	-0.35
5393	-0.294999999999999
5394	-0.329999999999999
5395	-0.329999999999999
5396	-0.37
5397	-0.41
5398	-0.365
5399	-0.422499999999999
5400	-0.57
5401	-0.495
5402	-0.4675
5403	-0.5875
5404	-0.485
5405	-0.575
5406	-0.607499999999999
5407	-0.585
5408	-0.66
5409	-0.71
5410	-0.6775
5411	-0.635
5412	-0.675
5413	-0.625
5414	-0.5475
5415	-0.4775
5416	-0.367499999999999
5417	-0.3275
5418	-0.32
5419	-0.4375
5420	-0.345
5421	-0.3375
5422	-0.2625
5423	-0.217499999999999
5424	-0.109999999999999
5425	0.00500000000000034
5426	0.155
5427	0.105
5428	0.1125
5429	0.1525
5430	0.0825000000000009
5431	0.1275
5432	0.11
5433	0.105
5434	0.135
5435	0.1675
5436	0.1725
5437	0.262500000000001
5438	0.235
5439	0.28
5440	0.2475
5441	0.277500000000001
5442	0.2725
5443	0.21
5444	0.257500000000001
5445	0.282500000000001
5446	0.332500000000001
5447	0.3225
5448	0.455
5449	0.3975
5450	0.415
5451	0.3825
5452	0.415
5453	0.305000000000001
5454	0.3625
5455	0.452500000000001
5456	0.41
5457	0.430000000000001
5458	0.385
5459	0.3175
5460	0.225
5461	0.245000000000001
5462	0.12
5463	0.1325
5464	0.19
5465	0.1275
5466	0.195
5467	0.2025
5468	0.2125
5469	0.18
5470	0.18
5471	0.1725
5472	0.2725
5473	0.1875
5474	0.195
5475	0.1925
5476	0.180000000000001
5477	0.15
5478	0.11
5479	0.11
5480	0.1125
5481	0.165
5482	0.135
5483	0.115
5484	0.105
5485	0.1525
5486	0.16
5487	0.1325
5488	0.0525
5489	0.1025
5490	0.0300000000000002
5491	0.0175000000000003
5492	0.0125000000000002
5493	-0.0974999999999997
5494	-0.0649999999999995
5495	-0.0424999999999998
5496	0.04
5497	-0.0299999999999998
5498	-0.0124999999999997
5499	0.0425000000000004
5500	-0.0499999999999998
5501	-0.0874999999999997
5502	-0.1275
5503	-0.195
5504	-0.18
5505	-0.1425
5506	-0.0899999999999996
5507	-0.0174999999999994
5508	-0.1075
5509	-0.0699999999999996
5510	-0.0549999999999997
5511	-0.0424999999999998
5512	-0.0699999999999998
5513	-0.0574999999999997
5514	-0.00749999999999984
5515	0.0500000000000003
5516	0.0650000000000002
5517	0.0500000000000003
5518	0.0549999999999999
5519	0.0125000000000002
5520	0.0325000000000004
5521	0
5522	-0.0224999999999997
5523	-0.01
5524	-0.0374999999999999
5525	-0.04
5526	-0.0324999999999998
5527	0.00500000000000034
5528	0.0125000000000002
5529	0.105
5530	0.0925000000000002
5531	0.0250000000000001
5532	-0.085
5533	-0.0324999999999998
5534	-0.0549999999999997
5535	-0.085
5536	-0.0449999999999999
5537	0.0349999999999999
5538	0.0700000000000005
5539	0.0700000000000005
5540	0.00750000000000073
5541	-0.0449999999999999
5542	-0.0949999999999998
5543	-0.0899999999999999
5544	0.00250000000000017
5545	-0.0174999999999996
5546	-0.00999999999999979
5547	-0.0299999999999998
5548	-0.0474999999999999
5549	-0.0974999999999997
5550	-0.0374999999999994
5551	-0.1075
5552	-0.0374999999999999
5553	-0.05
5554	-0.0100000000000002
5555	0.05
5556	0.0375000000000003
5557	0.0325000000000002
5558	0.115
5559	0.272500000000001
5560	0.3075
5561	0.2775
5562	0.3225
5563	0.26
5564	0.272500000000001
5565	0.305000000000001
5566	0.33
5567	0.345
5568	0.3325
5569	0.26
5570	0.29
5571	0.3125
5572	0.2275
5573	0.2
5574	0.215
5575	0.165
5576	0.22
5577	0.1625
5578	0.115
5579	0.0699999999999998
5580	0.0425000000000002
5581	0.0950000000000002
5582	0.0575000000000001
5583	0.0475000000000003
5584	0.0675000000000001
5585	0.0925000000000002
5586	0.0725000000000005
5587	0.142500000000001
5588	0.0800000000000003
5589	0.0800000000000003
5590	0.00499999999999967
5591	-0.00999999999999979
5592	-0.00499999999999967
5593	-0.0599999999999996
5594	-0.1775
5595	-0.2725
5596	-0.265
5597	-0.2125
5598	-0.2725
5599	-0.345
5600	-0.4225
5601	-0.4825
5602	-0.45
5603	-0.399999999999999
5604	-0.395
5605	-0.3475
5606	-0.3725
5607	-0.2925
5608	-0.2375
5609	-0.242499999999999
5610	-0.175
5611	-0.0749999999999997
5612	-0.0674999999999997
5613	0.0825000000000005
5614	0.1025
5615	0.135
5616	0.1175
5617	0.120000000000001
5618	0.100000000000001
5619	0.125
5620	0.1375
5621	0.1825
5622	0.1825
5623	0.1425
5624	0.2125
5625	0.23
5626	0.287500000000001
5627	0.3025
5628	0.3175
5629	0.305
5630	0.395
5631	0.37
5632	0.3575
5633	0.3425
5634	0.455
5635	0.505
5636	0.5775
5637	0.570000000000001
5638	0.5525
5639	0.5875
5640	0.570000000000001
5641	0.547500000000001
5642	0.5725
5643	0.63
5644	0.632500000000001
5645	0.58
5646	0.5475
5647	0.5875
5648	0.58
5649	0.5225
5650	0.5775
5651	0.605
5652	0.695
5653	0.6175
5654	0.6425
5655	0.65
5656	0.6175
5657	0.665
5658	0.682500000000001
5659	0.710000000000001
5660	0.607500000000001
5661	0.7
5662	0.665
5663	0.6975
5664	0.6175
5665	0.7525
5666	0.765
5667	0.7375
5668	0.7025
5669	0.76
5670	0.72
5671	0.7275
5672	0.68
5673	0.66
5674	0.5925
5675	0.585000000000001
5676	0.59
5677	0.57
5678	0.4975
5679	0.38
5680	0.4225
5681	0.495
5682	0.5
5683	0.44
5684	0.435
5685	0.4275
5686	0.38
5687	0.32
5688	0.3175
5689	0.45
5690	0.425
5691	0.4225
5692	0.4475
5693	0.355
5694	0.325
5695	0.32
5696	0.3325
5697	0.165
5698	0.14
5699	0.0499999999999998
5700	0.0250000000000001
5701	-0.0199999999999998
5702	-0.1175
5703	-0.0974999999999997
5704	-0.0499999999999998
5705	-0.0874999999999999
5706	-0.132499999999999
5707	-0.1125
5708	-0.0674999999999997
5709	-0.0225
5710	-0.0724999999999993
5711	-0.0874999999999999
5712	-0.0274999999999999
5713	0.0125000000000002
5714	0.145
5715	0.205
5716	0.165
5717	0.1
5718	0.0725000000000002
5719	0.12
5720	0.0775000000000001
5721	0.1175
5722	0.1625
5723	0.2175
5724	0.1475
5725	0.1025
5726	0.12
5727	0.0850000000000002
5728	0.0350000000000001
5729	-0.0249999999999997
5730	-0.0399999999999998
5731	-0.0474999999999999
5732	0.0175000000000001
5733	0.0900000000000001
5734	0.1125
5735	0.27
5736	0.225
5737	0.2125
5738	0.3
5739	0.27
5740	0.175
5741	0.175
5742	0.2
5743	0.175
5744	0.215
5745	0.242500000000001
5746	0.3825
5747	0.35
5748	0.285000000000001
5749	0.3
5750	0.1675
5751	0.1575
5752	0.2075
5753	0.2075
5754	0.262500000000001
5755	0.260000000000001
5756	0.2825
5757	0.22
5758	0.18
5759	0.215
5760	0.285000000000001
5761	0.2825
5762	0.28
5763	0.2825
5764	0.385
5765	0.5425
5766	0.575
5767	0.5525
5768	0.5525
5769	0.5575
5770	0.66
5771	0.55
5772	0.56
5773	0.5875
5774	0.5225
5775	0.515
5776	0.445
5777	0.4125
5778	0.415
5779	0.3775
5780	0.32
5781	0.2575
5782	0.195000000000001
5783	0.29
5784	0.34
5785	0.34
5786	0.4125
5787	0.5125
5788	0.4875
5789	0.545000000000001
5790	0.505
5791	0.48
5792	0.5525
5793	0.57
5794	0.545
5795	0.525
5796	0.5
5797	0.4375
5798	0.4625
5799	0.485
5800	0.4275
5801	0.3225
5802	0.35
5803	0.385
5804	0.505
5805	0.4925
5806	0.4475
5807	0.41
5808	0.44
5809	0.4675
5810	0.4975
5811	0.420000000000001
5812	0.445000000000001
5813	0.5125
5814	0.5375
5815	0.545
5816	0.5875
5817	0.625
5818	0.635
5819	0.545
5820	0.59
5821	0.620000000000001
5822	0.6125
5823	0.387500000000001
5824	0.4025
5825	0.38
5826	0.342500000000001
5827	0.385
5828	0.270000000000001
5829	0.225000000000001
5830	0.2475
5831	0.327500000000001
5832	0.3675
5833	0.42
5834	0.47
5835	0.535000000000001
5836	0.5125
5837	0.55
5838	0.5825
5839	0.590000000000001
5840	0.417500000000001
5841	0.3725
5842	0.37
5843	0.35
5844	0.3225
5845	0.330000000000001
5846	0.2325
5847	0.3825
5848	0.4525
5849	0.342500000000001
5850	0.3475
5851	0.400000000000001
5852	0.387500000000001
5853	0.3975
5854	0.427500000000001
5855	0.41
5856	0.362500000000001
5857	0.2925
5858	0.31
5859	0.435
5860	0.435
5861	0.405
5862	0.422500000000001
5863	0.335
5864	0.3125
5865	0.285
5866	0.325
5867	0.225
5868	0.207500000000001
5869	0.2
5870	0.1575
5871	0.1675
5872	0.215
5873	0.3375
5874	0.32
5875	0.345
5876	0.41
5877	0.46
5878	0.4175
5879	0.410000000000001
5880	0.472500000000001
5881	0.4525
5882	0.545
5883	0.5
5884	0.4575
5885	0.47
5886	0.395
5887	0.2825
5888	0.3625
5889	0.360000000000001
5890	0.442500000000001
5891	0.46
5892	0.425
5893	0.385
5894	0.427500000000001
5895	0.39
5896	0.465000000000001
5897	0.6975
5898	0.7725
5899	0.8325
5900	0.885
5901	0.855
5902	0.8975
5903	0.957500000000001
5904	0.9925
5905	1.1
5906	1.035
5907	0.94
5908	0.912500000000001
5909	0.892500000000001
5910	0.82
5911	0.81
5912	0.93
5913	0.9175
5914	0.892500000000001
5915	0.99
5916	0.9925
5917	1.045
5918	1.1975
5919	1.2975
5920	1.3475
5921	1.29
5922	1.4275
5923	1.52
5924	1.5375
5925	1.495
5926	1.435
5927	1.43
5928	1.5675
5929	1.5625
5930	1.5975
5931	1.575
5932	1.5325
5933	1.4
5934	1.375
5935	1.365
5936	1.2425
5937	1.2125
5938	1.1675
5939	1.0975
5940	1.2
5941	1.115
5942	1.1725
5943	1.2375
5944	1.255
5945	1.195
5946	1.295
5947	1.225
5948	1.1875
5949	1.24
5950	1.29
5951	1.2625
5952	1.345
5953	1.375
5954	1.29
5955	1.1825
5956	1.025
5957	1.165
5958	1.165
5959	1.175
5960	1.16
5961	1.2025
5962	1.1225
5963	1.0775
5964	1.09
5965	0.965
5966	0.915
5967	1.02
5968	0.8775
5969	0.745
5970	0.737500000000001
5971	0.6225
5972	0.727500000000001
5973	0.737500000000001
5974	0.735
5975	0.747500000000001
5976	0.595000000000001
5977	0.57
5978	0.6175
5979	0.717500000000001
5980	0.585000000000001
5981	0.640000000000001
5982	0.597500000000001
5983	0.640000000000001
5984	0.517500000000001
5985	0.4175
5986	0.3525
5987	0.287500000000001
5988	0.1925
5989	0.1125
5990	0.0525000000000007
5991	0.00500000000000078
5992	0.0825
5993	-0.0150000000000001
5994	-0.0499999999999994
5995	-0.165
5996	-0.192499999999999
5997	-0.1725
5998	-0.14
5999	-0.0899999999999996
6000	-0.18
6001	-0.1075
6002	-0.1225
6003	-0.195
6004	-0.11
6005	-0.1225
6006	-0.1225
6007	-0.0949999999999998
6008	-0.0800000000000001
6009	-0.0174999999999998
6010	-0.0199999999999999
6011	-0.0299999999999999
6012	0.0675000000000002
6013	0.0625000000000002
6014	0.0325000000000001
6015	0.195
6016	0.7875
6017	1.2225
6018	3.715
6019	6.34
6020	6.9175
6021	19.48
6022	27.0125
6023	33.275
6024	35.96
6025	36.8475
6026	37.7025
6027	37.9675
6028	39.1975
6029	39.36
6030	39.205
6031	39.18
6032	39.18
6033	39.1675
6034	39.155
6035	39.155
6036	39.155
6037	39.155
6038	39.155
6039	39.1425
6040	39.1425
6041	39.155
6042	39.155
6043	39.1675
6044	39.2425
6045	39.235
6046	39.34
6047	39.44
6048	39.5325
6049	39.65
6050	39.69
6051	39.5175
6052	39.0925
6053	38.7225
6054	36.4175
6055	33.365
6056	31.8325
6057	20.685
6058	13.0175
6059	6.6125
6060	3.7875
6061	2.785
6062	1.975
6063	1.6425
