5	-0.11775
6	-0.12825
7	-0.1165
8	-0.12075
9	-0.14825
10	-0.11325
11	-0.12825
12	-0.13175
13	-0.054
14	-0.05125
15	-0.0189999999999999
16	-0.00624999999999998
17	-0.01775
18	0.00374999999999981
19	0.003
20	-0.00224999999999997
21	-0.01825
22	-0.0359999999999999
23	-0.001
24	0
25	-0.0337499999999999
26	-0.03
27	-0.0494999999999999
28	-0.02625
29	-0.043
30	-0.091
31	-0.12825
32	-0.13975
33	-0.15125
34	-0.10925
35	-0.0887500000000001
36	-0.11725
37	-0.0932500000000001
38	-0.0254999999999999
39	0.01725
40	0.0669999999999999
41	0.0944999999999999
42	0.11125
43	0.0747500000000001
44	0.0897500000000001
45	0.14325
46	0.11275
47	0.11625
48	0.12875
49	0.0395000000000002
50	0.0439999999999999
51	0.07175
52	0.101
53	0.08675
54	0.04125
55	0.0395000000000002
56	0.003
57	0.012
58	0.0342499999999999
59	-0.00775000000000003
60	0.0235000000000001
61	0.102
62	0.14125
63	0.19475
64	0.17775
65	0.232
66	0.29075
67	0.329
68	0.30675
69	0.2935
70	0.2365
71	0.2365
72	0.26325
73	0.274
74	0.10325
75	0.22775
76	0.23325
77	0.25375
78	0.2325
79	0.28675
80	0.2405
81	0.20575
82	0.20575
83	0.19775
84	0.22725
85	0.1925
86	0.1995
87	0.202
88	0.14575
89	0.16525
90	0.16525
91	0.16775
92	0.21225
93	0.20325
94	0.205
95	0.221
96	0.212
97	0.1835
98	0.08525
99	0.047
100	0.039
101	-0.00725000000000009
102	0.00524999999999998
103	0.0417499999999998
104	0.0854999999999999
105	0.1335
106	0.15575
107	0.1095
108	0.1175
109	0.10775
110	0.15225
111	0.121
112	0.1235
113	0.0735
114	0.10375
115	0.0849999999999999
116	0.10725
117	0.1615
118	0.0902500000000002
119	0.09475
120	0.0512500000000001
121	0.045
122	0.04425
123	0.0192500000000001
124	0.0595000000000001
125	0.05875
126	0.0747500000000001
127	0.0997500000000001
128	0.10775
129	0.10425
130	0.165
131	0.124
132	0.10175
133	0.0875
134	0.0625
135	0.0667499999999999
136	0.0729999999999998
137	0.0560000000000002
138	0.01325
139	-0.00375000000000003
140	-0.0252499999999999
141	-0.03425
142	-0.004
143	0.00125000000000008
144	0.0217499999999999
145	0.0474999999999999
146	0.051
147	0.06075
148	0.0545000000000001
149	0.05725
150	0.0590000000000002
151	0.0652500000000001
152	0.05625
153	0.0357499999999999
154	0.0882499999999999
155	0.122
156	0.13425
157	0.15825
158	0.13675
159	0.14475
160	0.0982499999999999
161	0.14275
162	0.1295
163	0.126
164	0.126
165	0.18575
166	0.1295
167	0.158
168	0.166
169	0.2025
170	0.2025
171	0.21675
172	0.231
173	0.255
174	0.24875
175	0.2775
176	0.249
177	0.2455
178	0.23575
179	0.2545
180	0.26975
181	0.22075
182	0.179
183	0.171
184	0.139
185	0.15425
186	0.16225
187	0.1275
188	0.115
189	0.0865000000000001
190	0.0465000000000002
191	0.003
192	0.02275
193	-0.01725
194	0.0327499999999999
195	0.0525000000000001
196	0.0295000000000001
197	-0.0177499999999999
198	0.0277499999999999
199	-0.0354999999999998
200	-0.07375
201	-0.12725
202	-0.1415
203	-0.1405
204	-0.11725
205	-0.11275
206	-0.069
207	-0.0992500000000001
208	-0.1215
209	-0.0464999999999999
210	-0.0517500000000001
211	-0.1
212	-0.0884999999999999
213	-0.1045
214	-0.1455
215	-0.166
216	-0.216
217	-0.16875
218	-0.2
219	-0.24175
220	-0.2275
221	-0.2445
222	-0.21775
223	-0.215
224	-0.15425
225	-0.14175
226	-0.108
227	-0.084
228	-0.134
229	-0.0895
230	-0.11725
231	-0.145
232	-0.13
233	-0.1745
234	-0.22275
235	-0.213
236	-0.18175
237	-0.18975
238	-0.196
239	-0.16225
240	-0.2015
241	-0.2255
242	-0.24425
243	-0.23525
244	-0.23075
245	-0.33575
246	-0.30525
247	-0.322
248	-0.321
249	-0.31375
250	-0.31275
251	-0.302
252	-0.317
253	-0.3945
254	-0.38475
255	-0.351
256	-0.3145
257	-0.34125
258	-0.34925
259	-0.352
260	-0.401
261	-0.39475
262	-0.39025
263	-0.38325
264	-0.37075
265	-0.393
266	-0.41525
267	-0.4455
268	-0.4375
269	-0.37425
270	-0.3645
271	-0.35025
272	-0.361
273	-0.3495
274	-0.34775
275	-0.379
276	-0.337
277	-0.3005
278	-0.3175
279	-0.3105
280	-0.28925
281	-0.2655
282	-0.26325
283	-0.25725
284	-0.2225
285	-0.228
286	-0.221
287	-0.318
288	-0.262
289	-0.25575
290	-0.22275
291	-0.16475
292	-0.18525
293	-0.1665
294	-0.162
295	-0.154
296	-0.16025
297	-0.163
298	-0.146
299	-0.121
300	-0.1015
301	-0.0587500000000001
302	-0.0604999999999999
303	-0.0604999999999999
304	-0.04175
305	-0.0729999999999998
306	-0.0650000000000001
307	-0.0552499999999999
308	-0.0347499999999998
309	-0.0299999999999998
310	-0.0379999999999999
311	-0.013
312	-0.0327500000000001
313	-0.07475
314	-0.0139999999999999
315	-0.00599999999999989
316	-0.06825
317	-0.0877499999999999
318	-0.10275
319	-0.108
320	-0.1525
321	-0.173
322	-0.14975
323	-0.0357500000000001
324	-0.034
325	0.0667499999999999
326	0.0542499999999999
327	-0.00375000000000003
328	0.00250000000000006
329	0.02475
330	0.05875
331	0.0347499999999999
332	0.0177499999999999
333	-0.01425
334	-0.0444999999999999
335	-0.0810000000000001
336	-0.0764999999999999
337	-0.09075
338	-0.097
339	-0.0854999999999998
340	-0.11225
341	-0.106
342	-0.1415
343	-0.13175
344	-0.17
345	-0.1605
346	-0.16225
347	-0.189
348	-0.19425
349	-0.155
350	-0.1345
351	-0.12375
352	-0.0569999999999999
353	-0.0729999999999998
354	-0.1255
355	-0.16825
356	-0.13
357	-0.105
358	-0.10325
359	-0.122
360	-0.179
361	-0.20225
362	-0.1745
363	-0.1495
364	-0.13525
365	-0.1745
366	-0.22375
367	-0.213
368	-0.213
369	-0.1595
370	-0.1685
371	-0.1765
372	-0.18275
373	-0.197
374	-0.21475
375	-0.23875
376	-0.2165
377	-0.1835
378	-0.1185
379	-0.0844999999999999
380	-0.05775
381	-0.0834999999999998
382	-0.054
383	-0.02175
384	-0.0307499999999999
385	-0.0244999999999999
386	-0.10575
387	-0.11725
388	-0.1065
389	-0.05125
390	0.05475
391	0.0512499999999999
392	0.0175000000000001
393	-0.00475000000000003
394	0.00950000000000017
395	0.01925
396	0.0970000000000002
397	0.0657500000000002
398	0.0685
399	0.0827500000000001
400	0.0997500000000002
401	0.12025
402	0.172
403	0.147
404	0.15675
405	0.1255
406	0.15225
407	0.1825
408	0.2495
409	0.2325
410	0.335
411	0.33325
412	0.36275
413	0.3315
414	0.303
415	0.303
416	0.30825
417	0.342
418	0.31425
419	0.29625
420	0.30075
421	0.2615
422	0.28475
423	0.30875
424	0.32025
425	0.29075
426	0.22825
427	0.33775
428	0.3795
429	0.3945
430	0.382
431	0.3855
432	0.34075
433	0.3675
434	0.34325
435	0.37
436	0.3245
437	0.33175
438	0.30675
439	0.32725
440	0.321
441	0.3185
442	0.306
443	0.29975
444	0.2515
445	0.29175
446	0.28725
447	0.33275
448	0.2855
449	0.306
450	0.29175
451	0.25425
452	0.2355
453	0.24625
454	0.29175
455	0.32475
456	0.33625
457	0.3845
458	0.3935
459	0.41675
460	0.4195
461	0.4605
462	0.4445
463	0.383
464	0.38925
465	0.40625
466	0.408
467	0.37775
468	0.35725
469	0.3305
470	0.3145
471	0.2735
472	0.319
473	0.3065
474	0.254
475	0.26025
476	0.25775
477	0.25775
478	0.265
479	0.2385
480	0.2475
481	0.20725
482	0.20725
483	0.267
484	0.3035
485	0.3125
486	0.32675
487	0.342
488	0.367
489	0.34375
490	0.3295
491	0.3295
492	0.3295
493	0.34375
494	0.366
495	0.374
496	0.35525
497	0.349
498	0.374
499	0.44625
500	0.45875
501	0.474
502	0.491
503	0.54
504	0.6345
505	0.62475
506	0.65675
507	0.654
508	0.612
509	0.6485
510	0.7045
511	0.717
512	0.73825
513	0.78975
514	0.80925
515	0.842
516	0.849
517	0.857
518	0.80075
519	0.75875
520	0.75525
521	0.7365
522	0.765
523	0.76575
524	0.7515
525	0.7765
526	0.772
527	0.764
528	0.7935
529	0.75775
530	0.7755
531	0.755
532	0.7505
533	0.69625
534	0.75425
535	0.7185
536	0.6855
537	0.63375
538	0.5785
539	0.54825
540	0.4895
541	0.4975
542	0.5065
543	0.51275
544	0.528
545	0.49675
546	0.47625
547	0.4655
548	0.47625
549	0.47
550	0.4655
551	0.46375
552	0.44325
553	0.47
554	0.43725
555	0.465
556	0.5025
557	0.483
558	0.468
559	0.47075
560	0.503
561	0.4765
562	0.49
563	0.5035
564	0.4225
565	0.39225
566	0.288
567	0.2845
568	0.233
569	0.24275
570	0.1635
571	0.14125
572	0.13875
573	0.1415
574	0.1665
575	0.16375
576	0.1075
577	0.0817499999999998
578	-0.00175000000000014
579	-0.00149999999999983
580	-0.0272499999999998
581	-0.10375
582	-0.0965
583	-0.156
584	-0.1515
585	-0.16825
586	-0.153
587	-0.1735
588	-0.1815
589	-0.177
590	-0.146
591	-0.21025
592	-0.28875
593	-0.238
594	-0.2355
595	-0.21775
596	-0.26425
597	-0.259
598	-0.30725
599	-0.39025
600	-0.33875
601	-0.33875
602	-0.3085
603	-0.3265
604	-0.30525
605	-0.25875
606	-0.25625
607	-0.323
608	-0.357
609	-0.3615
610	-0.35525
611	-0.3605
612	-0.282
613	-0.25075
614	-0.17075
615	-0.21
616	-0.20925
617	-0.07375
618	-0.0879999999999999
619	-0.0389999999999999
620	-0.0727500000000001
621	-0.0727500000000001
622	-0.0932500000000001
623	-0.0137500000000002
624	0.00675000000000003
625	0.0362499999999999
626	0.0389999999999999
627	0.0469999999999999
628	0.0862499999999999
629	0.0702499999999999
630	0.0195000000000001
631	0.0107499999999998
632	0.0394999999999999
633	0.08775
634	0.10125
635	0.161
636	0.1575
637	0.19225
638	0.22875
639	0.1835
640	0.25125
641	0.23675
642	0.243
643	0.30975
644	0.36675
645	0.40675
646	0.45575
647	0.48075
648	0.46825
649	0.41925
650	0.34175
651	0.37375
652	0.372
653	0.273
654	0.28375
655	0.3105
656	0.32375
657	0.27025
658	0.29875
659	0.21925
660	0.22375
661	0.21225
662	0.2025
663	0.18825
664	0.16325
665	0.12575
666	0.17925
667	0.1775
668	0.14625
669	0.1345
670	0.1585
671	0.0952500000000001
672	0.1095
673	0.11225
674	0.11775
675	0.1855
676	0.207
677	0.20275
678	0.22775
679	0.25275
680	0.3225
681	0.343
682	0.22275
683	0.19675
684	0.18675
685	0.20975
686	0.26575
687	0.263
688	0.22025
689	0.26025
690	0.29325
691	0.26375
692	0.2735
693	0.408
694	0.3635
695	0.4045
696	0.35725
697	0.30625
698	0.3275
699	0.37825
700	0.3765
701	0.446
702	0.4325
703	0.44575
704	0.46875
705	0.361
706	0.37175
707	0.4145
708	0.386
709	0.361
710	0.3155
711	0.27975
712	0.235
713	0.234
714	0.2455
715	0.23025
716	0.13575
717	0.118
718	0.17675
719	0.14925
720	0.18225
721	0.19925
722	0.2385
723	0.29475
724	0.33125
725	0.3465
726	0.326
727	0.326
728	0.376
729	0.295
730	0.2905
731	0.2585
732	0.256
733	0.24725
734	0.24375
735	0.20725
736	0.2295
737	0.1795
738	0.17325
739	0.16525
740	0.175
741	0.272
742	0.26925
743	0.27725
744	0.24425
745	0.245
746	0.23875
747	0.204
748	0.156
749	0.10875
750	0.0847500000000001
751	0.0482499999999999
752	0.0900000000000002
753	0.0604999999999999
754	0.0622500000000001
755	0.082
756	0.0955000000000001
757	0.0892500000000001
758	0.0635000000000001
759	0.0242499999999999
760	0.0197500000000002
761	0.0465
762	0.0365
763	0.1105
764	0.0455000000000001
765	0.08725
766	0.0970000000000002
767	0.10675
768	0.1315
769	0.1315
770	0.14325
771	0.13175
772	0.0855
773	0.115
774	0.125
775	0.11075
776	0.1305
777	0.102
778	0.127
779	0.15375
780	0.176
781	0.17075
782	0.1805
783	0.2455
784	0.31225
785	0.31675
786	0.3265
787	0.347
788	0.3015
789	0.32825
790	0.298
791	0.29775
792	0.295
793	0.26475
794	0.30925
795	0.26475
796	0.24875
797	0.15525
798	0.126
799	0.0787500000000001
800	0.108
801	0.108
802	0.0885
803	0.1045
804	0.1295
805	0.14
806	0.1175
807	0.13975
808	0.15225
809	0.145
810	0.111
811	0.07975
812	0.0245000000000001
813	0.000500000000000167
814	-0.0634999999999999
815	-0.165
816	-0.212
817	-0.23875
818	-0.2325
819	-0.26725
820	-0.2815
821	-0.28775
822	-0.28425
823	-0.3055
824	-0.3125
825	-0.25525
826	-0.242
827	-0.225
828	-0.27225
829	-0.22775
830	-0.29825
831	-0.317
832	-0.308
833	-0.26
834	-0.251
835	-0.357
836	-0.36675
837	-0.44675
838	-0.38425
839	-0.4225
840	-0.459
841	-0.409
842	-0.417
843	-0.45
844	-0.48125
845	-0.5035
846	-0.45625
847	-0.44375
848	-0.4225
849	-0.42075
850	-0.40825
851	-0.378
852	-0.29525
853	-0.273
854	-0.2605
855	-0.24275
856	-0.2615
857	-0.22325
858	-0.207
859	-0.1885
860	-0.169
861	-0.1995
862	-0.19325
863	-0.20575
864	-0.20675
865	-0.222
866	-0.181
867	-0.1195
868	-0.1
869	-0.0902499999999999
870	-0.06275
871	0.04675
872	0.0457500000000002
873	0.0945
874	0.0720000000000001
875	0.09075
876	0.11025
877	0.08525
878	0.113
879	0.1415
880	0.19675
881	0.23425
882	0.22
883	0.25025
884	0.236
885	0.27425
886	0.29625
887	0.3425
888	0.35675
889	0.3745
890	0.39675
891	0.4655
892	0.43525
893	0.43175
894	0.452
895	0.45475
896	0.4735
897	0.44225
898	0.444
899	0.469
900	0.48325
901	0.50025
902	0.49575
903	0.46
904	0.4565
905	0.44675
906	0.46725
907	0.41825
908	0.438
909	0.4425
910	0.4515
911	0.439
912	0.41675
913	0.382
914	0.36325
915	0.3605
916	0.30525
917	0.29
918	0.29975
919	0.298
920	0.316
921	0.2725
922	0.22525
923	0.19675
924	0.1175
925	0.10325
926	0.10775
927	0.016
928	0.0337499999999999
929	0.09
930	0.09
931	0.1025
932	0.074
933	0.0589999999999999
934	0.0815
935	0.0317500000000001
936	0.00600000000000012
937	-0.00649999999999984
938	-0.0492500000000001
939	-0.043
940	-0.0502499999999999
941	-0.02625
942	-0.0904999999999999
943	-0.10375
944	-0.13675
945	-0.14825
946	-0.1795
947	-0.16525
948	-0.151
949	-0.1875
950	-0.0937500000000001
951	-0.0455
952	0.016
953	0.0285
954	0.00800000000000001
955	-0.00350000000000006
956	-0.0295
957	0.02025
958	0.0505000000000001
959	0.0790000000000001
960	0.14925
961	0.19475
962	0.1715
963	0.21325
964	0.27125
965	0.2185
966	0.182
967	0.1775
968	0.1855
969	0.19075
970	0.1345
971	0.18075
972	0.1985
973	0.20125
974	0.22175
975	0.262
976	0.254
977	0.25675
978	0.2935
979	0.3425
980	0.3415
981	0.3485
982	0.344
983	0.32075
984	0.335
985	0.40625
986	0.3285
987	0.2705
988	0.23475
989	0.22675
990	0.26875
991	0.25525
992	0.19475
993	0.11025
994	0.096
995	0.055
996	0.0595000000000001
997	0.0569999999999999
998	0.042
999	-0.000750000000000028
1000	-0.0364999999999999
1001	-0.0444999999999999
1002	-0.0497500000000001
1003	-0.0844999999999999
1004	-0.089
1005	-0.056
1006	-0.03825
1007	-0.0329999999999999
1008	-0.07125
1009	-0.0962499999999999
1010	-0.08625
1011	-0.122
1012	-0.0369999999999999
1013	-0.0770000000000001
1014	-0.11725
1015	-0.0950000000000001
1016	-0.0682499999999999
1017	-0.0609999999999999
1018	-0.0752499999999999
1019	-0.0992500000000001
1020	-0.12325
1021	-0.1465
1022	-0.1705
1023	-0.142
1024	-0.14375
1025	-0.1375
1026	-0.151
1027	-0.183
1028	-0.027
1029	0.02275
1030	0.00950000000000017
1031	0.0175000000000001
1032	-0.0599999999999998
1033	-0.086
1034	-0.0682499999999999
1035	-0.0592499999999999
1036	0.0425
1037	0.016
1038	0.0212500000000001
1039	-0.032
1040	-0.0202499999999999
1041	0.00750000000000006
1042	0.028
1043	0.01275
1044	0.0475000000000001
1045	0.08575
1046	0.0972500000000001
1047	0.11075
1048	-0.00350000000000006
1049	0.00349999999999995
1050	0.0677500000000002
1051	0.04725
1052	-0.0069999999999999
1053	0.0375000000000001
1054	0.0677500000000002
1055	0.0972500000000001
1056	0.0982499999999999
1057	0.11875
1058	0.133
1059	0.1035
1060	0.132
1061	0.12325
1062	0.085
1063	0.15625
1064	0.0625
1065	0.116
1066	0.156
1067	0.1685
1068	0.20225
1069	0.25225
1070	0.22375
1071	0.24325
1072	0.18075
1073	0.2465
1074	0.2795
1075	0.3935
1076	0.3445
1077	0.2535
1078	0.2705
1079	0.252
1080	0.318
1081	0.30375
1082	0.2885
1083	0.2785
1084	0.30775
1085	0.27125
1086	0.24875
1087	0.221
1088	0.277
1089	0.24925
1090	0.24925
1091	0.24025
1092	0.28825
1093	0.2865
1094	0.25975
1095	0.267
1096	0.26875
1097	0.26675
1098	0.27475
1099	0.2685
1100	0.2365
1101	0.22575
1102	0.207
1103	0.22125
1104	0.22925
1105	0.181
1106	0.18275
1107	0.1605
1108	0.131
1109	0.0917499999999999
1110	0.0667499999999999
1111	0.0185000000000001
1112	0.0512500000000001
1113	0.07875
1114	0.04125
1115	0.11975
1116	0.07775
1117	0.084
1118	0.1045
1119	0.09025
1120	0.0982499999999999
1121	0.1775
1122	0.17575
1123	0.182
1124	0.17575
1125	0.17575
1126	0.1695
1127	0.16775
1128	0.1445
1129	0.12575
1130	0.1205
1131	0.1045
1132	0.10725
1133	0.12425
1134	0.14825
1135	0.1215
1136	0.15525
1137	0.14275
1138	0.1785
1139	0.16775
1140	0.15525
1141	0.16775
1142	0.2275
1143	0.2115
1144	0.1955
1145	0.1875
1146	0.23925
1147	0.201
1148	0.2055
1149	0.22875
1150	0.235
1151	0.193
1152	0.18425
1153	0.204
1154	0.17025
1155	0.2015
1156	0.166
1157	0.17325
1158	0.14225
1159	0.12275
1160	0.1505
1161	0.13625
1162	0.14075
1163	0.163
1164	0.1685
1165	0.19525
1166	0.213
1167	0.24425
1168	0.19525
1169	0.156
1170	0.13025
1171	0.141
1172	0.1625
1173	0.21525
1174	0.161
1175	0.16375
1176	0.139
1177	0.139
1178	0.0730000000000001
1179	0.0685
1180	0.0747500000000001
1181	0.114
1182	0.0577500000000002
1183	0.0924999999999999
1184	0.08725
1185	0.0632499999999999
1186	0.0642499999999999
1187	0.0444999999999999
1188	0.0515
1189	0.0175000000000001
1190	0.0317500000000001
1191	0.0317500000000001
1192	0.095
1193	0.04675
1194	0.0600000000000001
1195	0.05825
1196	-0.00949999999999995
1197	-0.00675000000000003
1198	-0.01575
1199	-0.01125
1200	-0.00324999999999998
1201	-0.0272499999999999
1202	-0.0432499999999999
1203	-0.0897499999999999
1204	-0.0310000000000001
1205	0.01175
1206	0.017
1207	0
1208	-0.0329999999999999
1209	-0.0750000000000001
1210	-0.04925
1211	-0.02425
1212	0.02475
1213	0.00524999999999998
1214	0.0525000000000001
1215	0.10775
1216	0.11125
1217	0.09875
1218	0.1185
1219	0.1435
1220	0.12475
1221	0.1345
1222	0.146
1223	0.15325
1224	0.1515
1225	0.181
1226	0.16225
1227	0.16225
1228	0.1435
1229	0.172
1230	0.24425
1231	0.25225
1232	0.27
1233	0.2655
1234	0.23975
1235	0.21825
1236	0.18175
1237	0.17725
1238	0.18875
1239	0.21825
1240	0.20225
1241	0.15775
1242	0.13025
1243	0.157
1244	0.16675
1245	0.14625
1246	0.17475
1247	0.1685
1248	0.115
1249	0.10425
1250	0.05875
1251	0.0329999999999999
1252	0.0455
1253	0.0392499999999999
1254	0.0445000000000001
1255	0.0355
1256	0.097
1257	0.13
1258	0.12025
1259	0.138
1260	0.13175
1261	0.20225
1262	0.20575
1263	0.21025
1264	0.1835
1265	0.18
1266	0.1255
1267	0.12275
1268	0.17
1269	0.22625
1270	0.2485
1271	0.20675
1272	0.20575
1273	0.20225
1274	0.23
1275	0.25225
1276	0.21575
1277	0.26475
1278	0.296
1279	0.25325
1280	0.255
1281	0.2755
1282	0.20775
1283	0.19075
1284	0.212
1285	0.269
1286	0.27975
1287	0.253
1288	0.25925
1289	0.26825
1290	0.28525
1291	0.26575
1292	0.24525
1293	0.206
1294	0.214
1295	0.1775
1296	0.2035
1297	0.11425
1298	0.0902499999999998
1299	0.05725
1300	0.1125
1301	0.0822499999999999
1302	0.12425
1303	0.169
1304	0.16275
1305	0.152
1306	0.136
1307	0.16175
1308	0.19475
1309	0.20725
1310	0.218
1311	0.21725
1312	0.301
1313	0.3295
1314	0.3525
1315	0.38275
1316	0.36325
1317	0.36325
1318	0.382
1319	0.374
1320	0.38125
1321	0.35725
1322	0.37325
1323	0.465
1324	0.46775
1325	0.44725
1326	0.417
1327	0.458
1328	0.443
1329	0.4155
1330	0.3915
1331	0.38975
1332	0.379
1333	0.42175
1334	0.41025
1335	0.38625
1336	0.33275
1337	0.338
1338	0.248
1339	0.2285
1340	0.22225
1341	0.18125
1342	0.20875
1343	0.22925
1344	0.23725
1345	0.2345
1346	0.22725
1347	0.19325
1348	0.18625
1349	0.0927500000000001
1350	0.0482499999999999
1351	0.0385
1352	0.0840000000000001
1353	0.0555000000000001
1354	0.02525
1355	0.02725
1356	0.0995000000000001
1357	0.0800000000000001
1358	0.0872500000000003
1359	0.0365
1360	0.0410000000000001
1361	0.0205
1362	0.0302500000000001
1363	-0.0587500000000001
1364	-0.0632499999999998
1365	-0.0900000000000001
1366	-0.0285
1367	0.0224999999999997
1368	-0.0185000000000002
1369	-0.0595000000000001
1370	-0.0479999999999998
1371	-0.0347499999999998
1372	-0.0239999999999998
1373	-0.0337500000000002
1374	0.0294999999999996
1375	-0.00724999999999998
1376	-0.0159999999999998
1377	-0.00350000000000006
1378	-0.0132499999999998
1379	0.00449999999999973
1380	-0.0267500000000001
1381	0.00275000000000003
1382	-0.0239999999999998
1383	-0.0249999999999999
1384	-0.0882499999999999
1385	-0.0464999999999998
1386	0.00425000000000009
1387	-0.00724999999999998
1388	-0.0224999999999997
1389	0.0077499999999997
1390	0.01925
1391	0.05575
1392	-0.05925
1393	-0.0522499999999999
1394	-0.0469999999999999
1395	-0.0667500000000001
1396	-0.107
1397	-0.04825
1398	-0.0634999999999999
1399	-0.0119999999999999
1400	-0.029
1401	-0.00324999999999998
1402	-0.08
1403	-0.14175
1404	-0.116
1405	-0.05175
1406	-0.0872500000000002
1407	-0.047
1408	-0.000499999999999945
1409	-0.0119999999999999
1410	-0.04825
1411	-0.0597500000000001
1412	-0.12925
1413	-0.18625
1414	-0.196
1415	-0.244
1416	-0.2235
1417	-0.25825
1418	-0.26075
1419	-0.24725
1420	-0.2545
1421	-0.24375
1422	-0.22675
1423	-0.20625
1424	-0.20625
1425	-0.22675
1426	-0.21075
1427	-0.2385
1428	-0.1985
1429	-0.18675
1430	-0.1885
1431	-0.199
1432	-0.18175
1433	-0.21275
1434	-0.19825
1435	-0.1635
1436	-0.14575
1437	-0.15375
1438	-0.12075
1439	-0.07975
1440	-0.13225
1441	-0.20075
1442	-0.0822500000000002
1443	-0.1465
1444	-0.17875
1445	-0.13875
1446	-0.1025
1447	-0.099
1448	-0.0242500000000001
1449	-0.000250000000000083
1450	-0.0339999999999998
1451	0.0320000000000003
1452	0.0267500000000001
1453	0.0730000000000002
1454	0.0810000000000002
1455	0.0854999999999999
1456	0.06775
1457	0.05725
1458	0.0245
1459	0.0637499999999998
1460	0.0585
1461	0.0567499999999999
1462	0.0567499999999999
1463	0.0720000000000001
1464	0.0337500000000004
1465	0.00949999999999984
1466	0.014
1467	0.0637499999999998
1468	0.0669999999999999
1469	0.0632500000000003
1470	0.0487499999999998
1471	-0.0127499999999998
1472	-0.0207499999999998
1473	-0.00649999999999973
1474	0.0132500000000002
1475	0.0195000000000001
1476	0.0542500000000001
1477	0.0407499999999998
1478	-0.00300000000000011
1479	0.0397499999999997
1480	0.03
1481	-0.0179999999999998
1482	-0.0569999999999997
1483	-0.00425000000000009
1484	0.0467499999999998
1485	0.10225
1486	0.162
1487	0.1485
1488	0.16
1489	0.10475
1490	0.12075
1491	0.0805000000000002
1492	0.108
1493	0.0900000000000003
1494	0.0782499999999999
1495	0.0372500000000002
1496	0.0987499999999999
1497	0.1095
1498	0.13375
1499	0.12675
1500	0.181
1501	0.2175
1502	0.20225
1503	0.19775
1504	0.17825
1505	0.15775
1506	0.19075
1507	0.21675
1508	0.25425
1509	0.23475
1510	0.18475
1511	0.15275
1512	0.0800000000000001
1513	0.11025
1514	0.10225
1515	0.14425
1516	0.13625
1517	0.17525
1518	0.20525
1519	0.23
1520	0.162
1521	0.111
1522	0.134
1523	0.0815000000000001
1524	0.1065
1525	0.1145
1526	0.0707500000000001
1527	0.0947500000000001
1528	0.125
1529	0.15075
1530	0.1195
1531	0.14625
1532	0.10075
1533	0.10975
1534	0.0917500000000001
1535	0.05425
1536	0.0589999999999999
1537	0.00575000000000014
1538	-0.0822499999999999
1539	-0.0955000000000001
1540	-0.0955000000000001
1541	-0.0927499999999999
1542	-0.114
1543	-0.099
1544	-0.12575
1545	-0.0509999999999999
1546	-0.0110000000000001
1547	0.00849999999999995
1548	0.083
1549	0.0687500000000001
1550	0.0607500000000001
1551	-0.00174999999999992
1552	0.0194999999999999
1553	0.00800000000000001
1554	-0.00174999999999992
1555	-0.0472499999999999
1556	-0.0507500000000001
1557	-0.0125000000000001
1558	-0.0455
1559	-0.018
1560	-0.0474999999999998
1561	-0.05725
1562	-0.0474999999999998
1563	-0.0499999999999999
1564	-0.0267500000000001
1565	-0.0542499999999999
1566	-0.0222499999999999
1567	-0.0339999999999999
1568	-0.0509999999999999
1569	-0.05825
1570	-0.0224999999999997
1571	-0.0287499999999999
1572	-0.02625
1573	-0.0165
1574	0.08325
1575	0.12175
1576	0.16275
1577	0.17075
1578	0.151
1579	0.13675
1580	0.1305
1581	0.12425
1582	0.1135
1583	0.12325
1584	0.141
1585	0.1615
1586	0.207
1587	0.232
1588	0.225
1589	0.3035
1590	0.2625
1591	0.267
1592	0.26875
1593	0.2625
1594	0.2875
1595	0.29475
1596	0.28875
1597	0.26475
1598	0.2765
1599	0.297
1600	0.224
1601	0.22675
1602	0.25175
1603	0.267
1604	0.24925
1605	0.2565
1606	0.2065
1607	0.21975
1608	0.243
1609	0.259
1610	0.22425
1611	0.168
1612	0.16625
1613	0.15375
1614	0.13775
1615	0.17075
1616	0.14925
1617	0.10825
1618	0.16725
1619	0.2655
1620	0.245
1621	0.23875
1622	0.28425
1623	0.2815
1624	0.27075
1625	0.20825
1626	0.242
1627	0.20275
1628	0.20275
1629	0.176
1630	0.19025
1631	0.16525
1632	0.1535
1633	0.16875
1634	0.14375
1635	0.1615
1636	0.2105
1637	0.23
1638	0.18625
1639	0.14875
1640	0.1915
1641	0.17625
1642	0.195
1643	0.27525
1644	0.2475
1645	0.2715
1646	0.31325
1647	0.339
1648	0.331
1649	0.3595
1650	0.389
1651	0.316
1652	0.3625
1653	0.367
1654	0.3215
1655	0.193
1656	0.2315
1657	0.243
1658	0.143
1659	0.17075
1660	0.18675
1661	0.17875
1662	0.18775
1663	0.24475
1664	0.2475
1665	0.26
1666	0.22175
1667	0.28325
1668	0.30825
1669	0.37225
1670	0.36525
1671	0.35275
1672	0.32775
1673	0.286
1674	0.311
1675	0.3235
1676	0.30125
1677	0.2995
1678	0.3325
1679	0.26925
1680	0.28525
1681	0.24775
1682	0.238
1683	0.24875
1684	0.2255
1685	0.22825
1686	0.229
1687	0.2815
1688	0.29575
1689	0.32775
1690	0.31075
1691	0.3125
1692	0.29625
1693	0.31675
1694	0.34525
1695	0.33
1696	0.3255
1697	0.329
1698	0.33875
1699	0.312
1700	0.31825
1701	0.34325
1702	0.361
1703	0.34225
1704	0.32975
1705	0.2825
1706	0.33225
1707	0.2895
1708	0.3135
1709	0.38375
1710	0.39
1711	0.3785
1712	0.398
1713	0.4015
1714	0.3765
1715	0.37725
1716	0.3665
1717	0.3825
1718	0.38775
1719	0.36175
1720	0.32075
1721	0.32525
1722	0.369
1723	0.33175
1724	0.2595
1725	0.223
1726	0.2435
1727	0.224
1728	0.2285
1729	0.16975
1730	0.184
1731	0.19025
1732	0.2045
1733	0.242
1734	0.17525
1735	0.23775
1736	0.2485
1737	0.2325
1738	0.237
1739	0.229
1740	0.24775
1741	0.2335
1742	0.2245
1743	0.22625
1744	0.20925
1745	0.19225
1746	0.177
1747	0.21175
1748	0.227
1749	0.24125
1750	0.235
1751	0.20825
1752	0.211
1753	0.236
1754	0.22275
1755	0.21125
1756	0.26825
1757	0.27525
1758	0.2565
1759	0.3205
1760	0.3695
1761	0.37475
1762	0.3695
1763	0.405
1764	0.38
1765	0.421
1766	0.3675
1767	0.38
1768	0.3675
1769	0.33
1770	0.37
1771	0.31375
1772	0.32175
1773	0.32975
1774	0.303
1775	0.2985
1776	0.26375
1777	0.278
1778	0.26475
1779	0.30925
1780	0.29325
1781	0.314
1782	0.30425
1783	0.281
1784	0.25775
1785	0.24075
1786	0.22825
1787	0.24425
1788	0.2175
1789	0.1845
1790	0.171
1791	0.204
1792	0.17025
1793	0.1595
1794	0.12825
1795	0.0810000000000002
1796	0.0757499999999999
1797	0.09275
1798	0.08475
1799	0.05925
1800	0.1415
1801	0.0952499999999999
1802	0.114
1803	0.11225
1804	0.10975
1805	0.15275
1806	0.13075
1807	0.17725
1808	0.19425
1809	0.197
1810	0.206
1811	0.18825
1812	0.1865
1813	0.191
1814	0.1945
1815	0.14925
1816	0.1235
1817	0.0887499999999999
1818	0.112
1819	0.163
1820	0.16125
1821	0.1685
1822	0.198
1823	0.257
1824	0.2935
1825	0.307
1826	0.2795
1827	0.25275
1828	0.24375
1829	0.24025
1830	0.2965
1831	0.29925
1832	0.28575
1833	0.284
1834	0.3715
1835	0.41675
1836	0.356
1837	0.43075
1838	0.445
1839	0.412
1840	0.3985
1841	0.34225
1842	0.358
1843	0.3045
1844	0.26775
1845	0.25075
1846	0.191
1847	0.18475
1848	0.182
1849	0.17575
1850	0.19625
1851	0.1685
1852	0.22725
1853	0.2315
1854	0.2075
1855	0.1405
1856	0.12
1857	0.12275
1858	0.0640000000000001
1859	0.0515
1860	0.0222500000000001
1861	-0.017
1862	-0.00450000000000006
1863	0.016
1864	0.0712500000000001
1865	0.0855
1866	0.0132499999999999
1867	0.00875000000000026
1868	0.01225
1869	-0.00649999999999984
1870	-0.0904999999999999
1871	-0.1075
1872	-0.121
1873	-0.14775
1874	-0.19225
1875	-0.186
1876	-0.19125
1877	-0.19575
1878	-0.1885
1879	-0.22325
1880	-0.232
1881	-0.21325
1882	-0.15275
1883	-0.12875
1884	-0.11275
1885	-0.086
1886	-0.1385
1887	-0.12425
1888	-0.1385
1889	-0.142
1890	-0.10025
1891	-0.0734999999999999
1892	-0.05575
1893	-0.0950000000000001
1894	-0.0415
1895	-0.08075
1896	-0.088
1897	-0.0477500000000001
1898	0.00575000000000003
1899	0.003
1900	0.05575
1901	0.08525
1902	0.095
1903	0.0807500000000001
1904	0.0772499999999999
1905	0.0915
1906	0.0932499999999999
1907	0.0825
1908	0.0745
1909	0.07175
1910	0.12875
1911	0.10375
1912	0.0895000000000002
1913	0.0745
1914	0.0905
1915	0.14125
1916	0.0915
1917	0.05575
1918	0.0790000000000001
1919	0.0292499999999999
1920	-0.0267500000000001
1921	-0.025
1922	0.0142500000000001
1923	-0.0149999999999999
1924	0.0735000000000001
1925	0.0477499999999997
1926	0.0477499999999997
1927	0.071
1928	0.06925
1929	0.0932500000000003
1930	0.05575
1931	0.0647499999999999
1932	0.0914999999999999
1933	0.11275
1934	0.0957499999999998
1935	0.0370000000000001
1936	-0.071
1937	-0.113
1938	-0.14675
1939	-0.13325
1940	-0.0804999999999998
1941	-0.0884999999999998
1942	-0.0392500000000002
1943	-0.0105000000000002
1944	-0.0522499999999999
1945	-0.0599999999999996
1946	-0.0867500000000003
1947	-0.10175
1948	-0.0714999999999999
1949	-0.0279999999999998
1950	-0.0387500000000001
1951	-0.11175
1952	-0.0629999999999999
1953	-0.0800000000000001
1954	-0.11925
1955	-0.106
1956	-0.0722500000000001
1957	-0.0837500000000002
1958	-0.10175
1959	-0.06975
1960	-0.177
1961	-0.1485
1962	-0.2295
1963	-0.30525
1964	-0.32125
1965	-0.26325
1966	-0.2535
1967	-0.28925
1968	-0.266
1969	-0.315
1970	-0.28375
1971	-0.232
1972	-0.20875
1973	-0.1925
1974	-0.16375
1975	-0.13625
1976	-0.18875
1977	-0.18875
1978	-0.213
1979	-0.2355
1980	-0.175
1981	-0.18775
1982	-0.18875
1983	-0.15775
1984	-0.14625
1985	-0.15075
1986	-0.1365
1987	-0.0669999999999999
1988	-0.0215
1989	-0.00624999999999987
1990	0.01075
1991	0.0250000000000001
1992	0.06525
1993	0.0322499999999999
1994	0.0429999999999999
1995	0.042
1996	0.0562499999999999
1997	0.0444999999999999
1998	0.0702500000000001
1999	0.10225
2000	0.0977500000000002
2001	0.03525
2002	0.04675
2003	0.0725000000000001
2004	0.035
2005	0.0402499999999999
2006	-0.01425
2007	-0.0295
2008	-0.0332500000000001
2009	-0.0539999999999999
2010	-0.0284999999999999
2011	-0.04375
2012	-0.0645000000000001
2013	-0.10725
2014	-0.199
2015	-0.20875
2016	-0.2275
2017	-0.2025
2018	-0.21225
2019	-0.18725
2020	-0.2015
2021	-0.20775
2022	-0.2265
2023	-0.24625
2024	-0.26775
2025	-0.2705
2026	-0.2635
2027	-0.24125
2028	-0.27525
2029	-0.27
2030	-0.22725
2031	-0.13625
2032	-0.1395
2033	-0.12425
2034	-0.0395
2035	-0.0305000000000001
2036	-0.02475
2037	-0.06475
2038	-0.07625
2039	-0.1065
2040	-0.0904999999999999
2041	-0.10025
2042	-0.0377499999999998
2043	-0.03425
2044	-0.05375
2045	0.02125
2046	0.00874999999999992
2047	-0.0135
2048	0.0285000000000001
2049	0.0685000000000002
2050	0.1165
2051	0.14775
2052	0.14775
2053	0.0952499999999999
2054	0.11575
2055	0.0854999999999999
2056	0.0962499999999999
2057	0.1035
2058	0.1295
2059	0.14475
2060	0.112
2061	0.05425
2062	0.0669999999999999
2063	0.0797499999999998
2064	0.0620000000000003
2065	0.103
2066	0.12625
2067	0.0345
2068	0.0780000000000001
2069	0.06125
2070	-0.0169999999999999
2071	-0.0187499999999998
2072	-0.0252499999999998
2073	0.0397499999999997
2074	0.0317499999999997
2075	0.07725
2076	0.114
2077	0.1835
2078	0.1415
2079	0.155
2080	0.1665
2081	0.0782499999999999
2082	0.0392500000000002
2083	0.0562500000000001
2084	0.0134999999999998
2085	0.0162499999999999
2086	0.0172500000000002
2087	0.0165000000000002
2088	-0.0252500000000002
2089	-0.0294999999999999
2090	-0.0434999999999999
2091	-0.06125
2092	-0.0352500000000004
2093	-0.0620000000000001
2094	-0.0620000000000001
2095	-0.0682500000000001
2096	-0.0407499999999998
2097	0.0197499999999999
2098	0.0107499999999998
2099	-0.0180000000000002
2100	0.00600000000000001
2101	0.00425000000000009
2102	-0.0572500000000002
2103	-0.0502500000000001
2104	-0.0842500000000002
2105	-0.104
2106	-0.0622500000000001
2107	-0.0212500000000002
2108	0.00449999999999973
2109	0.0250000000000001
2110	0.0874999999999999
2111	0.0600000000000001
2112	0.03775
2113	-0.0112500000000002
2114	-0.0655000000000001
2115	-0.118
2116	-0.0627500000000001
2117	-0.0182500000000001
2118	0.00574999999999992
2119	0.0352500000000002
2120	0.0467499999999998
2121	0.0547500000000001
2122	0.101
2123	0.124
2124	0.18
2125	0.20825
2126	0.217
2127	0.25975
2128	0.22575
2129	0.248
2130	0.247
2131	0.2355
2132	0.20175
2133	0.16875
2134	0.21325
2135	0.231
2136	0.21675
2137	0.1855
2138	0.21125
2139	0.21575
2140	0.2105
2141	0.25775
2142	0.24875
2143	0.214
2144	0.1855
2145	0.16675
2146	0.0795000000000001
2147	0.1195
2148	0.1085
2149	0.13075
2150	0.16625
2151	0.21775
2152	0.215
2153	0.19625
2154	0.17575
2155	0.156
2156	0.15325
2157	0.131
2158	0.0659999999999999
2159	0.0125000000000001
2160	0.01
2161	0.05275
2162	0.0499999999999999
2163	0.0375
2164	0.0409999999999999
2165	0.01425
2166	0.0329999999999999
2167	0.0945
2168	0.1505
2169	0.204
2170	0.19325
2171	0.1755
2172	0.23075
2173	0.23875
2174	0.27275
2175	0.311
2176	0.32075
2177	0.27975
2178	0.262
2179	0.23525
2180	0.25325
2181	0.23725
2182	0.35675
2183	0.3355
2184	0.3455
2185	0.2975
2186	0.26825
2187	0.2345
2188	0.28375
2189	0.23575
2190	0.2225
2191	0.24125
2192	0.236
2193	0.228
2194	0.253
2195	0.245
2196	0.2405
2197	0.21025
2198	0.2085
2199	0.23075
2200	0.21575
2201	0.264
2202	0.24625
2203	0.1705
2204	0.143
2205	0.1725
2206	0.1645
2207	0.177
2208	0.112
2209	0.12825
2210	0.0942499999999999
2211	0.0925
2212	0.0800000000000001
2213	0.13875
2214	0.17875
2215	0.21875
2216	0.239
2217	0.27275
2218	0.23425
2219	0.21975
2220	0.22225
2221	0.2925
2222	0.35475
2223	0.376
2224	0.3295
2225	0.35525
2226	0.3765
2227	0.35775
2228	0.3675
2229	0.43425
2230	0.4155
2231	0.47075
2232	0.47875
2233	0.45475
2234	0.4245
2235	0.42275
2236	0.45825
2237	0.48225
2238	0.46175
2239	0.4875
2240	0.5365
2241	0.4615
2242	0.45175
2243	0.458
2244	0.50525
2245	0.4545
2246	0.45725
2247	0.49825
2248	0.48225
2249	0.4315
2250	0.40475
2251	0.40025
2252	0.37975
2253	0.35125
2254	0.2905
2255	0.28525
2256	0.31475
2257	0.288
2258	0.30325
2259	0.31675
2260	0.259
2261	0.2395
2262	0.278
2263	0.2735
2264	0.2565
2265	0.2325
2266	0.278
2267	0.28425
2268	0.319
2269	0.32625
2270	0.35925
2271	0.296
2272	0.2915
2273	0.25575
2274	0.25025
2275	0.2475
2276	0.19925
2277	0.18775
2278	0.1565
2279	0.161
2280	0.1395
2281	0.17675
2282	0.142
2283	0.109
2284	0.1565
2285	0.203
2286	0.23525
2287	0.27925
2288	0.2955
2289	0.3455
2290	0.39025
2291	0.417
2292	0.43225
2293	0.5055
2294	0.4635
2295	0.426
2296	0.4945
2297	0.506
2298	0.4515
2299	0.432
2300	0.40975
2301	0.39725
2302	0.376
2303	0.287
2304	0.23725
2305	0.2585
2306	0.25325
2307	0.313
2308	0.28375
2309	0.307
2310	0.2785
2311	0.2785
2312	0.27225
2313	0.30325
2314	0.321
2315	0.30925
2316	0.26925
2317	0.29425
2318	0.2595
2319	0.23625
2320	0.19225
2321	0.16525
2322	0.11875
2323	0.03825
2324	0.00424999999999986
2325	-0.0359999999999999
2326	-0.0244999999999999
2327	-0.0522499999999999
2328	-0.1175
2329	-0.205
2330	-0.229
2331	-0.20575
2332	-0.2245
2333	-0.1905
2334	-0.11725
2335	-0.103
2336	-0.09675
2337	-0.12975
2338	-0.136
2339	-0.0630000000000001
2340	-0.087
2341	-0.0914999999999999
2342	-0.13075
2343	-0.17525
2344	-0.15125
2345	-0.19575
2346	-0.159
2347	-0.166
2348	-0.16325
2349	-0.1435
2350	-0.155
2351	-0.079
2352	-0.022
2353	-0.0254999999999999
2354	0.04125
2355	0.0627500000000001
2356	0.08325
2357	0.0467500000000001
2358	0.0262499999999999
2359	0.095
2360	0.15925
2361	0.17625
2362	0.13075
2363	0.07575
2364	0.0865
2365	0.0805000000000002
2366	0.0407499999999998
2367	-0.0419999999999998
2368	0.0367499999999998
2369	-0.0674999999999999
2370	-0.13
2371	-0.1325
2372	-0.0745
2373	-0.0317499999999997
2374	-0.0514999999999999
2375	-0.03725
2376	0
2377	0.0160000000000002
2378	0.0980000000000001
2379	0.10225
2380	0.0994999999999999
2381	0.1145
2382	0.10275
2383	0.133
2384	0.12225
2385	0.10875
2386	0.0980000000000003
2387	0.0105000000000002
2388	-0.0277499999999999
2389	-0.09375
2390	-0.0794999999999999
2391	-0.116
2392	-0.1285
2393	-0.0794999999999999
2394	-0.0294999999999999
2395	-0.0794999999999999
2396	-0.11775
2397	-0.1265
2398	-0.13975
2399	-0.0587500000000001
2400	-0.0289999999999999
2401	-0.0209999999999997
2402	0.0785
2403	0.1765
2404	0.104
2405	0.2145
2406	0.234
2407	0.21775
2408	0.14725
2409	0.10625
2410	0.117
2411	0.0475000000000001
2412	0.05375
2413	0.0429999999999999
2414	-0.00500000000000012
2415	-0.00225000000000009
2416	0.02275
2417	0.0389999999999999
2418	0.0052500000000002
2419	-0.0900000000000001
2420	-0.0685
2421	-0.0622500000000001
2422	-0.04975
2423	-0.0675000000000003
2424	-0.0462500000000003
2425	-0.00175000000000014
2426	-0.0132499999999998
2427	-0.0132499999999998
2428	-0.0459999999999996
2429	-0.0422500000000001
2430	-0.10725
2431	-0.118
2432	-0.143
2433	-0.145
2434	-0.13
2435	-0.148
2436	-0.1795
2437	-0.218
2438	-0.22775
2439	-0.29025
2440	-0.284
2441	-0.3055
2442	-0.28125
2443	-0.258
2444	-0.25
2445	-0.241
2446	-0.241
2447	-0.19725
2448	-0.15875
2449	-0.1925
2450	-0.182
2451	-0.14275
2452	-0.17125
2453	-0.2115
2454	-0.2275
2455	-0.18575
2456	-0.21775
2457	-0.1945
2458	-0.2025
2459	-0.21675
2460	-0.23975
2461	-0.2655
2462	-0.269
2463	-0.2635
2464	-0.24375
2465	-0.28725
2466	-0.23375
2467	-0.22475
2468	-0.22125
2469	-0.174
2470	-0.19175
2471	-0.1915
2472	-0.1995
2473	-0.19225
2474	-0.22425
2475	-0.21525
2476	-0.17325
2477	-0.192
2478	-0.1975
2479	-0.169
2480	-0.1235
2481	-0.11375
2482	-0.0602500000000004
2483	-0.1235
2484	-0.1495
2485	-0.13425
2486	-0.1405
2487	-0.161
2488	-0.104
2489	-0.0682500000000001
2490	-0.0202500000000001
2491	-0.0032500000000002
2492	0.00825000000000009
2493	-0.0157499999999999
2494	0.00374999999999992
2495	0.08125
2496	0.165
2497	0.17025
2498	0.19325
2499	0.21525
2500	0.23275
2501	0.31
2502	0.2975
2503	0.2575
2504	0.23625
2505	0.19275
2506	0.23825
2507	0.31325
2508	0.30725
2509	0.30025
2510	0.30025
2511	0.32875
2512	0.2725
2513	0.2655
2514	0.2255
2515	0.1925
2516	0.1675
2517	0.179
2518	0.13075
2519	0.201
2520	0.21875
2521	0.26225
2522	0.27025
2523	0.29425
2524	0.2345
2525	0.22725
2526	0.22
2527	0.22075
2528	0.2385
2529	0.2305
2530	0.19675
2531	0.13175
2532	0.071
2533	0.0870000000000002
2534	0.0932500000000003
2535	0.079
2536	0.0932500000000003
2537	0.0620000000000003
2538	0.0315000000000001
2539	0.0662499999999999
2540	0.0955000000000001
2541	0.0882499999999998
2542	0.0705
2543	-0.0375
2544	-0.01275
2545	0.0432499999999999
2546	0.0592499999999999
2547	0.0537500000000001
2548	0.0617500000000001
2549	0.0617500000000001
2550	0.0617500000000001
2551	0.0805000000000001
2552	0.0655000000000001
2553	0.0817500000000002
2554	0.12825
2555	0.0900000000000002
2556	0.0695
2557	0.0677500000000002
2558	0.10075
2559	0.075
2560	0.0972500000000001
2561	0.0589999999999999
2562	0.0447500000000001
2563	0.0367500000000001
2564	0.0509999999999999
2565	0.0625
2566	0.13375
2567	0.156
2568	0.132
2569	0.1115
2570	0.11975
2571	0.07725
2572	0.0150000000000001
2573	0.0570000000000002
2574	0.0705
2575	0.0740000000000003
2576	0.0882500000000002
2577	0.0767500000000001
2578	0.05175
2579	0.0820000000000003
2580	0.13275
2581	0.105
2582	0.113
2583	0.1175
2584	0.129
2585	0.195
2586	0.20375
2587	0.18325
2588	0.19475
2589	0.17325
2590	0.174
2591	0.198
2592	0.233
2593	0.18675
2594	0.0462500000000001
2595	0.0160000000000002
2596	0.0537499999999997
2597	0.11975
2598	0.118
2599	0.161750000000001
2600	0.177
2601	0.1665
2602	0.11925
2603	0.113
2604	0.0907499999999999
2605	0.11225
2606	0.0800000000000001
2607	0.11625
2608	0.199
2609	0.15075
2610	0.13375
2611	0.12025
2612	0.139
2613	0.1835
2614	0.21725
2615	0.235
2616	0.20825
2617	0.24675
2618	0.25025
2619	0.26375
2620	0.246
2621	0.18075
2622	0.1825
2623	0.16825
2624	0.1815
2625	0.16
2626	0.14125
2627	0.1385
2628	0.0972500000000001
2629	0.14975
2630	0.243
2631	0.24025
2632	0.2
2633	0.126
2634	0.17775
2635	0.13225
2636	0.10725
2637	0.13925
2638	0.14275
2639	0.1195
2640	0.1605
2641	0.13825
2642	0.124
2643	0.1045
2644	0.0155000000000001
2645	0.0380000000000001
2646	0.0505000000000001
2647	0.01675
2648	0.0069999999999999
2649	-0.0242500000000001
2650	-0.0634999999999999
2651	-0.1
2652	-0.15175
2653	-0.176
2654	-0.17875
2655	-0.162
2656	-0.14775
2657	-0.137
2658	-0.1485
2659	-0.13075
2660	-0.11825
2661	-0.12975
2662	-0.14575
2663	-0.167
2664	-0.183
2665	-0.2
2666	-0.19375
2667	-0.1555
2668	-0.135
2669	-0.1555
2670	-0.18575
2671	-0.18125
2672	-0.167
2673	-0.16975
2674	-0.151
2675	-0.1545
2676	-0.18575
2677	-0.19025
2678	-0.2045
2679	-0.15725
2680	-0.10375
2681	-0.2045
2682	-0.22325
2683	-0.17875
2684	-0.21625
2685	-0.17975
2686	-0.13875
2687	-0.08525
2688	-0.0957500000000001
2689	-0.1545
2690	-0.20775
2691	-0.2005
2692	-0.24325
2693	-0.2655
2694	-0.2575
2695	-0.269
2696	-0.2725
2697	-0.277
2698	-0.2315
2699	-0.228
2700	-0.25025
2701	-0.20925
2702	-0.21825
2703	-0.221
2704	-0.21575
2705	-0.182
2706	-0.22125
2707	-0.19
2708	-0.21675
2709	-0.231
2710	-0.247
2711	-0.2675
2712	-0.27725
2713	-0.27375
2714	-0.26025
2715	-0.2585
2716	-0.27725
2717	-0.156
2718	-0.15325
2719	-0.14875
2720	-0.0942499999999997
2721	-0.0932500000000001
2722	-0.0932500000000001
2723	-0.153
2724	-0.104
2725	-0.0549999999999999
2726	-0.024
2727	-0.0570000000000001
2728	-0.00450000000000006
2729	0.00975000000000015
2730	0.0170000000000001
2731	0.05725
2732	0.01275
2733	0.0502499999999999
2734	0.0335000000000001
2735	0.0629999999999999
2736	0.1245
2737	0.0737499999999998
2738	0.0640000000000001
2739	0.0160000000000002
2740	-0.0132499999999998
2741	-0.0265
2742	-0.0397499999999997
2743	-0.0469999999999999
2744	-0.0647499999999996
2745	-0.095
2746	-0.0967499999999999
2747	-0.0147499999999998
2748	0.00300000000000011
2749	0.0235000000000001
2750	0.0134999999999998
2751	-0.0115000000000001
2752	-0.00449999999999995
2753	-0.0474999999999999
2754	-0.0155000000000001
2755	-0.0245
2756	-0.0245
2757	-0.0450000000000002
2758	-0.0832499999999998
2759	-0.0655000000000001
2760	-0.0915000000000001
2761	-0.0835000000000001
2762	-0.10925
2763	-0.0835000000000001
2764	-0.1005
2765	-0.113
2766	-0.0997500000000001
2767	-0.108
2768	-0.0972500000000001
2769	-0.0927500000000001
2770	-0.10275
2771	-0.13675
2772	-0.184
2773	-0.135
2774	-0.0922499999999999
2775	-0.029
2776	0.000249999999999861
2777	0.00825000000000009
2778	0.07325
2779	0.0875
2780	0.0992499999999999
2781	0.12875
2782	0.14925
2783	0.13075
2784	0.13625
2785	0.11775
2786	0.1375
2787	0.12325
2788	0.1055
2789	0.16625
2790	0.18325
2791	0.20375
2792	0.1795
2793	0.16425
2794	0.174
2795	0.17225
2796	0.17225
2797	0.19725
2798	0.23925
2799	0.2065
2800	0.21375
2801	0.25125
2802	0.24875
2803	0.239
2804	0.262
2805	0.2155
2806	0.18525
2807	0.19325
2808	0.18875
2809	0.18875
2810	0.1255
2811	0.1175
2812	0.13275
2813	0.172
2814	0.164
2815	0.11775
2816	0.1425
2817	0.13175
2818	0.13625
2819	0.0727499999999999
2820	0.0797499999999998
2821	0.0635000000000001
2822	0.0642499999999999
2823	0.0527500000000001
2824	0.075
2825	-0.048
2826	-0.0855
2827	-0.12475
2828	-0.14525
2829	-0.1675
2830	-0.164
2831	-0.17825
2832	-0.17025
2833	-0.15675
2834	-0.17475
2835	-0.15525
2836	-0.173
2837	-0.198
2838	-0.256
2839	-0.2605
2840	-0.30675
2841	-0.3245
2842	-0.26925
2843	-0.28975
2844	-0.21125
2845	-0.255
2846	-0.21675
2847	-0.224
2848	-0.2025
2849	-0.281
2850	-0.29525
2851	-0.26325
2852	-0.2445
2853	-0.27575
2854	-0.356
2855	-0.2865
2856	-0.3505
2857	-0.354
2858	-0.3905
2859	-0.363
2860	-0.36925
2861	-0.29
2862	-0.30425
2863	-0.3335
2864	-0.336
2865	-0.28225
2866	-0.3185
2867	-0.321
2868	-0.2825
2869	-0.3255
2870	-0.2845
2871	-0.2925
2872	-0.27475
2873	-0.23625
2874	-0.16675
2875	-0.17025
2876	-0.14175
2877	-0.12825
2878	-0.15775
2879	-0.16675
2880	-0.1275
2881	-0.0944999999999996
2882	-0.10875
2883	-0.131
2884	-0.157
2885	-0.15625
2886	-0.17325
2887	-0.2115
2888	-0.21875
2889	-0.17775
2890	-0.0974999999999999
2891	-0.1305
2892	-0.0557500000000002
2893	-0.054
2894	0.05925
2895	0.0602499999999999
2896	0.0932500000000003
2897	0.0629999999999999
2898	0.0674999999999999
2899	0.1005
2900	0.0907499999999999
2901	0.00875000000000004
2902	0.046
2903	0.0717499999999998
2904	0.0547500000000001
2905	0.0505
2906	0.00150000000000006
2907	0.03
2908	0.0522499999999999
2909	0.00124999999999997
2910	-0.02275
2911	-0.0325
2912	0.0120000000000002
2913	0.0287500000000001
2914	0.03775
2915	0.0842499999999999
2916	0.046
2917	-0.00475000000000003
2918	-0.00475000000000003
2919	0.01675
2920	0.0327499999999998
2921	0.0487499999999998
2922	0.0665
2923	0.1065
2924	0.11275
2925	0.0975000000000001
2926	0.0662499999999999
2927	0.0600000000000001
2928	0.07325
2929	0.1115
2930	0.016
2931	0.0257500000000001
2932	0.05075
2933	0.0622500000000001
2934	0.0880000000000001
2935	0.11275
2936	0.1295
2937	0.21575
2938	0.246
2939	0.26275
2940	0.2635
2941	0.2945
2942	0.31675
2943	0.28375
2944	0.23925
2945	0.23475
2946	0.19725
2947	0.19275
2948	0.19375
2949	0.208
2950	0.20175
2951	0.1125
2952	0.0955
2953	0.1615
2954	0.14825
2955	0.0832500000000002
2956	0.103
2957	0.08625
2958	0.11925
2959	0.1255
2960	0.0569999999999999
2961	0.0695
2962	0.0667499999999999
2963	0.11325
2964	0.134
2965	0.0975000000000001
2966	0.152
2967	0.1725
2968	0.177
2969	0.193
2970	0.16275
2971	0.1325
2972	0.13525
2973	0.11475
2974	0.08625
2975	0.10775
2976	0.0837500000000003
2977	0.05075
2978	0.0194999999999999
2979	0.01675
2980	0.0237499999999999
2981	0.00600000000000012
2982	0.0585
2983	0.0780000000000001
2984	0.0342499999999999
2985	0.0405000000000001
2986	0.07975
2987	0.135
2988	0.168
2989	0.14925
2990	0.15275
2991	0.23725
2992	0.222
2993	0.2665
2994	0.24775
2995	0.2415
2996	0.335
2997	0.32175
2998	0.30225
2999	0.2905
3000	0.2555
3001	0.28125
3002	0.249
3003	0.24
3004	0.1855
3005	0.173
3006	0.189
3007	0.18275
3008	0.1675
3009	0.17725
3010	0.1425
3011	0.16475
3012	0.20575
3013	0.2405
3014	0.27175
3015	0.286
3016	0.30475
3017	0.2995
3018	0.2845
3019	0.34
3020	0.3945
3021	0.41075
3022	0.3875
3023	0.4455
3024	0.43925
3025	0.43025
3026	0.44625
3027	0.4445
3028	0.4205
3029	0.3395
3030	0.344
3031	0.33325
3032	0.28075
3033	0.27975
3034	0.293
3035	0.268
3036	0.2565
3037	0.2575
3038	0.2345
3039	0.2355
3040	0.23825
3041	0.29275
3042	0.28025
3043	0.31675
3044	0.3105
3045	0.306
3046	0.34875
3047	0.273
3048	0.26225
3049	0.20525
3050	0.16425
3051	0.11175
3052	0.0815
3053	0.0965
3054	0.091
3055	0.0729999999999998
3056	0.03
3057	0.003
3058	-0.0202500000000001
3059	-0.09075
3060	-0.089
3061	-0.113
3062	-0.0959999999999999
3063	-0.10675
3064	-0.072
3065	0.00624999999999998
3066	-0.0187499999999999
3067	0.0215000000000002
3068	0.0740000000000002
3069	0.0882499999999999
3070	0.0945
3071	0.1195
3072	0.13725
3073	0.1105
3074	0.14075
3075	0.10525
3076	0.12575
3077	0.0757499999999999
3078	0.0705000000000001
3079	0.0527500000000001
3080	0.0457500000000001
3081	0.01375
3082	0.00574999999999992
3083	0.0262500000000001
3084	0.02725
3085	0.08875
3086	0.13775
3087	0.14475
3088	0.18125
3089	0.21425
3090	0.2295
3091	0.1965
3092	0.15475
3093	0.1325
3094	0.121
3095	0.1415
3096	0.0942500000000001
3097	0.0880000000000001
3098	0.06125
3099	0.039
3100	0.03
3101	0.005
3102	-0.00574999999999992
3103	-0.02725
3104	-0.0709999999999998
3105	-0.0915
3106	-0.079
3107	-0.0977500000000001
3108	-0.06475
3109	-0.0327500000000001
3110	-0.0942500000000001
3111	-0.1105
3112	-0.156
3113	-0.1105
3114	-0.10525
3115	-0.10975
3116	-0.0662500000000001
3117	-0.03875
3118	-0.02
3119	-0.0165
3120	-0.05225
3121	-0.08525
3122	-0.0977499999999999
3123	-0.06475
3124	-0.0835
3125	-0.0924999999999999
3126	-0.138
3127	-0.113
3128	-0.073
3129	-0.05075
3130	-0.073
3131	-0.0684999999999999
3132	-0.0355
3133	0.0135000000000001
3134	0.025
3135	0.01875
3136	0.03125
3137	-0.000749999999999973
3138	0.0055
3139	-0.00874999999999998
3140	-0.0105
3141	-0.0025
3142	-0.0345
3143	-0.0424999999999999
3144	-0.0745
3145	-0.103
3146	-0.06475
3147	-0.00949999999999995
3148	0.0207500000000001
3149	-0.0247499999999999
3150	-0.0247499999999999
3151	-0.015
3152	-0.0275
3153	-0.0595
3154	-0.10675
3155	-0.08325
3156	-0.0314999999999999
3157	-0.0617500000000001
3158	-0.04125
3159	-0.04125
3160	-0.0475
3161	-0.03775
3162	-0.00475000000000003
3163	-0.0235
3164	-0.0235
3165	-0.0297500000000001
3166	0.0245000000000001
3167	0.00750000000000006
3168	-5e-04
3169	-0.05125
3170	-0.05475
3171	-0.077
3172	-0.08325
3173	-0.05475
3174	-0.077
3175	-0.08675
3176	-0.141
3177	-0.14
3178	-0.0784999999999999
3179	-0.0579999999999999
3180	-0.0472499999999998
3181	0.00624999999999998
3182	0.0455000000000001
3183	0.00450000000000006
3184	-0.01775
3185	0.00900000000000023
3186	-0.015
3187	0.00650000000000006
3188	0.0262500000000001
3189	0.0609999999999999
3190	0.0770000000000001
3191	0.0750000000000001
3192	0.02325
3193	0.0535000000000001
3194	0.00624999999999998
3195	-0.0107499999999999
3196	-0.0107499999999999
3197	0.0250000000000001
3198	0.0205000000000001
3199	0.0205000000000001
3200	0.0107499999999999
3201	0.02325
3202	0.0215000000000002
3203	0.00100000000000011
3204	-0.0104999999999998
3205	0.0295000000000001
3206	0.0340000000000003
3207	0.0367500000000001
3208	0.0930000000000001
3209	0.0609999999999999
3210	0.086
3211	0.10925
3212	0.2215
3213	0.2045
3214	0.14825
3215	0.0957500000000001
3216	0.0920000000000001
3217	0.04475
3218	0.0277500000000001
3219	0.04375
3220	0.06875
3221	0.0340000000000003
3222	0.08125
3223	0.05625
3224	0.0285000000000001
3225	-0.01425
3226	-0.00449999999999995
3227	-0.018
3228	-0.0357499999999999
3229	-0.0357499999999999
3230	0.0115000000000001
3231	0.0205000000000001
3232	0.0875
3233	0.08125
3234	0.0670000000000001
3235	0.08125
3236	0.08575
3237	0.0652500000000001
3238	0.0225
3239	0.0242500000000001
3240	0.00275000000000003
3241	0.00550000000000017
3242	-0.00424999999999998
3243	0.00724999999999998
3244	-0.0444999999999999
3245	-0.0267499999999999
3246	-0.0357499999999999
3247	-0.0555
3248	-0.1135
3249	-0.1215
3250	-0.11525
3251	-0.0627499999999999
3252	-0.035
3253	-0.011
3254	-0.0395
3255	-0.0617500000000001
3256	-0.04475
3257	-0.0152499999999999
3258	-0.0312499999999999
3259	-0.0169999999999999
3260	-0.0079999999999999
3261	0.0240000000000001
3262	0.0240000000000001
3263	0.0250000000000001
3264	0.0465000000000002
3265	0.00825000000000009
3266	-0.0477500000000001
3267	-0.07175
3268	-0.16625
3269	-0.209
3270	-0.17325
3271	-0.18575
3272	-0.1805
3273	-0.168
3274	-0.18225
3275	-0.1545
3276	-0.1385
3277	-0.126
3278	-0.118
3279	-0.0885
3280	-0.0555
3281	-0.06175
3282	-0.05725
3283	-0.04825
3284	-0.0357500000000001
3285	-0.018
3286	-0.00275000000000003
3287	-0.0152500000000001
3288	-0.0545
3289	-0.06875
3290	-0.0312500000000001
3291	0.00624999999999998
3292	0
3293	-0.0135
3294	-0.04025
3295	-0.0642499999999999
3296	-0.08125
3297	-0.074
3298	-0.0872500000000002
3299	-0.1095
3300	-0.099
3301	-0.0125
3302	0.02125
3303	-0.00449999999999995
3304	0.04625
3305	0.0729999999999998
3306	0.09
3307	0.0892499999999999
3308	0.0892499999999999
3309	0.0795000000000001
3310	0.11875
3311	0.0652499999999999
3312	0.0600000000000001
3313	0.0502499999999998
3314	0.0297500000000001
3315	0.00475000000000003
3316	0.003
3317	0.0307499999999999
3318	0.0307499999999999
3319	0.01925
3320	-0.0305
3321	-0.017
3322	0.000750000000000028
3323	-0.0285000000000001
3324	-0.0232499999999999
3325	-0.016
3326	-0.0205000000000001
3327	-0.0312499999999999
3328	-0.0767500000000001
3329	-0.0517500000000001
3330	-0.01075
3331	0.03925
3332	0.108
3333	0.15075
3334	0.173
3335	0.1925
3336	0.19875
3337	0.18
3338	0.14975
3339	0.19325
3340	0.14075
3341	0.12725
3342	0.095
3343	0.11
3344	0.10375
3345	0.10725
3346	0.0760000000000001
3347	0.0965
3348	0.0760000000000001
3349	0.0402499999999999
3350	0.074
3351	0.0792499999999998
3352	0.0372500000000001
3353	0.0265000000000001
3354	0.00424999999999986
3355	-0.00474999999999992
3356	0.0985
3357	0.078
3358	0.0147499999999999
3359	0.03425
3360	0.0609999999999999
3361	-0.0199999999999999
3362	-0.0235
3363	-0.092
3364	-0.0125
3365	0.00724999999999998
3366	-0.00349999999999995
3367	-0.0579999999999999
3368	-0.1045
3369	-0.14825
3370	-0.15275
3371	-0.15275
3372	-0.11075
3373	-0.13925
3374	-0.09475
3375	-0.0902500000000001
3376	-0.0502499999999999
3377	-0.08225
3378	-0.117
3379	-0.117
3380	-0.14275
3381	-0.0972500000000001
3382	-0.131
3383	-0.139
3384	-0.0917499999999999
3385	-0.112
3386	-0.1805
3387	-0.14925
3388	-0.15725
3389	-0.152
3390	-0.09675
3391	-0.086
3392	-0.12875
3393	-0.12075
3394	-0.0842499999999999
3395	-0.07175
3396	-0.069
3397	0.02
3398	0.028
3399	0.10725
3400	0.01625
3401	-0.0639999999999999
3402	-0.08525
3403	-0.0887500000000001
3404	-0.12875
3405	-0.1305
3406	-0.134
3407	-0.19625
3408	-0.25425
3409	-0.25075
3410	-0.26675
3411	-0.28375
3412	-0.28825
3413	-0.258
3414	-0.2375
3415	-0.24625
3416	-0.2035
3417	-0.27025
3418	-0.18125
3419	-0.166
3420	-0.17925
3421	-0.15975
3422	-0.0964999999999999
3423	-0.1455
3424	-0.16325
3425	-0.18725
3426	-0.24075
3427	-0.279
3428	-0.3085
3429	-0.3165
3430	-0.33075
3431	-0.31825
3432	-0.33875
3433	-0.2905
3434	-0.327
3435	-0.32875
3436	-0.2815
3437	-0.23525
3438	-0.246
3439	-0.2415
3440	-0.162
3441	-0.15475
3442	-0.15975
3443	-0.0482500000000001
3444	-0.0330000000000001
3445	-0.0337500000000002
3446	-0.0159999999999998
3447	-0.0115000000000001
3448	-0.0139999999999996
3449	-0.0129999999999999
3450	-0.0112500000000002
3451	-0.0077499999999997
3452	-0.0237500000000002
3453	0.0162499999999999
3454	0.00550000000000006
3455	-0.00625000000000009
3456	0.00425000000000009
3457	0.0289999999999999
3458	0.028
3459	0.0787500000000001
3460	0.1295
3461	0.1615
3462	0.1855
3463	0.21475
3464	0.25575
3465	0.27525
3466	0.27525
3467	0.2895
3468	0.2815
3469	0.219
3470	0.284
3471	0.26875
3472	0.27125
3473	0.2685
3474	0.30675
3475	0.3325
3476	0.27525
3477	0.268
3478	0.29525
3479	0.25225
3480	0.23075
3481	0.22525
3482	0.21375
3483	0.2155
3484	0.21625
3485	0.20375
3486	0.17175
3487	0.22625
3488	0.23525
3489	0.23175
3490	0.2265
3491	0.2275
3492	0.168
3493	0.137
3494	0.114
3495	0.123
3496	0.1445
3497	0.11075
3498	0.0992499999999999
3499	0.102
3500	0.11625
3501	0.0957500000000001
3502	0.15725
3503	0.126
3504	0.117
3505	0.1615
3506	0.1
3507	0.11975
3508	0.10725
3509	0.11975
3510	0.127
3511	0.0700000000000001
3512	0.0842499999999999
3513	0.07175
3514	0.0540000000000002
3515	0.0229999999999999
3516	0.0677500000000002
3517	0.0740000000000001
3518	0.0580000000000001
3519	0.0687500000000001
3520	0.125
3521	0.0982499999999999
3522	0.1545
3523	0.15175
3524	0.17325
3525	0.2035
3526	0.2365
3527	0.22325
3528	0.33275
3529	0.36475
3530	0.4065
3531	0.385
3532	0.33675
3533	0.36875
3534	0.40175
3535	0.43375
3536	0.39275
3537	0.375
3538	0.30375
3539	0.318
3540	0.335
3541	0.27975
3542	0.294
3543	0.28225
3544	0.293
3545	0.28775
3546	0.29675
3547	0.3825
3548	0.40675
3549	0.4425
3550	0.4105
3551	0.4915
3552	0.445
3553	0.48075
3554	0.50925
3555	0.545
3556	0.50125
3557	0.55375
3558	0.53225
3559	0.4965
3560	0.45525
3561	0.41775
3562	0.40875
3563	0.40675
3564	0.314
3565	0.3095
3566	0.31225
3567	0.3195
3568	0.374
3569	0.41325
3570	0.4115
3571	0.37325
3572	0.38675
3573	0.4125
3574	0.4525
3575	0.44
3576	0.4515
3577	0.45425
3578	0.475
3579	0.46625
3580	0.43175
3581	0.42725
3582	0.37
3583	0.3555
3584	0.3375
3585	0.333
3586	0.36225
3587	0.30325
3588	0.305
3589	0.27375
3590	0.25575
3591	0.2075
3592	0.195
3593	0.17275
3594	0.179
3595	0.15325
3596	0.18
3597	0.1685
3598	0.1365
3599	0.158
3600	0.1785
3601	0.151
3602	0.11175
3603	0.08675
3604	0.05825
3605	0.02275
3606	-0.00849999999999984
3607	-0.00224999999999986
3608	-0.01575
3609	-0.000499999999999945
3610	-0.01025
3611	-0.00749999999999995
3612	-0.02525
3613	0.046
3614	0.0332500000000001
3615	0.0277499999999999
3616	0.0445000000000001
3617	0.0792499999999998
3618	0.0775
3619	0.0542499999999999
3620	0.0435000000000002
3621	0.0515000000000001
3622	0.0765000000000001
3623	0.0935000000000001
3624	0.1185
3625	0.0569999999999999
3626	0.07325
3627	0.11
3628	0.0762499999999999
3629	0.0657500000000002
3630	0.00625000000000009
3631	0.00275000000000003
3632	-0.05775
3633	-0.0229999999999999
3634	-0.04975
3635	0.0189999999999999
3636	0.00124999999999997
3637	0.03325
3638	0.0395000000000001
3639	0.01725
3640	0.00649999999999995
3641	0.00724999999999998
3642	-0.02125
3643	-0.0069999999999999
3644	-0.0192499999999998
3645	-0.02725
3646	-0.012
3647	-0.0582499999999999
3648	-0.0742499999999999
3649	-0.07775
3650	-0.14375
3651	-0.17575
3652	-0.15525
3653	-0.2025
3654	-0.182
3655	-0.2005
3656	-0.22
3657	-0.20825
3658	-0.2225
3659	-0.24025
3660	-0.2555
3661	-0.22975
3662	-0.294
3663	-0.3405
3664	-0.32275
3665	-0.3255
3666	-0.25625
3667	-0.227
3668	-0.1905
3669	-0.25025
3670	-0.22975
3671	-0.2405
3672	-0.27525
3673	-0.27525
3674	-0.31075
3675	-0.2795
3676	-0.267
3677	-0.274
3678	-0.23925
3679	-0.21775
3680	-0.176
3681	-0.19925
3682	-0.2145
3683	-0.194
3684	-0.1735
3685	-0.1985
3686	-0.17625
3687	-0.14425
3688	-0.12025
3689	-0.0855
3690	-0.0667500000000001
3691	-0.0917500000000001
3692	-0.0695
3693	-0.10525
3694	-0.11325
3695	-0.1125
3696	-0.124
3697	-0.099
3698	-0.0419999999999999
3699	-0.0232499999999999
3700	-0.0215
3701	0.0462500000000002
3702	0.0277500000000002
3703	0.0135000000000001
3704	0.0277500000000002
3705	0.0269999999999999
3706	0.0447500000000001
3707	0.01075
3708	0.05525
3709	0.06675
3710	0.0897500000000001
3711	0.06025
3712	0.04675
3713	-0.013
3714	-0.01575
3715	-0.0844999999999999
3716	-0.0872500000000002
3717	-0.08275
3718	-0.10675
3719	-0.0872500000000002
3720	-0.0962499999999999
3721	-0.0802499999999999
3722	-0.0864999999999999
3723	-0.0597500000000001
3724	-0.07225
3725	-0.06775
3726	-0.0750000000000001
3727	-0.043
3728	-0.0332500000000001
3729	-0.0377499999999998
3730	-0.00749999999999995
3731	0.0112500000000001
3732	0.00675000000000003
3733	0.02725
3734	0.013
3735	0.0165000000000001
3736	0.0192500000000001
3737	-0.0189999999999999
3738	0.00400000000000011
3739	0.01825
3740	0.0235
3741	0.0385000000000001
3742	0.00100000000000011
3743	0.0180000000000002
3744	0.0412499999999999
3745	0.0245
3746	0.0459999999999999
3747	0.0619999999999999
3748	0.0630000000000001
3749	0.12
3750	0.1325
3751	0.15925
3752	0.13525
3753	0.162
3754	0.23325
3755	0.24225
3756	0.205
3757	0.21575
3758	0.2185
3759	0.19625
3760	0.17575
3761	0.141
3762	0.1375
3763	0.13575
3764	0.11975
3765	0.1135
3766	0.053
3767	0.0255000000000002
3768	0.137
3769	0.154
3770	0.0970000000000002
3771	0.0720000000000001
3772	0.0915
3773	0.0770000000000002
3774	0.0475000000000001
3775	0.04125
3776	0.0127499999999999
3777	-0.00775000000000003
3778	-0.00149999999999995
3779	-0.0104999999999998
3780	-0.0497500000000001
3781	-0.10325
3782	-0.10875
3783	-0.09
3784	-0.12475
3785	-0.10775
3786	-0.0924999999999999
3787	-0.09875
3788	-0.0834999999999998
3789	-0.0834999999999998
3790	-0.12425
3791	-0.1065
3792	-0.07625
3793	-0.094
3794	-0.1145
3795	-0.126
3796	-0.1625
3797	-0.15275
3798	-0.15725
3799	-0.12875
3800	-0.13325
3801	-0.1395
3802	-0.19375
3803	-0.167
3804	-0.29975
3805	-0.347
3806	-0.2855
3807	-0.25075
3808	-0.257
3809	-0.24275
3810	-0.24625
3811	-0.29425
3812	-0.2995
3813	-0.254
3814	-0.1995
3815	-0.20925
3816	-0.203
3817	-0.179
3818	-0.17275
3819	-0.18525
3820	-0.13725
3821	-0.14725
3822	-0.16875
3823	-0.15625
3824	-0.1465
3825	-0.18575
3826	-0.194
3827	-0.22875
3828	-0.22
3829	-0.2165
3830	-0.22275
3831	-0.2005
3832	-0.1435
3833	-0.17375
3834	-0.172
3835	-0.20325
3836	-0.17925
3837	-0.1615
3838	-0.0779999999999998
3839	-0.0959999999999999
3840	-0.0569999999999998
3841	-0.04375
3842	-0.0572499999999999
3843	-0.0680000000000001
3844	-0.06975
3845	-0.076
3846	-0.084
3847	0.039
3848	0.0915
3849	0.08975
3850	0.0905
3851	0.12275
3852	0.13525
3853	0.16825
3854	0.14525
3855	0.14625
3856	0.10175
3857	0.135
3858	0.152
3859	0.12175
3860	0.1155
3861	0.153
3862	0.1575
3863	0.169
3864	0.15575
3865	0.17175
3866	0.1905
3867	0.1895
3868	0.1905
3869	0.195
3870	0.1755
3871	0.17375
3872	0.16575
3873	0.19525
3874	0.19525
3875	0.2105
3876	0.20975
3877	0.19025
3878	0.17075
3879	0.145
3880	0.12725
3881	0.13625
3882	0.1585
3883	0.0807500000000001
3884	0.0682499999999999
3885	0.0502499999999998
3886	0.0235000000000001
3887	-0.00875000000000004
3888	-0.0417499999999998
3889	-0.0417499999999998
3890	-0.0125
3891	-0.0694999999999999
3892	-0.0079999999999999
3893	-0.04475
3894	-0.07775
3895	-0.08225
3896	-0.11975
3897	-0.11625
3898	-0.12425
3899	-0.18025
3900	-0.1295
3901	-0.17825
3902	-0.20325
3903	-0.2255
3904	-0.271
3905	-0.2265
3906	-0.206
3907	-0.19525
3908	-0.20675
3909	-0.2335
3910	-0.25575
3911	-0.27525
3912	-0.27975
3913	-0.278
3914	-0.23075
3915	-0.20575
3916	-0.21275
3917	-0.19225
3918	-0.143
3919	-0.117
3920	-0.105
3921	-0.11375
3922	-0.0839999999999999
3923	-0.0339999999999998
3924	0.0195000000000001
3925	-0.00274999999999981
3926	-0.0205000000000002
3927	0.0747500000000001
3928	0.00350000000000006
3929	-0.0142500000000003
3930	0.0205
3931	0.0447500000000001
3932	0.1045
3933	0.0805000000000002
3934	0.13125
3935	0.20525
3936	0.17225
3937	0.22825
3938	0.24875
3939	0.20525
3940	0.1955
3941	0.17775
3942	0.1715
3943	0.20175
3944	0.175
3945	0.14125
3946	0.11375
3947	0.18175
3948	0.19975
3949	0.2095
3950	0.164
3951	0.23625
3952	0.30925
3953	0.2585
3954	0.2005
3955	0.17375
3956	0.1645
3957	0.176
3958	0.157
3959	0.16775
3960	0.157
3961	0.189
3962	0.19425
3963	0.1925
3964	0.2745
3965	0.3075
3966	0.28525
3967	0.28325
3968	0.2315
3969	0.31
3970	0.32425
3971	0.31075
3972	0.35
3973	0.30275
3974	0.28225
3975	0.3285
3976	0.35175
3977	0.35175
3978	0.33575
3979	0.30275
3980	0.37775
3981	0.40625
3982	0.441
3983	0.40225
3984	0.4065
3985	0.379
3986	0.41375
3987	0.361
3988	0.31275
3989	0.3395
3990	0.3065
3991	0.318
3992	0.31975
3993	0.319
3994	0.34125
3995	0.29125
3996	0.27
3997	0.26375
3998	0.27275
3999	0.22725
4000	0.156
4001	0.13725
4002	0.19525
4003	0.2345
4004	0.2515
4005	0.197
4006	0.147
4007	0.12825
4008	0.0907500000000001
4009	0.1415
4010	0.15925
4011	0.2145
4012	0.242
4013	0.2375
4014	0.2945
4015	0.34725
4016	0.2545
4017	0.2635
4018	0.299
4019	0.26525
4020	0.25375
4021	0.259
4022	0.202
4023	0.178
4024	0.13975
4025	0.11925
4026	0.1325
4027	0.05075
4028	0.05525
4029	0.0525000000000001
4030	-0.0115000000000001
4031	-0.00624999999999987
4032	0.0292499999999999
4033	0.0105
4034	0.0327500000000002
4035	0.0497500000000002
4036	0.0407500000000002
4037	0.0212500000000001
4038	-0.0589999999999999
4039	-0.0794999999999999
4040	-0.0982499999999999
4041	-0.12225
4042	-0.1105
4043	-0.113
4044	-0.1075
4045	-0.12075
4046	-0.1615
4047	-0.19175
4048	-0.22825
4049	-0.24775
4050	-0.29325
4051	-0.3255
4052	-0.27825
4053	-0.27025
4054	-0.279
4055	-0.254
4056	-0.279
4057	-0.2335
4058	-0.19875
4059	-0.20125
4060	-0.14325
4061	-0.10675
4062	-0.13075
4063	-0.0595000000000001
4064	-0.095
4065	-0.0932500000000001
4066	-0.10225
4067	-0.118
4068	-0.17325
4069	-0.16875
4070	-0.15
4071	-0.18025
4072	-0.174
4073	-0.1715
4074	-0.21425
4075	-0.184
4076	-0.143
4077	-0.17425
4078	-0.1985
4079	-0.196
4080	-0.221
4081	-0.22025
4082	-0.176
4083	-0.258
4084	-0.266
4085	-0.265
4086	-0.24975
4087	-0.20675
4088	-0.15775
4089	-0.1605
4090	-0.22125
4091	-0.165
4092	-0.1445
4093	-0.17925
4094	-0.19075
4095	-0.174
4096	-0.23275
4097	-0.28975
4098	-0.23625
4099	-0.2515
4100	-0.24375
4101	-0.24475
4102	-0.20925
4103	-0.2175
4104	-0.2095
4105	-0.19875
4106	-0.24875
4107	-0.26925
4108	-0.212
4109	-0.219
4110	-0.1735
4111	-0.18225
4112	-0.22225
4113	-0.1385
4114	-0.13925
4115	-0.123
4116	-0.13275
4117	-0.15675
4118	-0.0539999999999998
4119	0.0314999999999999
4120	0.0287499999999998
4121	0.0320000000000003
4122	0.0265
4123	-0.0467500000000001
4124	-0.1555
4125	-0.1725
4126	-0.14575
4127	-0.193
4128	-0.183
4129	-0.1465
4130	-0.15075
4131	-0.13475
4132	-0.069
4133	-0.0387500000000001
4134	-0.0477500000000002
4135	-0.0567499999999999
4136	-0.046
4137	-0.0217500000000002
4138	-0.0447499999999998
4139	-0.0357499999999999
4140	-0.0357499999999999
4141	-0.0562500000000001
4142	-0.1025
4143	-0.0830000000000002
4144	-0.14825
4145	-0.1295
4146	-0.10825
4147	-0.13425
4148	-0.1575
4149	-0.1735
4150	-0.18075
4151	-0.21025
4152	-0.16225
4153	-0.14175
4154	-0.2345
4155	-0.255
4156	-0.2095
4157	-0.2255
4158	-0.237
4159	-0.18
4160	-0.14175
4161	-0.11775
4162	-0.11325
4163	-0.10275
4164	-0.1145
4165	-0.1465
4166	-0.145
4167	-0.17075
4168	-0.19125
4169	-0.1815
4170	-0.161
4171	-0.10025
4172	-0.0912499999999998
4173	-0.159
4174	-0.12075
4175	-0.11725
4176	-0.15275
4177	-0.1465
4178	-0.0752499999999999
4179	-0.0609999999999999
4180	-0.0272499999999999
4181	-0.0310000000000001
4182	-0.02125
4183	-0.08175
4184	-0.0505
4185	-0.06125
4186	-0.0567500000000001
4187	-0.00224999999999986
4188	-0.00475000000000003
4189	-0.0189999999999999
4190	-0.0822499999999999
4191	-0.11425
4192	-0.15075
4193	-0.13825
4194	-0.164
4195	-0.17825
4196	-0.19875
4197	-0.2165
4198	-0.22375
4199	-0.2095
4200	-0.22725
4201	-0.2345
4202	-0.214
4203	-0.22125
4204	-0.20075
4205	-0.1615
4206	-0.19625
4207	-0.23925
4208	-0.251
4209	-0.20125
4210	-0.21825
4211	-0.1835
4212	-0.1355
4213	-0.13825
4214	-0.11675
4215	-0.0872500000000002
4216	-0.1015
4217	-0.1495
4218	-0.10575
4219	-0.06125
4220	-0.0354999999999998
4221	0.01725
4222	0.0342499999999999
4223	0.02
4224	-0.05125
4225	-0.0555
4226	-0.084
4227	-0.0930000000000001
4228	-0.16775
4229	-0.18375
4230	-0.12575
4231	-0.157
4232	-0.14625
4233	-0.16225
4234	-0.16925
4235	-0.1985
4236	-0.187
4237	-0.194
4238	-0.1725
4239	-0.21775
4240	-0.2675
4241	-0.34675
4242	-0.295
4243	-0.3625
4244	-0.3945
4245	-0.4025
4246	-0.37925
4247	-0.42025
4248	-0.39175
4249	-0.406
4250	-0.423
4251	-0.4365
4252	-0.43375
4253	-0.39375
4254	-0.4535
4255	-0.43575
4256	-0.426
4257	-0.50375
4258	-0.4485
4259	-0.4665
4260	-0.382
4261	-0.35825
4262	-0.29875
4263	-0.256
4264	-0.16875
4265	-0.16875
4266	-0.2445
4267	-0.2265
4268	-0.19
4269	-0.1605
4270	-0.1445
4271	-0.1
4272	-0.09475
4273	-0.0707500000000001
4274	-0.1075
4275	-0.0622500000000001
4276	-0.0694999999999999
4277	-0.0277500000000001
4278	-0.0590000000000001
4279	0.0209999999999999
4280	0.045
4281	0.0387500000000001
4282	0.0297499999999999
4283	0.0315
4284	-0.00149999999999995
4285	0.019
4286	-0.0167499999999999
4287	-0.0469999999999999
4288	-0.0354999999999999
4289	-0.0115
4290	-0.02475
4291	-0.01575
4292	-0.0137499999999999
4293	0.0122500000000001
4294	-0.082
4295	-0.113
4296	-0.1495
4297	-0.1485
4298	-0.15025
4299	-0.1485
4300	-0.162
4301	-0.13975
4302	-0.1025
4303	-0.10175
4304	-0.11425
4305	-0.142
4306	-0.18475
4307	-0.24625
4308	-0.2335
4309	-0.2735
4310	-0.2395
4311	-0.249
4312	-0.2185
4313	-0.21025
4314	-0.26
4315	-0.274
4316	-0.29425
4317	-0.311
4318	-0.3535
4319	-0.40575
4320	-0.42775
4321	-0.42675
4322	-0.39275
4323	-0.35075
4324	-0.35425
4325	-0.35425
4326	-0.317
4327	-0.34825
4328	-0.3725
4329	-0.3905
4330	-0.3435
4331	-0.325
4332	-0.325
4333	-0.325
4334	-0.28125
4335	-0.30975
4336	-0.316
4337	-0.35075
4338	-0.307
4339	-0.299
4340	-0.35775
4341	-0.36575
4342	-0.33275
4343	-0.266
4344	-0.284
4345	-0.218
4346	-0.23775
4347	-0.238
4348	-0.20525
4349	-0.225
4350	-0.169
4351	-0.1825
4352	-0.156
4353	-0.14725
4354	-0.11
4355	-0.04425
4356	0.01175
4357	0.0277499999999999
4358	-0.0364999999999999
4359	-0.0962499999999999
4360	-0.0802499999999999
4361	-0.0649999999999999
4362	-0.0649999999999999
4363	-0.02375
4364	-0.0387500000000001
4365	-0.0135
4366	-0.00275000000000003
4367	0.01525
4368	0.0395000000000001
4369	0.0422499999999999
4370	0.05375
4371	0.0735000000000001
4372	0.103
4373	0.1245
4374	0.121
4375	0.0500000000000003
4376	0.0954999999999999
4377	0.10975
4378	0.0954999999999999
4379	0.0544999999999998
4380	0.0527500000000001
4381	0.0392500000000002
4382	0.00825000000000009
4383	-0.0129999999999999
4384	-0.0102500000000001
4385	-0.0502500000000001
4386	-0.04575
4387	-0.0172500000000002
4388	-0.06525
4389	-0.0669999999999997
4390	-0.0982499999999999
4391	-0.13925
4392	-0.151
4393	-0.15825
4394	-0.112
4395	-0.09775
4396	-0.119
4397	-0.0912499999999998
4398	-0.10625
4399	-0.142
4400	-0.12425
4401	-0.14825
4402	-0.20075
4403	-0.2115
4404	-0.25175
4405	-0.2705
4406	-0.315
4407	-0.32125
4408	-0.3265
4409	-0.33275
4410	-0.37825
4411	-0.3535
4412	-0.326
4413	-0.294
4414	-0.27175
4415	-0.2655
4416	-0.24425
4417	-0.28175
4418	-0.2525
4419	-0.1955
4420	-0.209
4421	-0.1575
4422	-0.171
4423	-0.137
4424	-0.1005
4425	-0.137
4426	-0.103
4427	-0.0905
4428	-0.0742499999999999
4429	-0.0652499999999998
4430	-0.0294999999999999
4431	0.0212500000000002
4432	0.0980000000000003
4433	0.0294999999999996
4434	-0.0229999999999999
4435	-0.00800000000000001
4436	-0.0365
4437	-0.0464999999999998
4438	-0.00649999999999973
4439	0.00324999999999998
4440	-0.00199999999999978
4441	-0.0134999999999998
4442	-0.00199999999999978
4443	0.014
4444	-0.0189999999999999
4445	-0.0189999999999999
4446	-0.0224999999999997
4447	-0.00199999999999978
4448	-0.0179999999999998
4449	-0.0374999999999999
4450	-0.04375
4451	-0.0330000000000001
4452	-0.00524999999999998
4453	0.0072500000000002
4454	-0.0122500000000001
4455	-0.0150000000000001
4456	-0.03
4457	-0.07175
4458	-0.0680000000000001
4459	-0.1385
4460	-0.142
4461	-0.07775
4462	-0.12125
4463	-0.0392500000000002
4464	-0.06325
4465	-0.0845
4466	-0.11825
4467	-0.1245
4468	-0.212
4469	-0.18825
4470	-0.151
4471	-0.1945
4472	-0.1705
4473	-0.1215
4474	-0.12775
4475	-0.12775
4476	-0.0932500000000001
4477	-0.1245
4478	-0.13075
4479	-0.138
4480	-0.114
4481	-0.1025
4482	-0.04375
4483	-0.0142500000000003
4484	-0.0159999999999998
4485	-0.0525000000000002
4486	-0.0569999999999997
4487	-0.0979999999999999
4488	-0.131
4489	-0.097
4490	-0.0569999999999997
4491	-0.0882499999999999
4492	-0.08575
4493	-0.0554999999999999
4494	-0.0752499999999998
4495	-0.0307500000000001
4496	-0.0317499999999999
4497	-0.0879999999999999
4498	-0.0615
4499	-0.115
4500	-0.141
4501	-0.118
4502	-0.1075
4503	-0.19375
4504	-0.19025
4505	-0.1965
4506	-0.2045
4507	-0.201
4508	-0.21175
4509	-0.24925
4510	-0.236
4511	-0.24325
4512	-0.2245
4513	-0.18
4514	-0.17825
4515	-0.1675
4516	-0.14625
4517	-0.11325
4518	-0.13925
4519	-0.15375
4520	-0.17875
4521	-0.12525
4522	-0.126
4523	-0.11525
4524	-0.1
4525	-0.1305
4526	-0.11625
4527	-0.10725
4528	-0.132
4529	-0.14
4530	-0.13725
4531	-0.147
4532	-0.11925
4533	-0.1075
4534	-0.14925
4535	-0.1225
4536	-0.1295
4537	-0.1375
4538	-0.1195
4539	-0.04025
4540	-0.0650000000000001
4541	-0.0257499999999999
4542	-0.00775000000000015
4543	0.044
4544	0.05125
4545	0.05575
4546	0.0389999999999999
4547	2.22044604925031e-16
4548	0.01875
4549	0.0250000000000001
4550	0.0662499999999997
4551	0.0502499999999999
4552	0.0415000000000001
4553	0.00324999999999998
4554	0.00875000000000004
4555	0.0635000000000001
4556	0.1135
4557	0.10725
4558	0.175
4559	0.20075
4560	0.22475
4561	0.1945
4562	0.1465
4563	0.14475
4564	0.16525
4565	0.1625
4566	0.158
4567	0.232
4568	0.24
4569	0.24625
4570	0.208
4571	0.20975
4572	0.19375
4573	0.21075
4574	0.16875
4575	0.1545
4576	0.16425
4577	0.11
4578	0.12775
4579	0.08575
4580	0.09375
4581	0.0947499999999999
4582	0.0805
4583	0.0867499999999999
4584	0.044
4585	0.0412500000000002
4586	0.044
4587	0.0582500000000001
4588	0.0492500000000002
4589	0.0627499999999999
4590	0.0574999999999999
4591	0.0339999999999998
4592	0.0339999999999998
4593	-0.0337499999999999
4594	-0.0667499999999999
4595	-0.113
4596	-0.14425
4597	-0.129
4598	-0.13525
4599	-0.162
4600	-0.2235
4601	-0.21625
4602	-0.19125
4603	-0.242
4604	-0.2375
4605	-0.235
4606	-0.1265
4607	-0.1355
4608	-0.0759999999999998
4609	-0.0832499999999998
4610	-0.0735000000000001
4611	-0.0459999999999996
4612	-0.0575000000000001
4613	0.02
4614	0.0394999999999999
4615	0.03775
4616	0.03325
4617	0.0340000000000003
4618	0.05175
4619	0.0774999999999999
4620	0.0694999999999999
4621	0.0962500000000002
4622	0.0702499999999999
4623	0.00625000000000009
4624	-0.0309999999999999
4625	-0.0125
4626	-0.0249999999999999
4627	-0.073
4628	-0.0747499999999999
4629	-0.0177499999999999
4630	-0.0517500000000002
4631	-0.0632499999999998
4632	-0.0782500000000002
4633	-0.0525000000000002
4634	-0.0479999999999998
4635	-0.00524999999999998
4636	0.0945
4637	0.06775
4638	0.0250000000000001
4639	0.0132500000000002
4640	-0.0482500000000001
4641	-0.0927499999999999
4642	-0.14625
4643	-0.1765
4644	-0.221
4645	-0.24675
4646	-0.24225
4647	-0.23425
4648	-0.18625
4649	-0.22825
4650	-0.23
4651	-0.231
4652	-0.2505
4653	-0.24425
4654	-0.2015
4655	-0.18375
4656	-0.15525
4657	-0.189
4658	-0.15775
4659	-0.0589999999999999
4660	0.00324999999999998
4661	0.0175000000000001
4662	0.05575
4663	0.0700000000000001
4664	-0.00750000000000006
4665	0.014
4666	0.0400000000000003
4667	0.0560000000000003
4668	0.0650000000000002
4669	0.0382500000000001
4670	0.0594999999999999
4671	0.0425
4672	-0.00124999999999997
4673	0.0307500000000003
4674	0.05925
4675	0.0700000000000001
4676	0.0912500000000001
4677	0.15175
4678	0.18225
4679	0.16625
4680	0.129
4681	0.18875
4682	0.18175
4683	0.12225
4684	0.0742500000000001
4685	0.01125
4686	-0.0322500000000001
4687	-0.0072500000000002
4688	0.0275000000000001
4689	-0.06325
4690	-0.0854999999999999
4691	-0.162
4692	-0.18425
4693	-0.154
4694	-0.197
4695	-0.26925
4696	-0.26475
4697	-0.3005
4698	-0.3265
4699	-0.324
4700	-0.29375
4701	-0.33225
4702	-0.3725
4703	-0.3975
4704	-0.4235
4705	-0.44225
4706	-0.444
4707	-0.459
4708	-0.41525
4709	-0.409
4710	-0.4125
4711	-0.34275
4712	-0.35425
4713	-0.34075
4714	-0.34275
4715	-0.3135
4716	-0.2585
4717	-0.33875
4718	-0.32825
4719	-0.2875
4720	-0.24675
4721	-0.1935
4722	-0.12325
4723	-0.118
4724	-0.12075
4725	-0.0529999999999999
4726	-0.0477500000000001
4727	0.0367500000000001
4728	0.0277499999999999
4729	0.0472499999999999
4730	0.0535
4731	0.07575
4732	0.11325
4733	0.13025
4734	0.13025
4735	0.1285
4736	0.1435
4737	0.239
4738	0.2845
4739	0.35575
4740	0.34325
4741	0.41925
4742	0.4255
4743	0.43525
4744	0.39875
4745	0.4005
4746	0.33375
4747	0.298
4748	0.365
4749	0.358
4750	0.342
4751	0.3475
4752	0.336
4753	0.369
4754	0.35475
4755	0.35125
4756	0.3425
4757	0.32475
4758	0.27475
4759	0.315
4760	0.2875
4761	0.2545
4762	0.1915
4763	0.17375
4764	0.20075
4765	0.126
4766	0.0974999999999997
4767	0.07525
4768	0.0447500000000001
4769	-0.0077499999999997
4770	-0.0529999999999999
4771	-0.03325
4772	-0.0607499999999999
4773	-0.108
4774	-0.14
4775	-0.1435
4776	-0.083
4777	-0.16425
4778	-0.17675
4779	-0.159
4780	-0.14925
4781	-0.15375
4782	-0.0782500000000002
4783	-0.12575
4784	-0.1795
4785	-0.2065
4786	-0.21725
4787	-0.204
4788	-0.18
4789	-0.189
4790	-0.17025
4791	-0.1755
4792	-0.197
4793	-0.17925
4794	-0.156
4795	-0.214
4796	-0.213
4797	-0.213
4798	-0.1945
4799	-0.17575
4800	-0.15725
4801	-0.07975
4802	-0.0377500000000001
4803	-0.052
4804	-0.0349999999999998
4805	-0.0109999999999999
4806	0.00675000000000003
4807	-0.0777500000000001
4808	-0.0509999999999999
4809	-0.1285
4810	-0.165
4811	-0.205
4812	-0.23875
4813	-0.22725
4814	-0.301
4815	-0.32225
4816	-0.32925
4817	-0.337
4818	-0.344
4819	-0.32775
4820	-0.24275
4821	-0.20975
4822	-0.1945
4823	-0.22025
4824	-0.20425
4825	-0.20425
4826	-0.239
4827	-0.24
4828	-0.25325
4829	-0.254
4830	-0.31725
4831	-0.327
4832	-0.28625
4833	-0.24625
4834	-0.2505
4835	-0.271
4836	-0.288
4837	-0.305
4838	-0.306
4839	-0.26775
4840	-0.291
4841	-0.28125
4842	-0.2555
4843	-0.197
4844	-0.17925
4845	-0.12325
4846	-0.0780000000000001
4847	-0.0640000000000001
4848	-0.0587500000000001
4849	-0.0275000000000001
4850	0.056
4851	0.0505000000000001
4852	0.0627499999999999
4853	0.075
4854	0.0882499999999999
4855	0.04
4856	0.03
4857	0.0265000000000001
4858	0.022
4859	0.00150000000000006
4860	-0.00549999999999995
4861	0.000749999999999917
4862	0.02475
4863	0.0337499999999999
4864	0.097
4865	0.0640000000000001
4866	0.10225
4867	0.11725
4868	0.08875
4869	0.0932499999999999
4870	0.22875
4871	0.334
4872	0.303
4873	0.287
4874	0.28525
4875	0.28625
4876	0.2925
4877	0.29425
4878	0.296
4879	0.3085
4880	0.256
4881	0.21075
4882	0.21175
4883	0.24925
4884	0.24125
4885	0.226
4886	0.24025
4887	0.2305
4888	0.20825
4889	0.187
4890	0.19325
4891	0.2655
4892	0.245
4893	0.253
4894	0.253
4895	0.269
4896	0.25825
4897	0.2645
4898	0.25025
4899	0.25725
4900	0.19925
4901	0.2455
4902	0.2705
4903	0.26175
4904	0.28225
4905	0.24475
4906	0.13225
4907	0.03225
4908	0.0285000000000001
4909	0.0249999999999999
4910	0.0089999999999999
4911	-0.00975000000000004
4912	-0.03025
4913	-0.0514999999999999
4914	-0.06125
4915	-0.0425
4916	-0.00249999999999995
4917	0.0285000000000001
4918	0.00800000000000001
4919	-0.0229999999999999
4920	-0.0247500000000002
4921	-0.04425
4922	-0.0592499999999999
4923	-0.06525
4924	-0.04025
4925	-0.0419999999999999
4926	-0.0847500000000001
4927	-0.1
4928	-0.125
4929	-0.1695
4930	-0.14
4931	-0.15675
4932	-0.1665
4933	-0.19125
4934	-0.1965
4935	-0.1455
4936	-0.11775
4937	-0.12025
4938	-0.156
4939	-0.173
4940	-0.19
4941	-0.12575
4942	-0.133
4943	-0.13025
4944	-0.17375
4945	-0.1685
4946	-0.19875
4947	-0.21125
4948	-0.16125
4949	-0.161
4950	-0.10825
4951	-0.1385
4952	-0.1055
4953	-0.134
4954	-0.1465
4955	-0.1375
4956	-0.1125
4957	-0.12925
4958	-0.0962499999999999
4959	-0.0847500000000001
4960	-0.12725
4961	-0.1235
4962	-0.0887499999999999
4963	-0.14375
4964	-0.11075
4965	-0.0992500000000003
4966	-0.06375
4967	-0.0265
4968	-0.02125
4969	0.0927499999999997
4970	0.0499999999999998
4971	-0.0312500000000002
4972	-0.026
4973	-0.0439999999999998
4974	-0.0172500000000002
4975	0.0157499999999999
4976	-0.00999999999999979
4977	-0.0117500000000004
4978	-0.00274999999999981
4979	0.03125
4980	0.1095
4981	0.139
4982	0.17
4983	0.178
4984	0.162
4985	0.201
4986	0.14575
4987	0.152
4988	0.0727500000000001
4989	0.179
4990	0.1355
4991	0.08725
4992	0.081
4993	0.1495
4994	0.12725
4995	0.14675
4996	0.18125
4997	0.18275
4998	0.1685
4999	0.1355
5000	0.10425
5001	0.09975
5002	0.0382500000000001
5003	0.0552500000000002
5004	0.0632500000000003
5005	-0.0589999999999999
5006	-0.0357499999999999
5007	0.00174999999999992
5008	-0.0347499999999998
5009	-0.0444999999999998
5010	-0.0595000000000001
5011	-0.10475
5012	-0.0832499999999998
5013	-0.13325
5014	-0.12075
5015	-0.184
5016	-0.17775
5017	-0.2285
5018	-0.2435
5019	-0.2345
5020	-0.25775
5021	-0.273
5022	-0.25625
5023	-0.2555
5024	-0.22175
5025	-0.28975
5026	-0.1955
5027	-0.15025
5028	-0.10575
5029	-0.10225
5030	-0.1085
5031	-0.11025
5032	-0.11475
5033	-0.0754999999999999
5034	-0.0415000000000001
5035	0.004
5036	-0.0582499999999999
5037	-0.11425
5038	-0.12125
5039	-0.17025
5040	-0.204
5041	-0.1835
5042	-0.1515
5043	-0.16225
5044	-0.107
5045	-0.0900000000000001
5046	-0.10875
5047	-0.0819999999999996
5048	-0.10425
5049	-0.11925
5050	-0.145
5051	-0.14775
5052	-0.12625
5053	-0.11475
5054	-0.0959999999999996
5055	-0.1085
5056	-0.09775
5057	-0.10125
5058	-0.11275
5059	-0.19275
5060	-0.149
5061	-0.188
5062	-0.2245
5063	-0.22625
5064	-0.302
5065	-0.34125
5066	-0.35125
5067	-0.33175
5068	-0.34325
5069	-0.278
5070	-0.287
5071	-0.2775
5072	-0.20725
5073	-0.1885
5074	-0.1555
5075	-0.17075
5076	-0.17525
5077	-0.15375
5078	-0.11875
5079	-0.14275
5080	-0.13475
5081	-0.1605
5082	-0.13025
5083	-0.1135
5084	-0.119
5085	-0.0675000000000003
5086	-0.0462500000000003
5087	-0.07925
5088	-0.147
5089	-0.16925
5090	-0.2005
5091	-0.2645
5092	-0.25825
5093	-0.3055
5094	-0.32325
5095	-0.28225
5096	-0.30525
5097	-0.3025
5098	-0.331
5099	-0.34075
5100	-0.32825
5101	-0.322
5102	-0.3085
5103	-0.3495
5104	-0.3495
5105	-0.404
5106	-0.38525
5107	-0.3975
5108	-0.43925
5109	-0.426
5110	-0.403
5111	-0.3745
5112	-0.362
5113	-0.38525
5114	-0.413
5115	-0.41575
5116	-0.4595
5117	-0.43475
5118	-0.44725
5119	-0.4545
5120	-0.435
5121	-0.4875
5122	-0.5595
5123	-0.4865
5124	-0.48825
5125	-0.4375
5126	-0.45075
5127	-0.37325
5128	-0.3635
5129	-0.3375
5130	-0.30725
5131	-0.27875
5132	-0.30125
5133	-0.27025
5134	-0.26575
5135	-0.2515
5136	-0.256
5137	-0.24975
5138	-0.2525
5139	-0.22925
5140	-0.19725
5141	-0.266
5142	-0.3035
5143	-0.29925
5144	-0.2745
5145	-0.24075
5146	-0.2755
5147	-0.24425
5148	-0.17475
5149	-0.1685
5150	-0.099
5151	-0.0347500000000001
5152	-0.00350000000000006
5153	0.0367500000000001
5154	0.0912500000000001
5155	0.0957499999999998
5156	0.0940000000000001
5157	0.1795
5158	0.25875
5159	0.264
5160	0.2755
5161	0.271
5162	0.3145
5163	0.2965
5164	0.26
5165	0.2625
5166	0.26325
5167	0.272
5168	0.25075
5169	0.2285
5170	0.30325
5171	0.29975
5172	0.31575
5173	0.289
5174	0.2605
5175	0.265
5176	0.25525
5177	0.2455
5178	0.2455
5179	0.24125
5180	0.278
5181	0.295
5182	0.263
5183	0.21225
5184	0.15975
5185	0.13225
5186	0.03325
5187	-0.0425
5188	-0.0567499999999999
5189	-0.0952499999999999
5190	-0.14
5191	-0.0962500000000001
5192	-0.0890000000000001
5193	-0.1585
5194	-0.15325
5195	-0.12625
5196	-0.1075
5197	-0.1395
5198	-0.14575
5199	-0.15375
5200	-0.20275
5201	-0.1805
5202	-0.2
5203	-0.2595
5204	-0.29775
5205	-0.336
5206	-0.38125
5207	-0.41425
5208	-0.42025
5209	-0.43875
5210	-0.453
5211	-0.454
5212	-0.51275
5213	-0.51625
5214	-0.49475
5215	-0.55875
5216	-0.61575
5217	-0.6495
5218	-0.612
5219	-0.5835
5220	-0.61475
5221	-0.581
5222	-0.53925
5223	-0.52775
5224	-0.42875
5225	-0.3895
5226	-0.385
5227	-0.44825
5228	-0.4545
5229	-0.4385
5230	-0.4795
5231	-0.51275
5232	-0.503
5233	-0.50125
5234	-0.42075
5235	-0.4225
5236	-0.3895
5237	-0.37325
5238	-0.39375
5239	-0.35375
5240	-0.26375
5241	-0.171
5242	-0.19075
5243	-0.0747499999999999
5244	-0.14075
5245	-0.18525
5246	-0.24125
5247	-0.29525
5248	-0.34225
5249	-0.361
5250	-0.39225
5251	-0.33625
5252	-0.3105
5253	-0.306
5254	-0.372
5255	-0.4145
5256	-0.42875
5257	-0.451
5258	-0.5275
5259	-0.54625
5260	-0.5185
5261	-0.5505
5262	-0.571
5263	-0.49675
5264	-0.403
5265	-0.41
5266	-0.37425
5267	-0.3955
5268	-0.44175
5269	-0.43025
5270	-0.56675
5271	-0.61375
5272	-0.5755
5273	-0.59975
5274	-0.57825
5275	-0.49975
5276	-0.55325
5277	-0.57925
5278	-0.50875
5279	-0.5595
5280	-0.50325
5281	-0.465
5282	-0.35725
5283	-0.329
5284	-0.2785
5285	-0.24025
5286	-0.24025
5287	-0.227
5288	-0.26275
5289	-0.2665
5290	-0.22825
5291	-0.2115
5292	-0.20175
5293	-0.1615
5294	-0.14625
5295	-0.19875
5296	-0.361
5297	-0.39375
5298	-0.43825
5299	-0.54975
5300	-0.696
5301	-0.68
5302	-0.67725
5303	-0.70675
5304	-0.654
5305	-0.6815
5306	-0.66375
5307	-0.60325
5308	-0.65475
5309	-0.652
5310	-0.67525
5311	-0.80975
5312	-0.76
5313	-0.7565
5314	-0.82525
5315	-0.90925
5316	-0.9255
5317	-0.899
5318	-0.9365
5319	-0.92225
5320	-0.9
5321	-0.89825
5322	-0.85025
5323	-0.85125
5324	-0.8245
5325	-0.82975
5326	-0.84825
5327	-0.80825
5328	-0.7735
5329	-0.802
5330	-0.787
5331	-0.772
5332	-0.72125
5333	-0.6895
5334	-0.6735
5335	-0.6255
5336	-0.5185
5337	-0.4945
5338	-0.524
5339	-0.4865
5340	-0.47425
5341	-0.42075
5342	-0.39475
5343	-0.393
5344	-0.3795
5345	-0.37225
5346	-0.3625
5347	-0.24775
5348	-0.3065
5349	-0.3235
5350	-0.30475
5351	-0.25675
5352	-0.24875
5353	-0.2825
5354	-0.31275
5355	-0.35
5356	-0.41575
5357	-0.36475
5358	-0.40025
5359	-0.393
5360	-0.401
5361	-0.4
5362	-0.45975
5363	-0.5265
5364	-0.58775
5365	-0.62525
5366	-0.619
5367	-0.6145
5368	-0.6065
5369	-0.6055
5370	-0.63475
5371	-0.625
5372	-0.7355
5373	-0.8075
5374	-0.81625
5375	-0.8225
5376	-0.857
5377	-0.90075
5378	-0.9435
5379	-0.89625
5380	-0.93025
5381	-0.97925
5382	-1.03075
5383	-1.0965
5384	-1.0865
5385	-1.1015
5386	-1.09175
5387	-1.0765
5388	-1.0895
5389	-1.0495
5390	-1.02875
5391	-1.02875
5392	-0.93975
5393	-1.07075
5394	-1.0635
5395	-1.05375
5396	-1.068
5397	-1.068
5398	-0.9505
5399	-0.90775
5400	-0.86425
5401	-0.87325
5402	-0.9
5403	-0.90625
5404	-0.933
5405	-0.94475
5406	-0.8755
5407	-0.879
5408	-0.87725
5409	-0.84775
5410	-0.864
5411	-0.88
5412	-0.91825
5413	-0.8735
5414	-0.86475
5415	-0.897
5416	-0.87225
5417	-0.85275
5418	-0.7895
5419	-0.8295
5420	-0.84825
5421	-0.91575
5422	-0.92275
5423	-0.90575
5424	-0.94075
5425	-0.96375
5426	-0.96675
5427	-0.964
5428	-0.972
5429	-0.93275
5430	-0.94175
5431	-0.97825
5432	-1.012
5433	-0.9895
5434	-1.01175
5435	-1.075
5436	-1.1595
5437	-1.10875
5438	-1.05075
5439	-1.0365
5440	-1.008
5441	-0.991
5442	-1.007
5443	-1.0045
5444	-0.9735
5445	-0.98
5446	-0.97375
5447	-0.9765
5448	-0.909
5449	-0.9315
5450	-0.83975
5451	-0.83075
5452	-0.81825
5453	-0.789
5454	-0.82475
5455	-0.77425
5456	-0.73875
5457	-0.674
5458	-0.68725
5459	-0.69875
5460	-0.6515
5461	-0.656
5462	-0.63725
5463	-0.633
5464	-0.66075
5465	-0.62
5466	-0.604
5467	-0.58775
5468	-0.5895
5469	-0.5925
5470	-0.64225
5471	-0.6235
5472	-0.5005
5473	-0.49775
5474	-0.53775
5475	-0.5385
5476	-0.57025
5477	-0.6245
5478	-0.63775
5479	-0.62075
5480	-0.608
5481	-0.598
5482	-0.614
5483	-0.6175
5484	-0.631
5485	-0.639
5486	-0.68625
5487	-0.681
5488	-0.7095
5489	-0.754
5490	-0.73
5491	-0.7825
5492	-0.78525
5493	-0.79325
5494	-0.81475
5495	-0.815
5496	-0.7795
5497	-0.74925
5498	-0.735
5499	-0.70475
5500	-0.6745
5501	-0.62
5502	-0.6565
5503	-0.686
5504	-0.65675
5505	-0.6585
5506	-0.61325
5507	-0.5805
5508	-0.612
5509	-0.62375
5510	-0.60175
5511	-0.5895
5512	-0.57025
5513	-0.54
5514	-0.50975
5515	-0.54625
5516	-0.55
5517	-0.5235
5518	-0.5075
5519	-0.51825
5520	-0.56275
5521	-0.5545
5522	-0.575
5523	-0.56875
5524	-0.5465
5525	-0.5145
5526	-0.45475
5527	-0.379
5528	-0.354
5529	-0.31275
5530	-0.2815
5531	-0.28475
5532	-0.35225
5533	-0.32625
5534	-0.4365
5535	-0.50225
5536	-0.52175
5537	-0.578
5538	-0.56375
5539	-0.5505
5540	-0.5415
5541	-0.5665
5542	-0.56025
5543	-0.56025
5544	-0.561
5545	-0.57875
5546	-0.568
5547	-0.607
5548	-0.63275
5549	-0.70925
5550	-0.6895
5551	-0.686
5552	-0.67075
5553	-0.757
5554	-0.79425
5555	-0.78075
5556	-0.7975
5557	-0.8465
5558	-0.79825
5559	-0.80625
5560	-0.7845
5561	-0.795
5562	-0.90275
5563	-0.90975
5564	-0.90525
5565	-1.0025
5566	-1.0435
5567	-1.034
5568	-0.9655
5569	-0.98975
5570	-0.8715
5571	-0.7915
5572	-0.77275
5573	-0.754
5574	-0.6925
5575	-0.69425
5576	-0.681
5577	-0.63825
5578	-0.6845
5579	-0.67375
5580	-0.7005
5581	-0.654
5582	-0.7145
5583	-0.72325
5584	-0.69975
5585	-0.61225
5586	-0.6835
5587	-0.64875
5588	-0.6365
5589	-0.55375
5590	-0.4925
5591	-0.48725
5592	-0.48375
5593	-0.44725
5594	-0.5415
5595	-0.55575
5596	-0.603
5597	-0.5895
5598	-0.53425
5599	-0.57275
5600	-0.68125
5601	-0.619
5602	-0.6065
5603	-0.674
5604	-0.69
5605	-0.67925
5606	-0.73625
5607	-0.746
5608	-0.7985
5609	-0.82325
5610	-0.883
5611	-0.8795
5612	-0.931
5613	-1.00475
5614	-0.91575
5615	-0.9745
5616	-0.91575
5617	-0.94625
5618	-0.89375
5619	-0.886
5620	-0.872
5621	-0.8955
5622	-0.8315
5623	-0.9045
5624	-0.932
5625	-1.011
5626	-1.04475
5627	-1.0375
5628	-0.9805
5629	-0.9495
5630	-0.9435
5631	-0.9265
5632	-0.88575
5633	-0.8975
5634	-0.9065
5635	-0.87075
5636	-0.828
5637	-0.81725
5638	-0.79425
5639	-0.74975
5640	-0.7525
5641	-0.77125
5642	-0.773
5643	-0.79175
5644	-0.75625
5645	-0.728
5646	-0.72275
5647	-0.71475
5648	-0.69875
5649	-0.649
5650	-0.7325
5651	-0.736
5652	-0.78575
5653	-0.8575
5654	-0.869
5655	-0.76825
5656	-0.8145
5657	-0.8215
5658	-0.8385
5659	-0.802
5660	-0.8155
5661	-0.76775
5662	-0.751
5663	-0.679
5664	-0.6765
5665	-0.714
5666	-0.674
5667	-0.70975
5668	-0.7285
5669	-0.72675
5670	-0.70725
5671	-0.71275
5672	-0.65325
5673	-0.688
5674	-0.70925
5675	-0.6755
5676	-0.688
5677	-0.6675
5678	-0.647
5679	-0.64875
5680	-0.6655
5681	-0.70975
5682	-0.7515
5683	-0.70575
5684	-0.6665
5685	-0.695
5686	-0.705
5687	-0.63825
5688	-0.62775
5689	-0.55425
5690	-0.56325
5691	-0.632
5692	-0.59925
5693	-0.5735
5694	-0.61525
5695	-0.6125
5696	-0.5945
5697	-0.60075
5698	-0.6185
5699	-0.65575
5700	-0.66375
5701	-0.65575
5702	-0.68325
5703	-0.64475
5704	-0.675
5705	-0.65725
5706	-0.65725
5707	-0.62325
5708	-0.666
5709	-0.65
5710	-0.626
5711	-0.675
5712	-0.62775
5713	-0.63025
5714	-0.66325
5715	-0.65625
5716	-0.576
5717	-0.51
5718	-0.4655
5719	-0.5155
5720	-0.5555
5721	-0.60525
5722	-0.5715
5723	-0.59475
5724	-0.55625
5725	-0.55875
5726	-0.516
5727	-0.548
5728	-0.612
5729	-0.6645
5730	-0.57325
5731	-0.62575
5732	-0.6945
5733	-0.682
5734	-0.71675
5735	-0.65
5736	-0.67575
5737	-0.74325
5738	-0.69425
5739	-0.72025
5740	-0.691
5741	-0.72575
5742	-0.71775
5743	-0.7605
5744	-0.74525
5745	-0.70525
5746	-0.6715
5747	-0.611
5748	-0.5575
5749	-0.54975
5750	-0.4855
5751	-0.4995
5752	-0.5905
5753	-0.49975
5754	-0.47125
5755	-0.46875
5756	-0.3985
5757	-0.331
5758	-0.36925
5759	-0.37975
5760	-0.42975
5761	-0.49475
5762	-0.5045
5763	-0.5035
5764	-0.4705
5765	-0.42775
5766	-0.60975
5767	-0.494
5768	-0.517
5769	-0.52675
5770	-0.491
5771	-0.56125
5772	-0.5345
5773	-0.46425
5774	-0.482
5775	-0.498
5776	-0.48375
5777	-0.45875
5778	-0.479
5779	-0.44525
5780	-0.4125
5781	-0.44725
5782	-0.4935
5783	-0.5095
5784	-0.64675
5785	-0.64675
5786	-0.662
5787	-0.59175
5788	-0.58025
5789	-0.66325
5790	-0.6865
5791	-0.69275
5792	-0.77125
5793	-0.7765
5794	-0.6865
5795	-0.692
5796	-0.70175
5797	-0.6155
5798	-0.6165
5799	-0.59075
5800	-0.57125
5801	-0.582
5802	-0.4815
5803	-0.57325
5804	-0.5305
5805	-0.5305
5806	-0.52975
5807	-0.504
5808	-0.4915
5809	-0.47275
5810	-0.4445
5811	-0.432
5812	-0.43025
5813	-0.425
5814	-0.386
5815	-0.4145
5816	-0.4545
5817	-0.46075
5818	-0.4225
5819	-0.48025
5820	-0.45175
5821	-0.48725
5822	-0.587
5823	-0.70725
5824	-0.6805
5825	-0.73125
5826	-0.7285
5827	-0.691
5828	-0.6305
5829	-0.6075
5830	-0.64675
5831	-0.60575
5832	-0.62625
5833	-0.637
5834	-0.653
5835	-0.64675
5836	-0.63775
5837	-0.6485
5838	-0.621
5839	-0.6095
5840	-0.591
5841	-0.59375
5842	-0.55875
5843	-0.54725
5844	-0.57675
5845	-0.5795
5846	-0.599
5847	-0.6
5848	-0.6
5849	-0.60625
5850	-0.6125
5851	-0.59925
5852	-0.528
5853	-0.462
5854	-0.471
5855	-0.416
5856	-0.376
5857	-0.353
5858	-0.27125
5859	-0.19925
5860	-0.22075
5861	-0.17175
5862	-0.179
5863	-0.22275
5864	-0.22275
5865	-0.23075
5866	-0.22625
5867	-0.23525
5868	-0.1685
5869	-0.1685
5870	-0.16675
5871	-0.1605
5872	-0.1295
5873	-0.083
5874	-0.0642499999999999
5875	-0.0287500000000001
5876	-0.0625
5877	-0.0472499999999998
5878	-0.07775
5879	-0.0589999999999999
5880	-0.05275
5881	-0.0954999999999999
5882	-0.1025
5883	-0.0979999999999999
5884	-0.161
5885	-0.1635
5886	-0.22125
5887	-0.1855
5888	-0.2425
5889	-0.344
5890	-0.3145
5891	-0.2955
5892	-0.36225
5893	-0.40225
5894	-0.39325
5895	-0.345
5896	-0.345
5897	-0.386
5898	-0.42775
5899	-0.41975
5900	-0.45625
5901	-0.43925
5902	-0.44825
5903	-0.46425
5904	-0.47325
5905	-0.483
5906	-0.523
5907	-0.5
5908	-0.53025
5909	-0.558
5910	-0.583
5911	-0.57575
5912	-0.5215
5913	-0.55275
5914	-0.5385
5915	-0.55
5916	-0.5035
5917	-0.4525
5918	-0.458
5919	-0.441
5920	-0.3405
5921	-0.41
5922	-0.34325
5923	-0.435
5924	-0.38775
5925	-0.38075
5926	-0.42625
5927	-0.41125
5928	-0.405
5929	-0.38
5930	-0.40225
5931	-0.4495
5932	-0.445
5933	-0.4085
5934	-0.356
5935	-0.3515
5936	-0.32475
5937	-0.315
5938	-0.32125
5939	-0.31675
5940	-0.273
5941	-0.27475
5942	-0.2195
5943	-0.215
5944	-0.19725
5945	-0.22475
5946	-0.189
5947	-0.21925
5948	-0.26
5949	-0.20825
5950	-0.23575
5951	-0.29725
5952	-0.334
5953	-0.3555
5954	-0.319
5955	-0.35025
5956	-0.37775
5957	-0.30575
5958	-0.32725
5959	-0.26675
5960	-0.26325
5961	-0.25075
5962	-0.24
5963	-0.2775
5964	-0.28725
5965	-0.265
5966	-0.25775
5967	-0.2685
5968	-0.25775
5969	-0.287
5970	-0.25225
5971	-0.1675
5972	-0.16225
5973	-0.2085
5974	-0.1905
5975	-0.20475
5976	-0.26175
5977	-0.25825
5978	-0.2735
5979	-0.236
5980	-0.24575
5981	-0.221
5982	-0.2345
5983	-0.26125
5984	-0.249
5985	-0.26875
5986	-0.2565
5987	-0.205
5988	-0.21125
5989	-0.2185
5990	-0.22125
5991	-0.18025
5992	-0.18225
5993	-0.17425
5994	-0.18225
5995	-0.1805
5996	-0.20375
5997	-0.18425
5998	-0.171
5999	-0.1675
6000	-0.1195
6001	-0.12675
6002	-0.12075
6003	-0.103
6004	-0.0862499999999999
6005	-0.0455
6006	-0.083
6007	-0.14025
6008	-0.14825
6009	-0.12075
6010	-0.12275
6011	-0.089
6012	-0.0837499999999999
6013	-0.0695
6014	-0.0695
6015	-0.12575
6016	-0.132
6017	-0.124
6018	-0.10525
6019	-0.075
6020	-0.067
6021	-0.08475
6022	-0.09275
6023	-0.10875
6024	-0.1025
6025	-0.08475
6026	-0.08475
6027	-0.1
6028	-0.108
6029	-0.108
6030	-0.1
6031	-0.09825
6032	-0.092
6033	-0.092
6034	-0.092
6035	-0.092
6036	-0.0965
6037	-0.0965
6038	-0.0965
6039	-0.0965
6040	-0.0965
6041	-0.0965
6042	-0.0965
6043	-0.0965
6044	-0.0885
6045	-0.0885
6046	-0.0885
6047	-0.0885
6048	-0.0885
6049	-0.08675
6050	-0.07875
6051	-0.07075
6052	-0.053
6053	-0.053
