11	-0.112
12	-0.132
13	-0.1
14	-0.086
15	-0.104
16	-0.11
17	-0.118
18	-0.08
19	-0.07
20	-0.068
21	-0.0700000000000001
22	-0.074
23	-0.0820000000000001
24	-0.0820000000000001
25	-0.0620000000000001
26	-0.0640000000000001
27	-0.028
28	-0.038
29	-0.0399999999999999
30	-0.044
31	-0.03
32	-0.0260000000000001
33	-0.052
34	-0.0600000000000002
35	-0.0760000000000001
36	-0.0680000000000003
37	0.00399999999999989
38	0.002
39	0.0439999999999998
40	0.0479999999999999
41	0.0539999999999998
42	0.118
43	0.156
44	0.156
45	0.172
46	0.166
47	0.174
48	0.202
49	0.168
50	0.174
51	0.194
52	0.216
53	0.214
54	0.172
55	0.156
56	0.15
57	0.146
58	0.174
59	0.174
60	0.168
61	0.148
62	0.152
63	0.12
64	0.146
65	0.166
66	0.176
67	0.154
68	0.154
69	0.198
70	0.228
71	0.224
72	0.232
73	0.176
74	0.092
75	0.156
76	0.172
77	0.18
78	0.212
79	0.172
80	0.196
81	0.174
82	0.192
83	0.164
84	0.148
85	0.144
86	0.126
87	0.16
88	0.15
89	0.178
90	0.172
91	0.178
92	0.174
93	0.204
94	0.164
95	0.216
96	0.22
97	0.208
98	0.204
99	0.242
100	0.228
101	0.224
102	0.232
103	0.212
104	0.206
105	0.206
106	0.202
107	0.214
108	0.224
109	0.234
110	0.228
111	0.22
112	0.228
113	0.212
114	0.178
115	0.174
116	0.15
117	0.204
118	0.184
119	0.172
120	0.192
121	0.198
122	0.174
123	0.162
124	0.138
125	0.126
126	0.134
127	0.122
128	0.142
129	0.164
130	0.178
131	0.134
132	0.16
133	0.162
134	0.188
135	0.168
136	0.17
137	0.158
138	0.158
139	0.184
140	0.196
141	0.162
142	0.146
143	0.138
144	0.128
145	0.0899999999999998
146	0.0799999999999999
147	0.096
148	0.0940000000000001
149	0.114
150	0.106
151	0.102
152	0.138
153	0.0839999999999999
154	0.108
155	0.124
156	0.11
157	0.134
158	0.176
159	0.174
160	0.186
161	0.19
162	0.172
163	0.182
164	0.17
165	0.11
166	0.104
167	0.0820000000000001
168	0.0619999999999998
169	0.076
170	0.0599999999999999
171	0.0279999999999999
172	0.052
173	0.112
174	0.11
175	0.1
176	0.096
177	0.074
178	0.07
179	0.0739999999999998
180	0.0579999999999999
181	0.0660000000000001
182	0.0479999999999999
183	0.0499999999999999
184	0.0339999999999999
185	0.0139999999999999
186	0.0559999999999999
187	0.0559999999999999
188	0.016
189	0.0659999999999999
190	0.0539999999999999
191	0.0559999999999999
192	0.0439999999999999
193	0.0239999999999999
194	0.0099999999999999
195	0.00800000000000001
196	0.00600000000000001
197	0.0419999999999999
198	0.046
199	0.0499999999999998
200	0.0459999999999999
201	0.0639999999999999
202	0.084
203	0.118
204	0.152
205	0.136
206	0.11
207	0.13
208	0.0979999999999999
209	0.0539999999999999
210	0.0339999999999999
211	0.0359999999999999
212	0.0999999999999999
213	0.122
214	0.128
215	0.148
216	0.148
217	0.166
218	0.214
219	0.196
220	0.212
221	0.254
222	0.216
223	0.24
224	0.238
225	0.224
226	0.228
227	0.258
228	0.234
229	0.238
230	0.242
231	0.25
232	0.26
233	0.22
234	0.232
235	0.232
236	0.254
237	0.254
238	0.274
239	0.292
240	0.256
241	0.28
242	0.284
243	0.274
244	0.264
245	0.242
246	0.234
247	0.232
248	0.176
249	0.158
250	0.17
251	0.138
252	0.192
253	0.206
254	0.198
255	0.22
256	0.216
257	0.216
258	0.212
259	0.208
260	0.248
261	0.298
262	0.33
263	0.294
264	0.334
265	0.328
266	0.352
267	0.344
268	0.322
269	0.316
270	0.324
271	0.28
272	0.262
273	0.26
274	0.23
275	0.198
276	0.202
277	0.208
278	0.226
279	0.244
280	0.248
281	0.238
282	0.27
283	0.264
284	0.292
285	0.31
286	0.284
287	0.306
288	0.276
289	0.254
290	0.242
291	0.212
292	0.2
293	0.168
294	0.182
295	0.172
296	0.156
297	0.078
298	0.038
299	0.074
300	0.0559999999999999
301	0.0639999999999999
302	0.0239999999999999
303	0.01
304	0.01
305	0.0219999999999998
306	0.0279999999999998
307	0.0519999999999999
308	0.072
309	0.0599999999999999
310	0.0800000000000001
311	0.082
312	0.08
313	0.082
314	0.094
315	0.082
316	0.076
317	0.092
318	0.104
319	0.108
320	0.104
321	0.096
322	0.106
323	0.114
324	0.116
325	0.106
326	0.126
327	0.144
328	0.15
329	0.154
330	0.172
331	0.172
332	0.198
333	0.208
334	0.218
335	0.174
336	0.216
337	0.214
338	0.22
339	0.224
340	0.218
341	0.22
342	0.24
343	0.236
344	0.212
345	0.224
346	0.21
347	0.212
348	0.206
349	0.176
350	0.144
351	0.148
352	0.138
353	0.132
354	0.108
355	0.112
356	0.088
357	0.122
358	0.122
359	0.098
360	0.0739999999999998
361	0.092
362	0.0639999999999998
363	0.0619999999999999
364	0.092
365	0.0679999999999999
366	0.0599999999999999
367	0.018
368	-0.014
369	-0.0200000000000001
370	-0.0220000000000001
371	-0.0160000000000001
372	-0.0400000000000001
373	-0.052
374	-0.0800000000000001
375	-0.0600000000000001
376	-0.05
377	-0.064
378	-0.1
379	-0.108
380	-0.068
381	-0.066
382	-0.0840000000000001
383	-0.094
384	-0.0500000000000001
385	-0.0440000000000001
386	-0.00600000000000001
387	0.0139999999999999
388	0.00399999999999989
389	0.0199999999999999
390	0.0299999999999999
391	0.044
392	0.072
393	0.042
394	0.0419999999999999
395	0.082
396	0.086
397	0.074
398	0.0680000000000001
399	0.0819999999999999
400	0.0419999999999999
401	0.0599999999999998
402	0.0579999999999999
403	0.0760000000000001
404	0.0879999999999999
405	0.082
406	0.086
407	0.108
408	0.0939999999999999
409	0.102
410	0.116
411	0.106
412	0.104
413	0.106
414	0.11
415	0.132
416	0.112
417	0.0919999999999999
418	0.092
419	0.116
420	0.096
421	0.0900000000000001
422	0.05
423	0.0239999999999999
424	0.0279999999999999
425	0.0139999999999999
426	-0.002
427	-0.026
428	-0.054
429	-0.0580000000000001
430	-0.0700000000000001
431	-0.0780000000000001
432	-0.0860000000000001
433	-0.0780000000000001
434	-0.086
435	-0.118
436	-0.12
437	-0.15
438	-0.166
439	-0.158
440	-0.176
441	-0.144
442	-0.158
443	-0.166
444	-0.164
445	-0.18
446	-0.15
447	-0.16
448	-0.178
449	-0.184
450	-0.164
451	-0.156
452	-0.142
453	-0.142
454	-0.0980000000000001
455	-0.0920000000000001
456	-0.1
457	-0.116
458	-0.0920000000000001
459	-0.0800000000000001
460	-0.0679999999999999
461	-0.0380000000000001
462	-0.00800000000000012
463	0.0099999999999999
464	0.0479999999999999
465	0.03
466	0.0339999999999999
467	0.00800000000000001
468	0.0239999999999999
469	0.018
470	0.0379999999999999
471	0.0579999999999998
472	0.0660000000000001
473	0.0760000000000001
474	0.0879999999999999
475	0.0679999999999999
476	0.0679999999999998
477	0.0479999999999999
478	0.0339999999999999
479	0.0299999999999999
480	0.0299999999999999
481	0.076
482	0.0680000000000001
483	0.092
484	0.092
485	0.108
486	0.096
487	0.0900000000000001
488	0.086
489	0.0780000000000001
490	0.0399999999999999
491	0.0479999999999999
492	0.0479999999999999
493	0.0579999999999998
494	0.0479999999999999
495	0.0279999999999999
496	0.0259999999999999
497	0.00600000000000001
498	-0.0220000000000002
499	-0.0360000000000001
500	-0.0740000000000001
501	-0.0700000000000001
502	-0.0620000000000001
503	-0.074
504	-0.0860000000000001
505	-0.0980000000000001
506	-0.0940000000000001
507	-0.0980000000000001
508	-0.0900000000000001
509	-0.0780000000000001
510	-0.07
511	-0.0480000000000002
512	-0.0600000000000001
513	-0.042
514	-0.046
515	-0.044
516	-0.0280000000000002
517	-0.0600000000000001
518	-0.0880000000000001
519	-0.104
520	-0.0639999999999999
521	-0.084
522	-0.0780000000000001
523	-0.102
524	-0.122
525	-0.104
526	-0.0880000000000001
527	-0.118
528	-0.118
529	-0.0680000000000001
530	-0.054
531	-0.048
532	-0.0499999999999999
533	-0.0540000000000001
534	-0.054
535	-0.0399999999999999
536	-0.054
537	-0.0600000000000001
538	-0.0580000000000001
539	-0.048
540	-0.042
541	-0.024
542	-0.034
543	-0.02
544	-0.024
545	-0.0340000000000001
546	-0.06
547	-0.0680000000000001
548	-0.0620000000000001
549	-0.0660000000000001
550	-0.038
551	-0.05
552	-0.0339999999999999
553	-0.0419999999999999
554	-0.0339999999999999
555	-0.038
556	-0.072
557	-0.0600000000000001
558	-0.038
559	-0.036
560	-0.042
561	-0.0360000000000001
562	-0.0320000000000001
563	-0.05
564	-0.0480000000000002
565	-0.09
566	-0.112
567	-0.092
568	-0.102
569	-0.094
570	-0.0900000000000001
571	-0.104
572	-0.1
573	-0.0760000000000001
574	-0.05
575	-0.036
576	-0.042
577	-0.054
578	-0.0579999999999999
579	-0.0280000000000001
580	-0.0280000000000001
581	-0.0260000000000001
582	0.00599999999999989
583	0.00599999999999989
584	0.028
585	0.00399999999999989
586	-0.00400000000000011
587	0.0119999999999999
588	-0.0200000000000001
589	-0.032
590	-0.032
591	-0.0240000000000001
592	-0.0120000000000001
593	-0.00600000000000012
594	-0.0260000000000001
595	-0.0420000000000001
596	-0.0240000000000002
597	-0.0240000000000002
598	-0.0520000000000002
599	-0.03
600	-0.038
601	0.0120000000000001
602	0.0120000000000001
603	-0.0400000000000001
604	-0.0440000000000003
605	-0.0320000000000001
606	-0.0120000000000002
607	-0.014
608	0.0219999999999999
609	0.0139999999999999
610	-0.0240000000000002
611	-0.0100000000000002
612	-0.0200000000000001
613	-0.0120000000000002
614	0.01
615	-0.0380000000000001
616	-0.02
617	0.0099999999999999
618	0.0259999999999999
619	0.0359999999999998
620	0.0299999999999999
621	0.0259999999999999
622	0.048
623	0.0419999999999999
624	0.0339999999999999
625	0.0419999999999998
626	0.048
627	0.0379999999999999
628	0.0219999999999998
629	0.0259999999999998
630	0.00399999999999989
631	0.0239999999999999
632	0
633	-0.0260000000000001
634	-2.22044604925031e-16
635	-0.0160000000000002
636	0.00399999999999989
637	-0.0600000000000001
638	-0.0600000000000002
639	-0.0320000000000001
640	-0.0240000000000002
641	-0.0660000000000001
642	-0.0900000000000001
643	-0.0720000000000001
644	-0.102
645	-0.098
646	-0.096
647	-0.118
648	-0.0720000000000002
649	-0.0780000000000001
650	-0.0980000000000001
651	-0.114
652	-0.122
653	-0.126
654	-0.16
655	-0.188
656	-0.194
657	-0.168
658	-0.194
659	-0.2
660	-0.194
661	-0.21
662	-0.186
663	-0.182
664	-0.176
665	-0.192
666	-0.194
667	-0.194
668	-0.148
669	-0.0940000000000002
670	-0.134
671	-0.11
672	-0.124
673	-0.118
674	-0.108
675	-0.094
676	-0.1
677	-0.0580000000000002
678	-0.054
679	-0.0580000000000002
680	-0.056
681	-0.0700000000000002
682	-0.052
683	-0.05
684	-0.078
685	-0.0700000000000001
686	-0.0780000000000001
687	-0.0820000000000001
688	-0.094
689	-0.116
690	-0.108
691	-0.094
692	-0.106
693	-0.1
694	-0.082
695	-0.054
696	-0.0580000000000001
697	-0.044
698	-0.0580000000000001
699	-0.0660000000000001
700	-0.05
701	-0.0519999999999999
702	-0.024
703	-0.00400000000000011
704	-0.048
705	-0.07
706	-0.0540000000000001
707	-0.0780000000000001
708	-0.0860000000000001
709	-0.072
710	-0.0740000000000001
711	-0.0740000000000001
712	-0.0740000000000001
713	-0.0940000000000001
714	-0.08
715	-0.07
716	-0.0580000000000001
717	-0.0580000000000001
718	-0.0760000000000001
719	-0.0740000000000001
720	-0.0619999999999999
721	-0.0800000000000001
722	-0.038
723	-0.026
724	0.00599999999999989
725	0.00399999999999989
726	0.014
727	0.012
728	0.0079999999999999
729	-0.01
730	-0.024
731	-0.0660000000000001
732	-0.0680000000000001
733	-0.0740000000000001
734	-0.08
735	-0.0860000000000001
736	-0.116
737	-0.112
738	-0.13
739	-0.132
740	-0.102
741	-0.106
742	-0.116
743	-0.0820000000000001
744	-0.0800000000000001
745	-0.102
746	-0.096
747	-0.102
748	-0.094
749	-0.0920000000000001
750	-0.0920000000000001
751	-0.0860000000000001
752	-0.0920000000000001
753	-0.0539999999999999
754	-0.0180000000000001
755	-0.0400000000000001
756	-0.05
757	-0.0539999999999999
758	-0.0940000000000001
759	-0.084
760	-0.0740000000000001
761	-0.0620000000000001
762	-0.0600000000000001
763	-0.0500000000000002
764	-0.0420000000000001
765	-0.054
766	-0.0740000000000001
767	-0.0560000000000002
768	-0.0560000000000002
769	-0.034
770	-0.022
771	-0.012
772	0.0239999999999999
773	0.0239999999999999
774	0.0179999999999999
775	-0.00600000000000001
776	-0.004
777	0.002
778	0.0459999999999999
779	0.00799999999999979
780	0.028
781	0.0299999999999999
782	0.0299999999999998
783	0.004
784	0.0419999999999999
785	0.0499999999999999
786	0.0579999999999998
787	0.0279999999999998
788	0.0279999999999999
789	0.00999999999999979
790	-0.0240000000000001
791	-0.00800000000000001
792	-0.016
793	0.0079999999999999
794	0.0179999999999999
795	-0.00400000000000011
796	-0.0400000000000001
797	-0.05
798	-0.032
799	-0.07
800	-0.0840000000000001
801	-0.0940000000000001
802	-0.0880000000000001
803	-0.0420000000000001
804	-0.0240000000000001
805	-0.0180000000000002
806	-0.0320000000000001
807	-0.0260000000000001
808	-0.0500000000000002
809	-0.0740000000000002
810	-0.05
811	-0.0540000000000002
812	-0.0720000000000001
813	-0.0820000000000001
814	-0.118
815	-0.1
816	-0.104
817	-0.0680000000000001
818	-0.0620000000000001
819	-0.046
820	-0.042
821	-0.0639999999999998
822	-0.0680000000000002
823	-0.0260000000000001
824	-0.0140000000000001
825	-0.016
826	0.00199999999999989
827	-0.016
828	0.0359999999999998
829	0.0159999999999998
830	0.0099999999999999
831	0.0239999999999999
832	0.0439999999999999
833	0.0539999999999998
834	0.0299999999999999
835	0.0599999999999998
836	0.0639999999999999
837	0.088
838	0.104
839	0.0679999999999998
840	0.0659999999999998
841	0.0719999999999998
842	0.0519999999999998
843	0.0719999999999998
844	0.0739999999999998
845	0.0959999999999999
846	0.136
847	0.142
848	0.154
849	0.162
850	0.174
851	0.144
852	0.158
853	0.126
854	0.122
855	0.132
856	0.108
857	0.112
858	0.152
859	0.12
860	0.094
861	0.0920000000000001
862	0.0739999999999998
863	0.0860000000000001
864	0.0439999999999999
865	0.0659999999999998
866	0.106
867	0.132
868	0.122
869	0.0859999999999999
870	0.0860000000000001
871	0.082
872	0.106
873	0.0779999999999998
874	0.0759999999999998
875	0.0839999999999997
876	0.106
877	0.144
878	0.184
879	0.16
880	0.14
881	0.118
882	0.0819999999999997
883	0.0739999999999998
884	0.0939999999999999
885	0.0759999999999998
886	0.0780000000000001
887	0.114
888	0.0779999999999997
889	0.086
890	0.0839999999999999
891	0.08
892	0.0339999999999998
893	0.0499999999999998
894	-0.0220000000000001
895	-0.014
896	-0.0220000000000001
897	-0.01
898	-0.0180000000000001
899	0.00199999999999978
900	0.00599999999999989
901	0.0339999999999998
902	0.0099999999999999
903	-0.004
904	-0.0200000000000001
905	0.0319999999999998
906	0.0359999999999999
907	0.0279999999999999
908	0.0359999999999999
909	0.07
910	0.0559999999999998
911	0.0119999999999998
912	0.0219999999999998
913	-0.048
914	-0.0380000000000001
915	-0.0480000000000002
916	0.016
917	0.0299999999999999
918	0.0279999999999999
919	0.018
920	0.002
921	0.0159999999999999
922	-0.00600000000000023
923	-0.026
924	0.00399999999999989
925	-0.0160000000000001
926	-0.00800000000000023
927	-0.00600000000000012
928	0.0179999999999998
929	0.048
930	0.0639999999999999
931	0.08
932	0.112
933	0.122
934	0.154
935	0.134
936	0.148
937	0.122
938	0.122
939	0.136
940	0.16
941	0.15
942	0.15
943	0.17
944	0.166
945	0.17
946	0.202
947	0.238
948	0.246
949	0.26
950	0.248
951	0.258
952	0.232
953	0.226
954	0.202
955	0.226
956	0.216
957	0.238
958	0.242
959	0.242
960	0.208
961	0.234
962	0.222
963	0.238
964	0.248
965	0.216
966	0.212
967	0.214
968	0.188
969	0.18
970	0.182
971	0.196
972	0.184
973	0.182
974	0.178
975	0.14
976	0.154
977	0.16
978	0.148
979	0.196
980	0.178
981	0.164
982	0.164
983	0.134
984	0.144
985	0.138
986	0.12
987	0.118
988	0.134
989	0.152
990	0.168
991	0.148
992	0.182
993	0.124
994	0.13
995	0.142
996	0.172
997	0.166
998	0.154
999	0.112
1000	0.118
1001	0.152
1002	0.166
1003	0.148
1004	0.174
1005	0.138
1006	0.0979999999999998
1007	0.0619999999999998
1008	0.0619999999999998
1009	0.0439999999999999
1010	0.0919999999999997
1011	0.07
1012	0.0419999999999998
1013	0.0099999999999999
1014	0.0259999999999999
1015	-0.0360000000000001
1016	-0.0519999999999999
1017	-0.042
1018	-0.0639999999999999
1019	-0.0920000000000001
1020	-0.116
1021	-0.112
1022	-0.09
1023	-0.108
1024	-0.126
1025	-0.14
1026	-0.15
1027	-0.194
1028	-0.186
1029	-0.158
1030	-0.174
1031	-0.174
1032	-0.188
1033	-0.2
1034	-0.212
1035	-0.166
1036	-0.16
1037	-0.206
1038	-0.206
1039	-0.222
1040	-0.234
1041	-0.192
1042	-0.202
1043	-0.172
1044	-0.152
1045	-0.14
1046	-0.168
1047	-0.156
1048	-0.142
1049	-0.132
1050	-0.142
1051	-0.14
1052	-0.134
1053	-0.124
1054	-0.122
1055	-0.0760000000000001
1056	-0.112
1057	-0.11
1058	-0.12
1059	-0.112
1060	-0.114
1061	-0.124
1062	-0.0920000000000001
1063	-0.0740000000000002
1064	-0.0720000000000002
1065	-0.0679999999999999
1066	-0.0499999999999999
1067	-0.0720000000000001
1068	-0.046
1069	-0.0260000000000001
1070	-0.018
1071	-0.0260000000000001
1072	-0.0220000000000001
1073	-0.00800000000000001
1074	-0.0140000000000001
1075	-0.036
1076	-0.0140000000000002
1077	-0.0300000000000001
1078	-2.22044604925031e-16
1079	0.0119999999999999
1080	-0.0140000000000001
1081	-0.0160000000000001
1082	-0.0240000000000001
1083	0.0259999999999999
1084	0.0099999999999999
1085	-1.11022302462516e-16
1086	-1.11022302462516e-16
1087	0.0099999999999999
1088	0.018
1089	-0.00400000000000011
1090	0.00599999999999989
1091	-0.012
1092	-0.00800000000000012
1093	-0.0220000000000001
1094	-0.0320000000000001
1095	-0.0239999999999999
1096	-0.0500000000000002
1097	-0.00800000000000012
1098	-0.036
1099	-0.00800000000000012
1100	-0.034
1101	-0.0340000000000001
1102	-0.0440000000000002
1103	-0.04
1104	-0.0580000000000002
1105	-0.0760000000000002
1106	-0.0960000000000001
1107	-0.13
1108	-0.152
1109	-0.162
1110	-0.178
1111	-0.156
1112	-0.21
1113	-0.246
1114	-0.256
1115	-0.254
1116	-0.252
1117	-0.258
1118	-0.236
1119	-0.286
1120	-0.276
1121	-0.286
1122	-0.284
1123	-0.306
1124	-0.338
1125	-0.326
1126	-0.336
1127	-0.332
1128	-0.316
1129	-0.308
1130	-0.312
1131	-0.304
1132	-0.274
1133	-0.27
1134	-0.242
1135	-0.262
1136	-0.246
1137	-0.236
1138	-0.216
1139	-0.238
1140	-0.26
1141	-0.256
1142	-0.256
1143	-0.24
1144	-0.214
1145	-0.174
1146	-0.142
1147	-0.13
1148	-0.09
1149	-0.0560000000000002
1150	-0.014
1151	-0.0220000000000001
1152	-0.00400000000000023
1153	-0.024
1154	-0.0479999999999999
1155	0.0219999999999999
1156	-0.00600000000000012
1157	0.00799999999999979
1158	0.00399999999999989
1159	0.0119999999999999
1160	0.0319999999999999
1161	0.0579999999999998
1162	0.0639999999999999
1163	0.0859999999999997
1164	0.0839999999999997
1165	0.11
1166	0.0919999999999997
1167	0.056
1168	0.03
1169	-0.02
1170	-0.032
1171	-0.00600000000000023
1172	-0.02
1173	0.00199999999999989
1174	0.004
1175	0.0219999999999999
1176	0.026
1177	0.0359999999999998
1178	0.0720000000000002
1179	0.0799999999999998
1180	0.08
1181	0.0359999999999999
1182	-0.00400000000000011
1183	-0.00400000000000011
1184	-0.01
1185	0.004
1186	-0.02
1187	-0.0580000000000002
1188	-0.0800000000000002
1189	-0.0640000000000003
1190	-0.0380000000000001
1191	-0.0740000000000003
1192	-0.0700000000000002
1193	-0.0800000000000001
1194	-0.104
1195	-0.112
1196	-0.0880000000000002
1197	-0.124
1198	-0.0960000000000002
1199	-0.146
1200	-0.156
1201	-0.16
1202	-0.128
1203	-0.0960000000000001
1204	-0.0900000000000001
1205	-0.0780000000000001
1206	-0.0720000000000002
1207	-0.122
1208	-0.134
1209	-0.182
1210	-0.168
1211	-0.164
1212	-0.144
1213	-0.164
1214	-0.172
1215	-0.164
1216	-0.18
1217	-0.178
1218	-0.172
1219	-0.186
1220	-0.19
1221	-0.216
1222	-0.204
1223	-0.138
1224	-0.11
1225	-0.0940000000000001
1226	-0.108
1227	-0.128
1228	-0.114
1229	-0.118
1230	-0.1
1231	-0.0880000000000001
1232	-0.0760000000000002
1233	-0.0480000000000002
1234	-0.0820000000000001
1235	-0.0560000000000003
1236	-0.0540000000000002
1237	-0.0460000000000003
1238	-0.0540000000000002
1239	-0.0560000000000003
1240	-0.0580000000000002
1241	-0.0280000000000001
1242	-0.0380000000000001
1243	-0.00800000000000001
1244	0.0119999999999998
1245	0.0279999999999998
1246	0.00399999999999989
1247	0.0219999999999999
1248	0.0259999999999998
1249	0.02
1250	-1.11022302462516e-16
1251	0.0279999999999999
1252	0.04
1253	0.0600000000000002
1254	0.082
1255	0.0719999999999998
1256	0.0859999999999997
1257	0.0679999999999998
1258	0.0620000000000001
1259	0.00199999999999978
1260	0.0579999999999999
1261	0.0419999999999999
1262	0.0419999999999999
1263	0.0279999999999999
1264	0.0479999999999999
1265	0.0799999999999998
1266	0.0779999999999998
1267	0.102
1268	0.074
1269	0.0399999999999999
1270	0.0259999999999999
1271	0.00800000000000001
1272	-0.0100000000000001
1273	-1.11022302462516e-16
1274	0.00599999999999989
1275	0.00199999999999978
1276	-0.0100000000000001
1277	-0.0280000000000002
1278	-0.036
1279	-0.0140000000000001
1280	-0.036
1281	-0.0220000000000001
1282	-0.00400000000000011
1283	-0.0260000000000001
1284	0.00399999999999989
1285	0.0179999999999998
1286	0.03
1287	-0.00600000000000001
1288	0.00399999999999978
1289	-0.028
1290	-0.0260000000000001
1291	-0.0420000000000001
1292	-0.0400000000000001
1293	-0.03
1294	-0.0219999999999998
1295	0.00600000000000001
1296	-0.0640000000000001
1297	-0.0980000000000001
1298	-0.106
1299	-0.112
1300	-0.136
1301	-0.186
1302	-0.194
1303	-0.22
1304	-0.196
1305	-0.186
1306	-0.152
1307	-0.154
1308	-0.142
1309	-0.162
1310	-0.172
1311	-0.174
1312	-0.13
1313	-0.132
1314	-0.124
1315	-0.16
1316	-0.154
1317	-0.16
1318	-0.176
1319	-0.184
1320	-0.214
1321	-0.216
1322	-0.214
1323	-0.222
1324	-0.21
1325	-0.132
1326	-0.154
1327	-0.14
1328	-0.128
1329	-0.128
1330	-0.168
1331	-0.16
1332	-0.156
1333	-0.106
1334	-0.138
1335	-0.108
1336	-0.122
1337	-0.016
1338	-0.0240000000000001
1339	-0.0240000000000002
1340	-0.0240000000000001
1341	-0.022
1342	0.00399999999999978
1343	0.0479999999999999
1344	0.072
1345	0.0359999999999999
1346	0.0179999999999998
1347	0.0479999999999999
1348	0.0619999999999999
1349	0.074
1350	0.0619999999999999
1351	0.0599999999999998
1352	0.0579999999999999
1353	0.0600000000000001
1354	0.0499999999999999
1355	0.0499999999999998
1356	0.0459999999999998
1357	0.0439999999999999
1358	0.0479999999999998
1359	0.0479999999999998
1360	0.0579999999999999
1361	-0.0240000000000002
1362	-0.0180000000000002
1363	-0.018
1364	-0.046
1365	-0.034
1366	-0.00800000000000012
1367	-0.046
1368	-0.0260000000000001
1369	-0.07
1370	-0.0639999999999999
1371	-0.08
1372	-0.0720000000000002
1373	-0.14
1374	-0.0900000000000002
1375	-0.1
1376	-0.146
1377	-0.156
1378	-0.208
1379	-0.278
1380	-0.288
1381	-0.25
1382	-0.234
1383	-0.226
1384	-0.25
1385	-0.28
1386	-0.29
1387	-0.282
1388	-0.294
1389	-0.304
1390	-0.29
1391	-0.31
1392	-0.294
1393	-0.302
1394	-0.3
1395	-0.306
1396	-0.342
1397	-0.276
1398	-0.25
1399	-0.218
1400	-0.212
1401	-0.216
1402	-0.22
1403	-0.242
1404	-0.262
1405	-0.242
1406	-0.198
1407	-0.202
1408	-0.182
1409	-0.194
1410	-0.222
1411	-0.212
1412	-0.2
1413	-0.184
1414	-0.158
1415	-0.124
1416	-0.098
1417	-0.092
1418	-0.1
1419	-0.128
1420	-0.086
1421	-0.028
1422	-0.0100000000000001
1423	0.0179999999999998
1424	0.01
1425	0.0099999999999999
1426	0.0179999999999999
1427	0.0379999999999998
1428	0.0660000000000002
1429	0.0599999999999998
1430	0.072
1431	0.0699999999999998
1432	0.076
1433	0.0199999999999998
1434	-2.22044604925031e-16
1435	-0.0140000000000002
1436	-0.0240000000000002
1437	0.002
1438	0.0239999999999999
1439	0.0419999999999998
1440	0.0779999999999998
1441	0.102
1442	0.07
1443	0.102
1444	0.102
1445	0.108
1446	0.11
1447	0.126
1448	0.134
1449	0.126
1450	0.126
1451	0.156
1452	0.126
1453	0.11
1454	0.144
1455	0.146
1456	0.0860000000000001
1457	0.0539999999999999
1458	0.046
1459	0.0379999999999999
1460	0.0639999999999998
1461	0.0659999999999999
1462	0.0679999999999999
1463	0.0799999999999998
1464	0.0640000000000001
1465	0.0839999999999999
1466	0.0899999999999999
1467	0.108
1468	0.12
1469	0.14
1470	0.144
1471	0.122
1472	0.106
1473	0.088
1474	0.102
1475	0.11
1476	0.0759999999999998
1477	0.084
1478	0.0899999999999999
1479	0.0859999999999999
1480	0.0819999999999997
1481	0.0899999999999999
1482	0.132
1483	0.102
1484	0.114
1485	0.116
1486	0.1
1487	0.0780000000000001
1488	0.0739999999999998
1489	0.0939999999999999
1490	0.0699999999999998
1491	0.0639999999999998
1492	0.0839999999999997
1493	0.104
1494	0.16
1495	0.12
1496	0.088
1497	0.0759999999999998
1498	0.0840000000000001
1499	0.0679999999999999
1500	0.094
1501	0.108
1502	0.1
1503	0.0679999999999999
1504	0.0599999999999997
1505	0.0919999999999999
1506	0.134
1507	0.172
1508	0.212
1509	0.23
1510	0.208
1511	0.22
1512	0.21
1513	0.196
1514	0.202
1515	0.186
1516	0.182
1517	0.17
1518	0.118
1519	0.152
1520	0.15
1521	0.17
1522	0.18
1523	0.198
1524	0.2
1525	0.18
1526	0.18
1527	0.172
1528	0.146
1529	0.118
1530	0.0639999999999999
1531	0.0899999999999997
1532	0.11
1533	0.134
1534	0.11
1535	0.13
1536	0.12
1537	0.0979999999999999
1538	0.0579999999999998
1539	0.102
1540	0.1
1541	0.0539999999999999
1542	-0.0079999999999999
1543	-0.026
1544	-0.0760000000000002
1545	-0.108
1546	-0.0940000000000002
1547	-0.114
1548	-0.118
1549	-0.144
1550	-0.154
1551	-0.152
1552	-0.178
1553	-0.126
1554	-0.12
1555	-0.12
1556	-0.138
1557	-0.158
1558	-0.176
1559	-0.2
1560	-0.2
1561	-0.214
1562	-0.19
1563	-0.172
1564	-0.18
1565	-0.166
1566	-0.164
1567	-0.172
1568	-0.156
1569	-0.174
1570	-0.168
1571	-0.182
1572	-0.196
1573	-0.214
1574	-0.204
1575	-0.236
1576	-0.25
1577	-0.224
1578	-0.204
1579	-0.236
1580	-0.218
1581	-0.218
1582	-0.218
1583	-0.238
1584	-0.234
1585	-0.236
1586	-0.248
1587	-0.276
1588	-0.218
1589	-0.236
1590	-0.248
1591	-0.262
1592	-0.242
1593	-0.246
1594	-0.232
1595	-0.208
1596	-0.21
1597	-0.19
1598	-0.228
1599	-0.242
1600	-0.228
1601	-0.254
1602	-0.256
1603	-0.252
1604	-0.264
1605	-0.23
1606	-0.222
1607	-0.204
1608	-0.208
1609	-0.202
1610	-0.19
1611	-0.206
1612	-0.164
1613	-0.152
1614	-0.138
1615	-0.126
1616	-0.132
1617	-0.122
1618	-0.144
1619	-0.128
1620	-0.118
1621	-0.116
1622	-0.092
1623	-0.0840000000000002
1624	-0.086
1625	-0.102
1626	-0.0920000000000001
1627	-0.084
1628	-0.096
1629	-0.104
1630	-0.0780000000000002
1631	-0.1
1632	-0.096
1633	-0.124
1634	-0.122
1635	-0.112
1636	-0.0980000000000001
1637	-0.054
1638	-0.0640000000000001
1639	-0.048
1640	-0.0220000000000002
1641	-0.0180000000000001
1642	-0.056
1643	-0.0700000000000003
1644	-0.0560000000000002
1645	-0.0620000000000002
1646	-0.0860000000000002
1647	-0.0840000000000002
1648	-0.0880000000000001
1649	-0.122
1650	-0.124
1651	-0.122
1652	-0.0820000000000001
1653	-0.0860000000000001
1654	-0.0640000000000003
1655	-0.0659999999999999
1656	-0.0860000000000002
1657	-0.106
1658	-0.0760000000000001
1659	-0.0560000000000002
1660	-0.0800000000000001
1661	-0.052
1662	-0.0780000000000002
1663	-0.0980000000000001
1664	-0.114
1665	-0.0760000000000001
1666	-0.126
1667	-0.14
1668	-0.144
1669	-0.106
1670	-0.106
1671	-0.114
1672	-0.12
1673	-0.134
1674	-0.15
1675	-0.12
1676	-0.162
1677	-0.18
1678	-0.166
1679	-0.166
1680	-0.188
1681	-0.15
1682	-0.126
1683	-0.0660000000000002
1684	-0.0760000000000001
1685	-0.0700000000000001
1686	-0.0800000000000001
1687	-0.05
1688	-0.0820000000000002
1689	-0.1
1690	-0.12
1691	-0.118
1692	-0.1
1693	-0.0620000000000002
1694	-0.082
1695	-0.1
1696	-0.0720000000000002
1697	-0.106
1698	-0.0640000000000002
1699	-0.0640000000000001
1700	-0.0240000000000001
1701	-0.0700000000000002
1702	-0.0620000000000002
1703	-0.0659999999999998
1704	-0.0639999999999999
1705	-0.114
1706	-0.0920000000000001
1707	-0.0860000000000002
1708	-0.042
1709	-0.0500000000000003
1710	-0.038
1711	-0.0880000000000002
1712	-0.0720000000000003
1713	-0.0560000000000002
1714	-0.046
1715	-0.03
1716	-0.0180000000000001
1717	-0.0320000000000001
1718	-0.03
1719	-0.0580000000000001
1720	-0.0780000000000003
1721	-0.0660000000000004
1722	-0.0680000000000001
1723	-0.0840000000000001
1724	-0.0660000000000001
1725	-0.0600000000000001
1726	-0.0860000000000001
1727	-0.0580000000000002
1728	-0.0640000000000002
1729	-0.102
1730	-0.126
1731	-0.126
1732	-0.152
1733	-0.15
1734	-0.164
1735	-0.18
1736	-0.216
1737	-0.198
1738	-0.172
1739	-0.118
1740	-0.102
1741	-0.0940000000000003
1742	-0.0740000000000003
1743	-0.0920000000000001
1744	-0.13
1745	-0.114
1746	-0.122
1747	-0.0940000000000001
1748	-0.0820000000000001
1749	-0.0860000000000001
1750	-0.0760000000000002
1751	-0.0920000000000001
1752	-0.0680000000000001
1753	-0.0760000000000001
1754	-0.0780000000000001
1755	-0.0840000000000001
1756	-0.04
1757	-0.0620000000000001
1758	-0.0760000000000001
1759	-0.052
1760	-0.0740000000000001
1761	-0.0820000000000001
1762	-0.024
1763	-0.0600000000000001
1764	-0.024
1765	-0.00600000000000023
1766	-0.0100000000000002
1767	-0.0200000000000002
1768	-0.0300000000000002
1769	-0.0300000000000002
1770	-0.0500000000000003
1771	0.0139999999999996
1772	0.028
1773	0.026
1774	0.0159999999999998
1775	-0.036
1776	-0.054
1777	-0.026
1778	-0.0660000000000001
1779	-0.0399999999999998
1780	-0.0280000000000002
1781	-0.026
1782	-0.036
1783	-0.0660000000000002
1784	-0.0880000000000001
1785	-0.0940000000000001
1786	-0.0840000000000004
1787	-0.0880000000000002
1788	-0.13
1789	-0.108
1790	-0.11
1791	-0.138
1792	-0.152
1793	-0.102
1794	-0.044
1795	-0.0640000000000001
1796	-0.0500000000000003
1797	-0.0240000000000002
1798	-0.0760000000000002
1799	-0.0360000000000001
1800	-0.052
1801	-0.0160000000000002
1802	0.0159999999999997
1803	0.034
1804	0.0299999999999999
1805	0.0419999999999999
1806	0.0659999999999999
1807	0.0279999999999998
1808	0.00799999999999979
1809	0.0239999999999998
1810	0.0359999999999998
1811	0.0559999999999999
1812	0.11
1813	0.0979999999999998
1814	0.12
1815	0.102
1816	0.0939999999999999
1817	0.0639999999999999
1818	0.0879999999999999
1819	0.116
1820	0.116
1821	0.12
1822	0.11
1823	0.166
1824	0.188
1825	0.17
1826	0.158
1827	0.17
1828	0.196
1829	0.162
1830	0.134
1831	0.118
1832	0.0999999999999998
1833	0.0939999999999999
1834	0.0959999999999998
1835	0.0639999999999997
1836	0.0479999999999999
1837	0.0359999999999999
1838	0.00199999999999989
1839	0.0339999999999999
1840	0.0799999999999998
1841	0.0819999999999997
1842	0.0759999999999998
1843	0.0739999999999998
1844	0.148
1845	0.172
1846	0.16
1847	0.198
1848	0.178
1849	0.204
1850	0.182
1851	0.202
1852	0.18
1853	0.174
1854	0.146
1855	0.16
1856	0.226
1857	0.212
1858	0.19
1859	0.132
1860	0.094
1861	0.102
1862	0.116
1863	0.134
1864	0.0820000000000001
1865	0.112
1866	0.124
1867	0.11
1868	0.0999999999999999
1869	0.098
1870	0.124
1871	0.128
1872	0.16
1873	0.142
1874	0.176
1875	0.136
1876	0.088
1877	0.0479999999999999
1878	0.0259999999999998
1879	0.0359999999999998
1880	0
1881	-0.032
1882	-0.042
1883	-0.0820000000000001
1884	-0.0980000000000001
1885	-0.102
1886	-0.0840000000000001
1887	-0.106
1888	-0.0780000000000002
1889	-0.0560000000000002
1890	-0.0480000000000002
1891	-0.0800000000000001
1892	-0.15
1893	-0.148
1894	-0.154
1895	-0.11
1896	-0.1
1897	-0.108
1898	-0.0920000000000001
1899	-0.124
1900	-0.128
1901	-0.146
1902	-0.168
1903	-0.166
1904	-0.162
1905	-0.16
1906	-0.154
1907	-0.158
1908	-0.194
1909	-0.194
1910	-0.224
1911	-0.236
1912	-0.196
1913	-0.178
1914	-0.13
1915	-0.132
1916	-0.146
1917	-0.146
1918	-0.0920000000000001
1919	-0.116
1920	-0.1
1921	-0.132
1922	-0.158
1923	-0.164
1924	-0.178
1925	-0.198
1926	-0.18
1927	-0.136
1928	-0.132
1929	-0.124
1930	-0.108
1931	-0.136
1932	-0.136
1933	-0.166
1934	-0.18
1935	-0.166
1936	-0.166
1937	-0.164
1938	-0.16
1939	-0.118
1940	-0.0920000000000001
1941	-0.0640000000000003
1942	-0.102
1943	-0.134
1944	-0.138
1945	-0.126
1946	-0.13
1947	-0.0900000000000001
1948	-0.124
1949	-0.11
1950	-0.168
1951	-0.132
1952	-0.144
1953	-0.134
1954	-0.17
1955	-0.16
1956	-0.18
1957	-0.208
1958	-0.228
1959	-0.194
1960	-0.194
1961	-0.146
1962	-0.166
1963	-0.206
1964	-0.22
1965	-0.202
1966	-0.208
1967	-0.202
1968	-0.136
1969	-0.108
1970	-0.1
1971	-0.122
1972	-0.128
1973	-0.0980000000000001
1974	-0.0340000000000001
1975	-0.0560000000000002
1976	-0.0260000000000001
1977	-0.0360000000000001
1978	-0.0320000000000001
1979	-0.00800000000000023
1980	-0.00600000000000023
1981	0.00199999999999989
1982	0.0479999999999997
1983	0.0459999999999998
1984	0.0599999999999998
1985	0.0720000000000001
1986	0.0720000000000001
1987	0.028
1988	0.014
1989	0.0259999999999998
1990	0.002
1991	-0.00200000000000022
1992	0.00799999999999979
1993	0.0399999999999999
1994	0.0559999999999999
1995	0.0599999999999999
1996	0.0479999999999999
1997	-0.00400000000000023
1998	0.0419999999999998
1999	0.0439999999999999
2000	0.07
2001	0.0499999999999998
2002	0.0579999999999998
2003	0.0319999999999999
2004	-0.0320000000000001
2005	-0.0400000000000001
2006	-0.0440000000000003
2007	-0.0300000000000002
2008	-0.0360000000000001
2009	-0.0600000000000002
2010	-0.126
2011	-0.108
2012	-0.162
2013	-0.198
2014	-0.176
2015	-0.194
2016	-0.176
2017	-0.22
2018	-0.26
2019	-0.264
2020	-0.258
2021	-0.268
2022	-0.258
2023	-0.24
2024	-0.204
2025	-0.242
2026	-0.224
2027	-0.192
2028	-0.212
2029	-0.206
2030	-0.172
2031	-0.176
2032	-0.17
2033	-0.16
2034	-0.192
2035	-0.178
2036	-0.194
2037	-0.2
2038	-0.176
2039	-0.154
2040	-0.16
2041	-0.184
2042	-0.184
2043	-0.142
2044	-0.118
2045	-0.122
2046	-0.11
2047	-0.146
2048	-0.152
2049	-0.136
2050	-0.14
2051	-0.0940000000000001
2052	-0.0800000000000002
2053	-0.0760000000000002
2054	-0.0760000000000002
2055	-0.0940000000000001
2056	-0.0720000000000002
2057	-0.108
2058	-0.128
2059	-0.126
2060	-0.122
2061	-0.116
2062	-0.124
2063	-0.09
2064	-0.0700000000000001
2065	-0.0480000000000002
2066	-0.0439999999999999
2067	-0.0320000000000001
2068	-0.0160000000000001
2069	-0.0120000000000001
2070	-0.0140000000000001
2071	-0.0300000000000002
2072	-2.22044604925031e-16
2073	-0.00200000000000011
2074	-0.0400000000000001
2075	-0.0260000000000001
2076	-0.00400000000000023
2077	0.0119999999999998
2078	0.0299999999999998
2079	0.0419999999999997
2080	0.0800000000000001
2081	0.0679999999999999
2082	0.0419999999999999
2083	0.0739999999999998
2084	0.078
2085	0.076
2086	0.0559999999999999
2087	0.0359999999999998
2088	0.0159999999999997
2089	0.056
2090	0.0479999999999999
2091	0.092
2092	0.0539999999999999
2093	0.0839999999999999
2094	0.0899999999999999
2095	0.132
2096	0.122
2097	0.144
2098	0.132
2099	0.0599999999999998
2100	0.0439999999999999
2101	0.0239999999999998
2102	0.0099999999999999
2103	-0.00200000000000011
2104	-0.0120000000000002
2105	-0.0100000000000002
2106	-0.0280000000000002
2107	-0.00200000000000011
2108	-0.0140000000000002
2109	-0.0200000000000002
2110	-0.0260000000000001
2111	-0.028
2112	-0.0360000000000001
2113	-0.034
2114	-0.0200000000000002
2115	-0.054
2116	-0.0880000000000001
2117	-0.0740000000000001
2118	-0.0720000000000001
2119	-0.0780000000000002
2120	-0.0600000000000002
2121	-0.0760000000000002
2122	-0.0700000000000002
2123	-0.0960000000000002
2124	-0.116
2125	-0.0980000000000002
2126	-0.0740000000000001
2127	-0.136
2128	-0.118
2129	-0.136
2130	-0.116
2131	-0.148
2132	-0.136
2133	-0.162
2134	-0.138
2135	-0.128
2136	-0.132
2137	-0.108
2138	-0.116
2139	-0.112
2140	-0.0820000000000001
2141	-0.0700000000000002
2142	-0.0620000000000001
2143	-0.0640000000000002
2144	-0.072
2145	-0.0720000000000001
2146	-0.032
2147	-0.0439999999999999
2148	-0.0440000000000003
2149	-0.042
2150	-0.086
2151	-0.0760000000000001
2152	-0.0640000000000003
2153	-0.0720000000000001
2154	-0.0460000000000002
2155	-0.0480000000000002
2156	-0.0839999999999999
2157	-0.0400000000000001
2158	-0.048
2159	-0.028
2160	-0.0200000000000002
2161	-0.0559999999999999
2162	-0.056
2163	-0.03
2164	-0.044
2165	-0.01
2166	-0.0200000000000002
2167	-0.00800000000000023
2168	-0.0120000000000001
2169	0.034
2170	0.0079999999999999
2171	-0.00200000000000011
2172	-0.00800000000000012
2173	-0.0259999999999999
2174	-0.0300000000000002
2175	-0.042
2176	-0.0480000000000002
2177	-0.076
2178	-0.0680000000000001
2179	-0.072
2180	-0.0680000000000001
2181	-0.0340000000000001
2182	-0.0760000000000001
2183	-0.07
2184	-0.0320000000000001
2185	0.0139999999999998
2186	0.0179999999999999
2187	-2.22044604925031e-16
2188	-0.028
2189	-0.0639999999999999
2190	-0.0840000000000002
2191	-0.0900000000000002
2192	-0.0340000000000001
2193	-0.0579999999999999
2194	-0.0160000000000001
2195	0.00799999999999979
2196	0.0159999999999999
2197	0.0119999999999999
2198	0.0179999999999999
2199	0.004
2200	0.0239999999999999
2201	-0.00200000000000011
2202	0.0180000000000001
2203	-0.00200000000000011
2204	-0.0320000000000001
2205	-0.0680000000000001
2206	-0.028
2207	-0.038
2208	-0.0259999999999999
2209	-0.032
2210	-0.024
2211	-0.00600000000000001
2212	0.00999999999999979
2213	0.0419999999999999
2214	0.0259999999999998
2215	0.0159999999999997
2216	0.0319999999999999
2217	0.004
2218	0.00199999999999989
2219	0.016
2220	-0.0200000000000002
2221	-0.046
2222	-0.0340000000000001
2223	-0.036
2224	-0.01
2225	0.00599999999999989
2226	0.0220000000000001
2227	0.0619999999999999
2228	0.0359999999999998
2229	0.0319999999999999
2230	0.0339999999999998
2231	0.012
2232	0.028
2233	0.028
2234	0.00600000000000001
2235	0.012
2236	0.0199999999999998
2237	0.0659999999999998
2238	0.0139999999999998
2239	0.03
2240	0.0779999999999998
2241	0.0699999999999998
2242	0.02
2243	0.0479999999999998
2244	0.05
2245	0.0459999999999998
2246	0.0679999999999998
2247	0.036
2248	-0.00800000000000001
2249	-0.032
2250	-0.0160000000000003
2251	-0.0160000000000003
2252	-0.0120000000000001
2253	0.034
2254	0.07
2255	0.0620000000000002
2256	0.0479999999999997
2257	0.0640000000000001
2258	0.0719999999999997
2259	0.0739999999999998
2260	0.0519999999999999
2261	0.0559999999999999
2262	0.0539999999999998
2263	0.00599999999999989
2264	0.0099999999999999
2265	0.0199999999999999
2266	0.0319999999999999
2267	0.024
2268	-0.00600000000000001
2269	-0.0140000000000001
2270	-0.0200000000000001
2271	-0.0560000000000002
2272	-0.038
2273	-0.0840000000000002
2274	-0.0140000000000001
2275	-0.0420000000000001
2276	-0.0620000000000001
2277	-0.042
2278	0
2279	0.0399999999999998
2280	0.0519999999999998
2281	0.0739999999999998
2282	0.04
2283	0.046
2284	0.0439999999999998
2285	0.04
2286	0.018
2287	0.038
2288	0.0339999999999998
2289	0.00800000000000001
2290	-0.0180000000000001
2291	-0.0560000000000003
2292	-0.0620000000000002
2293	-0.0780000000000003
2294	-0.11
2295	-0.0820000000000002
2296	-0.046
2297	-0.034
2298	0.034
2299	0.0559999999999998
2300	0.0799999999999998
2301	0.0699999999999998
2302	0.0539999999999998
2303	0.0860000000000001
2304	0.126
2305	0.134
2306	0.146
2307	0.194
2308	0.18
2309	0.204
2310	0.164
2311	0.158
2312	0.17
2313	0.164
2314	0.16
2315	0.116
2316	0.116
2317	0.092
2318	0.128
2319	0.148
2320	0.144
2321	0.154
2322	0.156
2323	0.176
2324	0.15
2325	0.13
2326	0.12
2327	0.132
2328	0.148
2329	0.182
2330	0.176
2331	0.176
2332	0.136
2333	0.128
2334	0.0559999999999999
2335	0.0259999999999999
2336	-0.00400000000000023
2337	0.0179999999999998
2338	0.0239999999999999
2339	-0.0200000000000002
2340	-0.038
2341	-0.014
2342	-0.018
2343	-0.0240000000000002
2344	-0.028
2345	-0.048
2346	-0.0400000000000001
2347	-0.0340000000000001
2348	-0.0460000000000002
2349	-0.036
2350	-0.0760000000000002
2351	-0.0479999999999999
2352	-0.0520000000000002
2353	-0.0100000000000001
2354	-0.0460000000000002
2355	-0.0760000000000002
2356	-0.0700000000000001
2357	-0.0520000000000002
2358	-0.054
2359	-0.0960000000000001
2360	-0.108
2361	-0.0620000000000002
2362	-0.0460000000000002
2363	-0.014
2364	0
2365	-0.028
2366	-0.034
2367	-0.0460000000000002
2368	-0.0120000000000001
2369	-0.00600000000000001
2370	0.00399999999999978
2371	0.0219999999999998
2372	0.0419999999999998
2373	0.0259999999999999
2374	-0.00199999999999989
2375	0.0299999999999999
2376	0.0359999999999999
2377	0.0220000000000001
2378	0.0259999999999999
2379	0.0299999999999999
2380	0.0639999999999997
2381	0.104
2382	0.116
2383	0.134
2384	0.158
2385	0.132
2386	0.184
2387	0.17
2388	0.174
2389	0.164
2390	0.166
2391	0.158
2392	0.142
2393	0.138
2394	0.14
2395	0.16
2396	0.174
2397	0.17
2398	0.196
2399	0.214
2400	0.2
2401	0.218
2402	0.258
2403	0.246
2404	0.218
2405	0.232
2406	0.186
2407	0.202
2408	0.212
2409	0.26
2410	0.288
2411	0.272
2412	0.296
2413	0.274
2414	0.262
2415	0.286
2416	0.216
2417	0.192
2418	0.218
2419	0.198
2420	0.132
2421	0.142
2422	0.136
2423	0.162
2424	0.17
2425	0.194
2426	0.196
2427	0.196
2428	0.218
2429	0.248
2430	0.258
2431	0.274
2432	0.312
2433	0.282
2434	0.302
2435	0.262
2436	0.238
2437	0.222
2438	0.224
2439	0.266
2440	0.3
2441	0.3
2442	0.352
2443	0.324
2444	0.272
2445	0.228
2446	0.23
2447	0.224
2448	0.2
2449	0.258
2450	0.278
2451	0.24
2452	0.272
2453	0.266
2454	0.232
2455	0.258
2456	0.316
2457	0.296
2458	0.262
2459	0.256
2460	0.256
2461	0.246
2462	0.242
2463	0.28
2464	0.27
2465	0.222
2466	0.216
2467	0.208
2468	0.152
2469	0.158
2470	0.124
2471	0.156
2472	0.158
2473	0.14
2474	0.12
2475	0.12
2476	0.102
2477	0.0899999999999997
2478	0.0579999999999999
2479	0.0700000000000001
2480	0.104
2481	0.0899999999999999
2482	0.0919999999999997
2483	0.11
2484	0.102
2485	0.0640000000000001
2486	0.092
2487	0.106
2488	0.118
2489	0.134
2490	0.142
2491	0.176
2492	0.162
2493	0.164
2494	0.15
2495	0.0999999999999999
2496	0.118
2497	0.0939999999999999
2498	0.108
2499	0.116
2500	0.13
2501	0.118
2502	0.122
2503	0.122
2504	0.174
2505	0.177999999999999
2506	0.214
2507	0.198
2508	0.178
2509	0.186
2510	0.172
2511	0.118
2512	0.11
2513	0.076
2514	0.0920000000000001
2515	0.0820000000000001
2516	0.08
2517	0.09
2518	0.0579999999999999
2519	0.0779999999999998
2520	0.09
2521	0.114
2522	0.0819999999999999
2523	0.0840000000000001
2524	0.0479999999999999
2525	0.0599999999999998
2526	0.014
2527	-0.0160000000000001
2528	0.00599999999999989
2529	0.0079999999999999
2530	0.104
2531	0.124
2532	0.0959999999999999
2533	0.128
2534	0.12
2535	0.118
2536	0.122
2537	0.134
2538	0.132
2539	0.116
2540	0.0640000000000001
2541	0.108
2542	0.076
2543	0.078
2544	0.104
2545	0.1
2546	0.102
2547	0.156
2548	0.166
2549	0.19
2550	0.184
2551	0.214
2552	0.22
2553	0.21
2554	0.22
2555	0.2
2556	0.192
2557	0.164
2558	0.154
2559	0.142
2560	0.194
2561	0.194
2562	0.21
2563	0.208
2564	0.202
2565	0.224
2566	0.154
2567	0.174
2568	0.158
2569	0.12
2570	0.134
2571	0.094
2572	0.124
2573	0.134
2574	0.174
2575	0.186
2576	0.186
2577	0.17
2578	0.172
2579	0.152
2580	0.16
2581	0.16
2582	0.218
2583	0.226
2584	0.246
2585	0.24
2586	0.27
2587	0.244
2588	0.25
2589	0.27
2590	0.254
2591	0.25
2592	0.28
2593	0.31
2594	0.3
2595	0.302
2596	0.258
2597	0.214
2598	0.21
2599	0.19
2600	0.188
2601	0.182
2602	0.188
2603	0.16
2604	0.198
2605	0.21
2606	0.222
2607	0.19
2608	0.162
2609	0.168
2610	0.148
2611	0.15
2612	0.2
2613	0.172
2614	0.164
2615	0.172
2616	0.154
2617	0.13
2618	0.0720000000000001
2619	0.0519999999999998
2620	0.0539999999999998
2621	0.0639999999999996
2622	0.00999999999999979
2623	0.0319999999999998
2624	0.0600000000000001
2625	0.0379999999999998
2626	0.0379999999999998
2627	0.0700000000000001
2628	0.0680000000000001
2629	0.0679999999999996
2630	0.0900000000000001
2631	0.0979999999999999
2632	0.13
2633	0.194
2634	0.21
2635	0.214
2636	0.168
2637	0.172
2638	0.166
2639	0.16
2640	0.116
2641	0.102
2642	0.0639999999999998
2643	0.108
2644	0.106
2645	0.1
2646	0.0959999999999999
2647	0.0620000000000001
2648	0.0119999999999998
2649	0.0179999999999998
2650	0.0159999999999998
2651	0.0139999999999998
2652	0.0519999999999998
2653	0.0939999999999999
2654	0.0899999999999999
2655	0.0759999999999998
2656	0.03
2657	0.0419999999999998
2658	0.0439999999999998
2659	0.0399999999999998
2660	0.00999999999999979
2661	0.01
2662	0.02
2663	-0.014
2664	-0.00600000000000001
2665	0.00800000000000001
2666	-0.028
2667	0.0479999999999998
2668	0.0519999999999998
2669	0.01
2670	0.032
2671	0.0599999999999998
2672	0.0619999999999998
2673	0.0539999999999998
2674	0.0779999999999996
2675	0.0579999999999998
2676	0.05
2677	0.0319999999999998
2678	0.0640000000000001
2679	0.0580000000000001
2680	0.056
2681	0.0459999999999996
2682	0.00799999999999979
2683	0.0359999999999998
2684	0.05
2685	0.0479999999999998
2686	0.0559999999999996
2687	0.112
2688	0.11
2689	0.0980000000000001
2690	0.0900000000000001
2691	0.14
2692	0.152
2693	0.128
2694	0.164
2695	0.156
2696	0.154
2697	0.154
2698	0.142
2699	0.126
2700	0.146
2701	0.072
2702	0.1
2703	0.0419999999999998
2704	0.00199999999999989
2705	0.00399999999999989
2706	-0.00400000000000023
2707	-0.0160000000000002
2708	-1.11022302462516e-16
2709	-0.0160000000000001
2710	-0.014
2711	0.0379999999999999
2712	0.0739999999999998
2713	0.0939999999999999
2714	0.08
2715	0.12
2716	0.128
2717	0.19
2718	0.214
2719	0.258
2720	0.252
2721	0.262
2722	0.262
2723	0.224
2724	0.184
2725	0.164
2726	0.168
2727	0.148
2728	0.168
2729	0.188
2730	0.168
2731	0.174
2732	0.19
2733	0.19
2734	0.22
2735	0.226
2736	0.174
2737	0.242
2738	0.236
2739	0.266
2740	0.286
2741	0.298
2742	0.27
2743	0.244
2744	0.24
2745	0.28
2746	0.284
2747	0.266
2748	0.268
2749	0.322
2750	0.318
2751	0.296
2752	0.306
2753	0.296
2754	0.286
2755	0.252
2756	0.24
2757	0.228
2758	0.21
2759	0.206
2760	0.196
2761	0.194
2762	0.212
2763	0.178
2764	0.142
2765	0.13
2766	0.15
2767	0.132
2768	0.11
2769	0.108
2770	0.0360000000000003
2771	0.048
2772	0.0560000000000003
2773	0.0199999999999998
2774	0.024
2775	-0.0100000000000002
2776	0.0159999999999998
2777	0.0339999999999998
2778	0.0399999999999998
2779	0.0600000000000001
2780	0.0979999999999999
2781	0.0600000000000001
2782	0.0539999999999996
2783	0.0259999999999998
2784	0.038
2785	-0.0220000000000002
2786	0.0239999999999998
2787	0.0159999999999998
2788	0.00799999999999979
2789	0.0600000000000001
2790	0.034
2791	0.0199999999999996
2792	0.0439999999999996
2793	0.0899999999999999
2794	0.122
2795	0.122
2796	0.17
2797	0.17
2798	0.178
2799	0.204
2800	0.206
2801	0.234
2802	0.24
2803	0.228
2804	0.23
2805	0.222
2806	0.262
2807	0.264
2808	0.24
2809	0.238
2810	0.222
2811	0.246
2812	0.222
2813	0.176
2814	0.228
2815	0.216
2816	0.166
2817	0.168
2818	0.15
2819	0.182
2820	0.186
2821	0.21
2822	0.174
2823	0.186
2824	0.19
2825	0.0939999999999999
2826	0.118
2827	0.142
2828	0.128
2829	0.132
2830	0.126
2831	0.112
2832	0.126
2833	0.168
2834	0.144
2835	0.15
2836	0.192
2837	0.148
2838	0.134
2839	0.142
2840	0.142
2841	0.178
2842	0.194
2843	0.224
2844	0.254
2845	0.264
2846	0.282
2847	0.256
2848	0.264
2849	0.284
2850	0.222
2851	0.238
2852	0.254
2853	0.264
2854	0.284
2855	0.282
2856	0.266
2857	0.254
2858	0.27
2859	0.268
2860	0.26
2861	0.282
2862	0.286
2863	0.244
2864	0.234
2865	0.18
2866	0.144
2867	0.174
2868	0.126
2869	0.0900000000000001
2870	0.0840000000000001
2871	0.0479999999999998
2872	0.0319999999999998
2873	0.0700000000000001
2874	0.0780000000000001
2875	0.0800000000000001
2876	0.114
2877	0.0859999999999996
2878	0.0779999999999998
2879	0.0779999999999998
2880	0.0499999999999998
2881	0.0859999999999999
2882	0.0739999999999996
2883	0.0739999999999996
2884	0.0579999999999998
2885	0.0519999999999998
2886	0.11
2887	0.0939999999999998
2888	0.0759999999999997
2889	0.122
2890	0.106
2891	0.132
2892	0.142
2893	0.142
2894	0.112
2895	0.118
2896	0.124
2897	0.0699999999999998
2898	0.0979999999999996
2899	0.118
2900	0.148
2901	0.124
2902	0.152
2903	0.13
2904	0.112
2905	0.11
2906	0.136
2907	0.15
2908	0.158
2909	0.113999999999999
2910	0.132
2911	0.158
2912	0.106
2913	0.104
2914	0.0759999999999998
2915	0.044
2916	0.0359999999999999
2917	-0.00600000000000012
2918	-0.00800000000000012
2919	-0.0120000000000001
2920	-0.004
2921	-0.0240000000000001
2922	-0.05
2923	-0.05
2924	-0.016
2925	-0.0660000000000001
2926	-0.0940000000000002
2927	-0.12
2928	-0.1
2929	-0.124
2930	-0.118
2931	-0.146
2932	-0.114
2933	-0.03
2934	-0.044
2935	-0.012
2936	-0.032
2937	-0.014
2938	-0.0420000000000001
2939	-0.0420000000000001
2940	-0.0100000000000002
2941	-0.00600000000000001
2942	-0.0320000000000001
2943	-0.022
2944	-0.016
2945	0.022
2946	-0.026
2947	-0.0640000000000001
2948	-0.0599999999999998
2949	-0.0660000000000001
2950	-0.03
2951	-0.026
2952	0
2953	-0.012
2954	0.00799999999999979
2955	-0.00800000000000023
2956	0.002
2957	0.0519999999999998
2958	0.0339999999999998
2959	0.0579999999999998
2960	0.0139999999999998
2961	0.0439999999999998
2962	0.0760000000000001
2963	0.134
2964	0.118
2965	0.13
2966	0.136
2967	0.198
2968	0.134
2969	0.0660000000000001
2970	0.0579999999999996
2971	0.0419999999999998
2972	0.0379999999999998
2973	0.0580000000000001
2974	0.114
2975	0.0799999999999998
2976	0.0980000000000001
2977	0.15
2978	0.16
2979	0.126
2980	0.0999999999999999
2981	0.0860000000000003
2982	0.106
2983	0.172
2984	0.174
2985	0.214
2986	0.184
2987	0.172
2988	0.152
2989	0.15
2990	0.102
2991	0.112
2992	0.0979999999999999
2993	0.0899999999999999
2994	0.0820000000000001
2995	0.0799999999999998
2996	0.138
2997	0.0860000000000001
2998	0.0920000000000001
2999	0.0219999999999998
3000	-0.0220000000000002
3001	0.0119999999999998
3002	0.028
3003	0.00600000000000001
3004	0.028
3005	0.0679999999999998
3006	0.0699999999999998
3007	0.038
3008	0.0519999999999998
3009	0.0580000000000001
3010	0.028
3011	0.042
3012	0.012
3013	-0.0460000000000003
3014	-0.0140000000000002
3015	-0.0260000000000002
3016	-0.0200000000000002
3017	-0.0240000000000002
3018	-0.0420000000000003
3019	-0.106
3020	-0.0840000000000003
3021	-0.1
3022	-0.0900000000000001
3023	-0.094
3024	-0.0760000000000001
3025	-0.0620000000000001
3026	-0.0320000000000001
3027	-0.00600000000000001
3028	0
3029	0.0179999999999999
3030	0.0159999999999999
3031	0.0199999999999998
3032	-0.00600000000000001
3033	0.0119999999999999
3034	0.0179999999999999
3035	0.0359999999999999
3036	0.09
3037	0.0759999999999997
3038	0.0720000000000001
3039	0.0339999999999999
3040	0.044
3041	0.0159999999999999
3042	0.014
3043	0.0840000000000001
3044	0.0859999999999997
3045	0.12
3046	0.13
3047	0.148
3048	0.142
3049	0.154
3050	0.138
3051	0.188
3052	0.212
3053	0.214
3054	0.244
3055	0.282
3056	0.26
3057	0.256
3058	0.266
3059	0.266
3060	0.274
3061	0.248
3062	0.222
3063	0.18
3064	0.18
3065	0.148
3066	0.154
3067	0.118
3068	0.0939999999999999
3069	0.11
3070	0.102
3071	0.0700000000000001
3072	0.036
3073	0.0219999999999998
3074	0.026
3075	0.018
3076	-0.0300000000000002
3077	-0.0160000000000002
3078	0.00599999999999978
3079	-0.0220000000000002
3080	-0.03
3081	-0.0820000000000001
3082	-0.118
3083	-0.13
3084	-0.13
3085	-0.132
3086	-0.128
3087	-0.128
3088	-0.15
3089	-0.148
3090	-0.17
3091	-0.23
3092	-0.224
3093	-0.246
3094	-0.268
3095	-0.27
3096	-0.27
3097	-0.25
3098	-0.232
3099	-0.222
3100	-0.222
3101	-0.186
3102	-0.18
3103	-0.162
3104	-0.152
3105	-0.166
3106	-0.176
3107	-0.158
3108	-0.156
3109	-0.17
3110	-0.184
3111	-0.156
3112	-0.152
3113	-0.18
3114	-0.206
3115	-0.254
3116	-0.286
3117	-0.278
3118	-0.252
3119	-0.252
3120	-0.198
3121	-0.192
3122	-0.222
3123	-0.226
3124	-0.244
3125	-0.27
3126	-0.276
3127	-0.262
3128	-0.284
3129	-0.266
3130	-0.216
3131	-0.166
3132	-0.164
3133	-0.186
3134	-0.18
3135	-0.166
3136	-0.166
3137	-0.19
3138	-0.168
3139	-0.154
3140	-0.152
3141	-0.166
3142	-0.168
3143	-0.132
3144	-0.0880000000000002
3145	-0.0860000000000001
3146	-0.124
3147	-0.134
3148	-0.136
3149	-0.12
3150	-0.134
3151	-0.114
3152	-0.048
3153	-0.038
3154	-0.0520000000000002
3155	-0.028
3156	-0.0640000000000001
3157	-0.032
3158	-0.00600000000000023
3159	-0.022
3160	-0.002
3161	-0.00600000000000012
3162	0.0179999999999999
3163	0.00600000000000001
3164	0.0479999999999999
3165	0.0119999999999998
3166	-0.00600000000000001
3167	-0.0160000000000003
3168	0.00199999999999989
3169	0.0299999999999998
3170	0.0339999999999998
3171	0.0219999999999999
3172	0.04
3173	0.018
3174	-0.0460000000000002
3175	-0.0500000000000002
3176	-0.0680000000000001
3177	-0.0480000000000002
3178	-0.0240000000000002
3179	-0.0660000000000001
3180	-0.134
3181	-0.0740000000000003
3182	-0.0580000000000001
3183	-0.0740000000000002
3184	-0.0640000000000003
3185	-0.0680000000000001
3186	-0.044
3187	-0.0760000000000002
3188	-0.1
3189	-0.0660000000000004
3190	-0.0240000000000001
3191	-0.0260000000000002
3192	-0.01
3193	-0.016
3194	-0.0300000000000001
3195	-0.028
3196	-0.028
3197	0.0119999999999998
3198	-0.0240000000000002
3199	-0.034
3200	-0.0620000000000001
3201	-0.02
3202	-0.0360000000000001
3203	-0.0500000000000002
3204	-0.116
3205	-0.126
3206	-0.168
3207	-0.164
3208	-0.194
3209	-0.19
3210	-0.172
3211	-0.198
3212	-0.178
3213	-0.192
3214	-0.208
3215	-0.188
3216	-0.17
3217	-0.232
3218	-0.228
3219	-0.19
3220	-0.198
3221	-0.162
3222	-0.164
3223	-0.11
3224	-0.13
3225	-0.17
3226	-0.164
3227	-0.162
3228	-0.172
3229	-0.178
3230	-0.19
3231	-0.16
3232	-0.15
3233	-0.18
3234	-0.124
3235	-0.0900000000000002
3236	-0.1
3237	-0.0900000000000002
3238	-0.0760000000000001
3239	-0.0820000000000001
3240	-0.0600000000000002
3241	-0.0680000000000002
3242	-0.0600000000000001
3243	-0.0360000000000001
3244	-0.0440000000000002
3245	-0.0360000000000001
3246	0.032
3247	0.01
3248	0.024
3249	0.018
3250	-0.00800000000000023
3251	-0.022
3252	-0.016
3253	-0.002
3254	0.00199999999999978
3255	-2.22044604925031e-16
3256	0.0379999999999998
3257	-0.00800000000000001
3258	-0.014
3259	-0.024
3260	-0.024
3261	0.00599999999999978
3262	-0.0700000000000003
3263	-0.0979999999999999
3264	-0.0820000000000003
3265	-0.0980000000000001
3266	-0.0800000000000001
3267	-0.106
3268	-0.0940000000000001
3269	-0.102
3270	-0.138
3271	-0.134
3272	-0.112
3273	-0.126
3274	-0.148
3275	-0.168
3276	-0.166
3277	-0.138
3278	-0.134
3279	-0.142
3280	-0.0820000000000001
3281	-0.07
3282	-0.14
3283	-0.126
3284	-0.128
3285	-0.0860000000000001
3286	-0.0640000000000001
3287	-0.0660000000000001
3288	-0.052
3289	-0.0700000000000001
3290	-0.0360000000000001
3291	-0.044
3292	-0.0940000000000001
3293	-0.0760000000000001
3294	-0.102
3295	-0.0840000000000001
3296	-0.0720000000000001
3297	-0.124
3298	-0.0940000000000003
3299	-0.0860000000000001
3300	-0.146
3301	-0.144
3302	-0.152
3303	-0.134
3304	-0.164
3305	-0.162
3306	-0.144
3307	-0.146
3308	-0.136
3309	-0.142
3310	-0.108
3311	-0.11
3312	-0.0780000000000001
3313	-0.0900000000000002
3314	-0.0660000000000001
3315	-0.0620000000000001
3316	-0.0860000000000001
3317	-0.122
3318	-0.11
3319	-0.112
3320	-0.146
3321	-0.146
3322	-0.142
3323	-0.134
3324	-0.152
3325	-0.102
3326	-0.122
3327	-0.13
3328	-0.116
3329	-0.11
3330	-0.078
3331	-0.098
3332	-0.116
3333	-0.114
3334	-0.112
3335	-0.0660000000000001
3336	-0.028
3337	-0.0520000000000003
3338	-0.0620000000000003
3339	-0.0660000000000001
3340	-0.0400000000000001
3341	-0.0640000000000002
3342	-0.0540000000000002
3343	-0.00600000000000001
3344	0.004
3345	0.00600000000000001
3346	0.004
3347	-0.002
3348	-0.024
3349	-0.0440000000000002
3350	-0.0660000000000001
3351	-0.112
3352	-0.0720000000000001
3353	-0.0380000000000001
3354	-0.01
3355	0.00599999999999989
3356	0.0379999999999998
3357	0.0159999999999999
3358	0.0199999999999999
3359	0.08
3360	0.0839999999999999
3361	0.0459999999999999
3362	0.04
3363	0.0359999999999999
3364	0.0159999999999998
3365	-0.00600000000000001
3366	-0.0100000000000002
3367	-0.0120000000000002
3368	-0.0120000000000001
3369	0.0159999999999999
3370	0.0179999999999998
3371	-0.0100000000000001
3372	-0.0300000000000002
3373	-0.026
3374	0.0379999999999998
3375	0.0559999999999999
3376	0.0519999999999999
3377	0.076
3378	0.0299999999999998
3379	-0.024
3380	-0.0600000000000001
3381	-0.036
3382	-0.0700000000000001
3383	-0.016
3384	-0.00800000000000023
3385	-0.00200000000000011
3386	0.0179999999999998
3387	0.0379999999999999
3388	0.0119999999999999
3389	0.0119999999999999
3390	-0.024
3391	-0.0160000000000001
3392	-0.0280000000000001
3393	-0.00200000000000011
3394	-0.024
3395	-0.0600000000000002
3396	-0.0640000000000002
3397	-0.0340000000000001
3398	-0.0240000000000002
3399	-0.0220000000000001
3400	-0.038
3401	-0.0240000000000002
3402	0.00599999999999989
3403	-0.00600000000000023
3404	0.00799999999999979
3405	0.00999999999999979
3406	0.00599999999999989
3407	-0.0100000000000001
3408	-0.002
3409	0.0499999999999999
3410	0.0279999999999997
3411	-0.0279999999999999
3412	-0.0520000000000002
3413	-0.0640000000000003
3414	-0.0600000000000002
3415	-0.0460000000000002
3416	-0.056
3417	-0.0740000000000002
3418	-0.0580000000000003
3419	-0.104
3420	-0.102
3421	-0.0900000000000002
3422	-0.0740000000000002
3423	-0.04
3424	-0.052
3425	-0.0620000000000002
3426	-0.0600000000000001
3427	-0.0780000000000001
3428	-0.102
3429	-0.102
3430	-0.0940000000000003
3431	-0.108
3432	-0.0840000000000004
3433	-0.104
3434	-0.116
3435	-0.104
3436	-0.0580000000000001
3437	-0.036
3438	-0.0660000000000001
3439	-0.0240000000000001
3440	-0.0180000000000001
3441	0.01
3442	0.0099999999999999
3443	0.0419999999999999
3444	0.04
3445	0.03
3446	0.0079999999999999
3447	0.034
3448	0.0699999999999997
3449	0.11
3450	0.108
3451	0.0919999999999997
3452	0.122
3453	0.134
3454	0.116
3455	0.146
3456	0.178
3457	0.194
3458	0.16
3459	0.148
3460	0.17
3461	0.192
3462	0.172
3463	0.198
3464	0.198
3465	0.176
3466	0.194
3467	0.196
3468	0.19
3469	0.19
3470	0.172
3471	0.166
3472	0.176
3473	0.162
3474	0.172
3475	0.154
3476	0.146
3477	0.122
3478	0.122
3479	0.0939999999999999
3480	0.112
3481	0.108
3482	0.122
3483	0.134
3484	0.116
3485	0.0719999999999998
3486	0.0739999999999998
3487	0.124
3488	0.108
3489	0.0819999999999999
3490	0.0879999999999999
3491	0.0739999999999997
3492	0.0179999999999999
3493	-0.0260000000000001
3494	-0.0479999999999999
3495	-0.0440000000000002
3496	-0.0540000000000002
3497	-0.0900000000000002
3498	-0.0740000000000001
3499	-0.108
3500	-0.0840000000000001
3501	-0.0900000000000002
3502	-0.0680000000000002
3503	-0.0240000000000001
3504	-0.0440000000000003
3505	-0.0240000000000001
3506	0.034
3507	0.00799999999999979
3508	-0.002
3509	-0.022
3510	-0.0140000000000001
3511	-0.022
3512	0.024
3513	0.00399999999999978
3514	0.00600000000000001
3515	0.0079999999999999
3516	-0.00800000000000012
3517	-0.0280000000000001
3518	-0.0500000000000002
3519	-0.054
3520	-0.0800000000000002
3521	-0.0460000000000002
3522	-0.0720000000000001
3523	-0.12
3524	-0.1
3525	-0.0900000000000001
3526	-0.052
3527	-0.0400000000000001
3528	-0.0380000000000001
3529	-0.016
3530	0.02
3531	-0.012
3532	-0.0140000000000002
3533	0.0159999999999998
3534	0.03
3535	0.04
3536	0.012
3537	0.0579999999999998
3538	0.00800000000000001
3539	-0.054
3540	-0.044
3541	-0.0740000000000002
3542	-0.13
3543	-0.0840000000000002
3544	-0.0780000000000001
3545	-0.0900000000000001
3546	-0.0679999999999999
3547	-0.0860000000000001
3548	-0.132
3549	-0.148
3550	-0.154
3551	-0.184
3552	-0.208
3553	-0.2
3554	-0.188
3555	-0.192
3556	-0.178
3557	-0.182
3558	-0.148
3559	-0.134
3560	-0.156
3561	-0.18
3562	-0.2
3563	-0.188
3564	-0.158
3565	-0.176
3566	-0.194
3567	-0.186
3568	-0.186
3569	-0.244
3570	-0.234
3571	-0.226
3572	-0.21
3573	-0.226
3574	-0.224
3575	-0.2
3576	-0.192
3577	-0.186
3578	-0.188
3579	-0.21
3580	-0.2
3581	-0.166
3582	-0.208
3583	-0.186
3584	-0.174
3585	-0.102
3586	-0.112
3587	-0.0560000000000003
3588	-0.032
3589	-0.0600000000000001
3590	-0.0800000000000003
3591	-0.0760000000000001
3592	-0.0100000000000002
3593	-0.028
3594	-0.024
3595	-0.042
3596	-0.0360000000000003
3597	-0.00800000000000023
3598	-0.0140000000000002
3599	-0.038
3600	-0.0660000000000001
3601	-0.0399999999999998
3602	-0.05
3603	-0.0620000000000001
3604	-0.0660000000000001
3605	-0.0320000000000001
3606	0.00800000000000001
3607	0.00799999999999979
3608	0.00999999999999979
3609	-0.0140000000000002
3610	-0.014
3611	0
3612	-0.0120000000000002
3613	0.016
3614	0.00399999999999978
3615	-0.0120000000000002
3616	-0.00600000000000023
3617	-0.022
3618	-0.00800000000000001
3619	-0.048
3620	-0.0480000000000002
3621	-0.114
3622	-0.0880000000000002
3623	-0.144
3624	-0.128
3625	-0.12
3626	-0.0900000000000002
3627	-0.0780000000000001
3628	-0.13
3629	-0.14
3630	-0.0800000000000002
3631	-0.0660000000000001
3632	-0.0760000000000001
3633	-0.106
3634	-0.0820000000000001
3635	-0.0480000000000002
3636	-0.0500000000000002
3637	-0.0740000000000001
3638	-0.0920000000000001
3639	-0.0760000000000001
3640	-0.0720000000000001
3641	-0.0820000000000001
3642	-0.116
3643	-0.106
3644	-0.0720000000000003
3645	-0.0179999999999999
3646	-0.02
3647	-0.0240000000000001
3648	-1.11022302462516e-16
3649	0.012
3650	0.0379999999999998
3651	0.052
3652	0.0139999999999998
3653	-0.0120000000000002
3654	-0.0220000000000001
3655	0.00799999999999979
3656	0.00999999999999979
3657	-0.004
3658	0.0259999999999999
3659	0.102
3660	0.092
3661	0.124
3662	0.11
3663	0.096
3664	0.072
3665	0.0700000000000001
3666	0.00599999999999978
3667	0.0819999999999997
3668	0.0739999999999997
3669	0.156
3670	0.124
3671	0.112
3672	0.124
3673	0.152
3674	0.188
3675	0.198
3676	0.186
3677	0.176
3678	0.176
3679	0.134
3680	0.102
3681	0.0539999999999998
3682	0.0519999999999998
3683	0.0259999999999998
3684	-0.0140000000000002
3685	-0.054
3686	-0.0740000000000001
3687	-0.034
3688	0.002
3689	0.01
3690	0.0359999999999998
3691	0.01
3692	0.00999999999999979
3693	0.0219999999999998
3694	-0.00600000000000001
3695	-0.04
3696	-0.046
3697	-0.0880000000000001
3698	-0.0780000000000001
3699	-0.0680000000000002
3700	-0.0580000000000002
3701	-0.04
3702	-0.0680000000000001
3703	-0.118
3704	-0.0740000000000003
3705	-0.15
3706	-0.166
3707	-0.182
3708	-0.17
3709	-0.164
3710	-0.168
3711	-0.224
3712	-0.23
3713	-0.186
3714	-0.192
3715	-0.156
3716	-0.122
3717	-0.112
3718	-0.0640000000000001
3719	-0.0760000000000001
3720	-0.056
3721	-0.0660000000000001
3722	-0.038
3723	-0.0700000000000001
3724	-0.124
3725	-0.094
3726	-0.0920000000000001
3727	-0.0760000000000001
3728	-0.052
3729	-0.05
3730	-0.0640000000000001
3731	-0.0600000000000001
3732	-0.0700000000000001
3733	-0.0580000000000001
3734	-0.0720000000000001
3735	-0.0560000000000003
3736	-0.0979999999999999
3737	-0.104
3738	-0.0840000000000001
3739	-0.112
3740	-0.176
3741	-0.174
3742	-0.156
3743	-0.152
3744	-0.172
3745	-0.178
3746	-0.172
3747	-0.152
3748	-0.134
3749	-0.148
3750	-0.138
3751	-0.122
3752	-0.166
3753	-0.2
3754	-0.228
3755	-0.238
3756	-0.266
3757	-0.224
3758	-0.242
3759	-0.254
3760	-0.192
3761	-0.208
3762	-0.204
3763	-0.196
3764	-0.224
3765	-0.22
3766	-0.216
3767	-0.228
3768	-0.2
3769	-0.168
3770	-0.194
3771	-0.212
3772	-0.198
3773	-0.156
3774	-0.172
3775	-0.184
3776	-0.158
3777	-0.122
3778	-0.0979999999999999
3779	-0.0800000000000003
3780	-0.0600000000000001
3781	-0.0800000000000003
3782	-0.0700000000000003
3783	-0.038
3784	-0.0280000000000002
3785	-0.0580000000000003
3786	-0.0500000000000003
3787	-0.046
3788	-0.0400000000000003
3789	-0.0380000000000003
3790	-0.0460000000000003
3791	-0.012
3792	0.0599999999999998
3793	0.0499999999999998
3794	0.0720000000000001
3795	0.122
3796	0.0639999999999998
3797	0.0940000000000001
3798	0.118
3799	0.0860000000000001
3800	0.118
3801	0.126
3802	0.152
3803	0.146
3804	0.126
3805	0.0919999999999999
3806	0.104
3807	0.116
3808	0.15
3809	0.15
3810	0.178
3811	0.19
3812	0.174
3813	0.198
3814	0.152
3815	0.154
3816	0.102
3817	0.128
3818	0.132
3819	0.112
3820	0.114
3821	0.162
3822	0.162
3823	0.15
3824	0.16
3825	0.162
3826	0.152
3827	0.19
3828	0.166
3829	0.148
3830	0.114
3831	0.0819999999999999
3832	0.11
3833	0.0780000000000001
3834	0.0399999999999998
3835	0.05
3836	0.0279999999999998
3837	0.0419999999999998
3838	0.0339999999999998
3839	0.0459999999999998
3840	0.0899999999999999
3841	0.112
3842	0.118
3843	0.106
3844	0.112
3845	0.0879999999999999
3846	0.0819999999999999
3847	0.0999999999999996
3848	0.14
3849	0.112
3850	0.132
3851	0.116
3852	0.134
3853	0.112
3854	0.11
3855	0.086
3856	0.0739999999999998
3857	0.0580000000000001
3858	0.0239999999999999
3859	0.0339999999999999
3860	0.052
3861	0.056
3862	0.0579999999999999
3863	0.0339999999999998
3864	0.014
3865	0.0640000000000001
3866	0.076
3867	0.032
3868	0.018
3869	0.0159999999999999
3870	0.014
3871	0.044
3872	0.0639999999999999
3873	0.0539999999999999
3874	0.032
3875	0.0479999999999997
3876	0.024
3877	0.012
3878	0.0439999999999997
3879	0.0579999999999999
3880	0.0279999999999999
3881	0.034
3882	0.0339999999999999
3883	0.0319999999999999
3884	0.00599999999999989
3885	0.0099999999999999
3886	0.0379999999999997
3887	0.048
3888	0.0579999999999998
3889	0.042
3890	0.05
3891	0.0600000000000001
3892	0.0959999999999998
3893	0.13
3894	0.134
3895	0.0799999999999998
3896	0.0739999999999997
3897	0.0819999999999997
3898	0.132
3899	0.0979999999999996
3900	0.0919999999999999
3901	0.0799999999999998
3902	0.0639999999999998
3903	0.132
3904	0.148
3905	0.16
3906	0.16
3907	0.188
3908	0.166
3909	0.198
3910	0.222
3911	0.23
3912	0.232
3913	0.252
3914	0.242
3915	0.278
3916	0.288
3917	0.272
3918	0.236
3919	0.226
3920	0.212
3921	0.182
3922	0.214
3923	0.25
3924	0.272
3925	0.336
3926	0.342
3927	0.352
3928	0.348
3929	0.352
3930	0.398
3931	0.406
3932	0.404
3933	0.46
3934	0.406
3935	0.408
3936	0.436
3937	0.448
3938	0.466
3939	0.418
3940	0.394
3941	0.39
3942	0.428
3943	0.396
3944	0.416
3945	0.368
3946	0.32
3947	0.31
3948	0.264
3949	0.306
3950	0.284
3951	0.25
3952	0.256
3953	0.258
3954	0.264
3955	0.278
3956	0.266
3957	0.276
3958	0.216
3959	0.18
3960	0.202
3961	0.14
3962	0.104
3963	0.112
3964	0.0679999999999998
3965	0.0139999999999999
3966	-0.00600000000000023
3967	0.004
3968	0.0199999999999998
3969	-0.036
3970	-0.0180000000000001
3971	0.00800000000000001
3972	-0.012
3973	-0.046
3974	-0.0560000000000002
3975	-0.0280000000000002
3976	0.0139999999999999
3977	0.0259999999999999
3978	0.0359999999999999
3979	0.0259999999999999
3980	0.00800000000000001
3981	0.0399999999999998
3982	0.0999999999999996
3983	0.146
3984	0.154
3985	0.126
3986	0.132
3987	0.136
3988	0.12
3989	0.114
3990	0.13
3991	0.18
3992	0.186
3993	0.192
3994	0.218
3995	0.226
3996	0.216
3997	0.29
3998	0.268
3999	0.262
4000	0.312
4001	0.326
4002	0.318
4003	0.334
4004	0.35
4005	0.352
4006	0.342
4007	0.308
4008	0.344
4009	0.34
4010	0.39
4011	0.398
4012	0.412
4013	0.412
4014	0.38
4015	0.376
4016	0.37
4017	0.332
4018	0.316
4019	0.308
4020	0.33
4021	0.322
4022	0.3
4023	0.334
4024	0.336
4025	0.34
4026	0.34
4027	0.31
4028	0.324
4029	0.348
4030	0.35
4031	0.344
4032	0.294
4033	0.272
4034	0.336
4035	0.304
4036	0.29
4037	0.272
4038	0.274
4039	0.27
4040	0.232
4041	0.226
4042	0.218
4043	0.258
4044	0.242
4045	0.228
4046	0.172
4047	0.162
4048	0.116
4049	0.09
4050	0.054
4051	0.0940000000000001
4052	0.11
4053	0.122
4054	0.0799999999999998
4055	0.016
4056	-0.0280000000000001
4057	-0.0740000000000001
4058	-0.0660000000000001
4059	-0.112
4060	-0.0860000000000001
4061	-0.0880000000000001
4062	-0.048
4063	-0.104
4064	-0.0920000000000001
4065	-0.0999999999999999
4066	-0.142
4067	-0.186
4068	-0.182
4069	-0.212
4070	-0.214
4071	-0.204
4072	-0.186
4073	-0.162
4074	-0.16
4075	-0.166
4076	-0.166
4077	-0.192
4078	-0.196
4079	-0.192
4080	-0.212
4081	-0.138
4082	-0.0960000000000001
4083	-0.128
4084	-0.126
4085	-0.0960000000000001
4086	-0.0840000000000001
4087	-0.118
4088	-0.136
4089	-0.0960000000000002
4090	-0.044
4091	-0.00200000000000022
4092	0.012
4093	0.0279999999999998
4094	0.048
4095	0.0479999999999998
4096	0.0639999999999998
4097	0.0619999999999998
4098	0.0399999999999998
4099	0.0719999999999998
4100	0.0819999999999997
4101	0.0799999999999998
4102	0.11
4103	0.142
4104	0.168
4105	0.188
4106	0.164
4107	0.178
4108	0.136
4109	0.156
4110	0.142
4111	0.156
4112	0.126
4113	0.178
4114	0.216
4115	0.19
4116	0.172
4117	0.128
4118	0.176
4119	0.206
4120	0.24
4121	0.244
4122	0.242
4123	0.244
4124	0.3
4125	0.254
4126	0.224
4127	0.214
4128	0.228
4129	0.252
4130	0.27
4131	0.33
4132	0.316
4133	0.314
4134	0.322
4135	0.37
4136	0.408
4137	0.452
4138	0.408
4139	0.424
4140	0.412
4141	0.468
4142	0.442
4143	0.409999999999999
4144	0.42
4145	0.389999999999999
4146	0.41
4147	0.388
4148	0.452
4149	0.462
4150	0.444
4151	0.47
4152	0.5
4153	0.472
4154	0.418
4155	0.422
4156	0.404
4157	0.43
4158	0.456
4159	0.466
4160	0.442
4161	0.454
4162	0.446
4163	0.424
4164	0.398
4165	0.382
4166	0.406
4167	0.35
4168	0.322
4169	0.34
4170	0.356
4171	0.308
4172	0.202
4173	0.16
4174	0.212
4175	0.166
4176	0.188
4177	0.16
4178	0.208
4179	0.228
4180	0.25
4181	0.314
4182	0.322
4183	0.308
4184	0.268
4185	0.236
4186	0.25
4187	0.21
4188	0.234
4189	0.228
4190	0.212
4191	0.202
4192	0.186
4193	0.142
4194	0.122
4195	0.106
4196	0.12
4197	0.124
4198	0.118
4199	0.144
4200	0.15
4201	0.142
4202	0.152
4203	0.196
4204	0.182
4205	0.228
4206	0.21
4207	0.224
4208	0.28
4209	0.312
4210	0.284
4211	0.308
4212	0.278
4213	0.256
4214	0.202
4215	0.202
4216	0.2
4217	0.172
4218	0.196
4219	0.208
4220	0.222
4221	0.22
4222	0.21
4223	0.216
4224	0.174
4225	0.212
4226	0.224
4227	0.236
4228	0.25
4229	0.248
4230	0.252
4231	0.25
4232	0.22
4233	0.228
4234	0.25
4235	0.228
4236	0.272
4237	0.304
4238	0.254
4239	0.238
4240	0.324
4241	0.274
4242	0.23
4243	0.212
4244	0.228
4245	0.194
4246	0.226
4247	0.236
4248	0.212
4249	0.25
4250	0.302
4251	0.32
4252	0.3
4253	0.262
4254	0.228
4255	0.242
4256	0.278
4257	0.248
4258	0.256
4259	0.27
4260	0.288
4261	0.318
4262	0.32
4263	0.31
4264	0.328
4265	0.336
4266	0.338
4267	0.386
4268	0.366
4269	0.378
4270	0.396
4271	0.42
4272	0.41
4273	0.386
4274	0.384
4275	0.396
4276	0.322
4277	0.352
4278	0.382
4279	0.398
4280	0.372
4281	0.376
4282	0.352
4283	0.342
4284	0.352
4285	0.344
4286	0.318
4287	0.31
4288	0.36
4289	0.404
4290	0.38
4291	0.35
4292	0.32
4293	0.368
4294	0.35
4295	0.336
4296	0.334
4297	0.296
4298	0.304
4299	0.294
4300	0.236
4301	0.286
4302	0.284
4303	0.27
4304	0.302
4305	0.284
4306	0.252
4307	0.27
4308	0.286
4309	0.32
4310	0.31
4311	0.27
4312	0.302
4313	0.262
4314	0.276
4315	0.294
4316	0.31
4317	0.344
4318	0.356
4319	0.354
4320	0.364
4321	0.334
4322	0.322
4323	0.31
4324	0.29
4325	0.286
4326	0.3
4327	0.34
4328	0.326
4329	0.328
4330	0.336
4331	0.352
4332	0.332
4333	0.328
4334	0.334
4335	0.348
4336	0.402
4337	0.394
4338	0.416
4339	0.382
4340	0.386
4341	0.358
4342	0.372
4343	0.334
4344	0.328
4345	0.308
4346	0.34
4347	0.362
4348	0.32
4349	0.368
4350	0.362
4351	0.314
4352	0.284
4353	0.236
4354	0.228
4355	0.198
4356	0.194
4357	0.214
4358	0.242
4359	0.238
4360	0.222
4361	0.198
4362	0.19
4363	0.154
4364	0.182
4365	0.2
4366	0.186
4367	0.18
4368	0.186
4369	0.206
4370	0.174
4371	0.204
4372	0.178
4373	0.118
4374	0.0660000000000001
4375	0.12
4376	0.122
4377	0.128
4378	0.108
4379	0.132
4380	0.0919999999999999
4381	0.134
4382	0.11
4383	0.0960000000000001
4384	0.112
4385	0.114
4386	0.0979999999999999
4387	0.116
4388	0.144
4389	0.16
4390	0.158
4391	0.16
4392	0.168
4393	0.142
4394	0.122
4395	0.138
4396	0.148
4397	0.18
4398	0.19
4399	0.2
4400	0.164
4401	0.124
4402	0.118
4403	0.102
4404	0.0979999999999996
4405	0.0639999999999998
4406	0.0959999999999999
4407	0.036
4408	0.0239999999999996
4409	0.00600000000000001
4410	0.0159999999999999
4411	0.0119999999999999
4412	0.0479999999999999
4413	0.0539999999999999
4414	0.0719999999999997
4415	0.03
4416	0.0459999999999997
4417	-1.11022302462516e-16
4418	0.024
4419	0.0099999999999999
4420	-0.00800000000000001
4421	-0.0360000000000001
4422	-0.00600000000000012
4423	-0.0100000000000001
4424	-0.0200000000000001
4425	-0.0120000000000002
4426	0
4427	0.00800000000000001
4428	0.0119999999999999
4429	0.0119999999999999
4430	-0.002
4431	0.00199999999999989
4432	0.00799999999999979
4433	-0.042
4434	-0.0320000000000001
4435	-0.0340000000000001
4436	-0.0420000000000001
4437	-0.0340000000000001
4438	-0.03
4439	-0.0280000000000001
4440	-0.0220000000000001
4441	-0.0240000000000001
4442	-0.0500000000000002
4443	-0.00400000000000011
4444	0.016
4445	0.0699999999999998
4446	0.0639999999999998
4447	0.0499999999999998
4448	-0.022
4449	-0.046
4450	-0.0580000000000001
4451	-0.0540000000000003
4452	-0.054
4453	-0.042
4454	-0.032
4455	-0.0420000000000001
4456	-0.04
4457	-0.044
4458	-0.0740000000000001
4459	-0.0760000000000001
4460	-0.106
4461	-0.0940000000000002
4462	-0.0640000000000001
4463	-0.0760000000000001
4464	-0.0860000000000001
4465	-0.116
4466	-0.0700000000000001
4467	-0.0800000000000002
4468	-0.0440000000000003
4469	-0.028
4470	-0.002
4471	0.0419999999999998
4472	0.0759999999999996
4473	0.0459999999999996
4474	0.0719999999999998
4475	0.0719999999999998
4476	0.0719999999999998
4477	0.0899999999999999
4478	0.186
4479	0.142
4480	0.136
4481	0.124
4482	0.154
4483	0.162
4484	0.196
4485	0.22
4486	0.234
4487	0.196
4488	0.198
4489	0.188
4490	0.144
4491	0.168
4492	0.192
4493	0.16
4494	0.162
4495	0.196
4496	0.214
4497	0.192
4498	0.168
4499	0.218
4500	0.236
4501	0.278
4502	0.256
4503	0.238
4504	0.182
4505	0.152
4506	0.126
4507	0.0999999999999999
4508	0.0600000000000001
4509	0.104
4510	0.0760000000000001
4511	0.0619999999999998
4512	0.0680000000000001
4513	0.1
4514	0.00399999999999978
4515	0.0239999999999998
4516	0.0779999999999998
4517	0.0760000000000001
4518	0.0779999999999998
4519	0.0439999999999998
4520	0.0299999999999998
4521	0.0499999999999998
4522	0.0539999999999998
4523	0.104
4524	0.104
4525	0.108
4526	0.132
4527	0.17
4528	0.148
4529	0.218
4530	0.23
4531	0.19
4532	0.188
4533	0.17
4534	0.11
4535	0.0579999999999998
4536	0.0539999999999998
4537	0.0459999999999999
4538	0.092
4539	0.082
4540	0.086
4541	0.104
4542	0.108
4543	0.122
4544	0.13
4545	0.15
4546	0.174
4547	0.21
4548	0.24
4549	0.208
4550	0.214
4551	0.206
4552	0.178
4553	0.158
4554	0.164
4555	0.228
4556	0.232
4557	0.226
4558	0.232
4559	0.246
4560	0.222
4561	0.218
4562	0.2
4563	0.192
4564	0.198
4565	0.138
4566	0.14
4567	0.176
4568	0.192
4569	0.184
4570	0.204
4571	0.218
4572	0.204
4573	0.278
4574	0.206
4575	0.23
4576	0.234
4577	0.26
4578	0.264
4579	0.258
4580	0.254
4581	0.27
4582	0.24
4583	0.238
4584	0.204
4585	0.182
4586	0.17
4587	0.194
4588	0.152
4589	0.154
4590	0.158
4591	0.132
4592	0.0839999999999999
4593	0.0539999999999998
4594	0.0319999999999997
4595	0.0299999999999998
4596	0.044
4597	0.026
4598	0.0379999999999998
4599	0.0439999999999998
4600	0.0419999999999998
4601	0.0359999999999998
4602	0.00199999999999978
4603	-0.016
4604	-0.024
4605	0.016
4606	0.0519999999999996
4607	0.0760000000000001
4608	0.118
4609	0.0899999999999999
4610	0.124
4611	0.132
4612	0.164
4613	0.118
4614	0.128
4615	0.138
4616	0.15
4617	0.156
4618	0.186
4619	0.174
4620	0.138
4621	0.144
4622	0.182
4623	0.17
4624	0.23
4625	0.254
4626	0.234
4627	0.192
4628	0.248
4629	0.292
4630	0.278
4631	0.302
4632	0.336
4633	0.344
4634	0.348
4635	0.31
4636	0.298
4637	0.334
4638	0.388
4639	0.404
4640	0.434
4641	0.396
4642	0.406
4643	0.4
4644	0.362
4645	0.324
4646	0.306
4647	0.288
4648	0.27
4649	0.294
4650	0.27
4651	0.234
4652	0.244
4653	0.2
4654	0.176
4655	0.15
4656	0.164
4657	0.136
4658	0.112
4659	0.112
4660	0.0819999999999999
4661	0.052
4662	0.112
4663	0.11
4664	0.0539999999999998
4665	0.0320000000000003
4666	0.0539999999999998
4667	0.0219999999999998
4668	-0.028
4669	0.0199999999999998
4670	0.00999999999999979
4671	0.0179999999999998
4672	0.0339999999999998
4673	0.00800000000000001
4674	-0.0200000000000001
4675	-0.0180000000000001
4676	-0.0640000000000003
4677	-0.0540000000000003
4678	-0.112
4679	-0.134
4680	-0.144
4681	-0.15
4682	-0.162
4683	-0.162
4684	-0.178
4685	-0.218
4686	-0.246
4687	-0.248
4688	-0.236
4689	-0.228
4690	-0.226
4691	-0.202
4692	-0.184
4693	-0.134
4694	-0.114
4695	-0.13
4696	-0.166
4697	-0.0900000000000001
4698	-0.116
4699	-0.11
4700	-0.0920000000000001
4701	-0.122
4702	-0.104
4703	-0.11
4704	-0.106
4705	-0.138
4706	-0.142
4707	-0.156
4708	-0.178
4709	-0.176
4710	-0.124
4711	-0.158
4712	-0.168
4713	-0.194
4714	-0.184
4715	-0.17
4716	-0.152
4717	-0.152
4718	-0.126
4719	-0.126
4720	-0.114
4721	-0.0880000000000001
4722	-0.042
4723	-0.0120000000000002
4724	-0.0360000000000003
4725	-0.0340000000000003
4726	-0.0580000000000003
4727	-0.0840000000000003
4728	-0.0760000000000003
4729	-0.108
4730	-0.118
4731	-0.0739999999999998
4732	-0.0640000000000003
4733	-0.152
4734	-0.17
4735	-0.142
4736	-0.16
4737	-0.144
4738	-0.148
4739	-0.114
4740	-0.0940000000000003
4741	-0.0719999999999998
4742	-0.0600000000000003
4743	-0.0360000000000005
4744	-0.0439999999999998
4745	-0.012
4746	-0.0699999999999998
4747	-0.0120000000000002
4748	0.00800000000000001
4749	0.0859999999999999
4750	0.112
4751	0.108
4752	0.126
4753	0.134
4754	0.146
4755	0.108
4756	0.136
4757	0.162
4758	0.124
4759	0.118
4760	0.106
4761	0.1
4762	0.106
4763	0.116
4764	0.132
4765	0.14
4766	0.13
4767	0.134
4768	0.158
4769	0.21
4770	0.172
4771	0.156
4772	0.168
4773	0.21
4774	0.222
4775	0.192
4776	0.178
4777	0.168
4778	0.19
4779	0.184
4780	0.176
4781	0.134
4782	0.154
4783	0.146
4784	0.164
4785	0.114
4786	0.0759999999999998
4787	0.0839999999999999
4788	0.0619999999999998
4789	0.0599999999999998
4790	0.0619999999999996
4791	0.0900000000000001
4792	0.0479999999999998
4793	0.0620000000000001
4794	0.0459999999999998
4795	-0.002
4796	-0.00800000000000001
4797	-0.0400000000000003
4798	-0.0219999999999998
4799	-0.00600000000000001
4800	-0.018
4801	-0.024
4802	-0.04
4803	-0.0740000000000001
4804	-0.11
4805	-0.146
4806	-0.134
4807	-0.108
4808	-0.0600000000000001
4809	-0.122
4810	-0.126
4811	-0.142
4812	-0.0660000000000001
4813	-0.0980000000000001
4814	-0.1
4815	-0.134
4816	-0.126
4817	-0.126
4818	-0.14
4819	-0.156
4820	-0.15
4821	-0.16
4822	-0.14
4823	-0.142
4824	-0.152
4825	-0.17
4826	-0.198
4827	-0.192
4828	-0.138
4829	-0.2
4830	-0.124000000000001
4831	-0.0920000000000001
4832	-0.046
4833	-0.024
4834	-0.024
4835	-0.0480000000000003
4836	-0.0720000000000001
4837	-0.0579999999999998
4838	-0.02
4839	-0.00800000000000045
4840	0.0219999999999996
4841	0.0179999999999998
4842	0.0379999999999998
4843	0.0319999999999996
4844	-0.02
4845	0.0399999999999998
4846	0.0599999999999998
4847	0.0699999999999998
4848	-0.028
4849	-0.00400000000000023
4850	0.0199999999999998
4851	0.0579999999999998
4852	0.0599999999999996
4853	0.0739999999999998
4854	0.0619999999999998
4855	0.0299999999999998
4856	0.0279999999999998
4857	0.0379999999999998
4858	0.0179999999999998
4859	0.004
4860	0.0159999999999998
4861	0.046
4862	0.05
4863	0.0300000000000002
4864	0.0199999999999998
4865	0.0259999999999996
4866	0.00799999999999956
4867	0.00600000000000001
4868	0.0119999999999998
4869	0.004
4870	0.0439999999999998
4871	0.0559999999999998
4872	0.0900000000000001
4873	0.0920000000000001
4874	0.0799999999999998
4875	0.0419999999999996
4876	0.0239999999999998
4877	0.04
4878	0.0359999999999998
4879	0.002
4880	0.0219999999999996
4881	-0.034
4882	-0.0720000000000001
4883	-0.0760000000000001
4884	-0.0980000000000003
4885	-0.11
4886	-0.156
4887	-0.194
4888	-0.18
4889	-0.154
4890	-0.144
4891	-0.144
4892	-0.182
4893	-0.19
4894	-0.17
4895	-0.18
4896	-0.17
4897	-0.146
4898	-0.122
4899	-0.0940000000000003
4900	-0.114
4901	-0.0940000000000001
4902	-0.144
4903	-0.162
4904	-0.196
4905	-0.18
4906	-0.206
4907	-0.178
4908	-0.158
4909	-0.164
4910	-0.164
4911	-0.138
4912	-0.112
4913	-0.118
4914	-0.144
4915	-0.0700000000000003
4916	-0.0660000000000003
4917	-0.0599999999999998
4918	-0.0320000000000003
4919	-0.0320000000000003
4920	0.0459999999999998
4921	0.0759999999999998
4922	0.0699999999999998
4923	0.0919999999999999
4924	0.0859999999999999
4925	0.0419999999999998
4926	0.0279999999999998
4927	0.0659999999999998
4928	0.112
4929	0.206
4930	0.226
4931	0.238
4932	0.234
4933	0.186
4934	0.154
4935	0.141999999999999
4936	0.106
4937	0.0839999999999996
4938	0.102
4939	0.104
4940	0.0999999999999999
4941	0.116
4942	0.11
4943	0.0799999999999998
4944	0.0699999999999998
4945	0.052
4946	0.028
4947	-0.00600000000000023
4948	-0.0640000000000001
4949	-0.0760000000000003
4950	-0.044
4951	-0.11
4952	-0.052
4953	-0.0559999999999998
4954	-0.04
4955	-0.03
4956	-0.0699999999999998
4957	-0.124
4958	-0.102
4959	-0.102
4960	-0.0660000000000003
4961	-0.0400000000000003
4962	0.0139999999999998
4963	0.0159999999999998
4964	0.004
4965	-0.0760000000000005
4966	-0.106
4967	-0.0940000000000001
4968	-0.132
4969	-0.14
4970	-0.136
4971	-0.124
4972	-0.0880000000000003
4973	-0.0640000000000003
4974	-0.018
4975	-0.0219999999999998
4976	0.00399999999999978
4977	0.0479999999999998
4978	0.0519999999999996
4979	0.0619999999999998
4980	0.0359999999999998
4981	0.0699999999999998
4982	0.142
4983	0.162
4984	0.2
4985	0.204
4986	0.24
4987	0.256
4988	0.196
4989	0.22
4990	0.228
4991	0.2
4992	0.216
4993	0.236
4994	0.196
4995	0.154
4996	0.106
4997	0.11
4998	0.0900000000000001
4999	0.0800000000000001
5000	0.0539999999999998
5001	0.052
5002	0.0979999999999999
5003	0.0819999999999999
5004	0.148
5005	0.178
5006	0.232
5007	0.2
5008	0.194
5009	0.178
5010	0.136
5011	0.166
5012	0.136
5013	0.0919999999999999
5014	0.0860000000000001
5015	0.0700000000000001
5016	0.0719999999999998
5017	0.0760000000000001
5018	0.0399999999999996
5019	0.0279999999999998
5020	0.002
5021	0.0119999999999998
5022	-0.0740000000000003
5023	-0.108
5024	-0.0740000000000003
5025	-0.0780000000000001
5026	-0.0660000000000001
5027	-0.0340000000000003
5028	-0.0540000000000003
5029	-0.0160000000000002
5030	0.0179999999999998
5031	0.0659999999999998
5032	0.0980000000000001
5033	0.156
5034	0.176
5035	0.176
5036	0.19
5037	0.18
5038	0.184
5039	0.208
5040	0.162
5041	0.226
5042	0.172
5043	0.19
5044	0.22
5045	0.224
5046	0.214
5047	0.294
5048	0.36
5049	0.346
5050	0.366
5051	0.354
5052	0.356
5053	0.326
5054	0.328
5055	0.336
5056	0.396
5057	0.404
5058	0.46
5059	0.494
5060	0.468
5061	0.49
5062	0.436
5063	0.464
5064	0.51
5065	0.484
5066	0.47
5067	0.486
5068	0.484
5069	0.436
5070	0.424
5071	0.409999999999999
5072	0.398
5073	0.433999999999999
5074	0.408
5075	0.38
5076	0.396
5077	0.364
5078	0.364
5079	0.378
5080	0.344
5081	0.366
5082	0.364
5083	0.27
5084	0.216
5085	0.196
5086	0.176
5087	0.2
5088	0.21
5089	0.254
5090	0.258
5091	0.29
5092	0.218
5093	0.204
5094	0.218
5095	0.17
5096	0.218
5097	0.196
5098	0.212
5099	0.186
5100	0.172
5101	0.144
5102	0.154
5103	0.158
5104	0.154
5105	0.146
5106	0.134
5107	0.162
5108	0.212
5109	0.182
5110	0.208
5111	0.186
5112	0.164
5113	0.158
5114	0.138
5115	0.138
5116	0.148
5117	0.12
5118	0.15
5119	0.134
5120	0.152
5121	0.188
5122	0.206
5123	0.214
5124	0.194
5125	0.198
5126	0.162
5127	0.132
5128	0.196
5129	0.202
5130	0.178
5131	0.184
5132	0.152
5133	0.18
5134	0.144
5135	0.148
5136	0.114
5137	0.154
5138	0.116
5139	0.118
5140	0.154
5141	0.134
5142	0.148
5143	0.106
5144	0.0719999999999996
5145	0.0819999999999999
5146	0.0959999999999999
5147	0.122
5148	0.108
5149	0.128
5150	0.128
5151	0.0979999999999996
5152	0.0859999999999999
5153	0.0679999999999998
5154	0.0699999999999998
5155	0.038
5156	0.034
5157	0.0299999999999996
5158	0.00600000000000001
5159	-0.0260000000000002
5160	-0.0200000000000002
5161	-0.036
5162	-0.0220000000000002
5163	-0.018
5164	-0.002
5165	0.0379999999999998
5166	0.026
5167	0.0619999999999998
5168	-0.00799999999999979
5169	-0.0380000000000003
5170	-0.034
5171	0.0139999999999998
5172	0.00799999999999979
5173	-0.0120000000000005
5174	0.00599999999999978
5175	0
5176	-0.0600000000000001
5177	-0.0620000000000003
5178	-0.0740000000000003
5179	-0.0480000000000005
5180	-0.0580000000000003
5181	-0.0380000000000003
5182	-0.04
5183	0.00799999999999979
5184	0.0259999999999998
5185	0.0499999999999996
5186	0.0619999999999998
5187	0.0920000000000001
5188	0.136
5189	0.177999999999999
5190	0.118
5191	0.138
5192	0.11
5193	0.156
5194	0.124
5195	0.172
5196	0.23
5197	0.204
5198	0.19
5199	0.206
5200	0.194
5201	0.116
5202	0.0979999999999999
5203	0.0600000000000001
5204	0.112
5205	0.198
5206	0.214
5207	0.17
5208	0.226
5209	0.226
5210	0.232
5211	0.226
5212	0.256
5213	0.308
5214	0.296
5215	0.29
5216	0.274
5217	0.264
5218	0.256
5219	0.238
5220	0.24
5221	0.184
5222	0.21
5223	0.212
5224	0.15
5225	0.148
5226	0.214
5227	0.222
5228	0.262
5229	0.244
5230	0.264
5231	0.24
5232	0.19
5233	0.19
5234	0.196
5235	0.19
5236	0.14
5237	0.208
5238	0.252
5239	0.278
5240	0.274
5241	0.166
5242	0.142
5243	0.18
5244	0.132
5245	0.142
5246	0.158
5247	0.124
5248	0.11
5249	0.0679999999999998
5250	0.114
5251	0.0979999999999999
5252	0.122
5253	0.124
5254	0.186
5255	0.162
5256	0.164
5257	0.174
5258	0.176
5259	0.156
5260	0.19
5261	0.162
5262	0.178
5263	0.148
5264	0.208
5265	0.24
5266	0.242
5267	0.282
5268	0.3
5269	0.33
5270	0.364
5271	0.36
5272	0.378
5273	0.34
5274	0.318
5275	0.306
5276	0.286
5277	0.292
5278	0.342
5279	0.326
5280	0.334
5281	0.302
5282	0.292
5283	0.328
5284	0.328
5285	0.374
5286	0.35
5287	0.4
5288	0.41
5289	0.406
5290	0.322
5291	0.352
5292	0.324
5293	0.328
5294	0.29
5295	0.286
5296	0.24
5297	0.272
5298	0.266
5299	0.298
5300	0.23
5301	0.162
5302	0.198
5303	0.136
5304	0.138
5305	0.122
5306	0.0739999999999998
5307	0.0779999999999998
5308	0.0899999999999999
5309	0.106
5310	0.0859999999999999
5311	0.122
5312	0.128
5313	0.13
5314	0.0980000000000001
5315	0.116
5316	0.146
5317	0.22
5318	0.222
5319	0.196
5320	0.174
5321	0.146
5322	0.13
5323	0.102
5324	0.108
5325	0.0839999999999996
5326	0.0679999999999998
5327	-0.004
5328	-0.0200000000000002
5329	-0.0139999999999998
5330	0
5331	0.0499999999999998
5332	0.0960000000000001
5333	0.0719999999999996
5334	0.0299999999999996
5335	0.0759999999999998
5336	0.0399999999999998
5337	0.0179999999999998
5338	0.0199999999999996
5339	0.0239999999999998
5340	-0.0300000000000002
5341	-0.046
5342	-0.0380000000000003
5343	-0.05
5344	-0.0880000000000003
5345	-0.108
5346	-0.0820000000000001
5347	-0.148000000000001
5348	-0.16
5349	-0.152
5350	-0.148
5351	-0.166
5352	-0.174
5353	-0.224
5354	-0.256
5355	-0.236
5356	-0.19
5357	-0.218
5358	-0.22
5359	-0.244
5360	-0.294
5361	-0.246
5362	-0.25
5363	-0.232
5364	-0.23
5365	-0.262
5366	-0.274
5367	-0.298
5368	-0.284
5369	-0.28
5370	-0.28
5371	-0.29
5372	-0.29
5373	-0.28
5374	-0.29
5375	-0.292
5376	-0.24
5377	-0.172
5378	-0.168
5379	-0.166
5380	-0.2
5381	-0.192
5382	-0.212
5383	-0.15
5384	-0.128
5385	-0.118
5386	-0.0920000000000003
5387	-0.0700000000000003
5388	-0.0840000000000003
5389	-0.0460000000000003
5390	-0.0180000000000002
5391	-0.0380000000000005
5392	-0.0500000000000003
5393	-0.056
5394	-0.0980000000000003
5395	-0.116
5396	-0.0900000000000003
5397	-0.102
5398	-0.106
5399	-0.0920000000000005
5400	-0.0580000000000001
5401	-0.00600000000000045
5402	0.024
5403	0.0499999999999996
5404	0.0559999999999998
5405	0.0660000000000001
5406	0.102
5407	0.0620000000000001
5408	0.0679999999999998
5409	0.0899999999999996
5410	0.0799999999999996
5411	0.0899999999999999
5412	0.112
5413	0.0599999999999998
5414	0.0639999999999998
5415	0.0999999999999996
5416	0.142
5417	0.172
5418	0.164
5419	0.152
5420	0.17
5421	0.15
5422	0.126
5423	0.108
5424	0.0919999999999999
5425	0.0899999999999999
5426	0.126
5427	0.112
5428	0.16
5429	0.172
5430	0.2
5431	0.244
5432	0.234
5433	0.214
5434	0.232
5435	0.226
5436	0.2
5437	0.132
5438	0.14
5439	0.0999999999999996
5440	0.0719999999999996
5441	0.0819999999999996
5442	0.04
5443	0.0879999999999996
5444	0.104
5445	0.11
5446	0.11
5447	0.108
5448	0.0719999999999998
5449	0.0959999999999999
5450	0.0980000000000001
5451	0.102
5452	0.0940000000000003
5453	0.0580000000000001
5454	0.11
5455	0.0859999999999999
5456	0.0680000000000001
5457	0.106
5458	0.128
5459	0.102
5460	0.128
5461	0.0839999999999996
5462	0.0539999999999998
5463	0.0479999999999998
5464	-0.044
5465	-0.00600000000000023
5466	-0.016
5467	-0.0540000000000003
5468	-0.0420000000000003
5469	-0.0160000000000002
5470	-0.026
5471	-0.0280000000000002
5472	-0.00400000000000023
5473	0.00399999999999978
5474	0.022
5475	0.00399999999999978
5476	-0.0200000000000002
5477	-0.0420000000000003
5478	-0.0260000000000002
5479	-0.052
5480	-0.03
5481	-0.0320000000000003
5482	-0.054
5483	-0.0440000000000003
5484	-0.028
5485	-0.0960000000000001
5486	-0.102
5487	-0.142
5488	-0.0740000000000003
5489	-0.0600000000000001
5490	-0.122
5491	-0.112
5492	-0.12
5493	-0.0900000000000001
5494	-0.0880000000000003
5495	-0.0700000000000001
5496	-0.0620000000000003
5497	-0.0780000000000003
5498	-0.0939999999999999
5499	-0.0300000000000002
5500	0.024
5501	0.00200000000000022
5502	0.0119999999999998
5503	0.0159999999999998
5504	0.0499999999999998
5505	0.034
5506	0.0919999999999999
5507	0.102
5508	0.122
5509	0.164
5510	0.194
5511	0.202
5512	0.182
5513	0.188
5514	0.19
5515	0.18
5516	0.15
5517	0.138
5518	0.164
5519	0.162
5520	0.136
5521	0.18
5522	0.194
5523	0.166
5524	0.144
5525	0.12
5526	0.16
5527	0.104
5528	0.154
5529	0.108
5530	0.112
5531	0.108
5532	0.0879999999999999
5533	0.0999999999999996
5534	0.14
5535	0.126
5536	0.154
5537	0.148
5538	0.156
5539	0.138
5540	0.11
5541	0.122
5542	0.0999999999999996
5543	0.112
5544	0.0999999999999999
5545	0.106
5546	0.0559999999999996
5547	0.0799999999999996
5548	0.0979999999999996
5549	0.0899999999999996
5550	0.0939999999999999
5551	0.0959999999999996
5552	0.0780000000000001
5553	0.0979999999999994
5554	0.128
5555	0.158
5556	0.182
5557	0.218
5558	0.25
5559	0.262
5560	0.274
5561	0.29
5562	0.304
5563	0.338
5564	0.308
5565	0.248
5566	0.256
5567	0.28
5568	0.324
5569	0.374
5570	0.442
5571	0.386
5572	0.386
5573	0.444
5574	0.432
5575	0.486
5576	0.54
5577	0.554
5578	0.58
5579	0.556
5580	0.552
5581	0.522
5582	0.496
5583	0.548
5584	0.556
5585	0.57
5586	0.528
5587	0.534
5588	0.566
5589	0.552
5590	0.582
5591	0.557999999999999
5592	0.516
5593	0.496
5594	0.45
5595	0.44
5596	0.396
5597	0.423999999999999
5598	0.38
5599	0.39
5600	0.396
5601	0.428
5602	0.41
5603	0.422
5604	0.412
5605	0.41
5606	0.336
5607	0.374
5608	0.35
5609	0.278
5610	0.26
5611	0.22
5612	0.188
5613	0.188
5614	0.192
5615	0.188
5616	0.228
5617	0.262
5618	0.282
5619	0.214
5620	0.224
5621	0.194
5622	0.22
5623	0.21
5624	0.262
5625	0.236
5626	0.16
5627	0.151999999999999
5628	0.19
5629	0.192
5630	0.192
5631	0.23
5632	0.254
5633	0.226
5634	0.25
5635	0.266
5636	0.254
5637	0.252
5638	0.276
5639	0.272
5640	0.286
5641	0.274
5642	0.232
5643	0.248
5644	0.23
5645	0.192
5646	0.242
5647	0.254
5648	0.21
5649	0.19
5650	0.17
5651	0.176
5652	0.144
5653	0.121999999999999
5654	0.0959999999999999
5655	0.106
5656	0.0639999999999996
5657	0.0799999999999996
5658	0.0919999999999996
5659	0.0959999999999999
5660	0.0579999999999998
5661	0.0759999999999998
5662	0.132
5663	0.122
5664	0.114
5665	0.112
5666	0.134
5667	0.11
5668	0.104
5669	0.0979999999999999
5670	0.136
5671	0.12
5672	0.134
5673	0.156
5674	0.146
5675	0.0859999999999996
5676	0.0559999999999998
5677	0.0760000000000001
5678	0.0740000000000001
5679	0.00199999999999978
5680	0.0640000000000001
5681	0.104
5682	0.134
5683	0.152
5684	0.188
5685	0.194
5686	0.149999999999999
5687	0.192
5688	0.246
5689	0.222
5690	0.224
5691	0.204
5692	0.22
5693	0.24
5694	0.21
5695	0.222
5696	0.228
5697	0.234
5698	0.192
5699	0.196
5700	0.16
5701	0.2
5702	0.172
5703	0.22
5704	0.208
5705	0.188
5706	0.172
5707	0.124
5708	0.136
5709	0.0979999999999999
5710	0.108
5711	0.112
5712	0.114
5713	0.0839999999999996
5714	0.122
5715	0.164
5716	0.108
5717	0.0659999999999996
5718	0.0319999999999996
5719	0.03
5720	0.024
5721	0.00999999999999979
5722	0.042
5723	-0.0160000000000005
5724	-0.0420000000000003
5725	-0.0719999999999998
5726	-0.0720000000000003
5727	-0.0280000000000002
5728	-0.0400000000000003
5729	-0.0280000000000002
5730	0.0119999999999996
5731	-2.22044604925031e-16
5732	-0.0900000000000003
5733	-0.128
5734	-0.144
5735	-0.146
5736	-0.0600000000000001
5737	-0.11
5738	-0.12
5739	-0.178
5740	-0.152
5741	-0.122
5742	-0.118
5743	-0.0940000000000001
5744	-0.110000000000001
5745	-0.056
5746	-0.052
5747	-0.03
5748	-0.0120000000000005
5749	0.00399999999999956
5750	-0.016
5751	-0.0400000000000005
5752	-0.00400000000000023
5753	0.0519999999999998
5754	0.0379999999999998
5755	0.0439999999999998
5756	0.0399999999999996
5757	0.0359999999999996
5758	0.0359999999999996
5759	0.0679999999999996
5760	0.0819999999999994
5761	0.0739999999999998
5762	0.121999999999999
5763	0.0679999999999996
5764	0.0660000000000003
5765	0.0439999999999998
5766	0.0739999999999998
5767	0.0699999999999996
5768	0.14
5769	0.188
5770	0.176
5771	0.184
5772	0.139999999999999
5773	0.2
5774	0.25
5775	0.278
5776	0.21
5777	0.272
5778	0.278
5779	0.322
5780	0.328
5781	0.314
5782	0.308
5783	0.266
5784	0.232
5785	0.208
5786	0.238
5787	0.25
5788	0.194
5789	0.174
5790	0.166
5791	0.132
5792	0.156
5793	0.168
5794	0.134
5795	0.142
5796	0.108
5797	0.168
5798	0.0839999999999999
5799	0.146
5800	0.17
5801	0.198
5802	0.168
5803	0.248
5804	0.242
5805	0.226
5806	0.27
5807	0.254
5808	0.286
5809	0.216
5810	0.2
5811	0.206
5812	0.23
5813	0.172
5814	0.134
5815	0.158
5816	0.134
5817	0.137999999999999
5818	0.124
5819	0.15
5820	0.148
5821	0.156
5822	0.108
5823	0.13
5824	0.13
5825	0.17
5826	0.159999999999999
5827	0.158
5828	0.0900000000000001
5829	0.048
5830	0.0660000000000001
5831	0.0559999999999998
5832	0.0339999999999998
5833	0.014
5834	0.0439999999999996
5835	0.056
5836	0.056
5837	0.0239999999999996
5838	0.00799999999999979
5839	-0.03
5840	-0.0340000000000003
5841	-0.0140000000000005
5842	-0.0239999999999998
5843	-0.00600000000000023
5844	0
5845	0.0499999999999998
5846	0.0139999999999998
5847	0.00799999999999979
5848	0.0459999999999998
5849	0.0379999999999998
5850	0.0319999999999996
5851	-0.044
5852	-0.0560000000000003
5853	-0.0780000000000003
5854	-0.0840000000000001
5855	-0.104
5856	-0.118
5857	-0.126
5858	-0.0980000000000001
5859	-0.11
5860	-0.0960000000000005
5861	-0.144
5862	-0.122
5863	-0.128
5864	-0.118
5865	-0.106
5866	-0.0840000000000001
5867	-0.0780000000000001
5868	-0.0840000000000001
5869	-0.116
5870	-0.136
5871	-0.194
5872	-0.18
5873	-0.202
5874	-0.198
5875	-0.22
5876	-0.25
5877	-0.272
5878	-0.274
5879	-0.29
5880	-0.342
5881	-0.392
5882	-0.388
5883	-0.38
5884	-0.432
5885	-0.446
5886	-0.45
5887	-0.458
5888	-0.44
5889	-0.47
5890	-0.49
5891	-0.488
5892	-0.49
5893	-0.498
5894	-0.536
5895	-0.54
5896	-0.552
5897	-0.536
5898	-0.558
5899	-0.564
5900	-0.566
5901	-0.576
5902	-0.598
5903	-0.62
5904	-0.618
5905	-0.61
5906	-0.586
5907	-0.596
5908	-0.612
5909	-0.592
5910	-0.604
5911	-0.634
5912	-0.63
5913	-0.654
5914	-0.692
5915	-0.722
5916	-0.744
5917	-0.774
5918	-0.804
5919	-0.838
5920	-0.8
5921	-0.8
5922	-0.826
5923	-0.83
5924	-0.832
5925	-0.834
5926	-0.83
5927	-0.814
5928	-0.822
5929	-0.862
5930	-0.852
5931	-0.89
5932	-0.844
5933	-0.84
5934	-0.836
5935	-0.822
5936	-0.76
5937	-0.774
5938	-0.772
5939	-0.76
5940	-0.808
5941	-0.836
5942	-0.848
5943	-0.886
5944	-0.902
5945	-0.864
5946	-0.874
5947	-0.838
5948	-0.87
5949	-0.838
5950	-0.794
5951	-0.782
5952	-0.754
5953	-0.746
5954	-0.678
5955	-0.664
5956	-0.658
5957	-0.632
5958	-0.574
5959	-0.566
5960	-0.554
5961	-0.534
5962	-0.554
5963	-0.568
5964	-0.56
5965	-0.536
5966	-0.514
5967	-0.476
5968	-0.52
5969	-0.576000000000001
5970	-0.564000000000001
5971	-0.596
5972	-0.668
5973	-0.67
5974	-0.642
5975	-0.638
5976	-0.62
5977	-0.614
5978	-0.594000000000001
5979	-0.546
5980	-0.548
5981	-0.626
5982	-0.616
5983	-0.686
5984	-0.704
5985	-0.756000000000001
5986	-0.79
5987	-0.774
5988	-0.806000000000001
5989	-0.798
5990	-0.852
5991	-0.854
5992	-0.890000000000001
5993	-0.918
5994	-0.964
5995	-0.998
5996	-0.996
5997	-1.012
5998	-1.014
5999	-1.016
6000	-1.016
6001	-0.986
6002	-1.036
6003	-1.06
6004	-1.118
6005	-1.088
6006	-1.112
6007	-1.098
6008	-1.08
6009	-1.064
6010	-1.102
6011	-1.116
6012	-1.096
6013	-1.072
6014	-1.076
6015	-1.094
6016	-1.066
6017	-1.012
6018	-0.988
6019	-0.916
6020	-0.802
6021	-0.736
6022	-0.664
6023	-0.626
6024	-0.574
6025	-0.538
6026	-0.514
6027	-0.486
6028	-0.44
6029	-0.434
6030	-0.396
6031	-0.348
6032	-0.346
6033	-0.324
6034	-0.288
6035	-0.262
6036	-0.236
6037	-0.238
6038	-0.168
6039	-0.126
6040	-0.0700000000000002
6041	-0.0499999999999999
6042	-0.0240000000000002
6043	-0.004
6044	0.0219999999999999
6045	0.038
6046	0.066
6047	0.09
6048	0.11
6049	0.126
6050	0.138
6051	0.148
6052	0.162
6053	0.172
6054	0.176
6055	0.182
6056	0.124
6057	0.1
6058	0.0519999999999999
