23	0.136999364272092
24	0.201525746980293
25	0.17673235855054
26	0.143674507310871
27	0.18340750158932
28	0.223140495867769
29	0.194214876033058
30	0.148760330578512
31	0.115702479338843
32	0.167832167832168
33	0.13064208518754
34	0.105848696757788
35	0.320089001907184
36	0.315956770502225
37	0.311824539097266
38	0.315956770502225
39	0.324221233312142
40	0.295295613477432
41	0.222504767959314
42	0.307692307692308
43	0.307692307692308
44	0.295295613477432
45	0.278766687857597
46	0.320089001907184
47	0.33248569612206
48	0.2638270820089
49	0.199300699300699
50	0.0371900826446282
51	0.0247933884297522
52	0.0247933884297522
53	0.0206611570247934
54	0.0289256198347109
55	0.0206611570247934
56	-0.116656071201526
57	-0.0397329942784487
58	-0.0190718372536554
59	-0.0273363000635726
60	-0.120788302606484
61	-0.0438652256834074
62	-0.0397329942784487
63	-0.0918626827717736
64	-0.0794659885568976
65	-0.0753337571519388
66	0.0181182453909726
67	0.0263827082008903
68	-0.0381436745073107
69	-0.0422759059122695
70	0.0305149396058487
71	-0.148124602670057
74	-0.0696122059758422
75	-0.141449459631278
76	-0.0438652256834074
77	-0.089319771137953
78	-0.174507310870947
79	-0.162110616656071
80	-0.149713922441195
81	-0.116656071201526
82	-0.0603941513032421
83	-0.16624284806103
84	-0.174507310870947
85	-0.178639542275906
86	-0.182771773680865
87	-0.162110616656071
88	-0.16624284806103
89	-0.0934520025429115
90	-0.109980928162746
91	-0.101716465352829
92	-0.0454545454545452
93	-0.0330578512396693
94	-0.0371900826446281
95	-0.101716465352829
96	-0.0975842339478701
97	-0.0206611570247932
98	-0.109980928162746
99	-0.0413223140495869
100	-0.13064208518754
101	-0.122377622377622
102	-0.122377622377622
103	-0.134774316592498
104	0.0066751430387797
105	0.0190718372536558
106	-0.0743801652892562
107	-0.122377622377622
108	0.039732994278449
109	0.039732994278449
110	-0.122377622377622
111	-0.089319771137953
112	-0.157978385251112
113	-0.0727908455181181
114	-0.0686586141131594
115	0.00826446280991744
116	-0.0206611570247932
117	-0.0537190082644627
118	-0.0330578512396693
119	0.0562619198982839
120	0.0356007628734902
121	0.112523839796567
122	0.112523839796567
123	0.0959949141767327
124	0.10425937698665
125	0.108391608391609
126	0.116656071201526
127	0.133184996821361
128	0.0479974570883663
129	0.124920534011443
130	0.137317228226319
131	0.162110616656071
132	0.247298156389066
133	0.174507310870947
134	0.2638270820089
135	0.199300699300699
136	0.215829624920534
137	0.305149396058487
138	0.240623013350286
139	0.342339478703115
140	0.213286713286713
141	0.29020979020979
142	0.298474253019708
143	0.379529561347743
144	0.250476795931342
145	0.412587412587413
146	0.472981563890655
147	0.452320406865862
148	0.516846789574063
149	0.477113795295614
150	0.472981563890655
151	0.375397329942785
152	0.379529561347743
153	0.396058486967578
154	0.460584869675779
155	0.387794024157661
156	0.408455181182454
157	0.356325492689129
158	0.343928798474253
159	0.360457724094088
160	0.352193261284171
161	0.356325492689129
162	0.360457724094088
163	0.343928798474253
164	0.364589955499047
165	0.279402415766052
166	0.210743801652893
167	0.441513032422123
168	0.437380801017165
169	0.445645263827082
170	0.445645263827082
171	0.449777495232041
172	0.433248569612206
173	0.356325492689129
174	0.400190718372537
175	0.302606484424666
176	0.294342021614749
177	0.26128417037508
178	0.342339478703115
179	0.248887476160203
180	0.26128417037508
181	0.119834710743802
182	0.0594405594405595
183	0.148760330578512
184	0.0594405594405595
185	0.0511760966306423
186	0.132231404958678
187	0.161157024793389
188	0.246344564526383
189	0.22568340750159
190	0.0759694850603944
191	0.229815638906548
192	0.221551176096631
193	0.200890019071837
194	0.342339478703115
195	0.329942784488239
196	0.334075015893198
197	0.313413858868404
198	0.382072472981564
199	0.382072472981564
200	0.398601398601399
201	0.410998092816275
202	0.382072472981564
203	0.199300699300699
204	0.105848696757788
205	0.118245390972664
206	0.114113159567705
207	0.473935155753338
208	0.461538461538462
209	0.526064844246662
210	0.453273998728544
211	0.46567069294342
212	0.46567069294342
213	0.425937698664972
214	0.365543547361729
215	0.369675778766688
216	0.361411315956771
217	0.434202161474889
218	0.438334392879848
219	0.365543547361729
220	0.369675778766688
221	0.386204704386523
222	0.301017164653528
223	0.369675778766688
224	0.386204704386523
225	0.49205340114431
226	0.487921169739352
227	0.313413858868404
228	0.377940241576605
229	0.523521932612842
230	0.483788938334393
231	0.556579783852511
232	0.552447552447553
233	0.504450095359187
234	0.435791481246027
235	0.52511125238398
236	0.52511125238398
237	0.654164017800382
238	0.820406865861411
239	0.793070565797839
240	0.959313413858869
241	0.922123331214241
242	0.999046408137317
243	0.618563254926891
244	0.643356643356644
245	0.566433566433567
246	0.578830260648443
247	0.582962492053401
248	0.578830260648443
249	0.683089637635092
250	0.674825174825175
251	0.687221869040051
252	0.683089637635092
253	0.69135410044501
254	0.687221869040051
255	0.69135410044501
256	0.687221869040051
257	0.687221869040051
258	0.683089637635092
259	0.666560712015258
260	0.573108709472346
261	0.454863318499682
262	0.43006993006993
263	0.458995549904641
264	0.309281627463446
265	0.292752701843611
266	0.195168467895741
267	0.118245390972664
268	0.101716465352829
269	0.0810553083280359
270	0.251430387794024
271	0.210108073744438
272	0.20184361093452
273	0.0273363000635731
274	-0.134774316592498
275	0.0712015257469805
276	-0.0950413223140496
277	-0.00158931977113763
278	-0.151303242212333
279	-0.134774316592498
280	-0.134774316592498
281	-0.0934520025429115
282	-0.024793388429752
283	-0.0371900826446281
284	-0.0371900826446281
285	-0.174507310870947
286	-0.0975842339478701
287	-0.0371900826446281
288	-0.109980928162746
289	-0.114113159567705
290	-0.101716465352829
291	-0.114113159567705
292	-0.0810553083280354
293	-0.0727908455181181
294	0.0934520025429119
295	0.0537190082644629
296	0.0661157024793388
297	0.0661157024793388
298	0.107438016528926
299	0.0826446280991735
300	0.115702479338843
301	0.0594405594405595
302	0.0470438652256835
303	0.0429116338207249
304	0.0553083280356009
305	0.0677050222504769
306	-0.0861411315956769
308	-0.110934520025429
309	-0.102670057215512
310	-0.10680228862047
342	-0.0737444373808009
343	-0.0406865861411315
346	0.247933884297521
347	0.235537190082645
348	0.21900826446281
349	0.171010807374444
350	0.191671964399237
351	0.127145581691036
352	0.143674507310871
353	0.168467895740623
354	0.168467895740623
355	0.156071201525747
356	0.156071201525747
357	0.168467895740623
358	0.180864589955499
359	0.253655435473617
360	0.253655435473617
361	0.261919898283535
362	0.309917355371901
363	0.224729815638907
364	0.208200890019072
365	0.191671964399237
366	0.195804195804196
367	0.110616656071202
368	0.187539732994279
369	0.0816910362364908
370	-0.0200254291163381
371	-0.0200254291163381
372	-0.0406865861411315
373	-0.0489510489510488
374	0.0073108709472347
375	-0.0572155117609661
376	0.00317863954227593
377	-0.0257469802924347
378	-0.0588048315321044
379	0.0743801652892563
380	0.151303242212333
381	0.138906547997457
382	-0.160521296884933
383	-0.160521296884933
384	-0.164653528289892
385	-0.160521296884933
386	-0.172917991099809
387	-0.189446916719644
388	-0.20184361093452
392	-0.172917991099809
393	-0.185314685314685
394	-0.214240305149396
395	-0.205975842339479
396	-0.205975842339479
397	-0.222504767959313
458	0.149396058486968
459	0.132867132867133
460	0.120470438652257
461	0.120470438652257
462	0.266052129688493
463	0.2453909726637
464	0.253655435473617
465	0.253655435473617
466	0.253655435473617
467	0.2453909726637
468	0.220597584233948
469	0.249523204068659
470	0.261919898283535
471	0.253655435473617
472	0.241258741258741
473	0.322314049586777
474	0.322314049586777
475	0.390972663699937
476	0.386840432294978
477	0.374443738080102
478	0.430705657978385
479	0.397647806738716
480	0.368722186904005
481	0.348061029879212
482	0.404322949777495
483	0.429116338207247
484	0.381118881118881
485	0.308328035600763
486	0.239669421487603
487	0.162746344564527
488	0.166878575969485
489	0.162746344564527
490	0.231404958677686
491	0.223140495867769
492	0.146217418944692
493	0.166878575969485
494	-0.0117609663064209
495	0.0568976478067388
496	0.0445009535918628
497	0.250476795931342
498	0.109027336300064
499	0.198347107438017
500	0.206611570247934
501	0.198347107438017
502	0.173553719008265
503	0.165289256198347
504	0.319135410044501
505	0.477113795295614
506	0.481246026700572
507	0.707883026064844
508	0.793070565797839
509	0.695486331849968
510	0.776541640178004
511	0.772409408773045
512	0.841068022886205
513	0.922123331214241
514	0.926255562619199
515	0.934520025429117
516	1.01557533375715
517	1.03623649078195
518	0.907183725365544
519	0.959313413858869
520	0.946916719643993
521	0.942784488239034
522	0.942784488239034
523	0.926255562619199
524	0.905594405594406
525	0.82453909726637
526	0.760012714558169
527	0.772409408773045
528	0.776541640178004
529	0.784806102987922
530	0.780673871582963
531	0.732676414494596
532	0.890654799745709
533	0.680546726001272
534	0.761602034329307
535	0.778130959949142
536	0.765734265734266
537	0.769866497139225
538	0.75333757151939
539	0.668150031786396
540	0.574698029243484
541	0.412587412587413
542	0.396058486967578
543	0.181818181818182
544	0.092498410680229
545	0.113159567705022
546	0.040368722186904
547	-0.0200254291163381
558	0.0543547361729181
559	0.0419580419580421
560	0.0378258105530833
561	0.0212968849332487
562	-0.00762873490146199
563	-0.0200254291163381
564	-0.0117609663064209
565	-0.0200254291163381
566	-0.00762873490146199
567	0.0610298792116976
588	-0.205975842339479
589	-0.210108073744437
590	-0.124920534011443
591	-0.205975842339479
592	-0.210108073744437
593	-0.210108073744437
596	-0.120788302606484
597	-0.100127145581691
598	-0.0149396058486966
599	-0.023204068658614
600	-0.0521296884933247
601	0.00826446280991744
602	0.0521296884933251
603	-0.0123966942148761
604	-0.00413223140495855
605	0.109980928162747
606	0.105848696757788
607	0.114113159567705
608	0.182771773680865
609	0.182771773680865
610	0.0975842339478705
611	0.109980928162747
612	0.105848696757788
613	0.0975842339478705
614	0.0975842339478705
615	0.0934520025429119
616	0.109980928162747
617	0.153846153846154
618	0.267959313413859
619	0.365543547361729
620	0.434202161474889
621	0.421805467260013
622	0.259694850603942
623	0.251430387794024
624	0.145581691036237
625	0.141449459631278
626	0.0562619198982839
627	0.039732994278449
628	0.0356007628734902
629	-0.0619834710743801
630	-0.0743801652892562
631	-0.0661157024793386
632	-0.22822631913541
633	-0.269548633184997
634	-0.19262555626192
635	-0.176096630642085
636	-0.0826446280991735
637	-0.147171010807374
638	-0.199300699300699
639	-0.219961856325492
640	-0.248887476160203
641	-0.294342021614749
642	-0.286077558804832
643	-0.286077558804832
644	-0.379529561347743
645	-0.22155117609663
646	-0.0594405594405594
647	0.0257469802924353
648	0.090273363000636
649	0.10680228862047
650	0.0422759059122697
651	0.0629370629370631
652	0.0546726001271458
653	0.00254291163382092
654	0.0712015257469805
655	-0.0222504767959311
656	-0.0785123966942147
657	-0.0702479338842974
658	-0.0826446280991735
659	-0.0826446280991735
660	-0.0619834710743801
661	-0.126509853782581
662	-0.143038779402415
663	-0.134774316592498
664	-0.0661157024793386
665	-0.0661157024793386
666	-0.0330578512396693
667	0.0232040686586144
668	0.0066751430387797
669	0.0232040686586144
670	-0.114113159567705
671	-0.118245390972664
672	-0.191036236490782
673	-0.118245390972664
674	-0.126509853782581
675	-0.147171010807374
676	-0.122377622377622
677	-0.174507310870947
678	0.0603941513032424
679	0.0727908455181185
680	0.0851875397329945
681	-0.114113159567705
682	-0.284488239033693
683	-0.288620470438652
684	-0.259694850603941
685	-0.259694850603941
686	-0.2638270820089
687	-0.199300699300699
688	-0.199300699300699
689	-0.122377622377622
690	-0.305149396058487
691	-0.280356007628735
692	-0.296884933248569
693	-0.292752701843611
694	-0.267959313413859
695	-0.259694850603941
696	-0.247298156389065
697	-0.2638270820089
698	-0.243165924984107
699	-0.230769230769231
712	-0.177050222504768
713	-0.181182453909726
739	-0.0546726001271455
740	-0.0546726001271455
741	-0.0629370629370628
742	-0.0505403687221867
743	0.0263827082008903
744	0.0222504767959315
745	0.0470438652256835
746	-0.0298792116973935
747	-0.0298792116973935
748	-0.0985378258105529
749	-0.0257469802924347
750	-0.00921805467260006
751	-0.0985378258105529
753	-0.131595677050222
754	-0.127463445645264
755	-0.127463445645264
759	-0.164653528289892
760	-0.148124602670057
761	-0.160521296884933
762	-0.13986013986014
763	-0.135727908455181
764	-0.115066751430388
765	-0.0546726001271455
766	0.0222504767959315
767	0.0826446280991735
768	0.0826446280991735
769	0.0826446280991735
770	0.0909090909090911
771	0.0413223140495869
772	0.105848696757788
773	0.141449459631278
774	0.239033693579148
775	0
776	0.00826446280991744
777	-0.00413223140495855
778	0.141449459631278
779	0.0769230769230771
780	0.0893197711379531
781	0.0769230769230771
782	0.170375079465989
783	0.16624284806103
784	0.230769230769231
785	0.153846153846154
786	0.226636999364272
787	0.295295613477432
788	0.33248569612206
789	0.247298156389066
790	0.259694850603942
791	0.280356007628735
792	0.2638270820089
793	0.305149396058487
794	0.272091544818818
795	0.114113159567705
796	0.0165289256198348
797	0.00413223140495877
798	0
799	-0.0371900826446281
800	0.112523839796567
801	0.0603941513032424
802	-0.0123966942148761
803	0.012396694214876
804	0.0206611570247934
805	0.0289256198347109
806	0.0206611570247934
807	0.0619834710743803
808	-0.0273363000635726
809	-0.087730451366815
810	-0.116656071201526
811	-0.120788302606484
812	-0.124920534011443
813	-0.13318499682136
814	-0.210108073744437
815	-0.205975842339479
816	-0.214240305149396
817	-0.197711379529561
835	-0.000953591862682623
836	-0.0737444373808009
837	-0.0778766687857595
838	-0.0654799745708835
839	-0.0985378258105529
840	-0.123331214240305
841	-0.143992371265098
842	-0.148124602670057
843	-0.156389065479974
844	-0.110934520025429
845	-0.0985378258105529
846	-0.0696122059758422
847	-0.0572155117609661
848	-0.0489510489510488
849	-0.0572155117609661
852	-0.110934520025429
853	-0.131595677050222
854	-0.0670692943420216
855	0.0098537825810554
856	-0.0835982199618563
857	-0.0794659885568976
858	-0.0670692943420216
859	0.167832167832168
860	0.147171010807375
861	0.203432930705658
862	0.182771773680865
863	0.186904005085823
864	0.272091544818818
865	0.369675778766688
866	0.438334392879848
867	0.438334392879848
868	0.301017164653528
869	0.284488239033694
870	0.255562619198983
871	0.101716465352829
872	0.012396694214876
873	0.0165289256198348
874	-0.00413223140495855
875	-0.0603941513032421
876	-0.0438652256834074
877	-0.010807374443738
878	0.00572155117609663
879	0.00572155117609663
880	0.0702479338842975
881	0.0702479338842975
882	-0.00254291163382059
883	-0.010807374443738
884	0.00158931977113819
885	0.0305149396058487
886	0.0553083280356009
887	0.0677050222504769
888	0.144628099173554
889	0.15702479338843
890	0.0759694850603944
891	-0.000953591862682623
892	-0.0216147488874761
893	-0.00921805467260006
894	-0.0174825174825175
904	-0.0572155117609661
908	-0.0654799745708835
909	-0.0613477431659248
910	-0.0489510489510488
911	0.0321042593769868
912	0.0883661792752704
913	0.213286713286713
914	0.144628099173554
915	0.229815638906548
916	0.221551176096631
917	0.205022250476796
918	0.180228862047044
919	0.180228862047044
920	0.167832167832168
921	0.180228862047044
922	0.269548633184997
923	0.281945327399873
924	0.205022250476796
925	0.281945327399873
926	0.257151938970121
927	0.248887476160203
928	0.29020979020979
929	0.277813095994914
930	0.294342021614749
931	0.294342021614749
932	0.338207247298156
933	0.32581055308328
934	0.232358550540369
935	0.390336935791481
936	0.386204704386523
937	0.467260012714558
938	0.398601398601399
939	0.313413858868404
940	0.253019707565162
941	0.286077558804832
942	0.298474253019708
943	0.302606484424666
944	0.315003178639543
945	0.315003178639543
946	0.391926255562619
947	0.367132867132867
948	0.310870947234584
949	0.177685950413223
950	0.242212333121424
951	0.294342021614749
952	0.221551176096631
953	0.229815638906548
954	0.246344564526383
955	0.242212333121424
956	0.250476795931342
957	0.22568340750159
958	0.161157024793389
959	0.169421487603306
960	0.104895104895105
961	0.027972027972028
962	0.125556261919898
963	0.12142403051494
964	0.0966306420851878
965	0.190082644628099
966	0.177685950413223
967	0.177685950413223
968	0.05276541640178
969	0.0486331849968213
970	0.0362364907819454
978	-0.0489510489510488
979	0.0238397965670694
980	-0.0448188175460901
981	-0.0406865861411315
993	0.0940877304513668
994	0.179275270184361
995	0.125556261919898
996	0.125556261919898
997	0.104895104895105
998	0.0114431023521934
999	0.0114431023521934
1000	0.0073108709472347
1001	-0.0050858232676414
1002	-0.0050858232676414
1003	0.0635727908455183
1004	0.0677050222504769
1005	0.161157024793389
1006	0.161157024793389
1007	0.165289256198347
1008	0.169421487603306
1009	0.242212333121424
1010	0.209154481881755
1011	0.209154481881755
1012	0.19262555626192
1013	0.151303242212333
1014	0.0785123966942151
1015	0.0098537825810554
1016	-0.010807374443738
1017	-0.023204068658614
1018	-0.023204068658614
1019	-0.0273363000635726
1020	0.0934520025429119
1021	0.0934520025429119
1022	0
1023	-0.0165289256198347
1024	0.0851875397329945
1025	0.0851875397329945
1026	-0.0686586141131594
1027	-0.0769230769230769
1028	-0.0851875397329942
1029	-0.267959313413859
1031	-0.230769230769231
1032	-0.259694850603941
1033	-0.162110616656071
1034	-0.149713922441195
1035	-0.13318499682136
1036	-0.100127145581691
1037	-0.189446916719644
1038	-0.189446916719644
1055	-0.10680228862047
1080	-0.0505403687221867
1081	-0.0505403687221867
1082	0.0387794024157663
1083	0.0429116338207249
1084	0.0677050222504769
1085	0.100762873490146
1086	0.125556261919898
1087	0.137952956134775
1088	0.210743801652893
1089	0.142085187539733
1090	0.0982199618563255
1092	0.0502225047679594
1093	0.127145581691036
1094	0.135410044500954
1095	0.11474888747616
1096	0.216465352828989
1097	0.276859504132231
1098	0.28099173553719
1099	0.293388429752066
1100	0.318181818181818
1101	0.492689129052766
1102	0.496821360457724
1103	0.513350286077559
1104	0.496821360457724
1105	0.500953591862683
1106	0.5092180546726
1107	0.521614748887476
1108	0.517482517482518
1109	0.517482517482518
1110	0.627463445645264
1111	0.610934520025429
1112	0.610934520025429
1113	0.648124602670057
1114	0.656389065479975
1115	0.635727908455181
1116	0.336300063572791
1117	0.34043229497775
1118	0.251112523839797
1119	0.242848061029879
1120	0.230451366815003
1121	0.213922441195169
1122	0.197393515575334
1123	0.189129052765416
1124	0.261919898283535
1125	0.261919898283535
1126	0.330578512396694
1127	0.305785123966942
1128	0.237126509853783
1129	0.232994278448824
1130	0.216465352828989
1131	0.318181818181818
1132	0.297520661157025
1133	0.249523204068659
1134	0.399237126509854
1135	0.424030514939606
1136	0.419898283534647
1137	0.270184361093452
1138	0.266052129688493
1139	0.257787666878576
1140	0.2453909726637
1141	0.241258741258741
1142	0.309917355371901
1143	0.293388429752066
1144	0.301652892561983
1145	0.272727272727273
1146	0.18340750158932
1147	0.187539732994279
1148	0.204068658614113
1149	0.28099173553719
1150	0.341385886840433
1151	0.370311506675143
1152	0.366179275270185
1153	0.366179275270185
1154	0.353782581055309
1155	0.451366815003179
1156	0.438970120788303
1157	0.51589319771138
1158	0.503496503496504
1159	0.503496503496504
1160	0.499364272091545
1161	0.584551811824539
1162	0.507628734901462
1163	0.511760966306421
1164	0.532422123331214
1165	0.609345200254291
1166	0.540686586141132
1167	0.472027972027972
1168	0.399237126509854
1169	0.382708200890019
1170	0.118881118881119
1171	0.243801652892562
1172	0.223140495867769
1173	0.223140495867769
1174	0.231404958677686
1175	0.308328035600763
1176	0.320724729815639
1177	0.308328035600763
1178	0.235537190082645
1179	0.158614113159568
1180	0.162746344564527
1181	0.179275270184361
1182	0.162746344564527
1183	0.312460267005722
1184	0.295931341385887
1185	0.185950413223141
1186	0.100762873490146
1187	0.0594405594405595
1188	0.0718372536554356
1189	0.0553083280356009
1190	0.0511760966306423
1191	0.0139860139860142
1192	0.0263827082008903
1193	-0.0546726001271455
1194	-0.0505403687221867
1195	-0.087730451366815
1196	-0.152256834075016
1200	-0.181182453909726
1312	0.133820724729816
1313	0.210743801652893
1314	0.206611570247934
1315	0.190082644628099
1316	0.198347107438017
1317	0.267005721551176
1318	0.271137952956135
1319	0.250476795931342
1320	0.181818181818182
1321	0.279402415766052
1322	0.210743801652893
1323	0.227272727272727
1324	0.133820724729816
1325	0.133820724729816
1326	0.12142403051494
1327	0.109027336300064
1328	0.027972027972028
1329	0.0197075651621108
1330	0.0197075651621108
1331	0.092498410680229
1332	0.113159567705022
1333	0.0362364907819454
1334	0.0321042593769868
1335	0.040368722186904
1336	0.0362364907819454
1337	0.027972027972028
1338	0.00317863954227593
1339	-0.00921805467260006
1340	-0.0133502860775587
1341	0.0677050222504769
1342	0.0553083280356009
1343	-0.0174825174825175
1344	0.0553083280356009
1345	0.0594405594405595
1346	0.0759694850603944
1347	0.115702479338843
1348	0.0511760966306423
1349	-0.0422759059122695
1350	-0.0422759059122695
1351	-0.034011443102352
1352	-0.0422759059122695
1353	-0.123331214240305
1354	-0.13986013986014
1355	-0.0546726001271455
1356	0.0702479338842975
1357	-0.0397329942784487
1358	-0.03560076287349
1359	0.0371900826446282
1360	-0.00413223140495855
1361	-0.0123966942148761
1362	0.00413223140495877
1363	0.0893197711379531
1364	0.109980928162747
1365	0.162110616656071
1366	0.174507310870947
1367	0.101716465352829
1368	0.00826446280991744
1369	-0.00826446280991733
1370	0.00413223140495877
1371	0.00826446280991744
1372	0.00826446280991744
1373	0.012396694214876
1374	0.0810553083280359
1375	-0.0686586141131594
1376	0.012396694214876
1377	-0.0727908455181181
1378	-0.0686586141131594
1379	-0.0603941513032421
1380	-0.145581691036236
1381	-0.153846153846154
1382	-0.114113159567705
1383	-0.170375079465989
1384	-0.239033693579148
1385	-0.247298156389065
1386	-0.251430387794024
1387	-0.122377622377622
1388	-0.134774316592498
1389	-0.109980928162746
1390	-0.0975842339478701
1391	-0.105848696757788
1392	-0.239033693579148
1393	-0.205975842339479
1394	-0.218372536554355
1397	-0.156389065479974
1398	-0.164653528289892
1435	-0.371265098537826
1436	-0.408455181182454
1437	-0.358868404322949
1438	-0.29020979020979
1439	-0.315003178639542
1440	-0.233947870311507
1441	-0.250476795931341
1442	-0.2546090273363
1443	-0.250476795931341
1444	-0.238080101716465
1445	-0.165289256198347
1446	-0.144628099173554
1447	-0.238080101716465
1448	-0.315003178639542
1449	-0.277813095994914
1450	-0.188493324856961
1451	-0.19262555626192
1452	-0.265416401780038
1453	-0.184361093452002
1454	-0.15702479338843
1455	-0.0924984106802285
1456	-0.206611570247934
1457	-0.206611570247934
1458	-0.275270184361093
1459	-0.283534647171011
1460	-0.300063572790845
1461	-0.466306420851875
1462	-0.453909726636999
1463	-0.503496503496503
1464	-0.511760966306421
1469	-0.520025429116338
1483	-0.458041958041958
1484	-0.48283534647171
1485	-0.495232040686586
1487	-0.486967577876669
1488	-0.503496503496503
1498	-0.302606484424666
1499	-0.286077558804832
1500	-0.281945327399873
1501	-0.29020979020979
1502	-0.269548633184997
1503	-0.257151938970121
1504	-0.253019707565162
1505	-0.317546090273363
1506	-0.32581055308328
1507	-0.342339478703115
1508	-0.350603941513032
1509	-0.367132867132867
1511	-0.346471710108074
1512	-0.338207247298156
1513	-0.38779402415766
1514	-0.391926255562619
1552	-0.0257469802924347
1553	0.0470438652256835
1554	0.0594405594405595
1555	0.140495867768595
1556	0.209154481881755
1557	0.229815638906548
1558	0.233947870311507
1559	0.250476795931342
1560	0.2546090273363
1561	0.258741258741259
1562	0.262873490146218
1563	0.2546090273363
1564	0.233947870311507
1565	0.238080101716466
1566	0.0759694850603944
1567	0.0635727908455183
1568	0.0635727908455183
1569	-0.0216147488874761
1570	0.0677050222504769
1571	0.15702479338843
1572	0.242212333121424
1573	0.331532104259377
1574	0.310870947234584
1575	0.331532104259377
1576	0.246344564526383
1577	0.310870947234584
1578	0.246344564526383
1579	0.221551176096631
1580	0.217418944691672
1581	0.092498410680229
1582	0.181818181818182
1583	0.190082644628099
1584	0.185950413223141
1585	0.202479338842975
1586	0.190082644628099
1587	0.185950413223141
1588	0.0238397965670694
1589	-0.0406865861411315
1590	0.0238397965670694
1591	-0.0489510489510488
1592	-0.0530832803560075
1593	-0.0654799745708835
1594	-0.0778766687857595
1595	-0.0696122059758422
1596	-0.0861411315956769
1597	-0.0985378258105529
1598	-0.10680228862047
1599	-0.110934520025429
1600	-0.10680228862047
1601	0.119834710743802
1602	0.111570247933884
1603	0.136363636363636
1604	0.144628099173554
1605	0.136363636363636
1606	0.0594405594405595
1607	-0.0257469802924347
1608	0.0594405594405595
1609	0.0387794024157663
1610	0.0991735537190084
1611	0.111570247933884
1612	0.163699936427209
1613	0.0578512396694215
1614	0.0330578512396694
1615	0.0371900826446282
1616	0.101716465352829
1617	0.0727908455181185
1618	-0.0289256198347108
1619	-0.089319771137953
1620	0.0603941513032424
1621	0.0521296884933251
1622	0.23490146217419
1623	0.222504767959314
1624	0.287031150667515
1625	0.291163382072473
1626	0.239033693579148
1627	0.247298156389066
1628	0.174507310870947
1629	0.191036236490782
1630	0.16624284806103
1631	0.157978385251113
1632	0.153846153846154
1633	0.157978385251113
1634	0.137317228226319
1635	0.205975842339479
1636	0.100127145581691
1637	-0.122377622377622
1638	-0.118245390972664
1639	0.0232040686586144
1640	0.00254291163382092
1641	0.0273363000635731
1642	0.112523839796567
1643	0.129052765416402
1644	-0.0289256198347108
1645	-0.114113159567705
1646	-0.16624284806103
1647	-0.195168467895741
1648	-0.00413223140495855
1649	0.105848696757788
1650	0.340750158931977
1651	0.344882390336936
1652	0.361411315956771
1653	0.377940241576605
1654	0.471392244119517
1655	0.4631277813096
1656	0.321678321678322
1657	0.317546090273363
1658	0.167832167832168
1659	0.321678321678322
1660	0.334075015893198
1661	0.334075015893198
1662	0.32581055308328
1663	0.56071201525747
1664	0.577240940877305
1665	0.568976478067387
1666	0.606166560712015
1667	0.703750794659886
1668	0.707883026064844
1669	0.736808645899555
1670	0.85092180546726
1671	0.773998728544183
1672	0.888111888111888
1673	0.88397965670693
1674	0.896376350921806
1675	0.900508582326764
1676	0.973299427844882
1677	1.02129688493325
1678	0.992371265098538
1679	0.95518118245391
1680	0.959313413858869
1681	1.04863318499682
1682	1.1048951048951
1683	1.12968849332486
1684	0.967577876668786
1685	0.975842339478703
1686	0.773998728544183
1687	0.761602034329307
1688	0.817863954227591
1689	0.809599491417674
1690	0.740940877304514
1691	0.740940877304514
1692	0.834392879847425
1693	0.838525111252384
1694	0.838525111252384
1695	0.705340114431024
1696	0.721869040050858
1697	0.713604577240941
1698	0.726001271455817
1699	0.559758423394787
1700	0.543229497774952
1701	0.514303877940242
1702	0.501907183725366
1703	0.383661792752702
1704	0.363000635727909
1705	0.342339478703115
1706	0.329942784488239
1707	0.342339478703115
1708	0.277813095994914
1709	0.273680864589956
1710	0.269548633184997
1711	0.115702479338843
1712	0.0387794024157663
1713	-0.00921805467260006
1714	0.00317863954227593
1715	0.027972027972028
1716	0.027972027972028
1717	0.117291799109981
1718	0.0610298792116976
1719	0.0692943420216149
1720	0.000635727908455341
1721	0.0899554990464082
1722	0.0816910362364908
1723	0.0858232676414495
1725	0.0212968849332487
1726	-0.00349650349650343
1727	-0.0117609663064209
1728	-0.0324221233312141
1729	0.05276541640178
1730	0.05276541640178
1731	0.0568976478067388
1732	0.0445009535918628
1733	0.0445009535918628
1734	0.181818181818182
1735	0.173553719008265
1736	0.250476795931342
1737	0.335664335664336
1738	0.339796567069295
1739	0.331532104259377
1740	0.356325492689129
1741	0.360457724094088
1742	0.258741258741259
1743	0.343928798474253
1744	0.348061029879212
1745	0.352193261284171
1746	0.335664335664336
1747	0.319135410044501
1748	0.335664335664336
1749	0.315003178639543
1750	0.238080101716466
1751	0.315003178639543
1752	0.400190718372537
1753	0.250476795931342
1754	0.310870947234584
1755	0.306738715829625
1756	0.277813095994914
1757	0.205022250476796
1758	0.286077558804832
1759	0.281945327399873
1760	0.29020979020979
1761	0.205022250476796
1762	0.200890019071837
1763	0.286077558804832
1764	0.213286713286713
1765	0.107438016528926
1766	0.188493324856961
1767	0.167832167832168
1768	0.107438016528926
1769	0.119834710743802
1770	-0.0216147488874761
1771	-0.0861411315956769
1777	-0.00349650349650343
1778	0.0982199618563255
1779	0.0734265734265734
1780	0.0692943420216149
1781	0.05276541640178
1782	0.0816910362364908
1783	0.0858232676414495
1784	0.065162110616656
1785	0.154481881754609
1786	0.166878575969485
1787	0.0899554990464082
1788	0.0982199618563255
1789	0.0940877304513668
1790	0.102352193261284
1791	0.162746344564527
1792	0.324856961220598
1793	0.239669421487603
1794	0.166878575969485
1795	0.179275270184361
1796	0.256198347107438
1797	0.276859504132231
1798	0.272727272727273
1799	0.162746344564527
1800	0.235537190082645
1801	0.227272727272727
1802	0.146217418944692
1803	0.142085187539733
1804	0.100762873490146
1805	0.15702479338843
1806	0.140495867768595
1807	0.277813095994914
1808	0.29020979020979
1809	0.363000635727909
1810	0.334075015893198
1811	0.338207247298156
1812	0.253019707565162
1813	0.171964399237127
1814	0.244755244755245
1815	0.184361093452003
1816	0.180228862047044
1817	0.176096630642085
1818	0.171964399237127
1819	0.338207247298156
1820	0.346471710108074
1821	0.248887476160203
1822	0.32581055308328
1823	0.301017164653528
1824	0.301017164653528
1825	0.369675778766688
1826	0.29688493324857
1827	0.22822631913541
1828	0.163699936427209
1829	0.155435473617292
1830	0.143038779402416
1831	0.138906547997457
1832	0.0661157024793388
1833	0.0619834710743803
1834	0.0743801652892563
1835	0.0743801652892563
1836	-0.00667514303877936
1837	0.0139860139860142
1838	0.00158931977113819
1839	0.0222504767959315
1840	0.0511760966306423
1841	0.0429116338207249
1842	0.0553083280356009
1843	-0.10680228862047
1844	-0.119198982835346
1847	-0.119198982835346
1848	-0.123331214240305
1849	-0.00254291163382059
1850	-0.164653528289892
1851	-0.087730451366815
1852	-0.0794659885568976
1853	-0.0794659885568976
1854	-0.0794659885568976
1855	-0.164653528289892
1856	-0.172917991099809
1857	-0.177050222504768
1950	-0.54481881754609
1951	-0.565479974570884
1952	-0.594405594405594
1953	-0.602670057215511
1954	-0.525746980292434
1955	-0.371900826446281
1956	-0.395104895104895
1957	-0.386840432294977
1958	-0.386840432294977
1959	-0.459631277813096
1960	-0.536554354736173
1961	-0.503496503496503
1962	-0.520025429116338
1963	-0.51589319771138
1964	-0.478703115066751
1969	-0.38525111252384
1970	-0.486967577876669
2024	-0.0696122059758422
2025	-0.0406865861411315
2026	0.0692943420216149
2027	0.0775588048315322
2028	0.0899554990464082
2029	0.0940877304513668
2030	0.0336935791481248
2031	0.029561347743166
2036	-0.110934520025429
2037	-0.102670057215512
2038	-0.102670057215512
2039	-0.0944055944055944
2040	-0.0985378258105529
2041	-0.127463445645264
2042	-0.0422759059122695
2043	-0.0464081373172283
2044	0.0305149396058487
2045	0.0950413223140495
2046	0.0098537825810554
2047	0.0867768595041323
2048	-0.010807374443738
2049	0.0098537825810554
2050	0.167832167832168
2051	0.171964399237127
2052	0.171964399237127
2053	0.32581055308328
2054	0.321678321678322
2055	0.334075015893198
2056	0.313413858868404
2057	0.276223776223776
2058	0.195168467895741
2059	0.203432930705658
2060	0.0975842339478705
2061	0.0727908455181185
2062	-0.0123966942148761
2063	-0.0206611570247932
2064	-0.0330578512396693
2065	-0.0454545454545452
2066	0.0232040686586144
2067	0.0438652256834078
2068	0.0603941513032424
2069	0.0686586141131598
2070	0.157978385251113
2071	0.141449459631278
2072	0.182771773680865
2073	0.182771773680865
2074	0.157978385251113
2075	0.129052765416402
2076	0.129052765416402
2077	0.133184996821361
2078	0.129052765416402
2079	0.266369993642721
2080	0.116656071201526
2081	0.0438652256834078
2082	0.185314685314686
2083	0.112523839796567
2084	0.124920534011443
2085	0.137317228226319
2086	-0.0206611570247932
2087	-0.0413223140495869
2088	0.0108073744437385
2089	-0.151303242212333
2090	-0.049586776859504
2091	-0.0785123966942147
2092	-0.176096630642085
2093	-0.155435473617292
2094	-0.176096630642085
2095	-0.103305785123967
2096	-0.15956770502225
2097	-0.151303242212333
2098	-0.15956770502225
2099	-0.147171010807374
2100	-0.0785123966942147
2101	-0.0909090909090908
2102	-0.119834710743802
2103	-0.0677050222504765
2104	-0.0759694850603938
2105	-0.0677050222504765
2106	-0.0635727908455177
2107	0.0505403687221873
2108	-0.200890019071837
2109	-0.200890019071837
2110	-0.184361093452002
2111	-0.167832167832168
2112	-0.167832167832168
2113	-0.248887476160203
2114	-0.317546090273363
2120	-0.255562619198983
2121	-0.259694850603941
2122	-0.174507310870947
2123	-0.157978385251112
2124	-0.210108073744437
2125	-0.214240305149396
2168	-0.123331214240305
2171	-0.148124602670057
2172	-0.13986013986014
2173	-0.123331214240305
2174	-0.131595677050222
2175	-0.115066751430388
2176	-0.102670057215512
2177	-0.0257469802924347
2178	-0.0464081373172283
2179	-0.0464081373172283
2180	-0.0588048315321044
2181	-0.034011443102352
2182	-0.102670057215512
2183	-0.102670057215512
2184	-0.127463445645264
2185	-0.135727908455181
2186	-0.119198982835346
2192	-0.148124602670057
2193	-0.16878575969485
2194	-0.087730451366815
2195	-0.100127145581691
2196	-0.0149396058486966
2197	-0.0149396058486966
2198	-0.0397329942784487
2199	0.0934520025429119
2200	0.0851875397329945
2201	0.101716465352829
2202	0.0165289256198348
2203	-0.00413223140495855
2204	-0.047997457088366
2205	-0.0314685314685315
2206	-0.010807374443738
2207	0.0619834710743803
2208	0.0578512396694215
2209	0.118245390972664
2210	0.13064208518754
2211	0.114113159567705
2212	0.012396694214876
2213	-0.089319771137953
2214	-0.0810553083280354
2215	-0.089319771137953
2216	-0.00826446280991733
2217	-0.0686586141131594
2218	-0.0686586141131594
2219	-0.0603941513032421
2220	-0.0397329942784487
2221	-0.0314685314685315
2222	-0.0562619198982834
2223	-0.03560076287349
2224	-0.0397329942784487
2225	-0.0314685314685315
2226	-0.00667514303877936
2227	0.00572155117609663
2228	-0.131595677050222
2229	-0.10680228862047
2254	0.015575333757152
2255	0.0197075651621108
2256	0.0486331849968213
2257	0.0486331849968213
2258	0.0610298792116976
2259	0.0445009535918628
2260	0.0197075651621108
2261	0.0073108709472347
2262	0.0801017164653529
2263	0.148760330578512
2264	0.165289256198347
2265	0.213286713286713
2266	0.209154481881755
2267	0.233947870311507
2268	0.286077558804832
2269	0.213286713286713
2270	0.221551176096631
2271	0.200890019071837
2272	0.188493324856961
2273	0.180228862047044
2274	0.184361093452003
2275	0.188493324856961
2276	0.205022250476796
2277	0.277813095994914
2278	0.367132867132867
2279	0.298474253019708
2280	0.302606484424666
2281	0.221551176096631
2282	0.209154481881755
2283	0.128099173553719
2284	0.0470438652256835
2285	0.0677050222504769
2286	0.15702479338843
2287	0.246344564526383
2288	0.32326764144946
2289	0.238080101716466
2290	0.0553083280356009
2291	0.128099173553719
2292	0.115702479338843
2293	0.111570247933884
2294	0.12396694214876
2295	0.115702479338843
2296	0.144628099173554
2297	0.229815638906548
2298	0.128099173553719
2299	0.0594405594405595
2300	0.00158931977113819
2301	-0.0546726001271455
2302	-0.0753337571519388
2303	-0.0794659885568976
2304	-0.152256834075016
2305	-0.156389065479974
2306	-0.172917991099809
2307	-0.160521296884933
2308	-0.160521296884933
2314	-0.087730451366815
2315	-0.10425937698665
2316	-0.100127145581691
2317	-0.0794659885568976
2318	-0.0505403687221867
2319	-0.0381436745073107
2320	-0.0381436745073107
2321	-0.0670692943420216
2322	-0.119198982835346
2427	-0.230769230769231
2428	-0.239033693579148
2429	-0.247298156389065
2433	-0.153846153846154
2434	-0.178639542275906
2435	-0.219961856325492
2436	-0.215829624920534
2437	-0.22822631913541
2438	-0.305149396058487
2439	-0.32581055308328
2449	-0.354736172917991
2450	-0.298474253019707
2451	-0.327399872854418
2452	-0.327399872854418
2453	-0.400190718372536
2458	-0.42085187539733
2459	-0.339796567069294
2460	-0.348061029879212
2461	-0.283534647171011
2462	-0.364589955499046
2463	-0.470438652256834
2464	-0.410044500953592
2465	-0.418308963763509
2466	-0.426573426573427
2467	-0.438970120788303
2468	-0.430705657978385
2469	-0.528289891926255
2470	-0.507628734901462
2471	-0.48283534647171
2472	-0.466306420851875
2473	-0.304195804195804
2474	-0.283534647171011
2475	-0.283534647171011
2476	-0.283534647171011
2477	-0.279402415766052
2478	-0.275270184361093
2479	-0.267005721551176
2480	-0.267005721551176
2481	-0.258741258741259
2482	-0.271137952956135
2483	-0.308328035600763
2484	-0.300063572790845
2485	-0.381118881118881
2486	-0.372854418308964
2487	-0.364589955499046
2488	-0.360457724094088
2489	-0.339796567069294
2490	-0.331532104259377
2491	-0.271137952956135
2492	-0.267005721551176
2493	-0.416719643992371
2504	-0.334075015893197
2507	-0.391926255562619
2508	-0.396058486967578
2512	-0.371265098537826
2513	-0.375397329942784
2514	-0.29020979020979
2515	-0.310870947234584
2516	-0.339796567069294
2517	-0.331532104259377
2518	-0.38779402415766
2519	-0.391926255562619
2520	-0.319135410044501
2521	-0.315003178639542
2522	-0.383661792752702
2523	-0.371265098537826
2524	-0.354736172917991
2525	-0.408455181182454
2526	-0.433248569612206
2528	-0.42085187539733
2529	-0.441513032422123
2530	-0.343928798474253
2531	-0.279402415766052
2532	-0.18595041322314
2533	-0.198347107438017
2534	-0.117291799109981
2535	-0.133820724729815
2536	-0.113159567705022
2537	-0.0883661792752699
2538	-0.0883661792752699
2539	-0.242212333121424
2540	-0.323267641449459
2541	-0.273680864589955
2542	-0.253019707565162
2543	-0.305149396058487
2544	-0.305149396058487
2550	-0.321678321678322
2551	-0.32581055308328
2552	-0.32581055308328
2553	-0.244755244755245
2554	-0.265416401780038
2555	-0.244755244755245
2556	-0.32581055308328
2557	-0.354736172917991
2558	-0.358868404322949
2559	-0.350603941513032
2560	-0.358868404322949
2561	-0.261284170375079
2562	-0.0867768595041321
2563	0.0670692943420219
2564	0.0438652256834078
2565	0.0727908455181185
2566	0.00826446280991744
2567	-0.0727908455181181
2568	-0.0562619198982834
2569	-0.0397329942784487
2570	-0.145581691036236
2571	-0.162110616656071
2572	-0.105848696757788
2573	-0.101716465352829
2574	-0.122377622377622
2575	-0.114113159567705
2576	-0.114113159567705
2577	-0.147171010807374
2578	-0.0991735537190082
2579	-0.103305785123967
2580	-0.00985378258105496
2581	0.0066751430387797
2582	0.0232040686586144
2583	0.0066751430387797
2584	-0.0909090909090908
2585	0.00254291163382092
2586	-0.143038779402415
2587	-0.143038779402415
2588	-0.114113159567705
2589	-0.199300699300699
2590	-0.178639542275906
2591	-0.0165289256198347
2592	-0.0123966942148761
2593	-0.024793388429752
2594	-0.0371900826446281
2595	-0.0371900826446281
2596	-0.0702479338842974
2597	-0.188493324856961
2598	-0.346471710108074
2646	-0.248887476160203
2647	-0.257151938970121
2648	-0.342339478703115
2649	-0.342339478703115
2658	-0.371265098537826
2659	-0.400190718372536
2660	-0.302606484424666
2661	-0.315003178639542
2662	-0.412587412587412
2663	-0.383661792752702
2674	-0.350603941513032
2679	-0.408455181182454
2680	-0.400190718372536
2750	-0.429116338207247
2751	-0.38779402415766
2752	-0.367132867132867
2754	-0.371265098537826
2755	-0.379529561347743
2756	-0.371265098537826
2757	-0.433248569612206
2758	-0.412587412587412
2796	-0.279402415766052
2797	-0.356325492689129
2798	-0.360457724094088
2799	-0.376986649713922
2800	-0.368722186904005
2801	-0.275270184361093
2802	-0.262873490146217
2803	-0.283534647171011
2804	-0.267005721551176
2805	-0.283534647171011
2806	-0.258741258741259
2807	-0.275270184361093
2808	-0.225683407501589
2909	-0.383661792752702
2910	-0.302606484424666
2911	-0.306738715829625
2912	-0.319135410044501
2913	-0.229815638906548
2914	-0.269548633184997
2915	-0.236490781945327
2916	-0.248887476160203
2917	-0.180228862047044
2918	-0.248887476160203
2919	-0.244755244755245
2920	-0.236490781945327
2921	-0.219961856325492
2922	-0.219961856325492
2923	-0.313413858868404
2924	-0.292752701843611
2925	-0.276223776223776
2926	-0.2638270820089
2927	-0.272091544818818
2930	-0.230769230769231
2933	-0.20184361093452
2934	-0.177050222504768
2935	-0.164653528289892
2936	-0.131595677050222
2937	-0.143992371265098
2944	-0.10680228862047
2960	-0.10680228862047
2961	-0.0298792116973935
2962	-0.0422759059122695
2963	0.0950413223140495
2964	0.0702479338842975
2965	0.118245390972664
2966	0.114113159567705
2967	0.170375079465989
2968	0.170375079465989
2969	0.0934520025429119
2970	0.0975842339478705
2971	0.105848696757788
2972	0.2638270820089
2973	0.340750158931977
2974	0.33248569612206
2975	0.413541004450096
2976	0.438334392879848
2977	0.494596312778131
2978	0.425937698664972
2979	0.353146853146853
2980	0.280356007628735
2981	0.2638270820089
2982	0.369675778766688
2983	0.353146853146853
2984	0.344882390336936
2985	0.324221233312142
2986	0.328353464717101
2987	0.33248569612206
2988	0.2638270820089
2989	0.255562619198983
2990	0.276223776223776
2991	0.182771773680865
2992	0.13064208518754
2993	0.267959313413859
2994	0.357279084551812
2995	0.288620470438652
2996	0.215829624920534
2997	0.167832167832168
2998	0.19262555626192
2999	0.0429116338207249
3000	0.0553083280356009
3001	0.0073108709472347
3002	-0.0530832803560075
3004	-0.0282898919262555
3005	0.0321042593769868
3006	0.0842339478703117
3007	0.0966306420851878
3008	-0.0696122059758422
3027	-0.0448188175460901
3028	-0.0448188175460901
3039	-0.0737444373808009
3040	-0.0654799745708835
3041	0.0197075651621108
3042	0.0445009535918628
3043	0.0114431023521934
3044	0.0238397965670694
3045	0.12142403051494
3046	0.125556261919898
3047	0.117291799109981
3048	0.0486331849968213
3049	0.040368722186904
3050	0.027972027972028
3051	-0.0572155117609661
3052	0.065162110616656
3053	0.0816910362364908
3054	0.0734265734265734
3055	0.175143038779403
3056	0.212333121424031
3057	0.338842975206612
3058	0.4446916719644
3059	0.457088366179276
3060	0.465352828989193
3061	0.465352828989193
3062	0.371900826446281
3063	0.286713286713287
3064	0.363636363636364
3065	0.363636363636364
3066	0.371900826446281
3067	0.37603305785124
3068	0.37603305785124
3069	0.315638906547998
3070	0.336300063572791
3071	0.400826446280992
3072	0.409090909090909
3073	0.481881754609028
3074	0.461220597584234
3075	0.396694214876033
3076	0.400826446280992
3077	0.165924984106802
3080	0.170057215511761
3085	0.14113159567705
3086	0.149396058486968
3087	0.153528289891926
3330	-0.102670057215512
3331	-0.110934520025429
3332	-0.143992371265098
3333	-0.131595677050222
3334	-0.10680228862047
3335	-0.0944055944055944
3336	-0.0778766687857595
3341	-0.110934520025429
3342	-0.0902733630006356
3343	-0.110934520025429
3344	-0.0902733630006356
3345	-0.0944055944055944
3346	-0.0944055944055944
3347	-0.0820089001907183
3349	-0.102670057215512
3350	-0.10680228862047
3351	-0.10680228862047
3352	-0.0861411315956769
3353	-0.0944055944055944
3354	-0.0902733630006356
3355	-0.102670057215512
3356	-0.102670057215512
3357	-0.0944055944055944
3358	-0.10680228862047
3359	-0.110934520025429
3360	-0.123331214240305
3361	-0.131595677050222
3362	-0.119198982835346
3363	-0.0985378258105529
3373	-0.0902733630006356
3392	0.029561347743166
3393	0.0816910362364908
3394	0.0816910362364908
3395	0.0568976478067388
3396	0.0610298792116976
3397	0.0734265734265734
3398	0.065162110616656
3399	0.0238397965670694
3400	0.100762873490146
3401	0.117291799109981
3402	0.0445009535918628
3403	0.0445009535918628
3404	-0.0696122059758422
3405	-0.123331214240305
3406	-0.127463445645264
3407	-0.0588048315321044
3408	-0.135727908455181
3411	-0.123331214240305
3412	-0.127463445645264
3413	-0.119198982835346
3414	-0.131595677050222
3415	-0.148124602670057
3416	-0.152256834075016
3417	-0.181182453909726
3418	-0.189446916719644
3419	-0.13318499682136
3420	-0.141449459631278
3421	-0.141449459631278
3422	-0.129052765416402
3423	-0.230769230769231
3545	-0.110934520025429
3546	-0.0298792116973935
3547	-0.00921805467260006
3548	-0.0133502860775587
3549	0.0073108709472347
3550	-0.00921805467260006
3551	-0.0381436745073107
3552	-0.131595677050222
3553	-0.0464081373172283
3554	-0.0381436745073107
3555	-0.0985378258105529
3556	-0.127463445645264
3557	-0.127463445645264
3558	-0.131595677050222
3591	-0.38779402415766
3592	-0.391926255562619
3593	-0.42085187539733
3594	-0.437380801017165
3595	-0.433248569612206
3596	-0.376986649713922
3597	-0.300063572790845
3598	-0.206611570247934
3599	-0.21900826446281
3600	-0.194214876033058
3601	-0.109027336300063
3602	-0.177685950413223
3603	-0.152892561983471
3604	-0.188493324856961
3605	-0.176096630642085
3606	-0.205022250476796
3607	-0.19262555626192
3608	-0.19262555626192
3609	-0.213286713286713
3610	-0.209154481881755
3611	-0.161157024793388
3612	-0.181818181818182
3613	-0.121424030514939
3614	-0.0924984106802285
3615	-0.136363636363636
3616	-0.0991735537190082
3617	-0.138906547997457
3618	-0.126509853782581
3619	-0.109980928162746
3620	-0.0454545454545452
3621	0.0314685314685319
3622	0.0273363000635731
3623	0.0959949141767327
3624	0.0108073744437385
3625	-0.126509853782581
3626	-0.134774316592498
3627	-0.203432930705658
3628	-0.0537190082644627
3629	-0.0206611570247932
3630	0.064526382708201
3631	0.039732994278449
3632	-0.0289256198347108
3633	-0.13064208518754
3634	-0.22822631913541
3635	-0.224094087730451
3636	-0.0743801652892562
3637	-0.143038779402415
3638	-0.122377622377622
3639	-0.109980928162746
3640	-0.134774316592498
3641	-0.13064208518754
3642	-0.0975842339478701
3643	-0.024793388429752
3644	-0.0413223140495869
3645	-0.049586776859504
3646	-0.049586776859504
3647	-0.118245390972664
3648	-0.122377622377622
3649	-0.207565162110617
3650	-0.203432930705658
3651	-0.301017164653528
3652	-0.313413858868404
3653	-0.244755244755245
3654	-0.167832167832168
3655	-0.180228862047044
3656	-0.0718372536554353
3657	-0.233947870311507
3658	-0.242212333121424
3659	-0.298474253019707
3660	-0.233947870311507
3661	-0.22155117609663
3662	-0.184361093452002
3663	-0.155435473617292
3664	-0.284488239033693
3665	-0.114113159567705
3666	-0.207565162110617
3667	-0.122377622377622
3668	-0.105848696757788
3669	-0.0727908455181181
3670	0
3671	-0.0123966942148761
3672	-0.174507310870947
3673	-0.182771773680865
3674	-0.174507310870947
3675	-0.0206611570247932
3676	0
3677	0.0603941513032424
3678	0.0727908455181185
3679	-0.00413223140495855
3680	0.0206611570247934
3681	0.0371900826446282
3682	0.00826446280991744
3683	-0.0123966942148761
3684	0.0479974570883663
3685	0.141449459631278
3686	0.124920534011443
3687	0.141449459631278
3688	0.141449459631278
3689	0.0438652256834078
3690	0.0479974570883663
3691	0.0603941513032424
3692	-0.116656071201526
3693	-0.124920534011443
3694	-0.0959949141767323
3695	-0.100127145581691
3696	-0.193579148124603
3697	-0.193579148124603
3698	-0.214240305149396
3699	-0.16624284806103
3700	-0.182771773680865
3701	-0.292752701843611
3702	-0.284488239033693
3709	-0.309281627463445
3710	-0.321678321678322
3717	-0.257151938970121
3718	-0.257151938970121
3719	-0.261284170375079
3720	-0.232358550540369
3721	-0.32581055308328
3722	-0.22822631913541
3723	-0.240623013350286
3724	-0.248887476160203
3725	-0.155435473617292
3726	-0.232358550540369
3727	-0.244755244755245
3728	-0.232358550540369
3729	-0.224094087730451
3730	-0.151303242212333
3731	-0.0785123966942147
3732	0.0959949141767327
3733	0.0877304513668153
3734	0.0959949141767327
3735	0.014939605848697
3736	-0.0263827082008896
3737	-0.107438016528925
3738	-0.00572155117609641
3739	0.0232040686586144
3740	0.0232040686586144
3741	0.0959949141767327
3742	0.0066751430387797
3743	0.0108073744437385
3744	-0.00158931977113763
3745	0.0918626827717739
3746	0.322631913541005
3747	0.387158296249206
3748	0.411951684678958
3749	0.33916083916084
3750	0.347425301970757
3751	0.278766687857597
3752	0.274634456452638
3753	0.112523839796567
3754	0.449141767323586
3755	0.559122695486332
3756	0.509535918626828
3757	0.513668150031787
3758	0.509535918626828
3759	0.586458995549905
3760	0.598855689764781
3761	0.505403687221869
3762	0.497139224411952
3763	0.493006993006993
3764	0.642720915448188
3765	0.650985378258105
3766	0.561665607120153
3767	0.476478067387158
3768	0.297838525111253
3769	0.281309599491418
3770	0.362364907819454
3771	0.366497139224412
3772	0.411951684678958
3773	0.432612841703751
3774	0.363954227590592
3775	0.380483153210426
3776	0.392879847425302
3777	0.324221233312142
3778	0.365543547361729
3779	0.377940241576605
3780	0.373808010171647
3781	0.186904005085823
3782	-0.0397329942784487
3783	-0.112523839796567
3784	-0.141449459631278
3785	-0.120788302606484
3786	-0.120788302606484
3787	-0.0438652256834074
3788	0.0537190082644629
3789	0.0413223140495869
3896	-0.148124602670057
3897	-0.160521296884933
3898	-0.148124602670057
3899	-0.143992371265098
3900	-0.181182453909726
3901	-0.181182453909726
3904	-0.222504767959313
3905	-0.234901462174189
3906	-0.259694850603941
3910	-0.334075015893197
3911	-0.321678321678322
3912	-0.309281627463445
3913	-0.276223776223776
3914	-0.284488239033693
3915	-0.207565162110617
3916	-0.134774316592498
3917	-0.118245390972664
3918	-0.0371900826446281
3919	-0.0619834710743801
3920	-0.049586776859504
3921	-0.13064208518754
3922	-0.232358550540369
3923	-0.155435473617292
3924	-0.219961856325492
3925	-0.224094087730451
3926	-0.276223776223776
3927	-0.2638270820089
3928	-0.288620470438652
3929	-0.329942784488239
3930	-0.277813095994914
3931	-0.29020979020979
3934	-0.331532104259377
3935	-0.267005721551176
3936	-0.250476795931341
3937	-0.246344564526382
3938	-0.238080101716465
3939	-0.246344564526382
3940	-0.29020979020979
3941	-0.209154481881755
3942	-0.196757787666878
3943	-0.217418944691672
3944	-0.196757787666878
3945	-0.188493324856961
3946	-0.15956770502225
3947	-0.248887476160203
3948	-0.261284170375079
3949	-0.302606484424666
3950	-0.319135410044501
3951	-0.315003178639542
3952	-0.383661792752702
3953	-0.383661792752702
3955	-0.371265098537826
3956	-0.327399872854418
3957	-0.319135410044501
3958	-0.128099173553719
3959	-0.140495867768595
3960	-0.0553083280356006
3961	-0.0346471710108072
3962	-0.0677050222504765
3963	-0.152892561983471
3964	-0.140495867768595
3965	-0.0511760966306416
3966	-0.0346471710108072
3967	-0.0346471710108072
3968	0.0670692943420219
3969	0.0794659885568978
3970	-0.049586776859504
3971	-0.0371900826446281
3972	-0.0289256198347108
3973	0.137317228226319
3974	0.149713922441195
3975	0.174507310870947
3976	0.320089001907184
3977	0.230769230769231
3978	0.230769230769231
3979	0.251430387794024
3980	0.259694850603942
3981	0.255562619198983
3982	0.162110616656071
3983	0.182771773680865
3984	0.174507310870947
3985	0.186904005085823
3986	0.353146853146853
3987	0.284488239033694
3988	0.259694850603942
3989	0.320089001907184
3990	0.324221233312142
3991	0.320089001907184
3992	0.276223776223776
3993	0.288620470438652
3994	0.105848696757788
3995	-0.0123966942148761
3996	-0.0289256198347108
3997	-0.0289256198347108
3998	0.064526382708201
3999	0.064526382708201
4000	0.0686586141131598
4001	0.012396694214876
4002	0.012396694214876
4003	0.0289256198347109
4004	0.0247933884297522
4005	0.0371900826446282
4006	0.105848696757788
4007	0.0206611570247934
4008	0.0413223140495869
4009	-0.116656071201526
4010	0.0413223140495869
4011	0.0206611570247934
4012	-0.116656071201526
4013	-0.10425937698665
4014	-0.0794659885568976
4015	-0.0835982199618563
4016	-0.0753337571519388
4017	-0.0629370629370628
4018	-0.0464081373172283
4019	0.0511760966306423
4020	0.0305149396058487
4021	0.119834710743802
4022	-0.0422759059122695
4023	-0.0422759059122695
4024	-0.0216147488874761
4025	-0.0902733630006356
4026	-0.0737444373808009
4032	-0.0324221233312141
4033	-0.0324221233312141
4090	-0.391926255562619
4091	-0.319135410044501
4092	-0.246344564526382
4093	-0.335664335664336
4094	-0.2546090273363
4095	-0.319135410044501
4096	-0.242212333121424
4097	-0.225683407501589
4098	-0.265416401780038
4099	-0.253019707565162
4100	-0.207565162110617
4101	-0.199300699300699
4102	-0.0578512396694213
4103	-0.0619834710743801
4104	-0.126509853782581
4105	-0.0206611570247932
4106	-0.0123966942148761
4107	-0.00413223140495855
4108	-0.0165289256198347
4109	-0.0851875397329942
4110	-0.0123966942148761
4111	0.0273363000635731
4112	-0.00158931977113763
4113	0.014939605848697
4114	0.0066751430387797
4115	-0.0867768595041321
4116	-0.0785123966942147
4117	-0.0785123966942147
4118	-0.0950413223140496
4119	-0.0950413223140496
4120	-0.0909090909090908
4121	-0.0263827082008896
4122	-0.0139860139860137
4123	0.0422759059122697
4124	0.0381436745073112
4125	0.0464081373172285
4126	-0.0909090909090908
4127	-0.19262555626192
4128	-0.184361093452002
4129	-0.188493324856961
4130	-0.248887476160203
4131	-0.265416401780038
4132	-0.346471710108074
4133	-0.257151938970121
4134	-0.286077558804832
4135	-0.273680864589955
4136	-0.180228862047044
4137	-0.180228862047044
4138	-0.329942784488239
4139	-0.215829624920534
4140	-0.232358550540369
4141	-0.363000635727908
4142	-0.29020979020979
4143	-0.354736172917991
4144	-0.329942784488239
4145	-0.358868404322949
4155	-0.375397329942784
4156	-0.363000635727908
4157	-0.350603941513032
4158	-0.367132867132867
4162	-0.306738715829625
4163	-0.213286713286713
4164	-0.306738715829625
4165	-0.217418944691672
4166	-0.229815638906548
4167	-0.217418944691672
4168	-0.22155117609663
4169	-0.310870947234584
4170	-0.327399872854418
4171	-0.319135410044501
4172	-0.404322949777495
4173	-0.441513032422123
4174	-0.445645263827082
4176	-0.429116338207247
4177	-0.408455181182454
4180	-0.306738715829625
4181	-0.306738715829625
4182	-0.267005721551176
4183	-0.258741258741259
4184	-0.331532104259377
4185	-0.306738715829625
4186	-0.343928798474253
4187	-0.323267641449459
4188	-0.319135410044501
4189	-0.177685950413223
4190	-0.213286713286713
4191	-0.294342021614749
4192	-0.302606484424666
4193	-0.298474253019707
4194	-0.217418944691672
4195	-0.0635727908455177
4196	-0.0470438652256833
4197	-0.00317863954227571
4198	-0.15702479338843
4199	-0.233947870311507
4200	-0.238080101716465
4201	-0.327399872854418
4202	-0.242212333121424
4203	-0.242212333121424
4204	-0.238080101716465
4205	-0.22155117609663
4206	-0.180228862047044
4207	-0.184361093452002
4208	-0.171964399237126
4209	-0.0619834710743801
4210	-0.00572155117609641
4211	-0.0181182453909725
4212	-0.0909090909090908
4213	-0.0702479338842974
4214	-0.0826446280991735
4215	-0.0950413223140496
4216	-0.236490781945327
4217	-0.199300699300699
4218	-0.153846153846154
4219	-0.174507310870947
4220	-0.153846153846154
4221	-0.0686586141131594
4222	-0.0521296884933247
4223	-0.0438652256834074
4224	-0.0314685314685315
4225	-0.185314685314685
4226	-0.181182453909726
4227	-0.197711379529561
4228	-0.210108073744437
4229	-0.226636999364272
4230	-0.141449459631278
4237	-0.123331214240305
4239	-0.143992371265098
4240	-0.131595677050222
4241	-0.13986013986014
4242	-0.0546726001271455
4243	-0.0753337571519388
4244	-0.0959949141767323
4245	-0.177050222504768
4251	-0.135727908455181
4252	-0.16878575969485
4253	-0.16878575969485
4254	-0.164653528289892
4255	-0.0546726001271455
4256	-0.0918626827717736
4257	-0.172917991099809
4258	-0.164653528289892
4259	-0.087730451366815
4260	-0.0794659885568976
4261	-0.0670692943420216
4262	-0.0712015257469804
4263	-0.0422759059122695
4264	-0.034011443102352
4265	-0.0861411315956769
4286	-0.230769230769231
4304	-0.424984106802288
4305	-0.424984106802288
4306	-0.408455181182454
4307	-0.271137952956135
4308	-0.190082644628099
4309	0.0365543547361731
4310	0.0158931977113796
4311	0.00762873490146232
4312	0.0762873490146219
4313	-0.0403687221869038
4314	0.0200254291163384
4315	-0.00476795931341378
4316	-0.0212968849332484
4317	-0.154481881754609
4318	-0.0940877304513665
4319	-0.089955499046408
4320	-0.171010807374443
4321	-0.089955499046408
4322	-0.0692943420216146
4323	-0.0130324221233311
4324	-0.000635727908455008
4325	0.0117609663064209
4326	0.101080737444374
4327	0.134138588684043
4328	0.102670057215512
4329	0.204386522568341
4330	0.2085187539733
4331	0.204386522568341
4332	0.289574062301335
4333	0.318499682136046
4334	0.40368722186904
4335	0.387158296249206
4336	0.416083916083916
4337	0.347425301970757
4338	0.428480610298792
4339	0.351557533375715
4340	0.282898919262556
4341	0.295295613477432
4342	0.258105530832804
4343	0.129052765416402
4344	0.0562619198982839
4345	-0.182771773680865
4346	-0.145581691036236
4347	-0.0810553083280354
4348	-0.145581691036236
4349	-0.170375079465989
4350	-0.222504767959313
4351	-0.210108073744437
4352	-0.189446916719644
4353	-0.177050222504768
4358	-0.205975842339479
4368	-0.191036236490782
4369	-0.207565162110617
4370	-0.317546090273363
4371	-0.305149396058487
4372	-0.329942784488239
4373	-0.329942784488239
4378	-0.313413858868404
4379	-0.301017164653528
4380	-0.309281627463445
4381	-0.342339478703115
4382	-0.346471710108074
4384	-0.358868404322949
4385	-0.338207247298156
4386	-0.363000635727908
4387	-0.358868404322949
4388	-0.404322949777495
4389	-0.424984106802288
4390	-0.400190718372536
4391	-0.335664335664336
4392	-0.294342021614749
4393	-0.213286713286713
4475	-0.405912269548633
4476	-0.397647806738716
4477	-0.364589955499046
4478	-0.323267641449459
4479	-0.319135410044501
4480	-0.258741258741259
4481	-0.298474253019707
4482	-0.294342021614749
4483	-0.238080101716465
4484	-0.294342021614749
4485	-0.306738715829625
4486	-0.429116338207247
4487	-0.445645263827082
4488	-0.376986649713922
4489	-0.368722186904005
4490	-0.38525111252384
4491	-0.372854418308964
4492	-0.360457724094088
4493	-0.331532104259377
4494	-0.38779402415766
4503	-0.224094087730451
4504	-0.257151938970121
4554	-0.259694850603941
4663	-0.499364272091545
4664	-0.467895740623013
4665	-0.476160203432931
4666	-0.432294977749523
4667	-0.415766052129688
4668	-0.41163382072473
4669	-0.322314049586777
4670	-0.253655435473617
4671	-0.17673235855054
4672	-0.0998092816274632
4673	-0.0874125874125873
4674	-0.147806738715829
4675	-0.147806738715829
4676	-0.172600127145581
4677	-0.17673235855054
4678	-0.0791481246026697
4679	-0.0750158931977112
4680	-0.0584869675778763
4681	-0.0584869675778763
4682	0.0184361093452006
4683	0.0308328035600764
4684	0.0597584233947872
4685	0.0225683407501589
4686	-0.054354736172918
4687	-0.106484424666243
4688	-0.123013350286077
4689	-0.118881118881119
4690	-0.106484424666243
4691	-0.143674507310871
4692	-0.143674507310871
4693	-0.0460902733630004
4694	-0.11474888747616
4695	-0.268595041322314
4696	-0.324856961220597
4697	-0.308328035600763
4698	-0.458041958041958
4699	-0.449777495232041
4700	-0.429116338207247
4701	-0.437380801017165
4728	-0.474570883661793
4738	-0.466306420851875
4739	-0.42085187539733
4740	-0.400190718372536
4741	-0.42085187539733
4742	-0.441513032422123
4743	-0.424984106802288
4744	-0.339796567069294
4745	-0.343928798474253
4746	-0.271137952956135
4747	-0.233947870311507
4748	-0.217418944691672
4749	-0.302606484424666
4750	-0.196757787666878
4751	-0.196757787666878
4752	-0.273680864589955
4753	-0.358868404322949
4754	-0.358868404322949
4755	-0.383661792752702
4760	-0.342339478703115
4761	-0.244755244755245
4763	-0.309281627463445
4767	-0.20184361093452
4768	-0.149713922441195
4769	-0.145581691036236
4770	-0.0934520025429115
4771	-0.191036236490782
4772	-0.301017164653528
4773	-0.305149396058487
4779	-0.301017164653528
4781	-0.288620470438652
4783	-0.203432930705658
4784	-0.207565162110617
4785	-0.155435473617292
4786	-0.261284170375079
4787	-0.240623013350286
4788	-0.244755244755245
4789	-0.269548633184997
4790	-0.253019707565162
4791	-0.15956770502225
4792	-0.155435473617292
4793	-0.134774316592498
4794	-0.105848696757788
4795	-0.0123966942148761
4796	-0.0727908455181181
4797	-0.145581691036236
4798	-0.162110616656071
4799	-0.234901462174189
4800	-0.174507310870947
4801	-0.182771773680865
4802	-0.191036236490782
4803	-0.276223776223776
4807	-0.218372536554355
4808	-0.177050222504768
4809	-0.181182453909726
4810	-0.20184361093452
4811	-0.234901462174189
4812	-0.230769230769231
4813	-0.218372536554355
4814	-0.0645263827082009
4815	-0.145581691036236
4816	-0.137317228226319
4817	-0.141449459631278
4818	-0.170375079465989
4819	-0.251430387794024
4820	-0.2638270820089
4822	-0.230769230769231
4823	-0.195168467895741
4824	-0.122377622377622
4825	-0.13064208518754
4826	-0.111570247933884
4827	-0.188493324856961
4828	-0.19262555626192
4829	-0.132231404958678
4830	-0.132231404958678
4831	-0.205022250476796
4832	-0.188493324856961
4833	-0.111570247933884
4834	-0.103305785123967
4835	-0.132231404958678
4836	-0.205022250476796
4837	-0.200890019071837
4838	-0.200890019071837
4839	-0.12396694214876
4840	-0.115702479338843
4841	-0.0677050222504765
4842	0.10680228862047
4843	0.123331214240305
4844	0.179593134138589
4845	0.264780673871583
4846	0.314367450731087
4847	0.411951684678958
4848	0.50127145581691
4849	0.56993006993007
4850	0.395422759059123
4851	0.484742530197076
4852	0.505403687221869
4853	0.509535918626828
4854	0.538461538461539
4855	0.538461538461539
4856	0.619516846789574
4857	0.679910998092816
4858	0.615384615384616
4859	0.567387158296249
4860	0.478067387158296
4861	0.494596312778131
4862	0.450731087094724
4863	0.450731087094724
4864	0.442466624284806
4865	0.450731087094724
4866	0.43006993006993
4867	0.442466624284806
4868	0.446598855689765
4869	0.357279084551812
4870	0.369675778766688
4871	0.479656706929434
4872	0.483788938334393
4873	0.467260012714558
4874	0.625238397965671
4875	0.56071201525747
4876	0.625238397965671
4877	0.65829624920534
4878	0.577240940877305
4879	0.435791481246027
4880	0.342339478703115
4881	0.277813095994914
4882	0.224094087730451
4883	0.147171010807375
4884	0.0495867768595043
4885	-0.00667514303877936
4886	0.0181182453909726
4887	-0.0546726001271455
4888	-0.0505403687221867
4889	-0.13986013986014
4890	-0.143992371265098
4896	-0.189446916719644
4897	-0.189446916719644
4898	-0.185314685314685
4899	-0.20184361093452
4900	-0.13318499682136
4901	-0.153846153846154
4902	-0.145581691036236
4903	-0.16624284806103
4904	-0.178639542275906
4905	-0.178639542275906
4906	-0.109980928162746
4907	-0.155435473617292
4908	-0.0661157024793386
4909	0.156389065479975
4910	-0.00158931977113763
4911	0.0546726001271458
4912	-0.0263827082008896
4913	-0.103305785123967
4914	-0.180228862047044
4915	-0.12396694214876
4916	-0.0305149396058484
4917	-0.0470438652256833
4918	-0.0263827082008896
4919	-0.0346471710108072
4920	-0.0305149396058484
4921	-0.0553083280356006
4922	-0.0883661792752699
4923	-0.125556261919898
4924	-0.0775588048315319
4925	-0.0775588048315319
4926	0.0158931977113796
4927	0.0365543547361731
4928	0.101080737444374
4929	0.169739351557534
4930	0.0406865861411319
4931	0.0117609663064209
4932	-0.036236490781945
4933	0.024157660521297
4934	0.0762873490146219
4935	0.169739351557534
4936	0.109345200254291
4937	0.0200254291163384
4938	0.024157660521297
4939	0.0721551176096631
4940	0.0721551176096631
4941	0.161474888747616
4942	0.173871582962492
4943	0.105212968849333
4944	0.0638906547997458
4945	-0.0775588048315319
4946	-0.000635727908455008
4947	0.00762873490146232
4948	0.0200254291163384
4949	-0.00476795931341378
4950	-0.0254291163382072
4951	-0.0982199618563253
4952	-0.158614113159568
4953	-0.175143038779402
4954	-0.142085187539733
4955	-0.0568976478067384
4956	-0.0238397965670691
4957	-0.0486331849968211
4958	-0.0445009535918626
4959	0.105212968849333
4960	0.0117609663064209
4961	0.0638906547997458
4962	-0.0460902733630004
4963	-0.0667514303877939
4964	-0.156071201525747
4965	-0.228862047043865
4966	-0.103941513032422
4967	-0.0667514303877939
4968	-0.0667514303877939
4969	-0.11474888747616
4970	-0.195804195804196
4971	-0.268595041322314
4972	-0.293388429752066
4973	-0.264462809917355
4974	-0.252066115702479
4975	-0.308328035600763
4976	-0.158614113159568
4977	-0.239669421487603
4978	-0.247933884297521
4979	-0.227272727272727
4980	-0.146217418944691
4981	-0.235537190082645
4982	-0.239669421487603
4983	-0.223140495867769
4984	-0.0212968849332484
4985	-0.000635727908455008
4986	-0.000635727908455008
4987	0.0117609663064209
4988	0.0117609663064209
4989	0.024157660521297
4990	-0.00476795931341378
4991	0.00349650349650377
4992	-0.00890019071837234
4993	0.0324221233312143
4994	0.0572155117609663
4995	0.0133502860775592
4996	0.196122059758423
4997	0.160521296884933
4998	0.148124602670057
4999	0.225047679593134
5000	0.278766687857597
5001	0.27050222504768
5002	0.0877304513668153
5003	0.0505403687221873
5004	0.143992371265099
5005	0.143992371265099
5006	0.249841068022886
5007	0.318499682136046
5008	0.484742530197076
5009	0.480610298792117
5010	0.426891290527654
5011	0.470756516211062
5012	0.406230133502861
5013	0.364907819453274
5014	0.292116973935156
5015	0.27972027972028
5016	0.117609663064209
5017	0.21106166560712
5018	0.121741894469167
5019	0.0200254291163384
5020	-0.190082644628099
5021	-0.194214876033058
5022	-0.0403687221869038
5023	0.024157660521297
5024	0.0282898919262558
5025	0.024157660521297
5026	0.117609663064209
5027	0.109345200254291
5028	0.117609663064209
5029	0.186268277177368
5030	0.186268277177368
5031	0.109345200254291
5032	0.00762873490146232
5033	0.0638906547997458
5034	0.0721551176096631
5035	0.0556261919898284
5036	0.132549268912906
5037	0.140813731722823
5038	0.259059122695487
5039	0.352511125238398
5040	0.271455816910363
5041	0.283852511125239
5042	0.275588048315321
5043	0.190400508582327
5044	0.024157660521297
5045	0.0158931977113796
5046	0.0613477431659253
5047	0.00508582326764162
5048	-0.113159567705022
5049	0.0572155117609663
5050	0.0489510489510492
5051	0.0613477431659253
5052	0.0737444373808012
5053	-0.0197075651621106
5054	-0.0197075651621106
5055	0.0365543547361731
5056	0.0324221233312143
5057	0.024157660521297
5058	-0.0692943420216146
5059	-0.029561347743166
5060	0.0225683407501589
5061	0.0225683407501589
5062	0.0143038779402418
5063	0.0225683407501589
5064	0.164017800381437
5065	0.0829624920534013
5066	0.0746980292434842
5067	0.164017800381437
5068	0.0829624920534013
5069	0.0308328035600764
5070	0.0432294977749526
5071	-0.00476795931341378
5072	-0.00476795931341378
5073	-0.0336935791481243
5074	-0.102352193261284
5075	-0.158614113159568
5076	-0.158614113159568
5077	-0.18340750158932
5078	-0.285123966942149
5079	-0.28099173553719
5080	-0.28099173553719
5081	-0.106484424666243
5082	-0.0584869675778763
5083	0.116020343293071
5084	0.144945963127782
5085	-0.00476795931341378
5086	-0.00890019071837234
5087	-0.0130324221233311
5088	-0.0212968849332484
5089	-0.0130324221233311
5090	-0.0130324221233311
5091	-0.0610298792116972
5092	-0.0527654164017799
5093	0.0324221233312143
5094	-0.0279720279720277
5095	-0.161157024793388
5096	-0.233947870311507
5097	-0.250476795931341
5098	-0.339796567069294
5099	-0.343928798474253
5101	-0.433248569612206
5102	-0.449777495232041
5104	-0.429116338207247
5105	-0.275270184361093
5106	-0.271137952956135
5107	-0.235537190082645
5108	-0.31659249841068
5109	-0.239669421487603
5110	-0.231404958677686
5111	-0.162746344564526
5112	-0.18340750158932
5113	-0.18340750158932
5114	-0.158614113159568
5115	-0.179275270184361
5116	-0.154481881754609
5117	-0.333121424030515
5118	-0.393515575333757
5119	-0.486967577876669
5120	-0.393515575333757
5121	-0.368722186904005
5122	-0.372854418308964
5123	-0.21900826446281
5124	-0.137952956134774
5125	-0.0858232676414492
5126	-0.0816910362364907
5127	-0.0858232676414492
5128	-0.106484424666243
5129	-0.11474888747616
5130	-0.106484424666243
5131	-0.0212968849332484
5132	0.0556261919898284
5133	0.0721551176096631
5134	0.18213604577241
5135	0.165607120152575
5136	0.173871582962492
5137	0.0928162746344565
5138	0.11347743165925
5139	0.0928162746344565
5140	-0.00890019071837234
5141	-0.166878575969485
5142	-0.0858232676414492
5143	-0.117291799109981
5144	-0.129688493324857
5145	-0.169421487603306
5146	-0.0445009535918626
5147	-0.0486331849968211
5148	-0.0321042593769865
5149	0.0200254291163384
5150	0.0158931977113796
5151	0.105212968849333
5152	0.263191354100445
5153	0.296249205340115
5154	0.27972027972028
5155	0.194532739987286
5156	0.173871582962492
5157	0.173871582962492
5158	0.165607120152575
5159	0.0158931977113796
5160	-0.000635727908455008
5161	-0.0568976478067384
5162	0.024157660521297
5163	0.0324221233312143
5164	0.0448188175460904
5165	-0.0238397965670691
5166	-0.0155753337571516
5167	-0.0801017164653526
5168	-0.144628099173554
5169	-0.119834710743802
5170	-0.15702479338843
5171	-0.258741258741259
5172	-0.295931341385887
5173	-0.283534647171011
5174	-0.300063572790845
5175	-0.129688493324857
5176	-0.158614113159568
5177	-0.179275270184361
5178	-0.171010807374443
5179	-0.187539732994278
5180	-0.0460902733630004
5181	0.0184361093452006
5182	-0.00222504767959286
5183	-0.0956770502225046
5184	-0.0559440559440558
5185	-0.0518118245390971
5186	-0.0120788302606483
5187	-0.00381436745073072
5188	-0.126191989828353
5189	-0.159249841068023
5190	-0.163382072472981
5191	-0.179910998092816
5192	-0.269230769230769
5193	-0.281627463445645
5194	-0.123649078194532
5195	-0.136045772409408
5196	-0.115384615384615
5197	-0.115384615384615
5198	-0.204704386522568
5199	-0.217101080737444
5200	-0.164971392244119
5201	-0.129370629370629
5202	-0.15829624920534
5203	-0.166560712015257
5204	-0.154164017800381
5205	-0.224411951684679
5206	-0.284806102987921
5207	-0.199618563254927
5208	-0.118563254926891
5209	-0.0457724094087726
5210	-0.041640178003814
5211	-0.203750794659885
5212	-0.203750794659885
5213	-0.191354100445009
5214	-0.260012714558169
5215	-0.25588048315321
5216	-0.328671328671329
5217	-0.264144945963127
5218	-0.393197711379529
5219	-0.393197711379529
5220	-0.262555626191989
5221	-0.351875397329942
5222	-0.387476160203433
5223	-0.480928162746344
5224	-0.387476160203433
5225	-0.233630006357279
5226	-0.212968849332485
5227	-0.208836617927527
5228	-0.0591226954863315
5229	0.0136681500317866
5230	-0.119516846789574
5231	-0.13191354100445
5232	-0.136045772409408
5233	0.0178003814367453
5234	0.00540368722186924
5235	0.074062301335029
5236	0.0301970756516214
5237	-0.030197075651621
5238	-0.0178003814367449
5239	0.0136681500317866
5240	-0.0235219326128417
5241	0.0905912269548637
5242	0.10298792116974
5243	0.0508582326764146
5244	-0.0219326128417034
5245	-0.102987921169739
5246	-0.111252383979656
5247	-0.136045772409408
5248	-0.0591226954863315
5249	0.0301970756516214
5250	0.117927527018436
5251	0.10553083280356
5252	0.0848696757787666
5253	-0.0085823267641445
5254	-0.0143038779402416
5255	-0.0432294977749521
5256	-0.11347743165925
5257	0.137952956134774
5258	0.210743801652892
5259	0.198347107438017
5260	0.0403687221869042
5261	0.00317863954227637
5262	0.221551176096631
5263	0.319135410044501
5264	0.15702479338843
5265	0.0635727908455179
5266	0.196757787666879
5267	0.233947870311507
5268	0.161157024793388
5269	0.144628099173554
5270	0.294342021614749
5271	0.439923712650986
5272	0.402733630006358
5273	0.419262555626192
5274	0.394469167196441
5275	0.338207247298157
5276	0.42752701843611
5277	0.45645263827082
5278	0.402733630006358
5279	0.373808010171647
5280	0.373808010171647
5281	0.417673235855054
5282	0.401144310235219
5283	0.43006993006993
5284	0.540050858232677
5285	0.523521932612842
5286	0.448188175460903
5287	0.460584869675779
5288	0.387794024157661
5289	0.339796567069295
5290	0.304195804195804
5291	0.300063572790846
5292	0.166878575969485
5293	-0.0282898919262553
5294	-0.11347743165925
5295	0.0527654164017806
5296	0.044500953591863
5297	-0.0473617291799111
5298	-0.269866497139224
5299	-0.342657342657342
5300	-0.359186268277177
5301	-0.201207883026065
5302	-0.111888111888112
5303	-0.111888111888112
5304	-0.111888111888112
5305	-0.205340114431023
5306	-0.35092180546726
5307	-0.565162110616656
5308	-0.548633184996821
5309	-0.467577876668785
5310	-0.471710108073744
5311	-0.475842339478703
5312	-0.573426573426573
5313	-0.610616656071201
5314	-0.537825810553083
5315	-0.541958041958042
5316	-0.456770502225048
5317	-0.521296884933248
5318	-0.517164653528289
5319	-0.254926891290527
5320	-0.429434202161475
5321	-0.514621741894469
5322	-0.462492053401144
5323	-0.466624284806103
5324	-0.364907819453274
5325	-0.333439287984742
5326	-0.202797202797202
5327	-0.165607120152574
5328	-0.0721551176096631
5329	-0.128417037507946
5330	-0.144945963127781
5331	-0.298792116973935
5332	-0.261602034329307
5333	-0.302924348378894
5334	-0.136681500317864
5335	-0.169739351557533
5336	-0.190400508582326
5337	-0.292116973935155
5338	-0.410362364907819
5339	-0.391290527654164
5340	-0.13986013986014
5341	-0.0588048315321041
5342	-0.0025429116338207
5343	0.0661157024793388
5344	0.0743801652892564
5345	-0.0479974570883661
5346	-0.0727908455181181
5347	-0.0810553083280356
5348	-0.0727908455181181
5349	-0.064526382708201
5350	-0.064526382708201
5351	0.0330578512396695
5352	0.0371900826446283
5353	0.109980928162747
5354	0.1993006993007
5355	-0.0835982199618563
5356	0.0371900826446283
5357	0.0371900826446283
5358	0.0165289256198349
5359	0
5360	-0.0810553083280356
5361	0.0330578512396695
5362	-0.105848696757788
5363	-0.0867768595041318
5364	-0.111570247933884
5365	0.13986013986014
5366	0.249841068022886
5367	0.245708836617928
5368	0.239987285441831
5369	0.360775588048315
5370	0.254926891290528
5371	0.31532104259377
5372	0.400508582326764
5373	0.425301970756516
5374	0.437698664971392
5375	0.389701207883026
5376	0.117609663064209
5377	0.153210425937699
5378	0.161474888747616
5379	0.144945963127781
5380	0.15575333757152
5381	0.187221869040051
5382	0.28893833439288
5383	0.478385251112524
5384	0.52638270820089
5385	0.480928162746345
5386	0.582644628099174
5387	0.566115702479339
5388	0.489192625556262
5389	0.424666242848061
5390	0.464399237126511
5391	0.520661157024794
5392	0.468531468531469
5393	0.528925619834711
5394	0.524793388429752
5395	0.609980928162747
5396	0.56865861411316
5397	0.483471074380165
5398	0.487603305785124
5399	0.489192625556262
5400	0.524793388429752
5401	0.354418308963764
5402	0.284170375079466
5403	0.371900826446281
5404	0.404958677685951
5405	0.450413223140496
5406	0.385886840432295
5407	0.342021614748888
5408	0.314685314685315
5409	0.370947234583598
5410	0.221233312142403
5411	0.221233312142403
5412	0.2361729179911
5413	0.184043229497775
5414	0.131913541004451
5415	0.131913541004451
5416	0.104577240940877
5417	0.174825174825175
5418	0.118563254926892
5419	-0.0626191989828349
5420	-0.118881118881119
5421	-0.0982199618563251
5422	-0.195804195804196
5423	-0.276859504132231
5424	-0.293388429752066
5425	-0.266052129688493
5426	-0.224729815638906
5427	-0.0667514303877939
5428	0.269866497139224
5429	0.197075651621106
5430	0.188811188811189
5431	0.168150031786396
5432	0.213604577240941
5433	0.140813731722823
5434	0.153210425937699
5435	0.111888111888112
5436	0.0158931977113799
5437	-0.0651621106166553
5438	-0.0403687221869036
5439	0.0092180546726004
5440	0.0216147488874769
5441	-0.152892561983471
5442	-0.032104259376986
5443	-0.000635727908454786
5444	-0.0254291163382065
5445	-0.0899554990464075
5446	-0.0775588048315314
5447	0.0158931977113799
5448	0.0654799745708838
5449	0.0778766687857595
5450	0.206929434202161
5451	0.138270820089002
5452	0.227590591226955
5453	0.316910362364908
5454	0.300381436745074
5455	0.312778130959949
5456	0.333439287984743
5457	0.333439287984743
5458	0.264780673871583
5459	0.277177368086459
5460	0.345835982199619
5461	0.37476160203433
5462	0.268912905276542
5463	0.256516211061666
5464	-0.0429116338207245
5465	0.0422759059122702
5466	0.0314685314685317
5467	-0.0289256198347108
5468	-0.0578512396694215
5469	-0.0950413223140494
5470	-0.0619834710743801
5471	0.0190718372536556
5472	-0.00158931977113763
5473	0.079465988556898
5474	0.0314685314685317
5475	-0.105848696757788
5476	-0.199300699300699
5477	-0.178639542275906
5478	-0.278766687857597
5479	-0.318499682136046
5480	-0.326764144945963
5481	-0.253973299427845
5482	-0.152256834075015
5483	-0.287031150667514
5484	-0.339160839160839
5485	-0.270502225047679
5486	-0.416083916083916
5487	-0.185314685314685
5488	-0.222504767959313
5489	-0.380483153210425
5490	-0.29942784488239
5491	-0.226636999364272
5492	-0.174507310870947
5493	-0.284488239033693
5494	-0.280356007628735
5495	-0.272091544818817
5496	-0.291163382072473
5497	-0.266369993642721
5498	-0.16878575969485
5499	-0.374761602034329
5500	-0.391290527654164
5501	-0.493006993006993
5502	-0.538461538461538
5503	-0.453273998728544
5504	-0.440877304513668
5505	-0.233312142403051
5506	-0.193579148124602
5507	-0.274634456452638
5508	-0.193579148124602
5509	-0.262237762237762
5510	-0.222504767959313
5511	-0.230769230769231
5512	-0.157978385251112
5513	-0.162110616656071
5514	-0.105848696757788
5515	-0.0371900826446279
5516	0.0479974570883663
5517	-0.0769230769230771
5518	-0.157978385251112
5519	-0.137317228226319
5520	-0.13318499682136
5521	-0.330896376350921
5522	-0.249841068022886
5523	-0.395422759059123
5524	-0.431023521932613
5525	-0.325174825174825
5526	-0.333439287984742
5527	-0.414494596312778
5528	-0.370629370629371
5529	-0.264780673871583
5530	-0.156389065479974
5531	-0.222504767959313
5532	-0.19516846789574
5533	-0.211697393515575
5534	-0.427527018436109
5535	-0.38779402415766
5536	-0.327399872854418
5537	-0.323267641449459
5538	-0.300063572790846
5539	-0.312460267005722
5540	-0.199936427209154
5541	-0.272727272727273
5542	-0.28099173553719
5543	-0.247933884297521
5544	-0.162746344564526
5545	-0.0816910362364904
5546	-0.0403687221869036
5547	-0.00476795931341378
5548	-0.0130324221233309
5549	0.136681500317864
5550	0.0705657978385252
5551	0.0581691036236491
5552	-0.0228862047043861
5553	-0.0476795931341383
5554	-0.0931341385886832
5555	-0.0848696757787666
5556	-0.142720915448188
5557	-0.184043229497775
5558	-0.298156389065479
5559	-0.266687857596948
5560	-0.12523839796567
5561	-0.247616020343293
5562	-0.226954863318499
5563	-0.18722186904005
5564	-0.320406865861411
5565	-0.299745708836618
5566	-0.351875397329942
5567	-0.36268277177368
5568	-0.269230769230769
5569	-0.370947234583598
5570	-0.308963763509218
5571	-0.275905912269548
5572	-0.280038143674507
5573	-0.138588684043229
5574	-0.186586141131595
5575	-0.325492689129052
5576	-0.377622377622377
5577	-0.483471074380165
5578	-0.475206611570248
5579	-0.435473617291799
5580	-0.56865861411316
5581	-0.483471074380165
5582	-0.52892561983471
5583	-0.589319771137953
5584	-0.539732994278449
5585	-0.697711379529561
5586	-0.554672600127145
5587	-0.5092180546726
5588	-0.359504132231405
5589	-0.303242212333121
5590	-0.193261284170375
5591	-0.00222504767959286
5592	0.0473617291799115
5593	0.205340114431024
5594	0.294659885568977
5595	0.178003814367451
5596	0.157342657342657
5597	0.319453273998729
5598	0.331849968213605
5599	0.454227590591227
5600	0.385568976478067
5601	0.551811824539098
5602	0.54354736172918
5603	0.61220597584234
5604	0.522886204704387
5605	0.653528289891927
5606	0.653528289891927
5607	0.539415130324221
5608	0.479020979020979
5609	0.443420216147489
5610	0.464081373172282
5611	0.488874761602034
5612	0.424348378893834
5613	0.517800381436745
5614	0.449141767323586
5615	0.615384615384615
5616	0.675778766687858
5617	0.517800381436745
5618	0.636045772409409
5619	0.750158931977114
5620	0.806420851875398
5621	0.96439923712651
5622	0.939605848696758
5623	1.01652892561983
5624	0.960267005721552
5625	1.04545454545455
5626	0.960267005721552
5627	0.781627463445646
5628	0.894151303242213
5629	0.808963763509218
5630	0.732040686586142
5631	0.873490146217419
5632	0.825492689129053
5633	0.675778766687858
5634	0.532739987285442
5635	0.431023521932613
5636	0.479020979020979
5637	0.41036236490782
5638	0.349968213604578
5639	0.231722822631913
5640	0.462492053401144
5641	0.498092816274635
5642	0.656071201525747
5643	0.689129052765417
5644	0.616338207247298
5645	0.551811824539098
5646	0.580737444373808
5647	0.605530832803561
5648	0.551811824539098
5649	0.417037507946599
5650	0.400508582326764
5651	0.473299427844883
5652	0.415448188175461
5653	0.41958041958042
5654	0.25333757151939
5655	0.168150031786396
5656	-0.0228862047043861
5657	-0.189129052765416
5658	-0.228862047043865
5659	-0.338842975206611
5660	-0.330578512396694
5661	-0.488556897647806
5662	-0.407501589319771
5663	-0.415766052129688
5664	-0.536554354736172
5665	-0.426573426573427
5666	-0.405912269548633
5667	-0.539097266369993
5668	-0.61602034329307
5669	-0.620152574698029
5670	-0.58709472345836
5671	-0.595359186268276
5672	-0.643356643356643
5673	-0.651621106166561
5674	-0.639224411951685
5675	-0.668150031786395
5676	-0.878258105530833
5677	-0.951048951048951
5678	-1.00731087094723
5679	-0.874125874125874
5680	-0.907183725365543
5681	-0.757469802924348
5682	-0.74920534011443
5683	-0.757469802924348
5684	-0.695486331849968
5685	-0.614431023521933
5686	-0.703750794659885
5687	-0.865861411315956
5688	-0.836935791481246
5689	-0.797202797202797
5690	-0.74920534011443
5691	-0.659885568976478
5692	-0.630959949141767
5693	-0.558169103623648
5694	-0.659885568976478
5695	-0.655753337571519
5696	-0.68467895740623
5697	-0.668150031786395
5698	-0.773998728544183
5699	-0.761602034329307
5700	-0.543229497774952
5701	-0.742530197075651
5702	-0.698664971392244
5703	-0.582008900190718
5704	-0.403369357914813
5705	-0.338842975206611
5706	-0.28099173553719
5707	-0.362047043865226
5708	-0.34965034965035
5709	-0.434837889383343
5710	-0.34965034965035
5711	-0.190082644628099
5712	-0.125556261919898
5713	-0.15034965034965
5714	-0.123013350286077
5715	-0.247933884297521
5716	-0.243801652892562
5717	-0.353782581055309
5718	-0.237126509853782
5719	-0.160203432930705
5720	-0.147806738715829
5721	-0.154481881754609
5722	-0.096630642085187
5723	-0.0718372536554353
5724	-0.0883661792752699
5725	-0.0801017164653524
5726	-0.0139860139860133
5727	-0.132231404958677
5728	-0.0785123966942147
5729	-0.047043865225683
5730	-0.096630642085187
5731	-0.169421487603306
5732	-0.250476795931341
5733	-0.238080101716465
5734	-0.148760330578512
5735	-0.115702479338843
5736	-0.163699936427209
5737	-0.13064208518754
5738	-0.0934520025429117
5739	-0.141449459631278
5740	-0.145581691036236
5741	-0.205975842339479
5742	-0.239033693579148
5743	0.06865861411316
5744	0.0645263827082014
5745	0.243165924984107
5746	0.186904005085824
5747	0.101716465352829
5748	0.122377622377623
5749	0.0826446280991737
5750	0.180228862047044
5751	0.126509853782582
5752	0.191036236490782
5753	0.224094087730452
5754	0.0495867768595044
5755	-0.0190718372536554
5756	0.0975842339478705
5757	0.222504767959314
5758	0.278766687857597
5759	0.197711379529562
5760	0.307692307692308
5761	0.255562619198983
5762	0.222504767959314
5763	0.2638270820089
5764	0.23490146217419
5765	0.122377622377623
5766	0.402733630006358
5767	0.410998092816275
5768	0.49205340114431
5769	0.552447552447553
5770	0.577240940877305
5771	0.637635092180547
5772	0.585505403687222
5773	0.683089637635092
5774	0.544183089637635
5775	0.573108709472346
5776	0.504450095359186
5777	0.516846789574062
5778	0.516846789574062
5779	0.22568340750159
5780	0.302606484424667
5781	0.119834710743802
5782	0.0702479338842974
5783	0.0785123966942152
5784	0.00572155117609663
5785	0.0330578512396695
5786	-0.181182453909726
5787	-0.152256834075015
5788	-0.135727908455181
5789	-0.216783216783217
5790	-0.187857596948506
5791	-0.163064208518754
5792	-0.134138588684043
5793	-0.182136045772409
5794	-0.259059122695486
5795	-0.142403051493961
5796	-0.194532739987285
5797	-0.194532739987285
5798	-0.250794659885569
5799	-0.213604577240941
5800	-0.201207883026065
5801	-0.176414494596313
5802	-0.374125874125874
5803	-0.365861411315956
5804	-0.38652256834075
5805	-0.382390336935792
5806	-0.459313413858869
5807	-0.561029879211697
5808	-0.654481881754609
5809	-0.642085187539733
5810	-0.486649713922441
5811	-0.600762873490146
5812	-0.451048951048951
5813	-0.471710108073744
5814	-0.407183725365544
5815	-0.249205340114431
5816	-0.280673871582962
5817	-0.288938334392879
5818	-0.260012714558169
5819	-0.195486331849968
5820	-0.0292434837889379
5821	-0.0689764780673872
5822	0.0327399872854424
5823	0.0368722186904009
5824	0.0136681500317866
5825	-0.0276541640178001
5826	0.074062301335029
5827	0.0657978385251115
5828	-0.104577240940877
5829	-0.218690400508582
5830	-0.202161474888747
5831	-0.22949777495232
5832	-0.302288620470438
5833	-0.22949777495232
5834	-0.136045772409408
5835	-0.169103623649078
5836	-0.189764780673871
5837	-0.206293706293706
5838	-0.116973935155753
5839	-0.108709472345836
5840	-0.0673871582962491
5841	-0.19389701207883
5842	-0.198029243483788
5843	-0.202161474888747
5844	-0.077240940877304
5845	-0.0209790209790206
5846	-0.037507946598855
5847	0.0931341385886841
5848	-0.141767323585505
5849	-0.100445009535919
5850	-0.140178003814367
5851	-0.273363000635728
5852	-0.256834075015893
5853	-0.20311506675143
5854	-0.178321678321678
5855	-0.20979020979021
5856	-0.334710743801653
5857	-0.272727272727273
5858	-0.324856961220597
5859	-0.271137952956135
5860	-0.262873490146217
5861	-0.200890019071837
5862	-0.253019707565162
5863	-0.151303242212333
5864	-0.0371900826446281
5865	0.0206611570247934
5866	0.0247933884297522
5867	-0.0314685314685315
5868	0.0619834710743803
5869	0.0098537825810554
5870	0.0098537825810554
5871	0.0387794024157663
5872	0.0759694850603944
5873	0.109027336300064
5874	0.040368722186904
5875	0.0734265734265734
5876	0.0171646535282899
5877	0.108073744437381
5878	0.145263827082009
5879	0.17418944691672
5960	-0.288620470438652
5961	-0.163699936427209
5962	-0.0867768595041321
5963	-0.171964399237126
5964	-0.180228862047044
5965	-0.12396694214876
5966	-0.0718372536554353
5967	-0.165289256198347
5968	-0.181818181818182
5969	-0.190082644628099
5970	-0.262873490146217
5971	-0.173553719008265
5972	-0.177685950413223
5973	-0.190082644628099
5974	-0.210743801652892
5975	-0.247933884297521
5976	-0.353782581055308
5977	-0.357914812460267
5978	-0.366179275270184
5979	-0.390972663699936
5980	-0.403369357914812
5981	-0.314049586776859
5982	-0.293388429752066
5983	-0.289256198347107
5984	-0.297520661157025
5985	-0.301652892561983
5986	-0.276859504132231
5987	-0.235537190082645
5988	-0.239669421487603
5989	-0.300063572790845
5990	-0.320724729815639
5991	-0.295931341385887
5992	-0.364589955499046
5993	-0.302606484424666
5994	-0.236490781945327
5995	-0.284488239033693
6015	0.153528289891926
6016	0.371900826446281
6017	0.654799745708837
6018	4.76255562619199
6019	7.85378258105531
6020	8.61474888747616
6021	12.8871582962492
6022	18.085187539733
6023	22.9068658614113
6024	23.4933248569612
6025	23.5702479338843
6026	23.6719643992371
6027	23.6719643992371
6028	24.2145581691036
6029	24.2062937062937
6030	24.2104259376987
6031	24.2186904005086
6032	24.2310870947235
6033	24.2352193261284
6034	24.2393515575334
6035	24.1830896376351
6036	24.19548633185
6037	24.2037507946599
6038	24.2285441830896
6039	24.2326764144946
6040	24.1598855689765
6041	24.1805467260013
6042	24.205340114431
6043	24.205340114431
6044	24.2218690400509
6045	24.2342657342657
6046	24.1656071201526
6047	24.1821360457724
6048	24.1217418944692
6049	24.138270820089
6050	24.138270820089
6051	23.9612205975842
6052	23.7759059122696
6053	23.4408773045137
6054	19.3455181182454
6055	16.2790845518118
6056	15.4907819453274
6057	11.2307692307692
6058	5.9723458359822
6059	1.17132867132867
