10	0.634448160535117
11	0.625752508361204
12	0.779598662207358
13	0.834782608695652
14	0.817391304347826
15	0.808695652173913
16	0.88561872909699
17	0.87257525083612
18	0.859531772575251
19	0.855183946488294
20	1.08160535117057
21	1.07290969899666
22	1.05986622073579
23	1.20936454849498
24	1.35016722408027
25	1.42274247491639
26	1.80735785953177
27	1.95685618729097
28	2.01638795986622
29	2.01638795986622
30	2.00769230769231
31	2.06722408026756
32	2.2123745819398
33	2.28060200668896
34	2.26755852842809
35	2.26755852842809
36	2.25886287625418
37	2.25016722408027
38	2.17324414715719
39	2.00635451505017
40	1.92508361204013
41	2.07458193979933
42	2.15150501672241
43	2.37792642140468
44	2.29665551839465
45	2.28795986622074
46	2.35183946488294
47	2.34749163879599
48	2.261872909699
49	2.17190635451505
50	2.16321070234114
51	2.31270903010033
52	2.23578595317726
53	2.30836120401338
54	2.38528428093645
55	2.44916387959866
56	2.36789297658863
57	2.44046822742475
58	2.51739130434783
59	2.35919732441472
60	2.28227424749164
61	2.43177257525084
62	2.04280936454849
63	2.11973244147157
64	2.03411371237458
65	2.09364548494983
66	2.15317725752508
67	2.14448160535117
68	2.13578595317726
69	2.12274247491639
70	2.12709030100334
71	2.1314381270903
72	2.52909698996655
73	2.51170568561873
74	2.29096989966555
75	2.52040133779264
76	2.92240802675585
77	3.05886287625418
78	3.1314381270903
79	2.83244147157191
80	2.85418060200669
81	2.93110367892977
82	3.08494983277592
83	3.00367892976589
84	2.99498327759197
85	2.99063545150502
86	3.05886287625418
87	2.98628762541806
88	3.12709030100334
89	3.06755852842809
90	2.99933110367893
91	3.08060200668896
92	3.00367892976589
93	3.00367892976589
94	3.00802675585284
95	3.00367892976589
96	3.08494983277592
97	3.08494983277592
98	3.09799331103679
99	3.25183946488294
100	3.48260869565217
101	3.62775919732441
102	3.62775919732441
103	3.62341137123746
104	3.63210702341137
105	3.63210702341137
106	3.6190635451505
107	3.63645484949833
108	3.18795986622073
109	3.18795986622073
110	3.04280936454849
111	3.1066889632107
112	2.72642140468227
113	2.42742474916388
114	2.27792642140468
115	2.29096989966555
116	2.52608695652174
117	2.52173913043478
118	2.36354515050167
119	2.36789297658863
120	2.2866220735786
121	2.36354515050167
122	2.30401337792642
123	2.29966555183946
124	2.23578595317726
125	2.39397993311037
126	2.63344481605351
127	2.55652173913043
128	2.54782608695652
129	2.55217391304348
130	2.54782608695652
131	2.54782608695652
132	2.40267558528428
133	2.39397993311037
134	2.54782608695652
135	2.24013377926421
136	1.93244147157191
137	1.69732441471572
138	1.85986622073579
139	1.7742474916388
140	1.54782608695652
141	1.55652173913043
142	1.72341137123746
143	1.80903010033445
144	2.03545150501672
145	2.1123745819398
146	2.261872909699
147	2.25317725752508
148	2.33010033444816
149	2.34749163879599
150	2.48829431438127
151	2.57391304347826
152	2.42006688963211
153	2.43745819397993
154	2.36923076923077
155	2.44615384615385
156	2.67257525083612
157	2.82207357859532
158	2.89899665551839
159	3.06153846153846
160	2.98896321070234
161	2.90334448160535
162	2.76254180602007
163	2.68127090301003
164	2.61304347826087
165	2.76254180602007
166	2.76254180602007
167	2.98896321070234
168	3.13846153846154
169	3.0571906354515
170	2.98461538461538
171	3.14280936454849
172	3.36923076923077
173	3.36923076923077
174	3.20234113712374
175	3.35183946488294
176	3.5056856187291
177	3.43311036789298
178	3.42006688963211
179	3.42441471571906
180	3.35183946488294
181	3.35183946488294
182	3.44615384615385
183	3.52307692307692
184	3.44615384615385
185	3.68561872909699
186	3.68561872909699
187	3.77123745819398
188	3.83511705685619
189	3.82207357859532
190	3.97157190635451
191	3.9628762541806
192	3.72775919732441
193	3.57826086956522
194	3.88160535117057
195	3.95418060200669
196	4.261872909699
197	4.25317725752508
198	4.16755852842809
199	4.15451505016722
200	4.29096989966555
201	4.14147157190635
202	4.36789297658863
203	4.51739130434783
204	4.5943143812709
205	4.67123745819398
206	4.74816053511706
207	4.90200668896321
208	4.97892976588629
209	5.1371237458194
210	5.1371237458194
211	5.11973244147157
212	4.96588628762542
213	5.03411371237458
214	4.95284280936455
215	5.02976588628762
216	4.94849498327759
217	5.09364548494983
218	4.8628762541806
219	4.70033444816054
220	4.78160535117057
221	4.86722408026756
222	4.87157190635451
223	4.79899665551839
224	4.71772575250836
225	4.70468227424749
226	4.55518394648829
227	4.46521739130435
228	4.77290969899665
229	4.84548494983278
230	4.61471571906355
231	4.4695652173913
232	4.38394648829431
233	4.30702341137124
234	4.29397993311037
235	4.36655518394649
236	4.6742474916388
237	4.75986622073578
238	4.5247491638796
239	4.29832775919732
240	4.23010033444816
241	4.161872909699
242	4.07190635451505
243	3.84113712374582
244	3.83678929765886
245	3.75551839464883
246	3.75117056856187
247	3.90066889632107
248	4.21705685618729
249	4.3752508361204
250	4.46521739130435
251	4.4695652173913
252	4.55083612040134
253	4.39698996655518
254	4.48695652173913
255	4.55953177257525
256	4.56387959866221
257	4.32441471571906
258	4.55083612040134
259	4.70468227424749
260	4.84983277591973
261	4.99933110367893
262	5.07190635451505
263	5.05451505016722
264	4.91371237458194
265	4.9180602006689
266	4.99063545150502
267	5.06321070234114
268	5.14013377926421
269	5.21270903010033
270	5.29397993311037
271	5.29397993311037
272	4.9819397993311
273	4.91371237458194
274	4.84113712374582
275	4.99933110367893
276	4.85418060200669
277	4.77725752508361
278	4.7685618729097
279	4.7685618729097
280	4.61036789297659
281	4.60602006688963
282	4.75986622073578
283	4.6742474916388
284	4.49866220735786
285	4.43043478260869
286	4.27658862876254
287	4.36220735785953
288	4.37090301003344
289	4.44347826086956
290	4.44782608695652
291	4.36655518394649
292	4.29832775919732
293	4.31137123745819
294	4.08494983277592
295	3.85852842809364
296	3.70033444816053
297	3.53779264214047
298	3.53344481605351
299	3.61471571906354
300	3.54648829431438
301	3.40133779264214
302	3.17491638795987
303	3.02541806020067
304	2.94414715719064
305	2.8628762541806
306	2.78160535117057
307	2.70033444816053
308	2.7133779264214
309	2.70903010033445
310	2.77725752508361
311	2.62341137123746
312	2.77725752508361
313	2.70033444816053
314	2.62341137123746
315	2.53779264214047
316	2.5247491638796
317	2.52909698996655
318	2.31137123745819
319	2.17056856187291
320	1.94849498327759
321	1.80334448160535
322	1.81204013377926
323	1.73946488294314
324	1.58127090301003
325	1.50869565217391
326	1.43177257525084
327	1.50869565217391
328	1.5943143812709
329	1.50869565217391
330	1.3505016722408
331	1.43612040133779
332	1.34615384615385
333	1.42307692307692
334	1.42307692307692
335	1.34615384615385
336	1.27792642140468
337	1.27792642140468
338	1.20535117056856
339	1.22274247491639
340	1.06889632107023
341	1.07324414715719
342	1.15451505016722
343	1.15016722408027
344	1.52608695652174
345	1.53913043478261
346	1.45351170568562
347	1.29966555183946
348	1.2314381270903
349	1.2314381270903
350	1.46655518394649
351	1.6247491638796
352	1.55217391304348
353	1.54782608695652
354	1.63779264214047
355	1.79163879598662
356	1.79598662207358
357	2.02675585284281
358	2.10367892976589
359	2.03110367892977
360	2.12107023411371
361	2.11672240802676
362	2.1123745819398
363	2.17625418060201
364	2.33010033444816
365	2.31705685618729
366	2.47959866220736
367	2.45351170568562
368	2.52173913043478
369	2.58561872909699
370	2.58127090301003
371	2.58127090301003
372	2.7438127090301
373	2.73946488294314
374	2.75250836120401
375	2.8933110367893
376	2.96588628762542
377	3.04280936454849
378	3.11538461538461
379	3.11103678929766
380	2.6494983277592
381	2.57692307692308
382	2.72642140468227
383	2.80334448160535
384	2.71772575250836
385	2.79030100334448
386	2.65384615384615
387	2.65819397993311
388	2.88461538461538
389	3.02976588628762
390	3.02541806020067
391	2.88026755852843
392	3.04280936454849
393	2.88461538461538
394	2.88896321070234
395	3.03846153846154
396	2.95284280936455
397	2.87591973244147
398	2.87591973244147
399	2.7133779264214
400	2.64080267558528
401	2.70903010033445
402	2.55518394648829
403	2.70903010033445
404	2.62341137123746
405	2.48695652173913
406	2.48695652173913
407	2.48260869565217
408	2.48695652173913
409	2.47826086956522
410	2.46521739130435
411	2.38394648829431
412	2.28528428093645
413	2.12709030100334
414	1.97759197324415
415	1.96454849498328
416	2.04147157190635
417	2.12274247491639
418	1.96020066889632
419	1.90066889632107
420	1.91371237458194
421	1.99063545150502
422	1.98628762541806
423	1.75986622073579
424	1.59732441471572
425	1.36220735785953
426	1.28528428093645
427	1.28963210702341
428	1.14013377926421
429	1.06321070234114
430	0.990635451505017
431	0.8876254180602
432	1.05016722408027
433	1.05451505016722
434	1.20401337792642
435	1.20401337792642
436	1.05886287625418
437	0.990635451505017
438	0.994983277591973
439	0.849832775919732
440	0.849832775919732
441	0.944147157190635
442	0.875919732441471
443	0.965886287625418
444	0.970234113712374
445	1.04715719063545
446	1.04715719063545
447	0.974581939799331
448	0.970234113712374
449	1.03411371237458
450	1.01672240802676
451	0.952842809364548
452	1.02541806020067
453	0.952842809364548
454	1.18361204013378
455	1.18361204013378
456	1.2561872909699
457	1.17926421404682
458	1.18361204013378
459	1.26488294314381
460	1.19230769230769
461	1.19665551839465
462	1.19230769230769
463	1.18795986622074
464	1.27357859531773
465	1.28227424749164
466	1.36789297658863
467	1.28227424749164
468	1.26923076923077
469	1.27357859531773
470	1.11103678929766
471	1.11538461538462
472	1.18795986622074
473	1.26488294314381
474	1.2561872909699
475	1.18361204013378
476	1.18361204013378
477	1.02541806020067
478	1.09364548494983
479	1.0123745819398
480	0.854180602006689
481	0.772909698996656
482	0.768561872909699
483	0.768561872909699
484	0.772909698996656
485	0.704682274247491
486	0.713377926421405
487	0.862876254180602
488	0.713377926421405
489	0.713377926421405
490	0.473913043478261
491	0.482608695652174
492	0.40133779264214
493	0.311371237458194
494	0.24314381270903
495	0.311371237458194
496	0.298327759197324
497	0.293979933110368
498	0.298327759197324
499	0.298327759197324
500	0.302675585284281
501	0.311371237458194
502	0.212709030100334
503	0.199665551839465
520	0.14314381270903
521	0.156187290969899
522	0.22876254180602
529	0.147491638795987
530	0.22876254180602
531	0.134448160535117
532	0.134448160535117
533	0.125752508361204
534	0.202675585284281
535	0.198327759197324
536	0.125752508361204
537	0.207023411371237
538	0.202675585284281
539	0.207023411371237
540	0.193979933110368
541	0.266555183946488
542	0.257859531772575
543	0.189632107023411
544	0.207023411371237
545	0.117056856187291
546	0.189632107023411
547	0.266555183946488
548	0.330434782608696
549	0.411705685618729
550	0.411705685618729
551	0.407357859531773
552	0.389966555183946
553	0.389966555183946
554	0.394314381270903
555	0.304347826086957
556	0.150501672240803
557	0.150501672240803
558	0.0779264214046821
559	0.154849498327759
560	0.146153846153846
561	0.218729096989966
562	0.218729096989966
563	0.231772575250836
564	0.244816053511705
565	0.244816053511705
566	0.172240802675585
567	0.0822742474916387
568	0.231772575250836
569	0.236120401337792
570	0.308695652173913
571	0.394314381270903
572	0.47123745819398
573	0.38561872909699
574	0.394314381270903
575	0.539464882943144
576	0.548160535117057
577	0.607692307692308
578	0.603344481605351
579	0.616387959866221
580	0.693311036789298
581	0.697658862876254
582	0.625083612040134
583	0.55685618729097
584	0.479933110367893
585	0.411705685618729
586	0.488628762541806
587	0.506020066889632
588	0.506020066889632
589	0.668561872909699
590	0.749832775919732
591	0.831103678929766
592	0.822408026755852
593	0.980602006688963
594	1.04882943143813
595	0.95886287625418
596	1.04013377926421
597	1.04448160535117
598	1.03578595317726
599	1.02274247491639
600	1.02274247491639
601	1.02709030100334
602	1.02274247491639
603	1.02709030100334
604	0.877591973244147
605	0.945819397993311
606	0.87324414715719
607	0.894983277591973
608	0.80066889632107
609	0.877591973244147
610	0.937123745819398
611	0.7876254180602
612	0.783277591973244
613	0.710702341137124
614	0.796321070234113
615	0.945819397993311
616	0.868896321070234
617	0.860200668896321
618	0.838461538461538
619	0.906688963210702
620	0.906688963210702
621	1.06923076923077
622	1.06923076923077
623	1.05183946488294
624	1.06053511705686
625	0.902341137123746
626	0.902341137123746
627	0.838461538461538
628	0.851505016722408
629	0.860200668896321
630	0.860200668896321
631	0.881939799331103
632	0.809364548494983
633	0.818060200668896
634	0.88628762541806
635	0.890635451505017
636	0.980602006688963
637	0.989297658862876
638	0.98494983277592
639	1.1257525083612
640	1.19397993311037
641	1.1257525083612
642	1.05317725752508
643	1.05752508361204
644	1.13879598662207
645	1.05752508361204
646	0.97190635451505
647	0.967558528428093
648	0.97190635451505
649	0.908026755852843
650	0.908026755852843
651	0.831103678929766
652	0.903678929765886
653	0.98494983277592
654	1.0066889632107
655	1.08361204013378
656	1.08361204013378
657	0.938461538461538
658	0.925418060200669
659	0.916722408026756
660	0.921070234113712
661	0.921070234113712
662	0.925418060200669
663	1.0066889632107
664	0.989297658862876
665	0.831103678929766
666	0.754180602006689
667	0.754180602006689
668	0.762876254180602
669	0.758528428093645
670	0.694648829431438
671	0.703344481605351
672	0.630769230769231
673	0.617725752508361
674	0.707692307692308
675	0.55819397993311
676	0.494314381270903
677	0.498662207357859
678	0.48561872909699
679	0.489966555183946
680	0.498662207357859
681	0.494314381270903
682	0.540802675585284
683	0.622073578595318
684	0.635117056856187
685	0.712040133779264
686	0.648160535117057
687	0.55819397993311
688	0.476923076923077
689	0.408695652173913
690	0.476923076923077
691	0.331772575250836
692	0.327424749163879
693	0.336120401337792
694	0.276588628762542
695	0.353511705685618
696	0.353511705685618
697	0.349163879598662
698	0.280936454849498
699	0.212709030100334
700	0.221404682274247
701	0.204013377926421
702	0.272240802675585
703	0.267892976588629
704	0.353511705685618
705	0.272240802675585
706	0.267892976588629
707	0.259197324414716
708	0.250501672240803
709	0.164882943143813
712	0.164882943143813
713	0.310033444816053
714	0.391304347826087
715	0.305685618729097
716	0.237458193979933
717	0.233110367892976
718	0.156187290969899
724	0.327424749163879
725	0.318729096989966
726	0.224414715719063
727	0.233110367892976
728	0.30133779264214
729	0.305685618729097
730	0.30133779264214
731	0.30133779264214
732	0.296989966555184
733	0.360869565217391
734	0.378260869565217
735	0.468227424749164
736	0.450836120401338
737	0.442140468227425
738	0.442140468227425
739	0.492976588628762
740	0.411705685618729
741	0.561204013377926
742	0.62943143812709
743	0.620735785953177
744	0.765886287625418
745	0.761538461538461
746	0.739799331103679
747	0.739799331103679
748	0.667224080267558
749	0.522073578595318
750	0.436454849498328
751	0.675919732441472
752	0.667224080267558
753	0.667224080267558
754	0.675919732441472
755	0.739799331103679
756	0.79933110367893
757	0.808026755852843
758	0.834113712374582
759	0.829765886287625
760	0.680267558528428
761	0.680267558528428
762	0.658528428093646
763	0.658528428093646
764	0.581605351170569
765	0.564214046822742
766	0.491638795986622
767	0.469899665551839
768	0.555518394648829
769	0.482943143812709
770	0.487290969899665
771	0.487290969899665
772	0.551170568561873
773	0.54247491638796
774	0.465551839464883
775	0.401672240802675
776	0.482943143812709
777	0.333444816053512
778	0.423411371237458
779	0.414715719063545
780	0.316053511705686
781	0.307357859531772
782	0.375585284280936
783	0.45685618729097
784	0.461204013377926
785	0.461204013377926
786	0.45685618729097
787	0.303010033444816
788	0.366889632107023
789	0.366889632107023
790	0.37123745819398
791	0.316053511705686
792	0.230434782608696
793	0.217391304347826
794	0.21304347826087
795	0.217391304347826
796	0.11438127090301
797	0.182608695652174
798	0.182608695652174
799	0.191304347826087
800	0.2
801	0.204347826086956
802	0.204347826086956
803	0.204347826086956
804	0.118729096989966
805	0.110033444816053
806	0.105685618729097
807	0.00267558528428091
808	-0.0959866220735788
809	0.0578595317725749
810	0.0535117056856185
811	0.0535117056856185
812	-0.0103678929765887
813	-0.0060200668896323
814	-0.0916387959866222
815	-0.0060200668896323
816	0.0157190635451504
817	0.0070234113712373
818	-0.0698996655518396
821	-0.109030100334448
822	-0.104682274247492
826	-0.0581939799331105
827	-0.0755852842809366
828	-0.0842809364548496
829	0.0565217391304348
830	0.0565217391304348
831	0.0608695652173912
832	0.0652173913043479
833	-0.0204013377926424
834	-0.0247491638795989
835	-0.0247491638795989
836	0.0652173913043479
837	0.0782608695652174
838	0.17257525083612
839	0.17257525083612
840	0.163879598662207
841	0.168227424749164
842	0.137792642140468
843	0.159531772575251
844	0.155183946488294
845	-0.00735785953177281
846	0.0652173913043479
847	0.142140468227425
848	0.206020066889632
849	0.197324414715719
850	0.192976588628762
851	0.103010033444816
852	0.017391304347826
853	0.0130434782608696
854	0.00434782608695639
855	0.00869565217391299
856	0.00434782608695639
857	-0.0638795986622076
858	0.00434782608695639
859	0.0638795986622074
860	0.230769230769231
861	0.217725752508361
862	-0.0173913043478262
863	0.0595317725752507
864	0.140802675585284
865	0.0682274247491639
866	0.0421404682274247
867	0.0247491638795985
868	-0.0608695652173914
869	-0.0521739130434784
870	-0.0478260869565217
871	-0.0782608695652174
872	-0.146488294314382
873	-0.240802675585284
874	-0.189966555183947
875	-0.194314381270904
876	-0.207357859531773
877	-0.216053511705686
878	-0.224749163879599
879	-0.191304347826087
880	-0.18695652173913
881	-0.191304347826087
882	-0.259531772575251
883	-0.382943143812709
884	-0.374247491638796
885	-0.382943143812709
891	-0.400334448160535
892	-0.404682274247492
893	-0.387290969899666
894	-0.301672240802676
895	-0.275585284280937
916	-0.282943143812709
917	-0.278595317725753
918	-0.2438127090301
919	-0.17123745819398
920	-0.0347826086956522
921	-0.0478260869565217
922	-0.0478260869565217
923	0.0160535117056855
924	0.0421404682274247
925	0.136454849498328
926	0.132107023411371
927	0.0682274247491639
928	0.0508361204013377
929	0.0551839464882944
930	-0.107357859531773
931	-0.0856187290969902
932	0.0638795986622074
933	0.0682274247491639
934	0.0856187290969899
935	0.0856187290969899
936	0
937	0.0856187290969899
938	0.0856187290969899
939	0.0725752508361204
940	-0.0043478260869565
941	-0.0043478260869565
942	0.0217391304347826
943	0.0347826086956522
944	-0.0377926421404685
945	0.0434782608695652
946	0.0391304347826087
947	0.0478260869565216
948	0.133444816053512
949	0.146488294314381
950	0.163879598662207
951	0.0869565217391304
952	0.0230769230769228
953	0.0448160535117054
954	0.117391304347826
955	0.0622073578595315
956	-0.0829431438127092
957	-0.074247491638796
958	-0.0959866220735788
963	-0.100334448160535
964	-0.0190635451505019
965	-0.0321070234113714
966	0.0448160535117054
967	-0.0277591973244149
969	-0.130769230769231
970	-0.135117056856187
971	-0.0668896321070236
972	-0.0581939799331105
973	-0.126421404682274
974	-0.117725752508361
975	-0.0451505016722409
976	-0.0451505016722409
977	-0.0321070234113714
978	-0.0321070234113714
979	-0.0190635451505019
980	-0.0234113712374583
981	-0.0916387959866222
995	-0.117725752508361
996	-0.113377926421405
997	-0.100334448160535
1038	-0.0872909698996656
1039	-0.100334448160535
1040	-0.104682274247492
1041	-0.0147157190635453
1042	0.134782608695652
1043	0.0448160535117054
1044	0.0535117056856185
1045	0.113043478260869
1046	0.104347826086956
1047	0.113043478260869
1048	0.0317725752508359
1049	0.0274247491638793
1050	0.0317725752508359
1051	0.0361204013377923
1052	-0.122073578595318
1053	-0.130769230769231
1054	-0.1438127090301
1055	-0.0668896321070236
1056	-0.0668896321070236
1057	-0.0842809364548496
1058	-0.0886287625418061
1059	-0.0973244147157192
1060	-0.178595317725753
1061	-0.178595317725753
1062	-0.0247491638795989
1063	-0.106020066889632
1064	0.0478260869565216
1065	0.0347826086956522
1066	0.0130434782608696
1067	0.0856187290969899
1068	0
1069	0.00869565217391299
1070	0.0769230769230769
1071	0.0769230769230769
1072	0.0943143812709029
1073	0.0986622073578595
1074	0.00434782608695639
1075	0.0812709030100333
1076	0.0595317725752507
1077	-0.0217391304347825
1078	-0.179933110367893
1079	-0.17123745819398
1080	-0.0130434782608695
1081	-0.0856187290969902
1082	-0.0812709030100337
1083	-0.0725752508361208
1084	-0.0899665551839467
1085	-0.0725752508361208
1086	-0.0943143812709034
1087	-0.107357859531773
1088	-0.0260869565217392
1089	-0.0260869565217392
1090	-0.0260869565217392
1091	-0.0347826086956522
1092	-0.107357859531773
1093	-0.120401337792643
1094	-0.124749163879599
1095	-0.0304347826086957
1096	-0.0173913043478262
1097	-0.0434782608695654
1098	-0.188628762541806
1099	-0.192976588628763
1102	-0.26989966555184
1103	-0.261204013377927
1104	-0.201672240802676
1105	-0.197324414715719
1106	-0.261204013377927
1109	-0.265551839464883
1110	-0.265551839464883
1113	-0.261204013377927
1114	-0.274247491638796
1115	-0.265551839464883
1121	-0.25685618729097
1122	-0.25685618729097
1123	-0.206020066889632
1124	-0.287290969899666
1125	-0.282943143812709
1126	-0.282943143812709
1128	-0.291638795986622
1129	-0.282943143812709
1130	-0.192976588628763
1131	-0.26989966555184
1132	-0.26989966555184
1133	-0.26989966555184
1134	-0.26989966555184
1135	-0.274247491638796
1136	-0.26989966555184
1137	-0.265551839464883
1138	-0.274247491638796
1144	-0.291638795986622
1148	-0.304682274247492
1149	-0.3438127090301
1150	-0.348160535117057
1151	-0.3438127090301
1152	-0.249498327759198
1153	-0.317725752508361
1154	-0.322073578595318
1155	-0.249498327759198
1156	-0.181270903010034
1157	-0.176923076923077
1158	-0.0361204013377927
1159	-0.108695652173913
1160	-0.0956521739130436
1161	-0.104347826086957
1162	-0.0956521739130436
1163	-0.1
1164	-0.168227424749164
1165	-0.0956521739130436
1166	-0.18561872909699
1167	-0.194314381270904
1168	-0.194314381270904
1169	-0.0913043478260871
1170	-0.0913043478260871
1171	-0.0869565217391304
1172	-0.0739130434782609
1173	-0.0652173913043479
1174	-0.150836120401338
1175	-0.155183946488295
1176	-0.150836120401338
1177	-0.227759197324415
1178	-0.219063545150502
1179	-0.129096989966556
1180	-0.188628762541806
1181	-0.179933110367893
1182	-0.188628762541806
1183	-0.0260869565217392
1184	-0.0986622073578597
1185	-0.18428093645485
1186	-0.175585284280936
1187	-0.175585284280936
1188	-0.248160535117057
1189	-0.2438127090301
1190	-0.149498327759198
1191	-0.166889632107023
1192	-0.222073578595318
1197	-0.213377926421405
1198	-0.195986622073579
1199	-0.191638795986622
1200	-0.182943143812709
1247	-0.16989966555184
1248	-0.16989966555184
1249	-0.161204013377926
1250	-0.165551839464883
1251	-0.152508361204013
1252	-0.16989966555184
1253	-0.165551839464883
1254	-0.161204013377926
1255	-0.16989966555184
1256	-0.16989966555184
1257	-0.187290969899666
1258	-0.114715719063545
1259	-0.200334448160535
1260	-0.114715719063545
1261	-0.050836120401338
1262	0.0260869565217392
1263	-0.0725752508361208
1264	-0.0769230769230772
1265	-0.0725752508361208
1266	-0.153846153846154
1267	-0.0595317725752512
1268	-0.0682274247491642
1269	-0.0769230769230772
1270	-0.153846153846154
1271	-0.166889632107023
1272	-0.162541806020067
1273	-0.162541806020067
1274	-0.162541806020067
1275	-0.15819397993311
1276	-0.239464882943144
1277	-0.230769230769231
1278	-0.239464882943144
1279	-0.248160535117057
1282	-0.2438127090301
1285	-0.18428093645485
1286	-0.18428093645485
1287	-0.17123745819398
1288	-0.153846153846154
1289	-0.0638795986622076
1290	-0.0551839464882946
1291	0
1292	0.0130434782608696
1293	0.0217391304347826
1294	-0.050836120401338
1295	0.0260869565217392
1296	0.0217391304347826
1297	-0.0464882943143816
1298	-0.114715719063545
1299	-0.127759197324415
1300	-0.0595317725752512
1301	-0.0551839464882946
1302	-0.050836120401338
1303	-0.127759197324415
1304	-0.0551839464882946
1305	-0.0812709030100337
1306	-0.149498327759198
1307	-0.132107023411371
1308	-0.136454849498328
1309	-0.217725752508361
1310	-0.209030100334448
1311	-0.200334448160535
1312	-0.0377926421404685
1313	-0.0551839464882946
1314	-0.033444816053512
1315	-0.042140468227425
1316	-0.0551839464882946
1317	-0.0682274247491642
1318	-0.0464882943143816
1319	0.0434782608695652
1320	0.0478260869565216
1321	-0.127759197324415
1322	-0.132107023411371
1323	-0.119063545150502
1324	-0.136454849498328
1325	-0.209030100334448
1326	-0.195986622073579
1395	-0.0973244147157192
1396	-0.0204013377926424
1397	0.0100334448160532
1398	0.00568561872909668
1399	0.163879598662207
1400	0.142140468227425
1401	0.223411371237458
1402	0.214715719063545
1403	0.206020066889632
1404	0.206020066889632
1405	0.129096989966555
1406	0.150836120401338
1407	0.214715719063545
1408	0.227759197324415
1409	0.223411371237458
1410	0.219063545150502
1411	0.214715719063545
1412	0.304682274247491
1413	0.295986622073579
1414	0.385953177257525
1415	0.390301003344482
1416	0.335117056856187
1417	0.330769230769231
1418	0.339464882943144
1419	0.339464882943144
1420	0.3438127090301
1421	0.3438127090301
1422	0.3438127090301
1423	0.189966555183946
1424	0.189966555183946
1425	0.25819397993311
1426	0.275585284280936
1427	0.18561872909699
1428	0.194314381270903
1429	0.275585284280936
1430	0.130434782608696
1431	-0.0190635451505019
1432	-0.0959866220735788
1433	-0.0872909698996656
1434	-0.0060200668896323
1435	-0.0829431438127092
1436	-0.0872909698996656
1437	-0.074247491638796
1438	-0.0785953177257526
1439	-0.074247491638796
1440	-0.0698996655518396
1441	-0.074247491638796
1442	-0.0785953177257526
1445	-0.0525083612040136
1446	0.0244147157190633
1447	0.0200668896321069
1448	0.02876254180602
1449	0.0157190635451504
1450	-0.0438127090301004
1457	0.0591973244147156
1458	0.0678929765886286
1459	0.0635451505016721
1460	0.0591973244147156
1461	-0.000334448160535294
1462	-0.00903010033444829
1463	-0.0177257525083613
1464	-0.0220735785953178
1490	-0.0438127090301004
1491	-0.05685618729097
1492	-0.0612040133779265
1496	-0.0494983277591975
1497	0.0143812709030097
1498	0.0274247491638793
1499	0.0143812709030097
1500	0.00568561872909668
1501	0.00568561872909668
1502	-0.00301003344481643
1503	0.00133779264214018
1504	0.00133779264214018
1505	-0.00301003344481643
1506	0.00133779264214018
1507	0.00133779264214018
1508	0.00568561872909668
1509	0.0869565217391304
1510	-0.00301003344481643
1511	-0.0204013377926424
1512	-0.0117056856187293
1513	-0.016053511705686
1514	-0.0117056856187293
1515	0.0652173913043479
1516	0.0652173913043479
1517	0.0565217391304348
1518	0.192976588628762
1519	0.17123745819398
1520	0.103010033444816
1521	0.0856187290969899
1522	0.175585284280936
1523	0.17123745819398
1524	0.17123745819398
1525	0.17123745819398
1526	0.017391304347826
1527	-0.0173913043478262
1528	-0.0260869565217392
1529	-0.0260869565217392
1530	-0.0260869565217392
1531	-0.0304347826086957
1532	-0.265551839464883
1533	-0.278595317725753
1534	-0.261204013377927
1535	-0.179933110367893
1536	-0.0260869565217392
1537	-0.0478260869565217
1538	-0.0565217391304349
1539	-0.0391304347826087
1540	-0.0347826086956522
1541	0.0595317725752507
1542	0.149498327759197
1543	0.00869565217391299
1544	0.00869565217391299
1545	-0.0551839464882946
1546	-0.042140468227425
1547	0.017391304347826
1548	0.0217391304347826
1549	0.017391304347826
1550	0.0217391304347826
1551	-0.0464882943143816
1552	0.0347826086956522
1553	0.0304347826086956
1554	-0.042140468227425
1555	-0.0551839464882946
1556	0.0899665551839465
1557	0.0812709030100333
1558	0.017391304347826
1559	0.017391304347826
1560	0.0304347826086956
1561	0.0304347826086956
1562	-0.050836120401338
1563	-0.0464882943143816
1564	-0.0377926421404685
1565	-0.0551839464882946
1566	0.00434782608695639
1567	0
1568	-0.00869565217391299
1569	-0.0595317725752512
1570	-0.0551839464882946
1571	-0.127759197324415
1581	-0.15685618729097
1582	-0.161204013377926
1585	-0.165551839464883
1586	-0.165551839464883
1587	-0.15685618729097
1607	-0.0612040133779265
1608	-0.0655518394648832
1609	0.0244147157190633
1610	0.0926421404682272
1611	0.0969899665551837
1612	0.182608695652174
1613	0.11438127090301
1614	0.11438127090301
1615	0.105685618729097
1616	0.0374581939799329
1617	-0.0481605351170569
1618	-0.0307692307692309
1619	-0.0177257525083613
1620	-0.0177257525083613
1621	-0.0177257525083613
1622	0.0635451505016721
1623	0.170903010033445
1624	0.149163879598662
1625	0.136120401337792
1626	0.136120401337792
1627	0.136120401337792
1628	0.136120401337792
1629	0.144816053511705
1630	0.131772575250836
1631	0.140468227424749
1632	0.136120401337792
1633	0.153511705685618
1634	0.0852842809364547
1635	0.0939799331103678
1636	0.0765886287625416
1637	0.0765886287625416
1638	0.0809364548494982
1639	0.153511705685618
1640	0.131772575250836
1641	0.0591973244147156
1642	0.0765886287625416
1643	0.0170568561872909
1644	0.0170568561872909
1645	0.00836120401337781
1753	-0.282943143812709
1754	-0.210367892976589
1755	-0.206020066889632
1756	-0.282943143812709
1757	-0.26989966555184
1758	-0.291638795986622
1759	-0.300334448160535
1760	-0.291638795986622
1761	-0.206020066889632
1762	-0.129096989966556
1763	-0.133444816053512
1764	-0.133444816053512
1765	-0.142140468227425
1766	-0.0695652173913044
1767	0.0290969899665552
1768	0.106020066889632
1769	0.110367892976588
1770	0.0886287625418059
1771	0.0842809364548494
1772	0.0886287625418059
1773	0.0886287625418059
1774	0.00735785953177248
1775	-0.0100334448160535
1776	-0.00133779264214051
1777	0.0886287625418059
1778	-0.0695652173913044
1779	-0.133444816053512
1780	-0.210367892976589
1781	-0.210367892976589
1782	-0.120401337792643
1783	-0.129096989966556
1784	-0.192976588628763
1785	-0.252508361204013
1963	-0.317725752508361
1964	-0.309030100334448
1965	-0.309030100334448
1966	-0.317725752508361
1990	-0.361204013377927
1991	-0.3438127090301
1992	-0.181270903010034
1993	-0.181270903010034
1994	-0.172575250836121
1995	-0.163879598662208
1996	-0.223411371237458
1997	-0.219063545150502
1998	-0.245150501672241
1999	-0.150836120401338
2000	-0.150836120401338
2001	-0.155183946488295
2002	-0.150836120401338
2003	-0.137792642140469
2004	-0.206020066889632
2005	-0.103010033444816
2006	-0.120401337792643
2007	-0.111705685618729
2008	-0.0986622073578597
2009	-0.175585284280936
2010	-0.282943143812709
2011	-0.291638795986622
2012	-0.304682274247492
2016	-0.291638795986622
2018	-0.300334448160535
2019	-0.300334448160535
2020	-0.287290969899666
2021	-0.287290969899666
2022	-0.300334448160535
2023	-0.282943143812709
2024	-0.274247491638796
2049	-0.235117056856187
2050	-0.239464882943144
2051	-0.239464882943144
2052	-0.230769230769231
2053	-0.136454849498328
2054	-0.195986622073579
2055	-0.204682274247492
2056	-0.209030100334448
2057	-0.191638795986622
2058	-0.0973244147157192
2059	-0.0886287625418061
2060	-0.0668896321070236
2061	-0.0494983277591975
2062	-0.0668896321070236
2063	-0.0712374581939801
2064	0.0187290969899663
2065	-0.109030100334448
2066	-0.113377926421405
2067	-0.113377926421405
2068	0.0404682274247489
2069	0.0491638795986619
2070	0.0361204013377923
2071	0.108695652173913
2072	0.0230769230769228
2073	0.0230769230769228
2074	0.121739130434783
2075	0.117391304347826
2076	0.0491638795986619
2077	-0.0103678929765887
2078	-0.0234113712374583
2079	-0.109030100334448
2080	-0.104682274247492
2081	-0.122073578595318
2082	-0.126421404682274
2083	-0.0668896321070236
2084	-0.1438127090301
2114	-0.135117056856187
2115	-0.130769230769231
2116	-0.139464882943144
2117	-0.126421404682274
2118	-0.0451505016722409
2119	-0.109030100334448
2120	-0.104682274247492
2121	-0.0916387959866222
2122	-0.074247491638796
2123	-0.0190635451505019
2124	-0.0277591973244149
2125	-0.109030100334448
2126	-0.109030100334448
2127	-0.109030100334448
2128	-0.126421404682274
2129	-0.135117056856187
2130	-0.148160535117057
2132	-0.16989966555184
2133	-0.178595317725753
2134	-0.187290969899666
2193	-0.152508361204013
2194	-0.174247491638796
2195	-0.16989966555184
2196	-0.174247491638796
2197	-0.187290969899666
2237	-0.213377926421405
2238	-0.235117056856187
2239	-0.2438127090301
2240	-0.252508361204013
2241	-0.248160535117057
2242	-0.179933110367893
2243	-0.18428093645485
2244	-0.206020066889632
2245	-0.197324414715719
2246	-0.188628762541806
2247	-0.197324414715719
2248	-0.192976588628763
2249	-0.188628762541806
2250	-0.124749163879599
2251	-0.116053511705686
2252	-0.107357859531773
2253	-0.0478260869565217
2254	-0.129096989966556
2255	-0.146488294314382
2256	-0.155183946488295
2257	-0.142140468227425
2258	-0.274247491638796
2259	-0.26989966555184
2260	-0.26989966555184
2261	-0.261204013377927
2262	-0.25685618729097
2263	-0.248160535117057
2264	-0.239464882943144
2265	-0.15819397993311
2266	-0.0856187290969902
2267	-0.0551839464882946
2268	-0.140802675585284
2269	-0.145150501672241
2270	-0.200334448160535
2271	-0.222073578595318
2272	-0.209030100334448
2273	-0.222073578595318
2274	-0.145150501672241
2275	0.00869565217391299
2276	0
2277	0.00434782608695639
2278	-0.0769230769230772
2279	-0.0638795986622076
2280	-0.140802675585284
2281	0.0899665551839465
2282	0.0943143812709029
2283	0.116053511705686
2284	0.133444816053512
2285	0.0652173913043479
2286	0.0565217391304348
2287	-0.101672240802676
2288	-0.0842809364548496
2289	-0.0929765886287628
2290	-0.0973244147157192
2291	-0.00301003344481643
2292	0.0100334448160532
2293	0.00568561872909668
2294	0.0187290969899663
2295	0.0361204013377923
2296	0.117391304347826
2297	0.113043478260869
2298	0.181270903010033
2299	0.168227424749164
2300	0.181270903010033
2301	0.0869565217391304
2302	0.0143812709030097
2303	0.0230769230769228
2304	0.0230769230769228
2305	0.113043478260869
2306	0.108695652173913
2307	0.18561872909699
2308	0.189966555183946
2309	0.126086956521739
2310	0.0491638795986619
2311	-0.0147157190635453
2312	-0.0147157190635453
2313	-0.0234113712374583
2314	-0.0016722408026757
2315	0.0113712374581937
2316	0.0113712374581937
2375	-0.217725752508361
2377	-0.127759197324415
2378	-0.0595317725752512
2379	-0.0595317725752512
2380	0.017391304347826
2381	-0.0812709030100337
2382	0.0682274247491639
2383	0.145150501672241
2384	0.204682274247491
2385	0.209030100334448
2386	0.140802675585284
2387	0.132107023411371
2388	0.162541806020067
2389	0.188628762541806
2390	0.248160535117057
2391	0.320735785953177
2392	0.397658862876254
2393	0.393311036789298
2394	0.397658862876254
2395	0.397658862876254
2396	0.41505016722408
2397	0.441137123745819
2398	0.441137123745819
2399	0.441137123745819
2400	0.42809364548495
2401	0.34247491638796
2402	0.338127090301003
2403	0.25685618729097
2404	0.261204013377926
2405	0.248160535117057
2406	0.252508361204013
2407	0.252508361204013
2408	0.261204013377926
2409	0.269899665551839
2410	0.287290969899665
2411	0.210367892976589
2412	0.201672240802675
2413	0.120401337792642
2414	0.0695652173913044
2415	0.159531772575251
2416	0.104347826086956
2417	0.1
2418	-0.0451505016722409
2419	-0.0408026755852845
2420	-0.0321070234113714
2421	0.0622073578595315
2422	-0.0277591973244149
2423	0.0491638795986619
2424	0.0491638795986619
2425	0.160869565217391
2426	0.0882943143812704
2427	0.0070234113712373
2428	-0.0525083612040136
2429	0.0244147157190633
2430	0.0157190635451504
2431	0.0200668896321069
2432	0.0752508361204011
2433	0.237792642140468
2434	0.395986622073578
2435	0.485953177257525
2436	0.485953177257525
2437	0.464214046822743
2438	0.549832775919732
2439	0.545484949832776
2440	0.618060200668896
2441	0.68628762541806
2442	0.75886287625418
2443	0.831438127090301
2444	0.840133779264214
2445	0.840133779264214
2446	0.84448160535117
2447	0.84448160535117
2448	0.822742474916388
2449	0.745819397993311
2450	0.745819397993311
2451	0.668896321070234
2452	0.681939799331104
2453	0.677591973244147
2454	0.690635451505017
2455	0.677591973244147
2456	0.5876254180602
2457	0.5876254180602
2458	0.583277591973244
2459	0.502006688963211
2460	0.510702341137124
2461	0.420735785953177
2462	0.497658862876254
2463	0.488963210702341
2464	0.484615384615385
2465	0.394648829431438
2466	0.330769230769231
2467	0.403344481605351
2468	0.420735785953177
2469	0.262541806020067
2470	0.104347826086956
2471	0.113043478260869
2472	0.108695652173913
2473	0.113043478260869
2474	0.00568561872909668
2475	0.0100334448160532
2476	-0.053846153846154
2487	-0.200334448160535
2488	-0.0377926421404685
2489	-0.033444816053512
2490	-0.0377926421404685
2491	-0.127759197324415
2492	-0.132107023411371
2493	-0.200334448160535
2494	-0.204682274247492
2495	-0.200334448160535
2496	-0.213377926421405
2497	-0.166889632107023
2498	-0.239464882943144
2499	-0.248160535117057
2500	-0.197324414715719
2501	-0.192976588628763
2502	-0.188628762541806
2503	-0.25685618729097
2541	-0.235117056856187
2542	-0.17123745819398
2543	-0.179933110367893
2544	-0.192976588628763
2545	-0.274247491638796
2546	-0.265551839464883
2547	-0.265551839464883
2549	-0.261204013377927
2550	-0.153846153846154
2551	-0.145150501672241
2552	-0.162541806020067
2553	-0.153846153846154
2554	-0.153846153846154
2555	-0.15819397993311
2556	-0.153846153846154
2557	-0.140802675585284
2558	-0.222073578595318
2559	-0.0682274247491642
2560	-0.0595317725752512
2561	-0.0551839464882946
2562	-0.0595317725752512
2563	-0.0682274247491642
2564	-0.0812709030100337
2565	-0.0856187290969902
2566	-0.248160535117057
2567	-0.239464882943144
2568	-0.265551839464883
2569	-0.278595317725753
2572	-0.295986622073579
2573	-0.214715719063545
2574	-0.201672240802676
2575	-0.120401337792643
2576	-0.111705685618729
2577	-0.274247491638796
2581	-0.287290969899666
2582	-0.309030100334448
2583	-0.326421404682274
2584	-0.339464882943144
2587	-0.292976588628763
2588	-0.297324414715719
2589	-0.292976588628763
2590	-0.310367892976589
2591	-0.301672240802676
2592	-0.288628762541806
2593	-0.297324414715719
2594	-0.319063545150502
2595	-0.395986622073579
2596	-0.417725752508361
2597	-0.409030100334448
2598	-0.430769230769231
2599	-0.430769230769231
2600	-0.345150501672241
2601	-0.353846153846154
2602	-0.349498327759197
2603	-0.294314381270903
2604	-0.289966555183947
2605	-0.35819397993311
2606	-0.323411371237458
2607	-0.233444816053512
2608	-0.237792642140468
2609	-0.292976588628763
2610	-0.216053511705686
2611	-0.288628762541806
2612	-0.266889632107024
2613	-0.258193979933111
2614	-0.108695652173913
2615	-0.11304347826087
2616	-0.117391304347826
2617	-0.203010033444816
2618	-0.189966555183947
2619	-0.18561872909699
2620	-0.168227424749164
2621	-0.163879598662208
2622	-0.240802675585284
2629	-0.395986622073579
2630	-0.400334448160535
2642	-0.27123745819398
2643	-0.279933110367893
2644	-0.326421404682274
2645	-0.317725752508361
2657	-0.335117056856187
2658	-0.236454849498328
2659	-0.150836120401338
2660	-0.0739130434782609
2661	-0.0608695652173914
2662	-0.0434782608695654
2663	-0.0391304347826087
2664	-0.0434782608695654
2665	0.0464882943143812
2666	0.0595317725752507
2667	0.0551839464882944
2668	0.0638795986622074
2669	0.0638795986622074
2670	0.0638795986622074
2671	0.136454849498328
2672	0.15819397993311
2673	0.320735785953177
2674	0.265551839464883
2675	0.278595317725752
2676	0.188628762541806
2677	0.0943143812709029
2678	0.0217391304347826
2679	-0.042140468227425
2680	-0.042140468227425
2681	0.188628762541806
2682	0.2438127090301
2683	0.303344481605351
2684	0.384615384615385
2685	0.380267558528428
2686	0.534113712374582
2687	0.439799331103679
2688	0.439799331103679
2689	0.439799331103679
2690	0.439799331103679
2691	0.461538461538461
2692	0.448494983277592
2693	0.367224080267558
2694	0.281605351170569
2695	0.200334448160535
2696	0.0973244147157188
2697	0.0842809364548494
2698	0.0929765886287623
2699	0.332441471571906
2700	0.336789297658863
2701	0.209030100334448
2702	0.312040133779264
2703	0.380267558528428
2704	0.397658862876254
2705	0.393311036789298
2706	0.393311036789298
2707	0.307692307692308
2708	0.307692307692308
2709	0.162541806020067
2710	0.149498327759197
2711	0.149498327759197
2712	0.127759197324415
2713	0.213377926421404
2714	0.200334448160535
2715	0.191638795986622
2716	0.182943143812709
2717	0.0290969899665552
2718	0.00735785953177248
2719	0.0160535117056855
2720	0.00301003344481598
2721	0.00735785953177248
2722	-0.146488294314382
2723	-0.155183946488295
2724	-0.155183946488295
2725	-0.168227424749164
2726	-0.0826086956521739
2727	-0.172575250836121
2728	-0.176923076923077
2729	-0.181270903010034
2730	-0.172575250836121
2731	-0.0913043478260871
2732	-0.0782608695652174
2733	-0.0695652173913044
2734	0.011705685618729
2735	-0.137792642140469
2736	-0.120401337792643
2737	-0.116053511705686
2738	-0.107357859531773
2739	-0.175585284280936
2740	-0.17123745819398
2741	-0.18428093645485
2742	-0.175585284280936
2743	-0.17123745819398
2744	-0.179933110367893
2745	-0.18428093645485
2746	-0.0899665551839467
2747	-0.0856187290969902
2748	-0.0130434782608695
2749	-0.0899665551839467
2750	-0.107357859531773
2751	-0.116053511705686
2752	-0.0521739130434784
2753	-0.0521739130434784
2754	-0.0565217391304349
2755	-0.0565217391304349
2756	-0.0695652173913044
2757	-0.0782608695652174
2758	-0.0521739130434784
2759	-0.0478260869565217
2760	-0.0521739130434784
2761	-0.0608695652173914
2762	-0.137792642140469
2763	-0.133444816053512
2764	-0.142140468227425
2765	-0.142140468227425
2766	-0.124749163879599
2767	-0.124749163879599
2768	-0.107357859531773
2769	-0.111705685618729
2770	-0.206020066889632
2771	-0.26989966555184
2772	-0.179933110367893
2773	-0.166889632107023
2774	-0.248160535117057
2775	-0.265551839464883
2776	-0.111705685618729
2777	-0.116053511705686
2778	0.0247491638795985
2779	0.0973244147157188
2780	0.101672240802675
2781	0.101672240802675
2782	0.0247491638795985
2783	0.0247491638795985
2784	0.0334448160535115
2785	0.0334448160535115
2786	-0.0217391304347825
2787	0.0421404682274247
2788	-0.0304347826086957
2789	-0.103010033444816
2790	-0.17123745819398
2791	-0.2438127090301
2795	-0.248160535117057
2796	-0.248160535117057
2797	-0.2438127090301
2798	-0.175585284280936
2799	-0.17123745819398
2800	-0.179933110367893
2801	-0.17123745819398
2802	-0.175585284280936
2803	-0.15819397993311
2804	-0.188628762541806
2805	-0.192976588628763
2806	-0.201672240802676
2807	-0.223411371237458
2808	-0.309030100334448
2809	-0.326421404682274
2810	-0.330769230769231
2811	-0.335117056856187
2900	-0.132107023411371
2901	-0.0638795986622076
2902	-0.0682274247491642
2903	-0.0638795986622076
2904	-0.136454849498328
2905	-0.235117056856187
2907	-0.2438127090301
2908	-0.252508361204013
2909	-0.166889632107023
2910	-0.226421404682274
2911	-0.204682274247492
2912	-0.204682274247492
2913	-0.213377926421405
2914	-0.132107023411371
2915	-0.230769230769231
2916	-0.230769230769231
2917	-0.230769230769231
2918	-0.162541806020067
2919	-0.132107023411371
2920	-0.132107023411371
2921	-0.119063545150502
2922	-0.127759197324415
2923	-0.140802675585284
2924	-0.0682274247491642
2925	-0.153846153846154
2926	-0.17123745819398
2927	-0.261204013377927
2928	-0.111705685618729
2929	-0.103010033444816
2930	-0.0130434782608695
2931	-0.0173913043478262
2932	0.140802675585284
2933	-0.0173913043478262
2934	-0.0260869565217392
2935	0.020401337792642
2936	-0.142140468227425
2937	-0.219063545150502
2938	-0.142140468227425
2939	-0.159531772575251
2940	-0.11304347826087
2941	-0.11304347826087
2942	-0.117391304347826
2943	-0.207357859531773
2944	-0.139130434782609
2945	-0.237792642140468
2946	-0.233444816053512
2947	-0.237792642140468
2948	-0.0969899665551839
2949	-0.011371237458194
2950	-0.0882943143812709
2951	-0.0839464882943144
2952	-0.0795986622073579
2953	-0.0795986622073579
2954	-0.156521739130435
2955	-0.169565217391304
2956	-0.0709030100334449
2957	-0.0795986622073579
2958	-0.0709030100334449
2959	-0.0578595317725752
2960	-0.130434782608696
2961	-0.0491638795986622
2962	-0.0535117056856189
2963	-0.0578595317725752
2964	-0.224749163879599
2965	-0.229096989966555
2966	-0.314715719063545
2967	-0.323411371237458
2970	-0.395986622073579
2972	-0.387290969899666
2973	-0.395986622073579
2977	-0.365551839464883
2978	-0.361204013377927
2979	-0.382943143812709
3004	-0.413377926421405
3005	-0.417725752508361
3008	-0.323411371237458
3009	-0.319063545150502
3010	-0.224749163879599
3011	-0.19866220735786
3012	-0.11304347826087
3013	-0.288628762541806
3014	-0.297324414715719
3015	-0.275585284280937
3016	-0.253846153846154
3017	-0.27123745819398
3018	-0.194314381270904
3019	-0.19866220735786
3020	-0.203010033444816
3021	-0.288628762541806
3022	-0.211705685618729
3023	-0.203010033444816
3024	-0.258193979933111
3025	-0.172575250836121
3026	-0.172575250836121
3027	-0.176923076923077
3028	-0.18561872909699
3029	-0.168227424749164
3030	-0.159531772575251
3031	-0.0565217391304349
3032	-0.0565217391304349
3033	0.0334448160535115
3034	-0.0347826086956522
3035	-0.0304347826086957
3036	-0.0304347826086957
3037	0.0464882943143812
3038	0.0508361204013377
3039	0.0638795986622074
3040	-0.15819397993311
3041	-0.145150501672241
3042	-0.0725752508361208
3043	-0.0682274247491642
3053	-0.252508361204013
3058	-0.239464882943144
3059	-0.2438127090301
3060	-0.261204013377927
3065	-0.248160535117057
3066	-0.248160535117057
3067	-0.261204013377927
3068	-0.248160535117057
3071	-0.26989966555184
3072	-0.295986622073579
3085	-0.365551839464883
3086	-0.36989966555184
3087	-0.365551839464883
3088	-0.35685618729097
3427	-0.226421404682274
3428	-0.213377926421405
3432	-0.226421404682274
3451	-0.15685618729097
3452	-0.152508361204013
3453	-0.152508361204013
3454	-0.148160535117057
3455	-0.053846153846154
3456	-0.0494983277591975
3457	-0.1438127090301
3458	-0.161204013377926
3459	-0.15685618729097
3527	-0.300334448160535
3655	-0.317725752508361
3656	-0.304682274247492
3657	-0.295986622073579
3658	-0.287290969899666
3659	-0.274247491638796
3660	-0.287290969899666
3664	-0.322073578595318
3665	-0.326421404682274
3666	-0.330769230769231
3667	-0.326421404682274
3800	-0.187290969899666
3819	-0.217725752508361
3820	-0.235117056856187
3821	-0.166889632107023
3822	-0.25685618729097
3823	-0.25685618729097
3824	-0.265551839464883
3825	-0.261204013377927
3826	-0.17123745819398
3827	-0.265551839464883
3916	-0.00903010033444829
3917	-0.00903010033444829
3918	-0.0220735785953178
3919	-0.0177257525083613
3924	0.00401337792642131
3925	0.00401337792642131
3926	-0.00468227424749168
3927	-0.000334448160535294
3928	-0.000334448160535294
3929	-0.00468227424749168
3930	0.0591973244147156
3932	-0.0133779264214048
3933	0.00401337792642131
3934	-0.00468227424749168
3959	0.0257525083612039
3963	0.00401337792642131
3964	-0.0133779264214048
3965	-0.0264214046822744
3967	-0.0264214046822744
3968	-0.0133779264214048
3969	-0.0220735785953178
3970	-0.0307692307692309
3971	-0.0264214046822744
3972	-0.0307692307692309
3973	-0.0264214046822744
3974	-0.0264214046822744
3975	-0.0264214046822744
3976	-0.0264214046822744
3977	-0.039464882943144
3978	-0.039464882943144
3979	-0.039464882943144
3980	-0.0177257525083613
3981	-0.0307692307692309
3982	-0.0307692307692309
4019	-0.104682274247492
4020	-0.0872909698996656
4062	0.0157190635451504
4063	0.0113712374581937
4064	0.0200668896321069
4065	-0.0481605351170569
4066	-0.0438127090301004
4067	-0.0220735785953178
4068	0.046153846153846
4069	0.0418060200668895
4070	0.0722408026755852
4071	-0.0133779264214048
4072	-0.0351170568561874
4073	-0.0264214046822744
4074	-0.039464882943144
4075	-0.0481605351170569
4076	-0.0612040133779265
4077	-0.0655518394648832
4078	-0.074247491638796
4079	-0.0829431438127092
4080	-0.0916387959866222
4081	-0.109030100334448
4082	-0.122073578595318
4083	-0.122073578595318
4087	-0.109030100334448
4088	-0.122073578595318
4089	-0.0625418060200671
4090	-0.0799331103678932
4091	-0.0886287625418061
4092	-0.0842809364548496
4093	-0.165551839464883
4094	0.00133779264214018
4095	-0.00735785953177281
4096	-0.0204013377926424
4097	-0.0117056856187293
4148	-0.304682274247492
4149	-0.300334448160535
4150	-0.295986622073579
4151	-0.300334448160535
4152	-0.309030100334448
4153	-0.309030100334448
4154	-0.304682274247492
4155	-0.309030100334448
4156	-0.309030100334448
4157	-0.287290969899666
4359	-0.223411371237458
4360	-0.214715719063545
4361	-0.133444816053512
4362	-0.159531772575251
4363	-0.168227424749164
4364	-0.240802675585284
4365	-0.245150501672241
4366	-0.245150501672241
4367	-0.163879598662208
4368	-0.142140468227425
4369	-0.137792642140469
4370	-0.124749163879599
4371	-0.15819397993311
4372	-0.0173913043478262
4373	0.0377926421404682
4374	0.0421404682274247
4375	0.101672240802675
4376	0.182943143812709
4377	0.195986622073578
4378	0.264214046822742
4379	0.259866220735786
4380	0.336789297658863
4381	0.41371237458194
4382	0.332441471571906
4383	0.31505016722408
4384	0.319397993311037
4385	0.306354515050167
4386	0.302006688963211
4387	0.31505016722408
4388	0.319397993311037
4389	0.165551839464883
4390	0.0842809364548494
4391	0.0625418060200666
4392	0.148160535117057
4393	0.152508361204013
4394	0.1438127090301
4395	-0.0826086956521739
4396	-0.0565217391304349
4397	-0.0565217391304349
4398	-0.0434782608695654
4399	0.106020066889632
4400	0.209030100334448
4401	0.191638795986622
4402	0.272909698996656
4403	0.200334448160535
4404	0.195986622073578
4405	0.182943143812709
4406	0.341137123745819
4407	0.323745819397993
4408	0.165551839464883
4409	0.0929765886287623
4410	0.114715719063545
4411	0.0377926421404682
4412	-0.0347826086956522
4413	-0.0217391304347825
4414	-0.111705685618729
4415	-0.0478260869565217
4416	-0.129096989966556
4417	-0.201672240802676
4418	-0.137792642140469
4419	-0.0608695652173914
4420	-0.0521739130434784
4421	-0.0695652173913044
4422	-0.0521739130434784
4423	-0.0434782608695654
4424	-0.0565217391304349
4425	-0.0782608695652174
4426	-0.0739130434782609
4427	-0.0869565217391304
4428	-0.0913043478260871
4429	-0.155183946488295
4430	-0.172575250836121
4431	-0.181270903010034
4432	-0.203010033444816
4433	-0.266889632107024
4434	-0.279933110367893
4435	-0.378595317725753
4540	-0.326421404682274
4541	-0.335117056856187
4542	-0.352508361204013
4546	-0.361204013377927
4547	-0.35685618729097
4548	-0.266889632107024
4549	-0.262541806020067
4550	-0.28428093645485
4551	-0.288628762541806
4552	-0.139130434782609
4553	-0.156521739130435
4554	-0.0795986622073579
4555	-0.173913043478261
4556	-0.246488294314382
4557	-0.237792642140468
4558	-0.306020066889632
4559	-0.310367892976589
4560	-0.297324414715719
4561	-0.216053511705686
4562	-0.207357859531773
4563	-0.216053511705686
4564	-0.220401337792642
4565	-0.233444816053512
4566	-0.314715719063545
4567	-0.224749163879599
4568	-0.220401337792642
4569	-0.224749163879599
4570	-0.229096989966555
4571	-0.229096989966555
4572	-0.224749163879599
4573	-0.220401337792642
4574	-0.207357859531773
4575	-0.279933110367893
4576	-0.35685618729097
4577	-0.352508361204013
4691	-0.339464882943144
4692	-0.330769230769231
4693	-0.335117056856187
4694	-0.330769230769231
4695	-0.330769230769231
4696	-0.275585284280937
4697	-0.352508361204013
4730	-0.38428093645485
4731	-0.329096989966556
4732	-0.401672240802676
4733	-0.316053511705686
4734	-0.324749163879599
4735	-0.337792642140469
4736	-0.368227424749164
4737	-0.350836120401338
4738	-0.355183946488295
4739	-0.346488294314382
4740	-0.342140468227425
4741	-0.337792642140469
4742	-0.423411371237458
4743	-0.410367892976589
4744	-0.342140468227425
4745	-0.350836120401338
4746	-0.363879598662208
4747	-0.363879598662208
4748	-0.355183946488295
4749	-0.449498327759198
4750	-0.449498327759198
4751	-0.436454849498328
4752	-0.427759197324415
4753	-0.414715719063545
4754	-0.487290969899666
4755	-0.410367892976589
4756	-0.329096989966556
4757	-0.175250836120401
4758	-0.247826086956522
4759	-0.252173913043478
4760	-0.29866220735786
4761	-0.294314381270903
4762	-0.303010033444817
4763	-0.28561872909699
4764	-0.21304347826087
4765	-0.105685618729097
4766	-0.242140468227425
4767	-0.319063545150502
4768	-0.336454849498328
4769	-0.417725752508361
4770	-0.417725752508361
4771	-0.400334448160535
4772	-0.378595317725753
4773	-0.365551839464883
4774	-0.361204013377927
4775	-0.28428093645485
4776	-0.220401337792642
4777	-0.147826086956522
4778	-0.173913043478261
4779	-0.182608695652174
4780	-0.263879598662208
4781	-0.195652173913043
4782	-0.182608695652174
4783	-0.173913043478261
4784	-0.169565217391304
4785	-0.0287625418060202
4786	-0.0331103678929767
4787	-0.0418060200668897
4788	-0.0157190635451507
4789	-0.020066889632107
4790	-0.011371237458194
4791	-0.0795986622073579
4792	-0.147826086956522
4793	-0.288628762541806
4794	-0.288628762541806
4795	-0.292976588628763
4796	-0.28428093645485
4797	-0.288628762541806
4798	-0.27123745819398
4799	-0.275585284280937
4800	-0.365551839464883
4809	-0.35685618729097
4810	-0.361204013377927
4811	-0.275585284280937
4812	-0.335117056856187
4813	-0.326421404682274
4814	-0.322073578595318
4815	-0.317725752508361
4816	-0.176923076923077
4817	-0.258193979933111
4818	-0.181270903010034
4819	-0.18561872909699
4820	-0.181270903010034
4821	-0.335117056856187
4822	-0.317725752508361
4823	-0.322073578595318
4824	-0.330769230769231
4825	-0.330769230769231
4826	-0.339464882943144
4827	-0.352508361204013
4828	-0.365551839464883
4829	-0.378595317725753
4830	-0.301672240802676
4831	-0.288628762541806
4832	-0.28428093645485
4833	-0.297324414715719
4834	-0.297324414715719
4835	-0.387290969899666
4836	-0.391638795986622
4837	-0.409030100334448
4838	-0.422073578595318
4839	-0.422073578595318
4840	-0.362541806020067
4841	-0.379933110367893
4842	-0.392976588628763
4843	-0.388628762541806
4844	-0.307357859531773
4845	-0.379933110367893
4846	-0.379933110367893
4858	-0.526421404682274
4859	-0.561204013377927
4860	-0.565551839464883
4875	-0.548160535117057
4968	-0.535117056856187
4969	-0.526421404682274
4970	-0.526421404682274
4971	-0.526421404682274
4972	-0.535117056856187
4973	-0.543812709030101
4974	-0.509030100334448
4975	-0.513377926421405
4993	-0.535117056856187
4998	-0.565551839464883
4999	-0.582943143812709
5021	-0.55685618729097
5032	-0.543812709030101
5033	-0.574247491638796
5034	-0.578595317725753
5035	-0.475585284280937
5036	-0.48428093645485
5037	-0.462541806020067
5038	-0.466889632107024
5039	-0.458193979933111
5040	-0.449498327759198
5041	-0.436454849498328
5042	-0.337792642140469
5043	-0.333444816053512
5044	-0.31170568561873
5045	-0.243478260869565
5046	-0.239130434782609
5047	-0.162207357859532
5048	-0.157859531772576
5049	-0.0678929765886289
5050	-0.0591973244147159
5051	-0.136120401337793
5052	-0.0591973244147159
5053	0.0177257525083609
5054	-0.0809364548494986
5055	-0.0939799331103681
5056	-0.107023411371238
5057	-0.102675585284281
5058	-0.0809364548494986
5059	-0.0678929765886289
5060	-0.0374581939799332
5061	-0.0461538461538462
5062	-0.0548494983277594
5063	-0.0461538461538462
5064	-0.0461538461538462
5065	-0.0418060200668897
5066	-0.118729096989967
5067	-0.118729096989967
5068	-0.195652173913043
5069	-0.204347826086956
5070	-0.191304347826087
5071	-0.263879598662208
5072	-0.268227424749164
5073	-0.11438127090301
5074	-0.105685618729097
5075	0.0612040133779261
5076	0.151170568561873
5077	0.151170568561873
5078	0.0742474916387958
5079	0.0785953177257523
5080	0.0698996655518394
5081	-0.00702341137123752
5082	-0.020066889632107
5083	-0.101337792642141
5084	-0.110033444816054
5085	-0.276923076923077
5086	-0.28561872909699
5087	-0.263879598662208
5088	-0.362541806020067
5089	-0.375585284280937
5090	-0.38428093645485
5091	-0.320401337792642
5092	-0.37123745819398
5093	-0.37123745819398
5094	-0.217391304347826
5095	-0.21304347826087
5096	-0.204347826086956
5097	-0.217391304347826
5098	-0.247826086956522
5099	0.00468227424749124
5100	-0.0127090301003345
5101	-0.00401337792642176
5102	0.0685618729096991
5103	0.149832775919732
5104	0.145484949832776
5105	0.132441471571906
5106	0.0511705685618729
5107	0.0598662207357858
5108	0.0511705685618729
5109	-0.107023411371238
5110	-0.137458193979933
5111	-0.3
5112	-0.39866220735786
5113	-0.334782608695652
5114	-0.352173913043478
5115	-0.215719063545151
5116	-0.224414715719064
5117	-0.164882943143813
5118	-0.160535117056856
5119	-0.160535117056856
5120	-0.0792642140468229
5121	-0.0749163879598664
5122	0.00635451505016715
5123	0.0193979933110366
5124	0.0150501672240801
5125	-0.0836120401337792
5126	-0.0923076923076922
5127	-0.0966555183946489
5128	-0.0836120401337792
5129	-0.0836120401337792
5130	-0.246153846153846
5131	-0.24180602006689
5132	-0.220066889632107
5133	-0.22876254180602
5134	-0.160535117056856
5135	-0.404347826086957
5136	-0.421739130434783
5137	-0.408695652173913
5138	-0.246153846153846
5139	-0.32742474916388
5140	-0.336120401337793
5141	-0.340468227424749
5142	-0.353511705685619
5143	-0.199665551839465
5144	-0.204013377926422
5145	-0.217056856187291
5146	-0.230100334448161
5147	-0.153177257525084
5148	-0.14448160535117
5149	-0.230100334448161
5150	-0.320066889632107
5151	-0.469565217391305
5152	-0.473913043478261
5153	-0.383946488294315
5154	-0.388294314381271
5155	-0.418729096989967
5156	-0.495652173913044
5157	-0.576923076923077
5158	-0.645150501672241
5159	-0.632107023411371
5160	-0.632107023411371
5161	-0.632107023411371
5162	-0.627759197324415
5163	-0.726421404682275
5164	-0.722073578595318
5165	-0.726421404682275
5166	-0.730769230769231
5167	-0.640802675585284
5168	-0.568227424749164
5169	-0.568227424749164
5170	-0.632107023411371
5171	-0.568227424749164
5172	-0.576923076923077
5173	-0.478260869565217
5174	-0.678595317725753
5175	-0.700334448160535
5176	-0.610367892976589
5177	-0.610367892976589
5178	-0.507357859531773
5179	-0.648160535117057
5180	-0.6438127090301
5181	-0.639464882943144
5182	-0.669899665551839
5186	-0.536454849498328
5187	-0.472575250836121
5188	-0.224414715719064
5189	-0.4
5190	-0.4
5191	-0.404347826086957
5192	-0.386956521739131
5193	-0.369565217391304
5194	-0.382608695652174
5195	-0.288294314381271
5196	-0.301337792642141
5197	-0.296989966555184
5198	-0.318729096989967
5199	-0.24180602006689
5200	-0.1561872909699
5201	-0.14314381270903
5202	-0.138795986622074
5203	-0.220066889632107
5204	-0.292642140468228
5205	-0.296989966555184
5206	-0.262207357859532
5207	-0.185284280936455
5208	-0.104013377926422
5209	-0.125752508361204
5210	-0.0488294314381272
5211	-0.0357859531772577
5212	-0.117056856187291
5213	-0.112709030100335
5214	-0.198327759197324
5215	-0.193979933110368
5216	-0.202675585284281
5217	-0.125752508361204
5218	-0.112709030100335
5219	0.0411371237458191
5220	0.0411371237458191
5221	0.00635451505016715
5222	-0.134448160535117
5223	-0.130100334448161
5224	-0.4
5225	-0.305685618729097
5226	-0.301337792642141
5227	-0.220066889632107
5228	-0.24180602006689
5229	-0.259197324414716
5230	-0.24180602006689
5231	-0.301337792642141
5232	-0.275250836120401
5233	-0.185284280936455
5234	-0.189632107023412
5235	-0.270903010033445
5236	-0.356521739130435
5237	-0.437792642140469
5238	-0.420401337792643
5239	-0.262207357859532
5240	-0.266555183946489
5241	-0.253511705685619
5242	-0.236120401337793
5243	-0.308695652173913
5244	-0.416053511705686
5245	-0.488628762541806
5246	-0.578595317725753
5247	-0.595986622073579
5248	-0.609030100334448
5249	-0.609030100334448
5250	-0.523411371237458
5251	-0.532107023411371
5252	-0.527759197324415
5253	-0.609030100334448
5254	-0.622073578595318
5256	-0.635117056856187
5257	-0.639464882943144
5258	-0.562541806020067
5259	-0.639464882943144
5260	-0.575585284280937
5261	-0.661204013377927
5262	-0.635117056856187
5273	-0.639464882943144
5274	-0.648160535117057
5276	-0.669899665551839
5277	-0.669899665551839
5278	-0.669899665551839
5284	-0.730769230769231
5285	-0.726421404682275
5286	-0.743812709030101
5287	-0.752508361204014
5288	-0.75685618729097
5289	-0.59866220735786
5290	-0.51304347826087
5291	-0.526086956521739
5292	-0.504347826086956
5293	-0.42742474916388
5294	-0.486956521739131
5295	-0.482608695652174
5296	-0.546488294314382
5297	-0.516053511705686
5298	-0.529096989966555
5299	-0.533444816053512
5300	-0.529096989966555
5301	-0.559531772575251
5302	-0.482608695652174
5303	-0.491304347826087
5304	-0.388294314381271
5305	-0.379598662207358
5306	-0.392642140468228
5307	-0.302675585284281
5308	-0.24314381270903
5309	-0.423076923076923
5310	-0.423076923076923
5311	-0.350501672240803
5312	-0.350501672240803
5313	-0.354849498327759
5314	-0.372240802675585
5315	-0.380936454849499
5316	-0.354849498327759
5317	-0.354849498327759
5318	-0.290969899665552
5319	-0.209698996655518
5320	-0.282274247491639
5321	-0.304013377926422
5322	-0.376588628762542
5323	-0.354849498327759
5324	-0.367892976588629
5325	-0.530434782608696
5326	-0.594314381270903
5327	-0.67123745819398
5328	-0.748160535117057
5329	-0.765551839464883
5330	-0.75685618729097
5331	-0.748160535117057
5332	-0.761204013377927
5333	-0.765551839464883
5334	-0.75685618729097
5335	-0.774247491638796
5336	-0.679933110367893
5337	-0.58561872909699
5338	-0.65819397993311
5339	-0.662541806020067
5340	-0.717725752508361
5341	-0.679933110367893
5342	-0.67123745819398
5343	-0.730769230769231
5345	-0.735117056856187
5346	-0.645150501672241
5351	-0.6438127090301
5352	-0.6438127090301
5353	-0.553846153846154
5354	-0.630769230769231
5355	-0.626421404682274
5356	-0.489966555183947
5357	-0.386956521739131
5358	-0.386956521739131
5359	-0.360869565217391
5360	-0.378260869565217
5361	-0.373913043478261
5362	-0.296989966555184
5363	-0.138795986622074
5364	-0.130100334448161
5365	-0.202675585284281
5366	-0.189632107023412
5367	-0.193979933110368
5368	-0.117056856187291
5369	0.11371237458194
5370	0.181939799331103
5371	0.168896321070234
5372	0.0789297658862871
5373	0.0963210702341133
5374	0.250167224080267
5375	0.263210702341137
5376	0.374916387959866
5377	0.324080267558528
5378	0.319732441471572
5379	0.315384615384615
5380	0.469230769230769
5381	0.374916387959866
5382	0.311036789297659
5383	0.387959866220736
5384	0.319732441471572
5385	0.418394648829431
5386	0.490969899665551
5387	0.512709030100334
5388	0.517056856187291
5389	0.534448160535117
5390	0.551839464882943
5391	0.569230769230769
5392	0.411036789297659
5393	0.329765886287625
5394	0.321070234113712
5395	0.321070234113712
5396	0.428428093645485
5397	0.531438127090301
5398	0.454515050167224
5399	0.291973244147157
5400	0.403678929765886
5401	0.403678929765886
5402	0.39933110367893
5403	0.54448160535117
5404	0.454515050167224
5405	0.232441471571906
5406	0.206354515050167
5407	0.193311036789298
5408	0.180267558528428
5409	0.175919732441471
5410	0.0394648829431437
5411	0.184615384615385
5412	0.0816053511705683
5413	0.0511705685618729
5414	0.123745819397993
5415	0.209364548494983
5416	0.0468227424749164
5417	0.085953177257525
5418	0.171571906354515
5419	0.107692307692308
5420	0.180267558528428
5421	0.125083612040134
5422	0.0438127090301001
5423	0.0133779264214047
5424	0.167224080267559
5425	0.0816053511705683
5426	0.0816053511705683
5427	0.0177257525083609
5428	0.0989966555183945
5429	0.107692307692308
5430	0.094648829431438
5431	0.184615384615385
5432	0.094648829431438
5433	0.0903010033444818
5434	0.085953177257525
5435	0.149832775919732
5436	0.085953177257525
5437	0.0903010033444818
5438	0.193311036789298
5439	0.0307692307692307
5440	0.000334448160534961
5441	-0.0257525083612042
5442	-0.0387959866220737
5443	0.0555183946488294
5444	0.0424749163879599
5445	-0.0431438127090304
5446	-0.0387959866220737
5447	-0.192642140468227
5448	-0.111371237458194
5449	-0.115719063545151
5450	-0.0170568561872912
5451	-0.0301003344481607
5452	-0.0214046822742477
5453	0.0642140468227426
5454	-0.0127090301003345
5455	0.0642140468227426
5456	-0.0170568561872912
5457	0.00903010033444795
5458	-0.00401337792642176
5459	-0.0939799331103681
5460	-0.256521739130435
5461	-0.256521739130435
5462	-0.243478260869565
5463	-0.252173913043478
5464	-0.350836120401338
5465	-0.368227424749164
5466	-0.381270903010034
5467	-0.453846153846154
5468	-0.38561872909699
5469	-0.449498327759198
5470	-0.449498327759198
5471	-0.530769230769231
5472	-0.535117056856187
5473	-0.539464882943144
5481	-0.458193979933111
5482	-0.372575250836121
5483	-0.381270903010034
5484	-0.423411371237458
5485	-0.436454849498328
5486	-0.517725752508361
5494	-0.552508361204014
5495	-0.565551839464883
5496	-0.565551839464883
5497	-0.506020066889632
5498	-0.506020066889632
5499	-0.492976588628763
5500	-0.497324414715719
5501	-0.488628762541806
5502	-0.488628762541806
5503	-0.492976588628763
5504	-0.497324414715719
5505	-0.527759197324415
5506	-0.455183946488295
5507	-0.468227424749164
5508	-0.459531772575251
5509	-0.468227424749164
5510	-0.476923076923077
5511	-0.382608695652174
5512	-0.382608695652174
5513	-0.446488294314382
5514	-0.455183946488295
5515	-0.532107023411371
5516	-0.527759197324415
5519	-0.565551839464883
5520	-0.574247491638796
5521	-0.55685618729097
5522	-0.56989966555184
5526	-0.595986622073579
5527	-0.523411371237458
5528	-0.617725752508361
5529	-0.652508361204014
5531	-0.648160535117057
5532	-0.566889632107023
5533	-0.58428093645485
5534	-0.49866220735786
5535	-0.489966555183947
5536	-0.51170568561873
5537	-0.51170568561873
5538	-0.443478260869565
5539	-0.452173913043478
5540	-0.434782608695652
5541	-0.413043478260869
5542	-0.503010033444816
5543	-0.516053511705686
5544	-0.533444816053512
5545	-0.478260869565217
5546	-0.465217391304348
5547	-0.529096989966555
5548	-0.542140468227425
5549	-0.559531772575251
5550	-0.568227424749164
5551	-0.59866220735786
5552	-0.521739130434783
5553	-0.363545150501672
5554	-0.350501672240803
5555	-0.508695652173913
5556	-0.346153846153846
5557	-0.346153846153846
5558	-0.269230769230769
5559	-0.2561872909699
5560	-0.269230769230769
5561	-0.247491638795987
5562	-0.337458193979933
5563	-0.444816053511706
5564	-0.363545150501672
5565	-0.440468227424749
5566	-0.470903010033445
5567	-0.539130434782609
5568	-0.389632107023411
5569	-0.475250836120402
5570	-0.543478260869565
5571	-0.539130434782609
5572	-0.560869565217391
5573	-0.565217391304348
5574	-0.650836120401338
5575	-0.650836120401338
5576	-0.663879598662208
5577	-0.595652173913044
5578	-0.608695652173913
5579	-0.639130434782609
5580	-0.412709030100335
5581	-0.390969899665552
5582	-0.373578595317726
5583	-0.412709030100335
5584	-0.399665551839465
5585	-0.322742474916388
5586	-0.177591973244148
5587	-0.18628762541806
5588	-0.289297658862876
5589	-0.4561872909699
5590	-0.460535117056856
5591	-0.469230769230769
5592	-0.596989966555184
5593	-0.61438127090301
5594	-0.631772575250836
5595	-0.653511705685619
5596	-0.649163879598662
5597	-0.662207357859532
5598	-0.657859531772575
5599	-0.679598662207358
5600	-0.739130434782609
5601	-0.679598662207358
5602	-0.683946488294314
5603	-0.675250836120401
5604	-0.850836120401338
5605	-0.816053511705686
5606	-0.816053511705686
5607	-0.747826086956522
5608	-0.615719063545151
5609	-0.62876254180602
5610	-0.624414715719064
5611	-0.564882943143813
5612	-0.573578595317726
5613	-0.564882943143813
5614	-0.551839464882943
5615	-0.564882943143813
5616	-0.782608695652174
5617	-0.817391304347826
5618	-0.81304347826087
5619	-0.654849498327759
5620	-0.573578595317726
5621	-0.663545150501673
5622	-0.744816053511706
5623	-0.757859531772575
5624	-0.527090301003345
5625	-0.514046822742475
5626	-0.360200668896321
5627	-0.351505016722409
5628	-0.270234113712375
5629	-0.283277591973244
5630	-0.364548494983278
5631	-0.210702341137124
5632	-0.223745819397994
5633	-0.146822742474917
5634	-0.0568561872909703
5635	-0.0612040133779268
5636	-0.0655518394648833
5637	-0.0525083612040136
5638	-0.0394648829431441
5639	-0.0177257525083616
5640	-0.0264214046822744
5641	-0.0133779264214049
5642	0.0127090301003341
5643	-0.0555183946488298
5644	-0.183277591973244
5645	-0.183277591973244
5646	-0.187625418060201
5647	-0.205016722408027
5648	-0.251505016722408
5649	-0.306688963210702
5650	-0.29799331103679
5651	-0.306688963210702
5652	-0.302341137123746
5653	-0.383612040133779
5654	-0.37056856187291
5655	-0.507023411371238
5656	-0.570903010033445
5657	-0.588294314381271
5658	-0.669565217391305
5659	-0.621739130434783
5660	-0.861204013377927
5661	-0.779933110367893
5689	-0.695986622073579
5690	-0.623411371237458
5691	-0.460869565217392
5692	-0.469565217391305
5693	-0.478260869565217
5694	-0.315719063545151
5695	-0.234448160535117
5696	-0.221404682274247
5697	-0.285284280936455
5698	-0.298327759197324
5699	-0.289632107023412
5700	-0.225752508361204
5701	-0.225752508361204
5702	-0.24314381270903
5703	-0.234448160535117
5704	-0.234448160535117
5705	-0.221404682274247
5706	-0.217056856187291
5707	-0.212709030100335
5708	-0.217056856187291
5709	-0.230100334448161
5710	-0.14448160535117
5711	-0.225752508361204
5712	-0.166220735785953
5713	-0.247491638795987
5714	-0.24314381270903
5715	-0.0936454849498327
5716	-0.238795986622074
5717	-0.315719063545151
5718	-0.320066889632107
5719	-0.392642140468228
5720	-0.405685618729097
5721	-0.307023411371238
5722	-0.307023411371238
5723	-0.370903010033445
5724	-0.383946488294315
5725	-0.482608695652174
5726	-0.563879598662208
5727	-0.627759197324415
5728	-0.623411371237458
5729	-0.601672240802676
5730	-0.610367892976589
5731	-0.682943143812709
5732	-0.610367892976589
5733	-0.447826086956522
5734	-0.447826086956522
5735	-0.443478260869565
5736	-0.439130434782609
5737	-0.460869565217392
5738	-0.447826086956522
5739	-0.443478260869565
5740	-0.430434782608696
5741	-0.434782608695652
5742	-0.417391304347826
5743	-0.404347826086957
5744	-0.472575250836121
5745	-0.386956521739131
5746	-0.472575250836121
5747	-0.4
5748	-0.391304347826087
5749	-0.4
5750	-0.408695652173913
5751	-0.57123745819398
5752	-0.575585284280937
5753	-0.421739130434783
5754	-0.336120401337793
5755	-0.349163879598662
5756	-0.336120401337793
5757	-0.386956521739131
5758	-0.369565217391304
5759	-0.365217391304348
5760	-0.378260869565217
5761	-0.365217391304348
5762	-0.202675585284281
5763	-0.283946488294315
5764	-0.266555183946489
5765	-0.236120401337793
5766	-0.31304347826087
5767	-0.295652173913044
5768	-0.31304347826087
5769	-0.432107023411372
5770	-0.286956521739131
5771	-0.291304347826087
5772	-0.363879598662208
5773	-0.269565217391304
5774	-0.256521739130435
5775	-0.269565217391304
5776	-0.175250836120401
5777	-0.162207357859532
5778	-0.144816053511706
5779	-0.0635451505016722
5780	-0.0548494983277594
5781	0.0307692307692307
5782	0.0307692307692307
5783	0.085953177257525
5784	0.0264214046822742
5785	0.0525083612040131
5786	0.0525083612040131
5787	0.0612040133779261
5788	0.390635451505017
5789	0.22809364548495
5790	0.14247491638796
5791	0.146822742474916
5792	0.14247491638796
5793	0.291973244147157
5794	0.368896321070234
5795	0.355852842809364
5796	0.368896321070234
5797	0.368896321070234
5798	0.21505016722408
5799	0.219397993311037
5800	0.22809364548495
5801	0.326755852842809
5802	0.339799331103679
5803	0.352842809364548
5804	0.438461538461538
5805	0.416722408026756
5806	0.280267558528428
5807	0.293311036789297
5808	0.288963210702341
5809	0.297658862876254
5810	0.297658862876254
5811	0.293311036789297
5812	0.22943143812709
5813	0.264214046822742
5814	0.277257525083612
5815	0.281605351170569
5816	0.285953177257525
5817	0.226421404682274
5818	0.307692307692308
5819	0.239464882943144
5820	0.2438127090301
5821	0.325083612040134
5822	0.351170568561873
5823	0.355518394648829
5824	0.210367892976589
5825	0.240802675585284
5826	0.262541806020067
5827	0.42943143812709
5828	0.519397993311037
5829	0.382943143812709
5830	0.314715719063545
5831	0.332107023411371
5832	0.503344481605351
5833	0.516387959866221
5834	0.512040133779264
5835	0.520735785953177
5836	0.538127090301003
5837	0.461204013377926
5838	0.384280936454849
5839	0.397324414715719
5840	0.324749163879599
5841	0.333444816053512
5842	0.342140468227425
5843	0.427759197324415
5844	0.462541806020067
5845	0.389966555183946
5846	0.488628762541806
5847	0.492976588628762
5848	0.497324414715719
5849	0.578595317725752
5850	0.595986622073578
5851	0.527759197324415
5852	0.540802675585284
5853	0.468227424749164
5854	0.476923076923077
5855	0.417391304347826
5856	0.498662207357859
5857	0.426086956521739
5858	0.430434782608696
5859	0.473913043478261
5860	0.333110367892976
5861	0.346153846153846
5862	0.354849498327759
5915	0.264882943143813
5916	0.324414715719063
5917	0.32876254180602
5918	0.324414715719063
5919	0.324414715719063
5920	0.320066889632107
5921	0.324414715719063
5922	0.320066889632107
5923	0.320066889632107
5924	0.251839464882943
5925	0.24314381270903
5926	0.234448160535117
5927	0.234448160535117
5928	0.23010033444816
5929	0.23010033444816
5930	0.212709030100334
5931	0.263545150501672
5932	0.241806020066889
5933	0.241806020066889
5934	0.241806020066889
5935	0.241806020066889
5936	0.31438127090301
5937	0.220066889632107
5938	0.211371237458194
5939	0.266555183946488
5940	0.189632107023411
5941	0.262207357859531
5942	0.167892976588629
5943	0.159197324414716
5944	0.141806020066889
5945	0.223076923076923
5946	0.210033444816053
5947	0.20133779264214
5948	0.111371237458194
5949	0.183946488294314
5950	0.183946488294314
5951	0.107023411371237
5952	0.0257525083612039
5953	0.0257525083612039
5954	0.0301003344481605
5955	0.0431438127090301
5956	0.0474916387959865
5957	0.051839464882943
5958	0.0474916387959865
5959	0.0648829431438125
5960	0.0648829431438125
5961	0.124414715719063
5962	0.0983277591973242
5963	0.0983277591973242
5964	0.0939799331103678
5965	0.107023411371237
5966	0.192642140468227
5967	0.0474916387959865
5968	0.0431438127090301
6019	0.512709030100334
6020	0.530100334448161
6021	0.683946488294314
6022	0.778260869565217
6023	0.791304347826087
6024	0.804347826086957
6025	0.889966555183946
6026	0.894314381270903
6027	1.04816053511706
6028	1.05685618729097
6029	1.06120401337793
6030	1.06555183946488
6031	1.0742474916388
6032	1.08729096989967
6033	1.08729096989967
6034	1.09163879598662
6035	1.09163879598662
6036	1.1133779264214
6037	1.13511705685619
6038	1.16555183946488
6039	1.1742474916388
6040	1.18729096989967
