37	0.228690228690229
38	0.228690228690229
41	0.336798336798337
42	0.336798336798337
43	0.467775467775468
44	0.517671517671518
45	0.544698544698545
46	0.517671517671518
47	0.594594594594595
48	0.621621621621622
49	0.594594594594595
50	0.594594594594595
51	0.467775467775468
52	0.544698544698545
53	0.702702702702703
54	0.625779625779626
55	0.675675675675676
56	0.675675675675676
57	0.521829521829522
58	0.598752598752599
59	0.571725571725572
60	0.494802494802495
61	0.440748440748441
62	0.517671517671518
63	0.35966735966736
64	0.540540540540541
65	0.617463617463617
66	0.617463617463617
67	0.898128898128898
68	0.898128898128898
69	0.871101871101871
70	0.970893970893971
71	0.943866943866944
72	1.2016632016632
73	1.2016632016632
74	1.28274428274428
75	1.35966735966736
76	1.43659043659044
77	1.33264033264033
78	1.27858627858628
79	1.22453222453222
80	1.14760914760915
81	1.22453222453222
82	1.40540540540541
83	1.3014553014553
84	1.3014553014553
85	1.3014553014553
86	1.50935550935551
87	1.48232848232848
88	1.50519750519751
89	1.42827442827443
90	1.42827442827443
91	1.37837837837838
92	1.35135135135135
93	1.47817047817048
94	1.47817047817048
95	1.50519750519751
96	1.58212058212058
97	1.63617463617464
98	1.50519750519751
99	1.63617463617464
100	1.68607068607069
101	1.53222453222453
102	1.53222453222453
103	1.3014553014553
104	1.35135135135135
105	1.45530145530146
106	1.35550935550936
107	1.43243243243243
108	1.30561330561331
109	1.22869022869023
110	1.12474012474012
111	1.2016632016632
112	1.12474012474012
113	1.2016632016632
114	1.33264033264033
115	1.38669438669439
116	1.56756756756757
117	1.56756756756757
118	1.49064449064449
119	1.59459459459459
120	1.54054054054054
121	1.69438669438669
122	1.69438669438669
123	1.7983367983368
124	1.6985446985447
125	1.6985446985447
126	1.77546777546778
127	1.85239085239085
128	1.95634095634096
129	1.82952182952183
130	1.75259875259875
131	1.75259875259875
132	1.67567567567568
133	1.82952182952183
134	1.88357588357588
135	1.80665280665281
137	1.72972972972973
138	1.7027027027027
139	1.72972972972973
163	1.80665280665281
164	1.72972972972973
165	1.80665280665281
166	1.88357588357588
167	1.80665280665281
168	2.01039501039501
169	1.85654885654886
170	1.85654885654886
171	1.85654885654886
172	2.01039501039501
177	2.11434511434511
178	2.13721413721414
179	1.8024948024948
180	1.85239085239085
181	2.05613305613306
182	2.07900207900208
183	1.74428274428274
184	1.8981288981289
185	1.8981288981289
186	2.07484407484407
187	2.17879417879418
188	2.43243243243243
189	2.53638253638254
190	2.56340956340956
191	2.64033264033264
192	2.45945945945946
193	2.45945945945946
194	2.43243243243243
195	2.35550935550936
196	2.53222453222453
197	2.91683991683992
198	3.07068607068607
199	3.22453222453222
200	3.27442827442827
201	3.2972972972973
202	3.19334719334719
203	3.19334719334719
204	3.19334719334719
205	3.29313929313929
206	3.29313929313929
207	3.29313929313929
208	3.21621621621622
209	3.41995841995842
210	3.49272349272349
211	3.67359667359667
212	3.51975051975052
213	3.67359667359667
214	3.4968814968815
215	3.67775467775468
216	3.7047817047817
217	3.34719334719335
218	3.24740124740125
219	3.27442827442827
220	3.09355509355509
221	3.01663201663202
222	2.91683991683992
223	2.81288981288981
224	2.63617463617464
225	2.74012474012474
226	2.81704781704782
227	2.74012474012474
228	2.84407484407484
229	2.74012474012474
230	2.71725571725572
231	2.87110187110187
232	2.71725571725572
233	2.40956340956341
234	2.40956340956341
235	2.59043659043659
236	2.59043659043659
237	2.64449064449064
238	2.7983367983368
239	2.87525987525988
240	2.61746361746362
241	2.54054054054054
242	2.54054054054054
243	2.61746361746362
244	2.77130977130977
245	2.56756756756757
246	2.54469854469854
247	2.44074844074844
248	2.56756756756757
249	2.41372141372141
250	2.64449064449064
251	2.56756756756757
252	2.72141372141372
253	2.7983367983368
254	2.8981288981289
255	2.8981288981289
256	3.002079002079
257	3.05197505197505
258	2.97505197505197
259	3.12889812889813
260	3.25571725571726
261	3.45945945945946
262	3.43243243243243
263	3.40540540540541
264	3.37837837837838
265	3.55925155925156
266	3.63617463617464
267	3.53222453222453
268	3.74012474012474
269	3.66320166320166
270	3.50935550935551
271	3.2016632016632
272	3.22869022869023
273	3.07484407484407
274	2.997920997921
275	3.15176715176715
276	3.20582120582121
277	3.33679833679834
278	3.41372141372141
279	3.30977130977131
280	3.15592515592516
281	3.15592515592516
282	3.10602910602911
283	3.20997920997921
284	3.28690228690229
285	3.46777546777547
286	3.28690228690229
287	3.64449064449065
288	3.41372141372141
289	3.36382536382536
290	3.31392931392931
291	3.31392931392931
292	3.46777546777547
293	3.34095634095634
294	3.41787941787942
295	3.44490644490645
296	3.24116424116424
297	3.11434511434511
313	2.62577962577963
314	2.52182952182952
315	2.54885654885655
316	2.62577962577963
317	2.54885654885655
318	2.7027027027027
319	2.57588357588358
320	2.34511434511435
321	2.19126819126819
322	2.11434511434511
325	1.72972972972973
326	1.72972972972973
327	1.77962577962578
328	1.77962577962578
329	1.72557172557173
330	1.77546777546778
331	1.72141372141372
332	1.69438669438669
333	1.43659043659044
334	1.43659043659044
335	1.51351351351351
336	1.51351351351351
337	1.64033264033264
338	1.50935550935551
339	1.50935550935551
340	1.43243243243243
341	1.64033264033264
342	1.56340956340956
343	1.56340956340956
344	1.66320166320166
345	1.58627858627859
346	1.71309771309771
347	1.71309771309771
348	1.63617463617464
349	1.79417879417879
350	1.94802494802495
351	2.07484407484407
352	1.92099792099792
353	2.02079002079002
354	1.86694386694387
355	1.86694386694387
356	2.02079002079002
357	2.0977130977131
358	2.2016632016632
359	2.2016632016632
360	2.2016632016632
361	2.15176715176715
362	2.04781704781705
363	2.04781704781705
364	1.89397089397089
365	2.02494802494803
366	2.002079002079
367	1.95218295218295
368	2.05613305613306
369	2.16008316008316
370	2.23700623700624
371	2.16008316008316
372	2.23700623700624
373	2.03326403326403
374	2.13721413721414
375	2.06029106029106
376	2.08731808731809
377	2.01039501039501
378	2.08731808731809
379	1.98336798336798
380	1.77962577962578
381	1.96049896049896
384	1.88357588357588
385	1.80665280665281
387	1.57588357588358
388	1.5987525987526
389	1.4989604989605
390	1.57588357588358
391	1.72972972972973
392	1.72972972972973
393	1.7027027027027
394	1.7027027027027
395	1.75259875259875
396	1.75259875259875
397	1.75259875259875
398	1.82952182952183
399	1.90644490644491
400	1.85239085239085
401	1.77546777546778
402	1.6985446985447
403	1.6985446985447
404	1.59459459459459
405	1.67151767151767
406	1.56756756756757
407	1.72141372141372
408	1.64449064449064
409	1.59043659043659
410	1.51351351351351
411	1.56340956340956
412	1.64033264033264
413	1.64033264033264
414	1.64033264033264
415	1.66735966735967
416	1.66735966735967
417	1.51351351351351
418	1.51351351351351
419	1.43659043659044
420	1.38669438669439
421	1.38669438669439
422	1.33264033264033
423	1.38669438669439
424	1.44074844074844
425	1.59459459459459
426	1.51767151767152
427	1.33679833679834
428	1.18295218295218
429	1.36382536382536
430	1.28690228690229
431	1.23700623700624
432	1.20997920997921
433	1.20997920997921
434	1.23700623700624
435	1.23700623700624
436	1.29106029106029
437	1.29106029106029
438	1.29106029106029
439	1.18711018711019
440	1.26403326403326
441	1.23700623700624
442	1.46777546777547
443	1.31392931392931
444	1.31392931392931
445	1.36798336798337
446	1.52182952182952
447	1.47193347193347
448	1.36798336798337
449	1.39085239085239
450	1.39085239085239
451	1.39085239085239
452	1.39085239085239
453	1.46777546777547
454	1.54469854469854
455	1.51767151767152
456	1.62162162162162
457	1.85239085239085
458	1.90644490644491
459	1.90644490644491
460	1.87941787941788
461	1.6985446985447
462	1.77546777546778
463	1.8024948024948
464	1.8024948024948
465	1.57172557172557
466	1.62162162162162
467	1.77546777546778
468	1.9022869022869
469	1.9022869022869
470	1.82536382536383
471	1.6985446985447
472	1.72557172557173
473	1.72557172557173
474	1.8024948024948
475	1.87941787941788
476	1.74844074844075
477	1.74844074844075
478	1.46777546777547
479	1.51767151767152
480	1.59459459459459
481	1.67151767151767
482	1.51767151767152
483	1.64449064449064
484	1.74844074844075
485	1.72557172557173
486	1.64864864864865
487	1.64864864864865
488	1.64864864864865
489	1.57172557172557
490	1.57172557172557
491	1.5987525987526
492	1.52182952182952
493	1.29106029106029
494	1.44490644490645
495	1.41787941787942
496	1.36798336798337
497	1.47193347193347
498	1.47193347193347
499	1.47193347193347
500	1.47193347193347
501	1.47193347193347
502	1.42203742203742
503	1.26819126819127
529	0.548856548856549
538	0.444906444906445
539	0.444906444906445
540	0.444906444906445
541	0.417879417879418
542	0.363825363825364
544	0.363825363825364
545	0.440748440748441
546	0.440748440748441
547	0.336798336798337
548	0.336798336798337
549	0.30977130977131
550	0.413721413721414
551	0.413721413721414
552	0.490644490644491
553	0.617463617463617
554	0.694386694386694
555	0.771309771309771
556	0.721413721413721
557	0.721413721413721
558	0.825363825363825
559	0.775467775467775
560	0.956340956340956
561	0.979209979209979
562	0.952182952182952
563	0.952182952182952
564	0.902286902286902
565	1.03326403326403
566	1.13305613305613
567	1.07900207900208
568	1.05197505197505
569	1.002079002079
570	0.844074844074844
571	0.812889812889813
572	0.758835758835759
573	0.681912681912682
574	0.604989604989605
575	0.704781704781705
576	0.677754677754678
577	0.727650727650727
578	0.781704781704782
579	0.754677754677755
580	0.677754677754678
581	0.600831600831601
582	0.573804573804574
583	0.7006237006237
584	0.673596673596673
585	0.7006237006237
586	0.7006237006237
587	0.646569646569646
588	0.569646569646569
589	0.492723492723493
590	0.492723492723493
591	0.415800415800416
592	0.388773388773389
593	0.411642411642412
594	0.411642411642412
595	0.411642411642412
596	0.257796257796258
597	0.234927234927235
598	0.261954261954262
599	0.415800415800416
600	0.542619542619543
601	0.619542619542619
602	0.51975051975052
603	0.623700623700624
604	0.727650727650727
605	0.592515592515592
606	0.7006237006237
607	0.704781704781705
608	0.731808731808732
609	0.731808731808732
610	0.677754677754678
611	0.577962577962578
612	0.704781704781705
613	0.681912681912682
614	0.808731808731809
615	0.808731808731809
616	0.835758835758836
617	1.14345114345114
618	1.14345114345114
619	0.93970893970894
620	0.966735966735967
621	1.06652806652807
622	1.08939708939709
623	1.22037422037422
624	1.2972972972973
625	1.32432432432432
626	1.22037422037422
627	1.19334719334719
628	1.27027027027027
629	1.19334719334719
630	1.11642411642412
631	1.11642411642412
632	1.08939708939709
633	1.06237006237006
634	1.13929313929314
635	0.958419958419959
636	0.831600831600832
637	0.7006237006237
638	0.7006237006237
639	0.623700623700624
640	0.596673596673597
641	0.781704781704782
642	0.781704781704782
643	0.808731808731809
644	0.885654885654886
645	0.858627858627859
646	0.912681912681913
647	0.98960498960499
648	1.04365904365904
649	1.04365904365904
650	0.993762993762994
651	1.02079002079002
652	1.04365904365904
653	0.708939708939709
654	0.735966735966736
655	0.83991683991684
656	0.708939708939709
657	0.555093555093555
658	0.532224532224532
659	0.482328482328482
660	0.405405405405405
661	0.328482328482329
662	0.328482328482329
663	0.509355509355509
664	0.459459459459459
665	0.513513513513513
666	0.513513513513513
667	0.513513513513513
668	0.540540540540541
669	0.540540540540541
670	0.463617463617464
671	0.463617463617464
672	0.463617463617464
673	0.440748440748441
674	0.440748440748441
675	0.467775467775468
676	0.494802494802495
677	0.521829521829522
678	0.413721413721414
679	0.413721413721414
680	0.440748440748441
681	0.517671517671518
682	0.490644490644491
683	0.413721413721414
684	0.30977130977131
685	0.30977130977131
687	0.282744282744283
694	0.363825363825364
695	0.363825363825364
696	0.413721413721414
697	0.463617463617464
698	0.490644490644491
699	0.35966735966736
700	0.332640332640333
701	0.332640332640333
702	0.332640332640333
703	0.40956340956341
704	0.382536382536383
705	0.459459459459459
706	0.432432432432432
707	0.432432432432432
708	0.432432432432432
709	0.432432432432432
710	0.378378378378378
711	0.351351351351351
712	0.274428274428275
713	0.143451143451143
714	0.224532224532225
715	0.274428274428275
716	0.17047817047817
717	0.120582120582121
718	0.224532224532225
719	0.301455301455302
720	0.328482328482329
721	0.328482328482329
722	0.251559251559252
723	0.201663201663202
724	0.174636174636175
725	0.201663201663202
726	0.228690228690229
733	0.224532224532225
734	0.197505197505198
735	0.147609147609148
736	0.174636174636175
737	0.147609147609148
738	0.120582120582121
740	0.0935550935550934
741	0.197505197505198
742	0.224532224532225
743	0.251559251559252
744	0.251559251559252
745	0.251559251559252
746	0.382536382536383
747	0.40956340956341
748	0.40956340956341
749	0.463617463617464
750	0.463617463617464
751	0.490644490644491
752	0.490644490644491
753	0.540540540540541
754	0.436590436590437
755	0.40956340956341
756	0.382536382536383
757	0.459459459459459
758	0.536382536382536
759	0.536382536382536
760	0.536382536382536
761	0.536382536382536
762	0.536382536382536
763	0.613305613305613
764	0.613305613305613
765	0.717255717255717
766	0.794178794178794
767	0.821205821205821
768	0.771309771309771
769	0.540540540540541
770	0.567567567567568
771	0.540540540540541
772	0.513513513513513
773	0.617463617463617
774	0.644490644490644
775	0.671517671517671
776	0.567567567567568
777	0.413721413721414
778	0.386694386694387
779	0.386694386694387
780	0.463617463617464
781	0.540540540540541
782	0.540540540540541
783	0.513513513513513
784	0.513513513513513
785	0.513513513513513
786	0.617463617463617
787	0.513513513513513
788	0.486486486486487
789	0.40956340956341
790	0.40956340956341
791	0.35966735966736
792	0.332640332640333
793	0.255717255717256
798	0.201663201663202
799	0.201663201663202
800	0.278586278586279
801	0.251559251559252
802	0.174636174636175
803	0.201663201663202
804	0.278586278586279
805	0.278586278586279
806	0.278586278586279
807	0.305613305613306
808	0.332640332640333
809	0.255717255717256
810	0.255717255717256
811	0.35966735966736
812	0.463617463617464
813	0.463617463617464
814	0.463617463617464
815	0.40956340956341
816	0.305613305613306
817	0.147609147609148
820	0.120582120582121
821	0.17047817047817
822	0.0665280665280664
823	0.0935550935550934
824	0.0935550935550934
825	0.0665280665280664
826	0.0395010395010396
827	-0.0145530145530146
828	0.0124740124740124
829	0.0124740124740124
830	0.116424116424117
831	0.0623700623700624
832	0.0353430353430353
833	-0.0457380457380459
834	-0.14968814968815
835	-0.203742203742204
836	-0.027027027027027
837	-0.0498960498960499
838	-0.0228690228690228
839	-0.126819126819127
840	-0.203742203742204
841	-0.153846153846154
842	-0.180873180873181
843	-0.130977130977131
844	-0.0810810810810811
845	-0.108108108108108
846	-0.189189189189189
847	-0.139293139293139
848	-0.193347193347193
849	-0.22037422037422
850	-0.22037422037422
851	-0.193347193347193
852	-0.22037422037422
853	-0.0623700623700625
854	-0.143451143451143
855	-0.120582120582121
856	0.0103950103950106
857	-0.0395010395010393
858	0.0103950103950106
859	-0.0436590436590438
860	0.137214137214137
861	0.191268191268191
862	0.245322245322245
863	0.299376299376299
864	0.299376299376299
865	0.299376299376299
866	0.195426195426196
867	0.299376299376299
868	0.353430353430353
869	0.38045738045738
870	0.407484407484407
871	0.384615384615385
872	0.130977130977131
873	0.207900207900208
874	0.284823284823285
875	0.284823284823285
876	0.230769230769231
877	0.284823284823285
878	0.257796257796258
879	0.126819126819127
880	-0.00831600831600854
881	0.0145530145530146
882	0.0956340956340958
883	0.0457380457380456
884	0.0228690228690227
885	0.0228690228690227
886	0.0498960498960499
887	0.0498960498960499
888	0.207900207900208
889	0.130977130977131
890	0.288981288981289
891	0.212058212058212
892	0.0311850311850311
893	-0.0228690228690228
894	-0.0997920997920998
895	-0.0457380457380459
897	-0.122661122661123
898	-0.0997920997920998
899	-0.103950103950104
900	-0.027027027027027
901	0.0228690228690227
902	0.0498960498960499
903	0.0498960498960499
904	0.0228690228690227
905	0.153846153846154
906	0.176715176715177
907	0.253638253638254
908	0.1995841995842
909	0.0956340956340958
910	0.0415800415800416
911	0.0145530145530146
912	0.0415800415800416
913	-0.0623700623700625
914	-0.00831600831600854
915	0.0997920997920996
916	0.103950103950104
917	0
918	-0.027027027027027
919	-0.158004158004158
920	-0.108108108108108
921	-0.135135135135135
922	-0.189189189189189
923	-0.162162162162162
924	-0.162162162162162
925	-0.112266112266112
926	-0.351351351351352
927	-0.351351351351352
928	-0.351351351351352
929	-0.297297297297297
930	-0.27027027027027
931	-0.351351351351352
932	-0.432432432432432
933	-0.486486486486487
934	-0.509355509355509
935	-0.428274428274428
936	-0.478170478170478
937	-0.555093555093555
938	-0.401247401247401
939	-0.424116424116424
940	-0.451143451143451
941	-0.528066528066528
958	-0.41995841995842
959	-0.37006237006237
960	-0.446985446985447
962	-0.257796257796258
963	-0.257796257796258
964	-0.257796257796258
965	-0.257796257796258
966	-0.257796257796258
967	-0.176715176715177
968	-0.0187110187110188
969	-0.0686070686070687
970	0.0582120582120582
971	0.0311850311850311
972	-0.0228690228690228
973	-0.0228690228690228
974	-0.176715176715177
975	-0.230769230769231
976	-0.230769230769231
977	-0.257796257796258
978	-0.230769230769231
979	-0.203742203742204
980	-0.0997920997920998
981	-0.0457380457380459
982	-0.122661122661123
983	-0.0187110187110188
984	0.0582120582120582
985	0.162162162162162
986	0.135135135135135
987	0.162162162162162
988	0.135135135135135
989	0.108108108108108
990	0.108108108108108
991	0.135135135135135
992	0.189189189189189
993	0.166320166320166
994	0.143451143451143
995	0.0935550935550934
996	0.0665280665280664
997	0.0124740124740124
1000	0.0124740124740124
1001	0.0124740124740124
1002	-0.0145530145530146
1003	-0.0415800415800417
1039	-0.0145530145530146
1040	0.0124740124740124
1041	0.0395010395010396
1042	0.0665280665280664
1043	0.0395010395010396
1044	0.166320166320166
1045	0.193347193347194
1046	0.116424116424117
1047	0.143451143451143
1048	0.143451143451143
1049	0.166320166320166
1050	0.22037422037422
1051	0.22037422037422
1052	0.193347193347194
1053	0.189189189189189
1054	0.135135135135135
1055	0.135135135135135
1056	0.108108108108108
1057	0.108108108108108
1058	0.0852390852390853
1059	0.0852390852390853
1060	0.0582120582120582
1061	0.0311850311850311
1062	-0.122661122661123
1063	-0.0956340956340958
1069	0.0893970893970893
1070	0.193347193347194
1071	0.166320166320166
1072	0.22037422037422
1073	0.22037422037422
1074	0.27027027027027
1075	0.347193347193347
1076	0.374220374220374
1077	0.32016632016632
1078	0.32016632016632
1079	0.266112266112266
1080	0.139293139293139
1081	0.216216216216216
1082	0.216216216216216
1083	0.135135135135135
1084	0.239085239085239
1085	0.162162162162162
1086	0.135135135135135
1087	0.293139293139293
1088	0.347193347193347
1089	0.428274428274428
1090	0.482328482328482
1091	0.532224532224532
1092	0.636174636174636
1093	0.636174636174636
1094	0.609147609147609
1095	0.609147609147609
1096	0.609147609147609
1097	0.532224532224532
1098	0.532224532224532
1099	0.559251559251559
1100	0.609147609147609
1101	0.555093555093555
1102	0.555093555093555
1103	0.785862785862786
1104	0.632016632016632
1105	0.478170478170478
1106	0.401247401247401
1107	0.505197505197505
1108	0.347193347193347
1109	0.347193347193347
1110	0.27027027027027
1111	0.143451143451143
1112	0.247401247401247
1113	0.301455301455302
1114	0.297297297297297
1115	0.351351351351351
1116	0.297297297297297
1117	0.22037422037422
1118	0.22037422037422
1119	0.324324324324324
1120	0.22037422037422
1121	0.274428274428275
1122	0.378378378378378
1123	0.301455301455302
1124	0.301455301455302
1125	0.274428274428275
1126	0.247401247401247
1127	0.17047817047817
1128	0.0935550935550934
1129	0.0665280665280664
1130	0.0935550935550934
1131	0.0665280665280664
1132	0.143451143451143
1133	0.247401247401247
1134	0.374220374220374
1135	0.401247401247401
1136	0.324324324324324
1137	0.455301455301455
1138	0.428274428274428
1139	0.197505197505198
1140	0.22037422037422
1141	0.193347193347194
1142	0.139293139293139
1143	0.0623700623700624
1144	0.143451143451143
1145	0.193347193347194
1146	0.324324324324324
1147	0.27027027027027
1148	0.27027027027027
1149	0.27027027027027
1150	0.428274428274428
1151	0.401247401247401
1152	0.401247401247401
1153	0.401247401247401
1154	0.347193347193347
1155	0.374220374220374
1156	0.397089397089397
1157	0.343035343035343
1158	0.239085239085239
1159	0.185031185031185
1160	0.234927234927235
1161	0.130977130977131
1162	0.158004158004158
1163	0.185031185031185
1164	0.185031185031185
1165	0.158004158004158
1166	0.130977130977131
1167	0.388773388773389
1168	0.338877338877339
1169	0.153846153846154
1170	0.027027027027027
1171	0
1172	0.027027027027027
1173	-0.0498960498960499
1174	0.0540540540540541
1175	0.0769230769230769
1176	0.0540540540540541
1177	0.0540540540540541
1178	0.0540540540540541
1179	0.027027027027027
1180	0.180873180873181
1181	0.207900207900208
1182	0.0498960498960499
1183	0.027027027027027
1184	0.027027027027027
1185	0.027027027027027
1186	-0.126819126819127
1187	-0.0228690228690228
1188	0.0810810810810811
1189	0.153846153846154
1190	0.180873180873181
1191	0.130977130977131
1192	0.108108108108108
1193	0.135135135135135
1194	0.239085239085239
1195	0.293139293139293
1196	0.243243243243243
1197	0.297297297297297
1198	0.347193347193347
1199	0.293139293139293
1200	0.239085239085239
1201	0.266112266112266
1202	0.266112266112266
1203	0.0353430353430353
1204	0.0353430353430353
1205	0.139293139293139
1206	0.139293139293139
1207	0.166320166320166
1208	0.139293139293139
1209	0.189189189189189
1210	0.0852390852390853
1211	0.216216216216216
1212	0.189189189189189
1213	0.288981288981289
1214	0.343035343035343
1215	0.316008316008316
1216	0.162162162162162
1217	0.0852390852390853
1218	0.166320166320166
1219	0.189189189189189
1220	0.266112266112266
1221	0.266112266112266
1222	0.343035343035343
1223	0.343035343035343
1224	0.293139293139293
1225	0.27027027027027
1226	0.297297297297297
1227	0.297297297297297
1228	0.324324324324324
1229	0.324324324324324
1230	0.22037422037422
1231	0.297297297297297
1232	0.297297297297297
1233	0.297297297297297
1234	0.247401247401247
1235	0.301455301455302
1236	0.355509355509356
1237	0.405405405405405
1238	0.405405405405405
1239	0.378378378378378
1240	0.351351351351351
1241	0.274428274428275
1242	0.247401247401247
1243	0.247401247401247
1244	0.247401247401247
1245	0.197505197505198
1246	0.197505197505198
1247	0.0935550935550934
1248	0.147609147609148
1253	0.120582120582121
1254	0.0665280665280664
1255	0.193347193347194
1256	0.116424116424117
1257	0.116424116424117
1258	-0.0415800415800417
1263	-0.0145530145530146
1264	-0.0686070686070687
1265	-0.0956340956340958
1266	-0.122661122661123
1269	-0.122661122661123
1270	-0.176715176715177
1271	-0.0997920997920998
1272	-0.126819126819127
1273	-0.0727650727650727
1274	-0.0727650727650727
1275	-0.0727650727650727
1276	-0.126819126819127
1277	-0.0457380457380459
1278	-0.0187110187110188
1279	0.0582120582120582
1280	0.0852390852390853
1281	0.0582120582120582
1282	0.162162162162162
1283	0.135135135135135
1284	0.207900207900208
1285	0.284823284823285
1286	0.338877338877339
1287	0.261954261954262
1288	0.338877338877339
1289	0.288981288981289
1290	0.41995841995842
1291	0.27027027027027
1292	0.27027027027027
1293	0.216216216216216
1294	0.216216216216216
1295	0.293139293139293
1296	0.288981288981289
1297	0.158004158004158
1298	0.158004158004158
1299	0.108108108108108
1300	0.162162162162162
1301	0.216216216216216
1302	0.27027027027027
1303	0.189189189189189
1304	0.162162162162162
1305	0.0582120582120582
1306	0.266112266112266
1307	0.162162162162162
1308	0.189189189189189
1309	0.112266112266112
1310	0.216216216216216
1311	0.216216216216216
1312	0.27027027027027
1313	0.27027027027027
1314	0.216216216216216
1315	0.0311850311850311
1316	0.00415800415800427
1317	-0.0228690228690228
1318	-0.126819126819127
1319	-0.153846153846154
1323	-0.203742203742204
1327	-0.392931392931393
1328	-0.451143451143451
1329	-0.424116424116424
1330	-0.505197505197505
1331	-0.663201663201663
1345	-1.01455301455301
1346	-1.04158004158004
1347	-1.04158004158004
1348	-0.937629937629938
1349	-0.964656964656965
1350	-0.964656964656965
1351	-0.937629937629938
1352	-0.833679833679833
1353	-0.806652806652807
1354	-0.702702702702703
1355	-0.806652806652807
1356	-0.833679833679833
1357	-0.783783783783784
1358	-0.67983367983368
1359	-0.77962577962578
1360	-0.72972972972973
1361	-0.756756756756757
1362	-0.675675675675676
1363	-0.82952182952183
1364	-0.798336798336798
1365	-0.798336798336798
1366	-0.636174636174636
1367	-0.532224532224532
1368	-0.428274428274428
1369	-0.428274428274428
1370	-0.401247401247401
1371	-0.293139293139293
1372	-0.266112266112266
1373	-0.212058212058212
1374	-0.185031185031185
1375	-0.130977130977131
1376	-0.130977130977131
1377	-0.158004158004158
1378	-0.234927234927235
1379	-0.130977130977131
1380	0
1381	-0.130977130977131
1382	-0.180873180873181
1383	-0.180873180873181
1384	-0.338877338877339
1385	-0.311850311850312
1386	-0.234927234927235
1387	-0.153846153846154
1388	-0.284823284823285
1389	-0.311850311850312
1435	-0.257796257796258
1436	-0.257796257796258
1437	-0.230769230769231
1448	-0.14968814968815
1462	-0.316008316008316
1463	-0.266112266112266
1464	-0.239085239085239
1465	-0.185031185031185
1466	-0.261954261954262
1467	-0.207900207900208
1468	-0.284823284823285
1469	-0.257796257796258
1470	-0.257796257796258
1522	-0.130977130977131
1523	-0.158004158004158
1524	-0.0769230769230769
1525	-0.239085239085239
1526	-0.112266112266112
1527	-0.0893970893970895
1528	-0.0124740124740124
1529	-0.0124740124740124
1530	0.0145530145530146
1531	-0.0395010395010393
1532	0.0145530145530146
1533	0.0415800415800416
1534	-0.0395010395010393
1535	-0.0124740124740124
1536	-0.0395010395010393
1537	-0.0935550935550937
1538	-0.197505197505198
1539	-0.116424116424116
1540	-0.193347193347193
1541	-0.193347193347193
1542	-0.22037422037422
1543	-0.297297297297297
1544	-0.243243243243243
1545	-0.189189189189189
1546	-0.135135135135135
1547	-0.130977130977131
1548	-0.130977130977131
1550	-0.338877338877339
1551	-0.338877338877339
1552	-0.392931392931393
1553	-0.41995841995842
1557	-0.474012474012474
1576	-0.338877338877339
1577	-0.311850311850312
1578	-0.311850311850312
1579	-0.261954261954262
1580	-0.338877338877339
1581	-0.365904365904366
1582	-0.41995841995842
1583	-0.474012474012474
1584	-0.501039501039501
1585	-0.474012474012474
1588	-0.474012474012474
1589	-0.446985446985447
1590	-0.474012474012474
1591	-0.446985446985447
1592	-0.474012474012474
1597	-0.392931392931393
1598	-0.338877338877339
1599	-0.365904365904366
1609	-0.365904365904366
1610	-0.392931392931393
1638	0.00831600831600832
1639	-0.0187110187110188
1653	0.201663201663202
1654	0.201663201663202
1657	0.228690228690229
1658	0.382536382536383
1659	0.382536382536383
1660	0.459459459459459
1661	0.432432432432432
1662	0.278586278586279
1663	0.278586278586279
1664	0.278586278586279
1665	0.278586278586279
1666	0.201663201663202
1667	0.201663201663202
1668	0.228690228690229
1669	0.228690228690229
1670	0.255717255717256
1672	0.201663201663202
1673	0.201663201663202
1677	0.228690228690229
1678	0.228690228690229
1679	0.201663201663202
1680	0.255717255717256
1681	0.282744282744283
1682	0.35966735966736
1683	0.35966735966736
1684	0.305613305613306
1685	0.278586278586279
1686	0.382536382536383
1687	0.436590436590437
1688	0.40956340956341
1689	0.332640332640333
1690	0.305613305613306
1691	0.332640332640333
1692	0.332640332640333
1693	0.201663201663202
1697	0.201663201663202
1698	0.201663201663202
1699	0.174636174636175
1700	0.147609147609148
1701	0.197505197505198
1702	0.274428274428275
1703	0.401247401247401
1704	0.401247401247401
1705	0.374220374220374
1706	0.374220374220374
1707	0.424116424116424
1708	0.374220374220374
1709	0.374220374220374
1710	0.451143451143451
1711	0.505197505197505
1712	0.532224532224532
1713	0.351351351351351
1714	0.374220374220374
1715	0.374220374220374
1716	0.374220374220374
1717	0.347193347193347
1718	0.27027027027027
1719	0.297297297297297
1720	0.247401247401247
1721	0.274428274428275
1722	0.17047817047817
1723	0.197505197505198
1724	0.120582120582121
1725	0.0935550935550934
1726	0.17047817047817
1727	0.116424116424117
1728	0.166320166320166
1729	0.193347193347194
1730	0.193347193347194
1731	0.143451143451143
1732	0.0665280665280664
1733	0.0395010395010396
1734	0.0665280665280664
1735	0.0124740124740124
1736	-0.0145530145530146
1746	-0.0145530145530146
1747	0.0124740124740124
1748	0.0893970893970893
1749	0.27027027027027
1750	0.247401247401247
1751	0.324324324324324
1752	0.27027027027027
1753	0.27027027027027
1754	0.266112266112266
1755	0.239085239085239
1756	0.316008316008316
1757	0.288981288981289
1758	0.316008316008316
1759	0.365904365904366
1760	0.415800415800416
1761	0.51975051975052
1762	0.415800415800416
1763	0.388773388773389
1764	0.388773388773389
1765	0.388773388773389
1766	0.361746361746362
1767	0.307692307692308
1768	0.307692307692308
1769	0.257796257796258
1770	0.230769230769231
1771	0.257796257796258
1772	0.284823284823285
1773	0.311850311850312
1774	0.261954261954262
1775	0.288981288981289
1776	0.316008316008316
1777	0.185031185031185
1778	0.130977130977131
1779	0.130977130977131
1780	-0.0498960498960499
1781	-0.0769230769230769
1782	-0.230769230769231
1783	-0.207900207900208
1784	-0.284823284823285
1795	-0.284823284823285
1810	-0.0686070686070687
1811	-0.0686070686070687
1812	-0.0956340956340958
1813	-0.0686070686070687
1814	-0.0686070686070687
1815	-0.0686070686070687
1816	-0.0145530145530146
1817	0.0395010395010396
1818	0.0395010395010396
1828	0.0935550935550934
1829	0.0935550935550934
1856	-0.122661122661123
1857	-0.122661122661123
1862	-0.0956340956340958
1867	-0.0145530145530146
1868	0.0124740124740124
1869	0.0124740124740124
1870	0.0395010395010396
1897	0.228690228690229
1899	0.255717255717256
1900	0.174636174636175
1901	0.174636174636175
1902	0.201663201663202
1908	0.0935550935550934
1909	0.120582120582121
1910	0.0935550935550934
1911	0.0395010395010396
1912	0.120582120582121
1913	0.120582120582121
1914	0.0935550935550934
1915	0.0935550935550934
1916	0.0665280665280664
1917	0.116424116424117
1918	0.116424116424117
1919	0.0395010395010396
1920	0.0124740124740124
1921	-0.0415800415800417
1923	-0.14968814968815
1924	-0.230769230769231
1925	-0.180873180873181
1926	-0.234927234927235
1927	-0.288981288981289
1998	-0.446985446985447
1999	-0.474012474012474
2000	-0.41995841995842
2001	-0.392931392931393
2026	0.116424116424117
2027	0.0893970893970893
2028	0.0353430353430353
2029	0.0582120582120582
2030	-0.122661122661123
2031	-0.122661122661123
2032	-0.122661122661123
2033	-0.0956340956340958
2036	-0.0686070686070687
2037	-0.0686070686070687
2038	-0.0956340956340958
2039	-0.122661122661123
2040	-0.0997920997920998
2041	-0.126819126819127
2042	-0.153846153846154
2043	-0.126819126819127
2044	-0.126819126819127
2045	-0.0727650727650727
2046	-0.0727650727650727
2047	-0.0187110187110188
2048	-0.0686070686070687
2049	0.0582120582120582
2050	-0.0498960498960499
2051	0.00415800415800427
2052	-0.0498960498960499
2053	-0.126819126819127
2054	-0.0997920997920998
2055	-0.0457380457380459
2056	0.00831600831600832
2057	-0.0457380457380459
2058	-0.14968814968815
2059	-0.14968814968815
2060	-0.14968814968815
2061	-0.14968814968815
2100	-0.176715176715177
2101	-0.176715176715177
2112	-0.14968814968815
2113	-0.176715176715177
2114	-0.203742203742204
2115	-0.257796257796258
2116	-0.203742203742204
2135	-0.0145530145530146
2136	-0.0686070686070687
2137	-0.0187110187110188
2138	-0.0457380457380459
2139	-0.0457380457380459
2140	0.0311850311850311
2141	-0.0228690228690228
2142	0.0582120582120582
2143	0.0311850311850311
2144	0.162162162162162
2145	0.135135135135135
2146	0.135135135135135
2147	0.0810810810810811
2148	0.0540540540540541
2149	0.130977130977131
2150	0.103950103950104
2151	0.103950103950104
2152	0.0769230769230769
2153	-0.00415800415800427
2154	-0.00415800415800427
2155	-0.0852390852390854
2156	-0.0582120582120582
2157	-0.112266112266112
2158	-0.216216216216216
2159	-0.27027027027027
2160	-0.324324324324325
2161	-0.351351351351352
2162	-0.328482328482329
2163	-0.432432432432432
2164	-0.563409563409563
2165	-0.617463617463617
2166	-0.721413721413721
2255	0.0124740124740124
2256	0.0893970893970893
2257	0.00831600831600832
2258	-0.0686070686070687
2259	-0.0686070686070687
2260	-0.0956340956340958
2261	-0.0187110187110188
2262	-0.0956340956340958
2263	-0.0956340956340958
2264	-0.122661122661123
2265	-0.0956340956340958
2266	-0.0415800415800417
2267	-0.0145530145530146
2268	0.0124740124740124
2269	0.0395010395010396
2270	0.0395010395010396
2271	0.0124740124740124
2272	-0.0145530145530146
2273	0.0124740124740124
2274	-0.0956340956340958
2275	-0.0956340956340958
2278	-0.311850311850312
2279	-0.261954261954262
2280	-0.392931392931393
2281	-0.338877338877339
2282	-0.316008316008316
2283	-0.316008316008316
2284	-0.316008316008316
2285	-0.392931392931393
2289	-0.41995841995842
2290	-0.528066528066528
2293	-0.32016632016632
2294	-0.266112266112266
2295	-0.266112266112266
2296	-0.239085239085239
2297	-0.37006237006237
2298	-0.316008316008316
2299	-0.37006237006237
2300	-0.32016632016632
2301	-0.347193347193347
2302	-0.455301455301455
2303	-0.482328482328482
2304	-0.536382536382536
2305	-0.617463617463617
2306	-0.59043659043659
2307	-0.59043659043659
2308	-0.59043659043659
2309	-0.567567567567568
2310	-0.459459459459459
2311	-0.459459459459459
2312	-0.486486486486487
2313	-0.432432432432432
2314	-0.347193347193347
2315	-0.37006237006237
2316	-0.397089397089397
2317	-0.343035343035343
2318	-0.338877338877339
2319	-0.311850311850312
2320	-0.130977130977131
2321	-0.130977130977131
2322	-0.0810810810810811
2323	-0.0540540540540542
2324	-0.0540540540540542
2325	-0.180873180873181
2326	-0.0727650727650727
2327	-0.14968814968815
2328	-0.176715176715177
2388	-0.230769230769231
2389	-0.257796257796258
2390	-0.14968814968815
2391	-0.14968814968815
2392	-0.230769230769231
2394	-0.180873180873181
2395	-0.180873180873181
2396	-0.0727650727650727
2397	-0.14968814968815
2398	-0.203742203742204
2399	-0.0727650727650727
2400	0.0311850311850311
2401	0.0810810810810811
2402	0.0540540540540541
2403	0.027027027027027
2404	0
2405	0.0540540540540541
2406	0.00415800415800427
2407	0.00415800415800427
2408	0.00415800415800427
2409	0.0311850311850311
2410	0.00415800415800427
2411	0.0540540540540541
2412	0.0540540540540541
2413	0.0311850311850311
2414	0.0311850311850311
2415	0.162162162162162
2416	0.135135135135135
2417	0.135135135135135
2418	0.0311850311850311
2419	0.027027027027027
2420	0.00415800415800427
2421	-0.0457380457380459
2422	-0.0187110187110188
2423	0.00831600831600832
2429	0.17047817047817
2430	0.0124740124740124
2431	-0.0145530145530146
2432	-0.0415800415800417
2433	-0.0145530145530146
2434	0.0395010395010396
2436	0.0124740124740124
2437	0.0124740124740124
2438	0.143451143451143
2439	0.22037422037422
2440	0.22037422037422
2441	0.22037422037422
2442	0.22037422037422
2443	0.22037422037422
2444	0.22037422037422
2445	0.166320166320166
2446	0.193347193347194
2447	0.143451143451143
2448	0.116424116424117
2449	0.116424116424117
2450	0.0623700623700624
2451	-0.0415800415800417
2452	-0.0415800415800417
2453	-0.0145530145530146
2454	-0.0686070686070687
2455	-0.0686070686070687
2456	-0.176715176715177
2457	-0.176715176715177
2458	-0.176715176715177
2459	-0.230769230769231
2460	-0.230769230769231
2461	-0.230769230769231
2462	-0.311850311850312
2463	-0.392931392931393
2464	-0.446985446985447
2504	-0.365904365904366
2505	-0.392931392931393
2545	-0.203742203742204
2563	-0.0727650727650727
2564	-0.0997920997920998
2565	-0.0457380457380459
2566	-0.14968814968815
2567	-0.203742203742204
2568	-0.176715176715177
2569	-0.14968814968815
2571	-0.176715176715177
2572	-0.14968814968815
2573	-0.176715176715177
2579	-0.122661122661123
2580	-0.122661122661123
2623	-0.528066528066528
2624	-0.528066528066528
2625	-0.528066528066528
2697	-0.744282744282744
2698	-0.744282744282744
2699	-0.721413721413721
2700	-0.825363825363825
2701	-0.771309771309771
2702	-0.798336798336798
2703	-0.771309771309771
2704	-0.69022869022869
2705	-0.536382536382536
2706	-0.455301455301455
2707	-0.324324324324325
2708	-0.324324324324325
2709	-0.27027027027027
2710	-0.243243243243243
2711	-0.216216216216216
2712	-0.162162162162162
2713	-0.162162162162162
2714	-0.189189189189189
2715	-0.239085239085239
2716	-0.266112266112266
2717	-0.316008316008316
2718	-0.261954261954262
2719	-0.261954261954262
2720	-0.261954261954262
2721	-0.234927234927235
2722	-0.257796257796258
2723	-0.203742203742204
2724	-0.14968814968815
2725	-0.0686070686070687
2726	-0.0415800415800417
2787	-0.338877338877339
2788	-0.288981288981289
2789	-0.261954261954262
2790	-0.365904365904366
2791	-0.41995841995842
2792	-0.41995841995842
2798	-0.505197505197505
2799	-0.559251559251559
2800	-0.532224532224532
2801	-0.478170478170478
2802	-0.478170478170478
2803	-0.478170478170478
2804	-0.532224532224532
2805	-0.559251559251559
2806	-0.636174636174636
2807	-0.609147609147609
2808	-0.609147609147609
2809	-0.505197505197505
2810	-0.532224532224532
2811	-0.478170478170478
2812	-0.532224532224532
2813	-0.69022869022869
2814	-0.69022869022869
2815	-0.69022869022869
2816	-0.744282744282744
2819	-0.798336798336798
2820	-0.748440748440748
2821	-0.667359667359667
2822	-0.667359667359667
2823	-0.636174636174636
2849	-0.392931392931393
2850	-0.261954261954262
2851	-0.288981288981289
2852	-0.311850311850312
2853	-0.234927234927235
2854	-0.180873180873181
2855	-0.230769230769231
2893	-0.744282744282744
2894	-0.744282744282744
2895	-0.771309771309771
2896	-0.771309771309771
2897	-0.744282744282744
2898	-0.69022869022869
2899	-0.69022869022869
2900	-0.69022869022869
2901	-0.636174636174636
2902	-0.609147609147609
2903	-0.582120582120582
2904	-0.555093555093555
2905	-0.451143451143451
2906	-0.343035343035343
2907	-0.37006237006237
2908	-0.343035343035343
2909	-0.343035343035343
2910	-0.239085239085239
2911	-0.288981288981289
2912	-0.261954261954262
2913	-0.234927234927235
2914	-0.153846153846154
2915	-0.230769230769231
2996	-0.338877338877339
2997	-0.261954261954262
2998	-0.185031185031185
2999	-0.130977130977131
3000	-0.185031185031185
3001	-0.185031185031185
3002	-0.212058212058212
3003	-0.135135135135135
3004	-0.0311850311850312
3005	0.0956340956340958
3006	0.0956340956340958
3007	0.0686070686070686
3008	-0.0353430353430355
3009	-0.112266112266112
3010	-0.112266112266112
3011	-0.112266112266112
3012	-0.139293139293139
3013	0.0956340956340958
3014	0.14968814968815
3015	0.176715176715177
3016	0.0997920997920996
3017	0.122661122661123
3018	0.176715176715177
3019	0.14968814968815
3020	0.176715176715177
3021	0.14968814968815
3022	0.203742203742204
3023	0.176715176715177
3024	0.203742203742204
3025	0.176715176715177
3026	0.257796257796258
3027	0.230769230769231
3028	0.180873180873181
3029	0.0769230769230769
3030	-0.0810810810810811
3031	-0.0810810810810811
3032	-0.185031185031185
3033	-0.261954261954262
3034	-0.338877338877339
3035	-0.338877338877339
3072	0.147609147609148
3073	0.120582120582121
3074	0.197505197505198
3075	0.0935550935550934
3103	0.174636174636175
3104	0.201663201663202
3105	0.201663201663202
3106	0.201663201663202
3107	0.201663201663202
3113	0.201663201663202
3114	0.201663201663202
3115	0.201663201663202
3116	0.586278586278586
3117	0.64033264033264
3118	0.64033264033264
3119	0.59043659043659
3120	0.59043659043659
3121	0.617463617463617
3122	0.59043659043659
3123	0.486486486486487
3124	0.486486486486487
3125	0.490644490644491
3126	0.490644490644491
3127	0.517671517671518
3128	0.721413721413721
3129	0.721413721413721
3130	0.694386694386694
3131	0.667359667359667
3132	0.667359667359667
3133	0.744282744282744
3134	0.59043659043659
3135	0.617463617463617
3136	0.694386694386694
3137	0.64033264033264
3138	0.536382536382536
3139	0.432432432432432
3140	0.432432432432432
3141	0.432432432432432
3142	0.459459459459459
3143	0.459459459459459
3144	0.459459459459459
3145	0.432432432432432
3146	0.509355509355509
3147	0.536382536382536
3148	0.536382536382536
3149	0.382536382536383
3150	0.382536382536383
3151	0.382536382536383
3241	0.174636174636175
3242	0.224532224532225
3243	0.116424116424117
3244	0.193347193347194
3245	0.116424116424117
3246	-0.0145530145530146
3247	0.0395010395010396
3248	0.0395010395010396
3249	0.116424116424117
3250	0.0623700623700624
3251	0.0623700623700624
3252	0.0353430353430353
3253	0.0623700623700624
3254	0.0353430353430353
3255	0.0353430353430353
3256	0.00831600831600832
3257	0.00831600831600832
3258	-0.126819126819127
3259	-0.230769230769231
3260	-0.126819126819127
3261	-0.126819126819127
3262	-0.0997920997920998
3263	-0.180873180873181
3264	-0.207900207900208
3265	-0.207900207900208
3266	-0.207900207900208
3267	-0.234927234927235
3268	-0.130977130977131
3269	-0.027027027027027
3270	0.0540540540540541
3271	-0.0228690228690228
3272	-0.0727650727650727
3353	-0.0457380457380459
3354	0.112266112266112
3355	0.00415800415800427
3356	0.00415800415800427
3357	-0.0228690228690228
3358	-0.0228690228690228
3359	-0.0228690228690228
3360	-0.126819126819127
3361	-0.0769230769230769
3362	-0.0769230769230769
3363	-0.0769230769230769
3364	-0.0228690228690228
3365	-0.0228690228690228
3366	-0.311850311850312
3367	-0.311850311850312
3368	-0.284823284823285
3369	-0.284823284823285
3370	-0.257796257796258
3386	-0.203742203742204
3387	-0.203742203742204
3388	-0.176715176715177
3411	0.282744282744283
3412	0.282744282744283
3413	0.282744282744283
3414	0.336798336798337
3415	0.390852390852391
3416	0.390852390852391
3417	0.467775467775468
3418	0.467775467775468
3419	0.336798336798337
3420	0.413721413721414
3421	0.413721413721414
3422	0.436590436590437
3423	0.486486486486487
3424	0.432432432432432
3425	0.405405405405405
3426	0.432432432432432
3427	0.405405405405405
3428	0.432432432432432
3429	0.328482328482329
3430	0.378378378378378
3431	0.378378378378378
3432	0.378378378378378
3433	0.351351351351351
3434	0.324324324324324
3435	0.324324324324324
3436	0.193347193347194
3437	0.166320166320166
3438	0.243243243243243
3439	0.216216216216216
3440	0.162162162162162
3441	0.189189189189189
3442	0.162162162162162
3443	0.212058212058212
3444	0.0540540540540541
3445	0.00415800415800427
3446	-0.0228690228690228
3447	-0.0997920997920998
3448	-0.126819126819127
3449	-0.0498960498960499
3450	-0.130977130977131
3451	-0.158004158004158
3452	-0.234927234927235
3453	-0.234927234927235
3454	-0.234927234927235
3455	-0.207900207900208
3488	-0.338877338877339
3496	-0.555093555093555
3497	-0.528066528066528
3498	-0.582120582120582
3499	-0.609147609147609
3500	-0.532224532224532
3501	-0.559251559251559
3502	-0.532224532224532
3503	-0.451143451143451
3504	-0.478170478170478
3505	-0.401247401247401
3506	-0.401247401247401
3507	-0.451143451143451
3508	-0.505197505197505
3509	-0.478170478170478
3510	-0.532224532224532
3511	-0.532224532224532
3512	-0.532224532224532
3513	-0.401247401247401
3514	-0.374220374220374
3515	-0.297297297297297
3516	-0.243243243243243
3517	-0.32016632016632
3518	-0.189189189189189
3519	-0.162162162162162
3520	-0.185031185031185
3521	-0.185031185031185
3523	-0.41995841995842
3531	-0.261954261954262
3532	-0.284823284823285
3533	-0.284823284823285
3534	-0.230769230769231
3535	-0.203742203742204
3539	-0.203742203742204
3540	-0.257796257796258
3558	-0.257796257796258
3559	-0.338877338877339
3560	-0.00415800415800427
3561	0.0997920997920996
3562	0.0457380457380456
3563	0.176715176715177
3564	0.226611226611227
3565	0.407484407484407
3566	0.326403326403326
3567	0.172557172557173
3568	0.145530145530145
3569	0.145530145530145
3570	0.0914760914760915
3571	0.0914760914760915
3572	0.168399168399169
3573	0.141372141372142
3574	0.218295218295218
3575	0.191268191268191
3576	0.322245322245322
3577	0.48024948024948
3578	0.426195426195426
3579	0.476091476091476
3580	0.422037422037422
3581	0.372141372141372
3582	0.318087318087318
3583	0.372141372141372
3584	0.449064449064449
3585	0.449064449064449
3586	0.422037422037422
3587	0.449064449064449
3588	0.367983367983368
3589	0.340956340956341
3590	0.20997920997921
3591	0.182952182952183
3592	0.11018711018711
3593	0.367983367983368
3594	0.291060291060291
3595	0.295218295218295
3596	0.0914760914760915
3597	0.0145530145530146
3598	0.0415800415800416
3599	-0.0893970893970895
3600	-0.22037422037422
3601	-0.297297297297297
3602	-0.189189189189189
3603	-0.189189189189189
3604	-0.162162162162162
3605	-0.135135135135135
3606	-0.108108108108108
3607	-0.0852390852390854
3608	-0.189189189189189
3609	-0.243243243243243
3610	-0.293139293139293
3611	-0.293139293139293
3612	-0.37006237006237
3613	-0.41995841995842
3614	-0.365904365904366
3667	0.0124740124740124
3668	0.0124740124740124
3669	0.0124740124740124
3685	-0.0415800415800417
3686	0.0353430353430353
3687	0.0623700623700624
3688	0.0623700623700624
3689	0.0582120582120582
3690	0.139293139293139
3691	0.22037422037422
3692	0.193347193347194
3693	0.0893970893970893
3694	0.0623700623700624
3695	0.0353430353430353
3696	0.0353430353430353
3697	0.0353430353430353
3698	0.00831600831600832
3699	-0.0727650727650727
3700	-0.0457380457380459
3701	-0.0187110187110188
3702	0.0353430353430353
3703	-0.0686070686070687
3704	-0.0415800415800417
3705	-0.0415800415800417
3706	0.0124740124740124
3707	0.116424116424117
3708	0.116424116424117
3709	0.0893970893970893
3710	0.0623700623700624
3711	0.00831600831600832
3712	0.0852390852390853
3713	0.0311850311850311
3714	0.0582120582120582
3715	0.0852390852390853
3716	-0.0187110187110188
3717	-0.0956340956340958
3766	-0.0686070686070687
3767	-0.0686070686070687
3768	-0.0457380457380459
3769	-0.0187110187110188
3770	-0.126819126819127
3771	-0.14968814968815
3772	-0.0997920997920998
3773	-0.0997920997920998
3774	0.00415800415800427
3775	0.00415800415800427
3776	-0.0228690228690228
3777	-0.203742203742204
3778	-0.257796257796258
3779	-0.284823284823285
3780	-0.284823284823285
3781	-0.311850311850312
3863	-0.203742203742204
3864	-0.284823284823285
3865	-0.257796257796258
3866	-0.230769230769231
3867	-0.257796257796258
3868	-0.126819126819127
3869	-0.0997920997920998
3870	0.0311850311850311
3871	0.0311850311850311
3872	-0.0769230769230769
3873	0
3874	0.103950103950104
3875	0.103950103950104
3876	0.0498960498960499
3877	0.0498960498960499
3878	0.0810810810810811
3879	0.108108108108108
3880	0.135135135135135
3881	0.0311850311850311
3882	0.00415800415800427
3884	-0.122661122661123
3885	-0.14968814968815
3886	-0.14968814968815
3887	-0.122661122661123
3888	-0.0686070686070687
3892	-0.122661122661123
3893	-0.176715176715177
3894	-0.230769230769231
3895	-0.230769230769231
3896	-0.230769230769231
3897	-0.284823284823285
3923	-0.230769230769231
3924	-0.257796257796258
3925	-0.365904365904366
3926	-0.284823284823285
3927	-0.311850311850312
3928	-0.365904365904366
3929	-0.392931392931393
3930	-0.338877338877339
3931	-0.365904365904366
3932	-0.41995841995842
3933	-0.365904365904366
3934	-0.338877338877339
3935	-0.257796257796258
3936	-0.103950103950104
3937	-0.103950103950104
3938	-0.103950103950104
3939	-0.158004158004158
3940	-0.130977130977131
3941	-0.234927234927235
3942	-0.338877338877339
3943	-0.365904365904366
3944	-0.365904365904366
3945	-0.446985446985447
3946	-0.41995841995842
3947	-0.392931392931393
3948	-0.365904365904366
4008	-0.122661122661123
4009	-0.122661122661123
4010	-0.122661122661123
4011	-0.14968814968815
4012	0.00831600831600832
4013	0.00831600831600832
4014	-0.0187110187110188
4015	-0.0727650727650727
4016	-0.0727650727650727
4017	-0.126819126819127
4018	-0.257796257796258
4019	-0.257796257796258
4020	-0.284823284823285
4021	-0.257796257796258
4022	-0.203742203742204
4023	-0.203742203742204
4025	-0.176715176715177
4026	-0.14968814968815
4027	-0.122661122661123
4028	-0.0956340956340958
4029	-0.0956340956340958
4030	-0.122661122661123
4031	-0.0956340956340958
4103	-0.234927234927235
4104	-0.153846153846154
4105	-0.180873180873181
4106	-0.126819126819127
4107	-0.0457380457380459
4108	-0.0457380457380459
4109	0.00831600831600832
4110	0.0582120582120582
4111	0.189189189189189
4112	0.0582120582120582
4113	0.0582120582120582
4114	0.108108108108108
4115	0.153846153846154
4116	0.207900207900208
4117	0.130977130977131
4118	0.130977130977131
4119	0.0228690228690227
4120	-0.00415800415800427
4121	-0.135135135135135
4122	-0.185031185031185
4123	-0.185031185031185
4124	-0.212058212058212
4125	-0.288981288981289
4126	-0.234927234927235
4127	-0.261954261954262
4128	-0.158004158004158
4129	-0.158004158004158
4130	-0.00415800415800427
4131	0.0727650727650726
4132	0.0457380457380456
4133	-0.0311850311850312
4134	-0.135135135135135
4135	-0.135135135135135
4136	-0.239085239085239
4137	-0.0311850311850312
4138	0.0498960498960499
4139	0.0228690228690227
4140	-0.00415800415800427
4141	-0.108108108108108
4142	-0.108108108108108
4143	-0.0311850311850312
4144	0.0727650727650726
4145	-0.0623700623700625
4146	-0.166320166320166
4147	-0.216216216216216
4148	-0.135135135135135
4149	-0.0852390852390854
4150	-0.162162162162162
4151	-0.185031185031185
4152	-0.266112266112266
4153	-0.239085239085239
4154	-0.239085239085239
4155	-0.158004158004158
4156	-0.130977130977131
4157	-0.103950103950104
4158	-0.103950103950104
4159	-0.103950103950104
4160	-0.027027027027027
4161	-0.00415800415800427
4162	-0.00415800415800427
4163	0.0228690228690227
4164	-0.027027027027027
4165	-0.027027027027027
4166	-0.234927234927235
4167	-0.311850311850312
4168	-0.365904365904366
4169	-0.365904365904366
4170	-0.311850311850312
4171	-0.311850311850312
4172	-0.311850311850312
4196	-0.446985446985447
4199	-0.41995841995842
4200	-0.392931392931393
4201	-0.41995841995842
4202	-0.41995841995842
4203	-0.392931392931393
4204	-0.311850311850312
4205	-0.207900207900208
4206	-0.180873180873181
4207	-0.207900207900208
4208	-0.130977130977131
4209	-0.103950103950104
4210	-0.126819126819127
4211	-0.153846153846154
4212	-0.284823284823285
4214	-0.207900207900208
4215	-0.261954261954262
4216	-0.316008316008316
4217	-0.234927234927235
4218	-0.234927234927235
4219	-0.207900207900208
4220	-0.207900207900208
4221	-0.257796257796258
4423	-0.176715176715177
4424	-0.14968814968815
4425	-0.126819126819127
4426	-0.126819126819127
4427	-0.153846153846154
4428	-0.027027027027027
4429	-0.108108108108108
4430	-0.108108108108108
4431	-0.0810810810810811
4432	-0.027027027027027
4433	0
4434	-0.130977130977131
4435	-0.103950103950104
4436	-0.103950103950104
4437	-0.103950103950104
4438	-0.130977130977131
4439	-0.103950103950104
4440	-0.180873180873181
4441	-0.130977130977131
4442	-0.103950103950104
4443	-0.130977130977131
4444	-0.158004158004158
4445	-0.130977130977131
4446	-0.130977130977131
4447	-0.158004158004158
4448	-0.261954261954262
4449	-0.316008316008316
4450	-0.474012474012474
4451	-0.347193347193347
4452	-0.347193347193347
4453	-0.424116424116424
4454	-0.374220374220374
4455	-0.501039501039501
4456	-0.474012474012474
4457	-0.501039501039501
4484	-0.203742203742204
4485	-0.14968814968815
4486	-0.0457380457380459
4490	-0.203742203742204
4491	-0.176715176715177
4492	-0.338877338877339
4493	-0.284823284823285
4494	-0.365904365904366
4495	-0.316008316008316
4496	-0.343035343035343
4497	-0.343035343035343
4498	-0.343035343035343
4499	-0.316008316008316
4500	-0.158004158004158
4501	-0.108108108108108
4502	-0.135135135135135
4503	-0.212058212058212
4504	-0.212058212058212
4505	-0.158004158004158
4506	-0.212058212058212
4507	-0.0582120582120582
4508	-0.0311850311850312
4509	-0.0852390852390854
4510	-0.189189189189189
4511	-0.216216216216216
4512	-0.243243243243243
4513	-0.297297297297297
4514	-0.247401247401248
4515	-0.116424116424116
4516	-0.143451143451143
4517	-0.116424116424116
4518	-0.116424116424116
4519	-0.143451143451143
4520	-0.351351351351352
4521	-0.324324324324325
4522	-0.374220374220374
4523	-0.347193347193347
4524	-0.243243243243243
4525	-0.216216216216216
4526	-0.316008316008316
4527	-0.316008316008316
4528	-0.153846153846154
4529	-0.153846153846154
4530	-0.0727650727650727
4531	-0.0956340956340958
4534	0.0395010395010396
4535	0.0623700623700624
4536	-0.0145530145530146
4540	-0.0686070686070687
4541	-0.0956340956340958
4542	-0.122661122661123
4583	-0.338877338877339
4584	-0.338877338877339
4585	-0.41995841995842
4586	-0.41995841995842
4587	-0.446985446985447
4588	-0.397089397089397
4589	-0.397089397089397
4590	-0.424116424116424
4591	-0.32016632016632
4592	-0.266112266112266
4593	-0.293139293139293
4594	-0.474012474012474
4595	-0.501039501039501
4596	-0.474012474012474
4597	-0.474012474012474
4598	-0.451143451143451
4599	-0.501039501039501
4600	-0.446985446985447
4601	-0.365904365904366
4602	-0.365904365904366
4603	-0.338877338877339
4604	-0.365904365904366
4605	-0.365904365904366
4606	-0.365904365904366
4607	-0.365904365904366
4636	-0.311850311850312
4637	-0.207900207900208
4638	-0.212058212058212
4639	-0.162162162162162
4640	-0.216216216216216
4641	-0.116424116424116
4642	-0.143451143451143
4643	-0.0395010395010393
4644	-0.0665280665280663
4645	-0.0935550935550937
4646	0.0103950103950106
4647	-0.0166320166320169
4648	-0.147609147609147
4649	-0.0436590436590438
4650	0.114345114345115
4651	0.114345114345115
4652	0.141372141372142
4653	0.0602910602910602
4654	0.0873180873180877
4655	-0.0207900207900207
4656	-0.0706860706860706
4657	-0.124740124740125
4658	-0.0706860706860706
4659	-0.0977130977130978
4660	-0.255717255717256
4661	-0.30977130977131
4662	-0.255717255717256
4663	-0.336798336798337
4664	-0.440748440748441
4665	-0.67983367983368
4666	-0.72972972972973
4667	-0.941787941787942
4668	-0.968814968814969
4669	-1.04989604989605
4670	-1.1039501039501
4671	-1.07692307692308
4672	-1.18087318087318
4673	-1.23076923076923
4735	-0.203742203742204
4736	-0.230769230769231
4737	-0.180873180873181
4738	-0.153846153846154
4739	-0.103950103950104
4740	-0.103950103950104
4741	-0.338877338877339
4743	-0.41995841995842
4744	-0.397089397089397
4745	-0.424116424116424
4746	-0.451143451143451
4747	-0.397089397089397
4748	-0.424116424116424
4749	-0.505197505197505
4750	-0.505197505197505
4751	-0.559251559251559
4752	-0.64033264033264
4753	-0.694386694386694
4754	-0.771309771309771
4755	-0.744282744282744
4756	-0.771309771309771
4757	-0.852390852390853
4759	-0.825363825363825
4760	-0.798336798336798
4764	-0.933471933471934
4765	-0.852390852390853
4766	-0.852390852390853
4767	-0.775467775467776
4768	-0.748440748440748
4769	-0.671517671517671
4770	-0.671517671517671
4771	-0.775467775467776
4772	-0.775467775467776
4773	-0.721413721413721
4774	-0.64033264033264
4775	-0.613305613305613
4776	-0.613305613305613
4777	-0.532224532224532
4778	-0.505197505197505
4779	-0.424116424116424
4780	-0.41995841995842
4781	-0.392931392931393
4782	-0.41995841995842
4783	-0.446985446985447
4785	-0.311850311850312
4786	-0.311850311850312
4787	-0.257796257796258
4788	-0.126819126819127
4789	-0.0727650727650727
4790	-0.0727650727650727
4791	-0.0187110187110188
4792	0.0353430353430353
4793	0.116424116424117
4794	0.143451143451143
4795	0.0665280665280664
4796	0.0935550935550934
4835	-0.663201663201663
4836	-0.69022869022869
4838	-0.663201663201663
4839	-0.613305613305613
4840	-0.64033264033264
4841	-0.744282744282744
4842	-0.663201663201663
4843	-0.663201663201663
4844	-0.609147609147609
4845	-0.636174636174636
4846	-0.559251559251559
4847	-0.613305613305613
4848	-0.536382536382536
4849	-0.563409563409563
4850	-0.563409563409563
4851	-0.536382536382536
4852	-0.532224532224532
4853	-0.586278586278586
4854	-0.636174636174636
4855	-0.609147609147609
4856	-0.532224532224532
4857	-0.401247401247401
4858	-0.505197505197505
4859	-0.482328482328482
4860	-0.482328482328482
4861	-0.482328482328482
4862	-0.505197505197505
4863	-0.532224532224532
4864	-0.505197505197505
4865	-0.559251559251559
4866	-0.559251559251559
4867	-0.451143451143451
4868	-0.501039501039501
4873	-0.636174636174636
4895	-0.663201663201663
4896	-0.636174636174636
4897	-0.505197505197505
4898	-0.532224532224532
4899	-0.428274428274428
4900	-0.428274428274428
4901	-0.297297297297297
4902	-0.193347193347193
4903	-0.22037422037422
4904	-0.170478170478171
4905	-0.0893970893970895
4906	0.0415800415800416
4907	-0.00831600831600854
4908	0.0187110187110187
4909	-0.112266112266112
4910	-0.0852390852390854
4911	-0.0582120582120582
4912	-0.0623700623700625
4913	-0.0353430353430355
4914	-0.0353430353430355
4915	-0.0623700623700625
4916	0.0686070686070686
4917	0.0956340956340958
4918	0.280665280665281
4919	0.253638253638254
4920	0.280665280665281
4921	0.253638253638254
4922	0.303534303534304
4923	0.43035343035343
4924	0.403326403326403
4925	0.322245322245322
4926	0.484407484407484
4927	0.484407484407484
4928	0.43035343035343
4929	0.403326403326403
4930	0.222453222453223
4931	0.122661122661123
4932	0.0956340956340958
4933	-0.00831600831600854
4934	-0.00831600831600854
4935	-0.112266112266112
4936	-0.139293139293139
4937	-0.216216216216216
4938	-0.347193347193347
4939	-0.347193347193347
4940	-0.424116424116424
4941	-0.424116424116424
4942	-0.501039501039501
4943	-0.528066528066528
4944	-0.451143451143451
4945	-0.397089397089397
4946	-0.424116424116424
4947	-0.532224532224532
4948	-0.528066528066528
4949	-0.528066528066528
4974	-0.230769230769231
4975	-0.230769230769231
4976	-0.153846153846154
4977	-0.180873180873181
4978	-0.153846153846154
4979	-0.126819126819127
4980	-0.180873180873181
4981	-0.180873180873181
4982	-0.027027027027027
4983	0.0810810810810811
4984	0.027027027027027
4985	0.0540540540540541
4986	0.108108108108108
4987	0.189189189189189
4988	0.189189189189189
4989	0.293139293139293
4990	0.266112266112266
4991	0.0353430353430353
4992	0.0353430353430353
4993	0.0623700623700624
4994	0.0623700623700624
4995	0.112266112266112
4996	0.185031185031185
4997	0.185031185031185
4998	0.185031185031185
4999	0.130977130977131
5000	0.180873180873181
5001	0.257796257796258
5002	0.230769230769231
5003	0.0769230769230769
5004	0.0769230769230769
5005	0.153846153846154
5006	0.180873180873181
5007	0.126819126819127
5008	0.122661122661123
5009	0.176715176715177
5010	0.0997920997920996
5011	0.126819126819127
5012	0.0769230769230769
5013	0.103950103950104
5014	0.103950103950104
5015	0.0498960498960499
5016	-0.108108108108108
5017	-0.0852390852390854
5018	-0.212058212058212
5019	-0.162162162162162
5020	-0.0582120582120582
5021	-0.0852390852390854
5022	-0.0852390852390854
5023	-0.00831600831600854
5024	0.0956340956340958
5025	-0.00831600831600854
5026	-0.00831600831600854
5027	-0.0353430353430355
5028	-0.00831600831600854
5029	-0.0353430353430355
5030	0.0415800415800416
5031	-0.0353430353430355
5032	-0.108108108108108
5033	-0.0810810810810811
5034	-0.0540540540540542
5035	-0.027027027027027
5036	-0.0769230769230769
5037	-0.234927234927235
5038	-0.180873180873181
5039	-0.185031185031185
5040	-0.261954261954262
5041	-0.392931392931393
5042	-0.446985446985447
5043	-0.392931392931393
5071	-0.176715176715177
5072	-0.153846153846154
5073	-0.0727650727650727
5074	-0.0997920997920998
5075	-0.0956340956340958
5076	-0.122661122661123
5077	-0.0956340956340958
5078	-0.0956340956340958
5079	-0.0956340956340958
5080	-0.122661122661123
5081	-0.176715176715177
5082	-0.176715176715177
5084	-0.126819126819127
5085	-0.0228690228690228
5086	-0.0228690228690228
5087	-0.0997920997920998
5088	-0.0997920997920998
5089	-0.153846153846154
5090	-0.130977130977131
5091	-0.103950103950104
5092	-0.103950103950104
5093	-0.130977130977131
5094	-0.00415800415800427
5095	-0.0311850311850312
5096	0.0956340956340958
5097	-0.00831600831600854
5098	0.0187110187110187
5099	0.122661122661123
5100	0.14968814968815
5101	0.203742203742204
5102	0.176715176715177
5103	0.226611226611227
5104	0.1995841995842
5105	0.330561330561331
5106	0.176715176715177
5107	0.103950103950104
5108	0.027027027027027
5109	0.257796257796258
5110	0.203742203742204
5111	0.14968814968815
5112	0.122661122661123
5113	0.14968814968815
5114	0.203742203742204
5115	0.203742203742204
5116	0.203742203742204
5117	0.230769230769231
5118	0.334719334719335
5119	0.334719334719335
5120	0.284823284823285
5121	0.207900207900208
5122	0.180873180873181
5123	0.153846153846154
5124	0.126819126819127
5125	0.180873180873181
5126	0.0228690228690227
5127	0.0997920997920996
5128	0.303534303534304
5129	0.357588357588358
5130	0.230769230769231
5131	0.284823284823285
5132	0.130977130977131
5133	0.130977130977131
5134	0.130977130977131
5135	-0.027027027027027
5136	-0.0810810810810811
5137	-0.0540540540540542
5138	-0.027027027027027
5139	-0.0769230769230769
5140	-0.103950103950104
5141	-0.158004158004158
5142	-0.158004158004158
5143	-0.162162162162162
5144	-0.162162162162162
5145	-0.392931392931393
5146	-0.234927234927235
5147	-0.207900207900208
5148	-0.153846153846154
5149	-0.153846153846154
5150	-0.180873180873181
5151	-0.234927234927235
5152	-0.261954261954262
5153	-0.234927234927235
5154	-0.365904365904366
5155	-0.261954261954262
5156	-0.311850311850312
5157	-0.288981288981289
5158	-0.212058212058212
5159	-0.239085239085239
5160	-0.212058212058212
5161	-0.212058212058212
5162	0
5163	-0.0769230769230769
5175	-0.0498960498960499
5176	-0.126819126819127
5177	-0.14968814968815
5178	-0.122661122661123
5180	-0.122661122661123
5181	-0.0956340956340958
5184	-0.122661122661123
5185	-0.176715176715177
5186	-0.0769230769230769
5187	-0.0228690228690228
5188	0.0311850311850311
5189	-0.0228690228690228
5190	0.0311850311850311
5191	-0.0997920997920998
5192	-0.0997920997920998
5193	-0.176715176715177
5196	-0.14968814968815
5197	-0.153846153846154
5198	-0.230769230769231
5199	-0.338877338877339
5200	-0.338877338877339
5201	-0.365904365904366
5202	-0.343035343035343
5203	-0.343035343035343
5204	-0.316008316008316
5205	-0.316008316008316
5206	-0.37006237006237
5207	-0.343035343035343
5208	-0.343035343035343
5209	-0.343035343035343
5210	-0.288981288981289
5250	-1.0956340956341
5251	-1.0956340956341
5252	-1.14968814968815
5253	-0.995841995841996
5254	-1.07692307692308
5255	-1.004158004158
5256	-0.800415800415801
5257	-0.827442827442827
5258	-0.773388773388773
5259	-0.823284823284823
5260	-0.927234927234927
5261	-0.873180873180873
5262	-0.873180873180873
5263	-0.769230769230769
5264	-0.823284823284823
5265	-0.61954261954262
5266	-0.642411642411642
5267	-0.638253638253638
5268	-0.692307692307692
5269	-0.719334719334719
5270	-0.665280665280665
5271	-0.611226611226611
5272	-0.742203742203742
5273	-0.715176715176715
5274	-0.715176715176715
5275	-0.742203742203742
5276	-0.634095634095634
5277	-0.557172557172557
5278	-0.476091476091476
5279	-0.422037422037422
5280	-0.367983367983368
5281	-0.557172557172557
5282	-0.426195426195426
5283	-0.476091476091476
5284	-0.399168399168399
5285	-0.453222453222453
5286	-0.607068607068607
5287	-0.688149688149688
5288	-0.661122661122661
5289	-0.760914760914761
5290	-0.760914760914761
5291	-0.968814968814969
5292	-1.0956340956341
5297	-1.2037422037422
5298	-1.2037422037422
5308	-1.25779625779626
5309	-1.33887733887734
5316	-1.7983367983368
5317	-1.53638253638254
5318	-1.54054054054054
5319	-1.54054054054054
5320	-1.77962577962578
5321	-1.75259875259875
5322	-1.77962577962578
5323	-1.59459459459459
5324	-1.56756756756757
5325	-1.62162162162162
5326	-1.56756756756757
5327	-1.48648648648649
5328	-1.45945945945946
5329	-1.37837837837838
5330	-1.35135135135135
5331	-1.17047817047817
5332	-1.1975051975052
5333	-1.1975051975052
5334	-1.06652806652807
5335	-1.07068607068607
5336	-1.17879417879418
5337	-1.33264033264033
5338	-1.35550935550936
5339	-1.14760914760915
5340	-1.14760914760915
5341	-1.02079002079002
5342	-0.858627858627859
5343	-0.885654885654885
5344	-0.854469854469855
5345	-0.723492723492724
5346	-0.588357588357588
5347	-0.407484407484408
5348	-0.195426195426196
5349	-0.0873180873180874
5350	0.0207900207900209
5351	0.0478170478170479
5352	-0.182952182952183
5353	-0.417879417879418
5354	-0.25987525987526
5355	-0.340956340956341
5356	-0.232848232848233
5357	-0.286902286902287
5358	-0.25987525987526
5359	-0.363825363825364
5360	-0.25987525987526
5361	-0.286902286902287
5362	-0.286902286902287
5363	-0.286902286902287
5364	-0.476091476091476
5365	-0.353430353430354
5366	-0.407484407484408
5367	-0.561330561330561
5368	-0.588357588357588
5369	-0.592515592515592
5370	-0.669438669438669
5371	-0.719334719334719
5372	-0.638253638253638
5373	-0.611226611226611
5374	-0.638253638253638
5375	-0.738045738045738
5376	-0.715176715176715
5377	-0.765072765072765
5378	-0.792099792099792
5379	-0.769230769230769
5380	-0.85031185031185
5381	-0.935550935550936
5382	-1.12474012474012
5383	-1.38669438669439
5384	-1.43659043659044
5385	-1.49064449064449
5386	-1.6029106029106
5387	-1.58004158004158
5388	-1.55301455301455
5389	-1.47193347193347
5390	-1.67567567567568
5391	-1.62162162162162
5392	-1.59459459459459
5393	-1.59459459459459
5394	-1.51767151767152
5395	-1.5987525987526
5396	-1.67983367983368
5397	-1.65280665280665
5398	-1.65280665280665
5399	-1.65280665280665
5400	-1.36382536382536
5401	-1.51351351351351
5402	-1.48648648648649
5403	-1.40956340956341
5404	-1.30561330561331
5405	-1.35135135135135
5406	-1.3014553014553
5407	-1.12058212058212
5408	-0.912681912681913
5409	-0.970893970893971
5410	-0.866943866943867
5411	-1.002079002079
5412	-1.05197505197505
5413	-1.02494802494802
5414	-1.002079002079
5415	-1.05197505197505
5416	-0.970893970893971
5417	-0.912681912681913
5418	-0.75051975051975
5419	-0.777546777546777
5420	-0.804573804573805
5421	-0.623700623700624
5422	-0.461538461538462
5423	-0.511434511434512
5424	-0.542619542619543
5425	-0.488565488565489
5426	-0.307692307692308
5427	-0.253638253638254
5428	-0.361746361746362
5429	-0.280665280665281
5430	-0.384615384615385
5431	-0.330561330561331
5432	-0.249480249480249
5433	-0.222453222453222
5434	-0.168399168399169
5435	-0.141372141372141
5436	-0.164241164241165
5437	-0.11018711018711
5438	-0.0602910602910602
5439	-0.0602910602910602
5440	-0.11018711018711
5441	-0.137214137214137
5442	-0.187110187110187
5443	-0.318087318087318
5444	-0.525987525987526
5445	-0.575883575883576
5446	-0.706860706860707
5447	-0.521829521829522
5448	-0.548856548856549
5449	-0.598752598752599
5450	-0.544698544698545
5451	-0.490644490644491
5452	-0.336798336798337
5453	-0.440748440748441
5454	-0.413721413721414
5455	-0.278586278586279
5456	-0.282744282744283
5457	-0.278586278586279
5458	-0.382536382536382
5459	-0.40956340956341
5460	-0.459459459459459
5461	-0.513513513513514
5462	-0.567567567567568
5463	-0.675675675675676
5464	-0.567567567567568
5465	-0.594594594594595
5466	-0.567567567567568
5467	-0.490644490644491
5468	-0.544698544698545
5469	-0.571725571725572
5470	-0.652806652806653
5471	-0.67983367983368
5472	-0.783783783783784
5473	-0.733887733887734
5474	-0.760914760914761
5475	-0.783783783783784
5476	-0.810810810810811
5477	-0.837837837837838
5478	-0.760914760914761
5479	-0.837837837837838
5480	-0.837837837837838
5481	-0.733887733887734
5482	-0.625779625779626
5483	-0.702702702702703
5484	-0.648648648648649
5485	-0.598752598752599
5486	-0.675675675675676
5487	-0.652806652806653
5488	-0.806652806652807
5489	-0.675675675675676
5490	-0.675675675675676
5491	-0.783783783783784
5492	-0.625779625779626
5493	-0.575883575883576
5494	-0.548856548856549
5495	-0.467775467775468
5496	-0.413721413721414
5497	-0.386694386694387
5498	-0.540540540540541
5499	-0.40956340956341
5500	-0.255717255717256
5501	-0.282744282744283
5502	-0.205821205821206
5503	-0.178794178794179
5504	-0.201663201663202
5505	-0.201663201663202
5506	-0.124740124740125
5507	-0.205821205821206
5508	-0.232848232848233
5509	-0.282744282744283
5510	-0.35966735966736
5511	-0.413721413721414
5512	-0.363825363825364
5513	-0.30977130977131
5514	-0.30977130977131
5515	-0.255717255717256
5516	-0.151767151767151
5517	-0.174636174636175
5518	-0.174636174636175
5519	-0.174636174636175
5520	-0.147609147609147
5521	-0.174636174636175
5522	-0.174636174636175
5523	-0.197505197505198
5524	-0.251559251559252
5525	-0.328482328482329
5526	-0.40956340956341
5527	-0.205821205821206
5528	-0.336798336798337
5529	-0.544698544698545
5530	-0.440748440748441
5531	-0.602910602910603
5532	-0.449064449064449
5533	-0.422037422037422
5534	-0.395010395010395
5535	-0.498960498960499
5536	-0.625779625779626
5537	-0.571725571725572
5538	-0.494802494802495
5539	-0.494802494802495
5540	-0.494802494802495
5541	-0.444906444906445
5542	-0.548856548856549
5543	-0.413721413721414
5544	-0.336798336798337
5545	-0.363825363825364
5546	-0.30977130977131
5547	-0.255717255717256
5548	-0.201663201663202
5549	-0.228690228690228
5550	-0.282744282744283
5551	-0.282744282744283
5552	-0.386694386694387
5553	-0.30977130977131
5554	-0.232848232848233
5555	-0.25987525987526
5556	-0.25987525987526
5557	-0.205821205821206
5558	-0.101871101871102
5559	-0.0561330561330562
5560	-0.0291060291060292
5561	-0.0831600831600834
5562	-0.0291060291060292
5563	-0.124740124740125
5564	0.00623700623700651
5565	0.137214137214137
5566	0.137214137214137
5567	0.322245322245322
5568	0.168399168399169
5569	0.245322245322245
5570	0.272349272349272
5571	0.457380457380457
5572	0.484407484407484
5573	0.43035343035343
5574	0.276507276507277
5575	0.0644490644490645
5576	0.0374220374220375
5577	-0.0395010395010393
5578	0.0145530145530146
5579	0.0374220374220375
5580	-0.0124740124740124
5581	-0.120582120582121
5582	-0.174636174636175
5583	-0.255717255717256
5584	-0.305613305613305
5585	-0.228690228690228
5586	-0.35966735966736
5587	-0.30977130977131
5588	-0.282744282744283
5589	-0.35966735966736
5590	-0.463617463617464
5591	-0.436590436590437
5592	-0.413721413721414
5593	-0.440748440748441
5594	-0.494802494802495
5595	-0.621621621621622
5596	-0.567567567567568
5597	-0.540540540540541
5598	-0.513513513513514
5599	-0.540540540540541
5600	-0.698544698544699
5601	-0.856548856548857
5602	-0.987525987525987
5603	-1.04158004158004
5604	-1.0956340956341
5609	-1.28482328482328
5610	-1.25779625779626
5611	-1.14968814968815
5612	-1.17671517671518
5613	-1.14968814968815
5614	-1.14968814968815
5616	-1.14968814968815
5617	-1.06860706860707
5618	-1.06860706860707
5619	-1.04158004158004
5620	-0.964656964656965
5621	-1.06860706860707
5622	-0.964656964656965
5623	-1.14968814968815
5624	-1.12266112266112
5625	-1.17671517671518
5626	-1.0997920997921
5627	-1.04989604989605
5628	-1.04989604989605
5629	-1.18087318087318
5630	-1.26195426195426
5631	-1.05405405405405
5632	-1.05821205821206
5633	-1.05821205821206
5634	-1.13929313929314
5635	-1.11226611226611
5636	-1.21621621621622
5637	-1.16216216216216
5638	-1.11226611226611
5639	-1.05821205821206
5640	-0.9002079002079
5641	-0.981288981288981
5642	-0.981288981288981
5643	-1.11226611226611
5644	-1.19334719334719
5645	-1.27027027027027
5646	-1.2972972972973
5647	-1.2972972972973
5648	-1.32432432432432
5649	-1.30561330561331
5650	-1.22869022869023
5651	-1.25987525987526
5652	-1.23284823284823
5653	-1.25987525987526
5654	-1.23284823284823
5655	-1.02494802494802
5656	-1.15592515592516
5657	-1.12889812889813
5658	-1.15176715176715
5659	-0.912681912681913
5660	-0.993762993762994
5661	-0.93970893970894
5662	-1.07068607068607
5663	-1.12058212058212
5664	-1.25155925155925
5665	-1.1975051975052
5666	-1.13929313929314
5667	-1.37422037422037
5668	-1.37006237006237
5669	-1.23908523908524
5670	-1.18503118503119
5671	-1.21205821205821
5672	-1.13097713097713
5673	-1.13097713097713
5674	-1.20790020790021
5675	-1.28482328482328
5681	-1.13097713097713
5682	-1.10810810810811
5683	-1.10810810810811
5684	-1.02702702702703
5685	-0.891891891891892
5686	-0.869022869022869
5687	-0.864864864864865
5688	-0.914760914760915
5689	-0.914760914760915
5690	-0.995841995841996
5691	-1.23076923076923
5692	-1.2037422037422
5693	-1.23076923076923
5694	-1.33887733887734
5706	-1.71725571725572
5707	-1.74428274428274
5708	-1.74428274428274
5709	-1.69022869022869
5710	-1.69022869022869
5711	-1.66320166320166
5712	-1.58212058212058
5713	-1.60914760914761
5714	-1.53222453222453
5715	-1.47817047817048
5716	-1.32432432432432
5717	-1.71725571725572
5745	-1.85239085239085
5746	-1.7983367983368
5747	-1.93347193347193
5748	-1.90644490644491
5749	-1.74844074844075
5750	-1.77130977130977
5751	-1.69022869022869
5755	-1.41995841995842
5756	-1.47401247401247
5757	-1.37006237006237
5758	-1.37006237006237
5759	-1.37006237006237
5760	-1.45114345114345
5761	-1.45114345114345
5762	-1.3970893970894
5763	-1.31600831600832
5764	-1.13513513513514
5765	-1.10810810810811
5766	-1.18918918918919
5767	-1.19334719334719
5768	-1.13929313929314
5769	-0.931392931392931
5770	-0.823284823284823
5771	-0.796257796257796
5772	-0.792099792099792
5773	-0.792099792099792
5774	-0.792099792099792
5775	-0.738045738045738
5776	-0.819126819126819
5777	-0.656964656964657
5778	-0.656964656964657
5779	-0.706860706860707
5780	-0.571725571725572
5781	-0.752598752598753
5782	-0.806652806652807
5783	-0.671517671517671
5784	-0.725571725571726
5785	-0.802494802494803
5786	-0.775467775467776
5787	-0.802494802494803
5788	-0.802494802494803
5789	-0.82952182952183
5790	-0.906444906444906
5792	-0.906444906444906
5794	-0.798336798336798
5795	-0.694386694386694
5796	-0.64033264033264
5797	-0.432432432432432
5798	-0.59043659043659
5799	-0.721413721413721
5800	-0.617463617463617
5801	-0.671517671517671
5802	-0.563409563409563
5803	-0.586278586278586
5804	-0.563409563409563
5805	-0.663201663201663
5806	-0.663201663201663
5807	-0.663201663201663
5808	-0.717255717255717
5809	-0.663201663201663
5810	-0.636174636174636
5811	-0.532224532224532
5812	-0.374220374220374
5813	-0.27027027027027
5814	-0.216216216216216
5815	-0.216216216216216
5816	-0.189189189189189
5817	-0.0582120582120582
5818	0.0997920997920996
5819	0.0187110187110187
5820	0.14968814968815
5821	0.303534303534304
5822	0.276507276507277
5823	0.24948024948025
5824	0.24948024948025
5825	0.353430353430353
5826	0.403326403326403
5827	0.399168399168399
5828	0.399168399168399
5829	0.372141372141372
5830	0.345114345114345
5831	0.214137214137214
5832	0.16008316008316
5833	-0.101871101871102
5834	0.056133056133056
5835	0.0831600831600832
5836	-0.0706860706860706
5837	-0.0478170478170477
5838	-0.0478170478170477
5839	-0.0478170478170477
5840	-0.124740124740125
5841	-0.232848232848233
5842	-0.286902286902287
5843	-0.340956340956341
5844	-0.363825363825364
5845	-0.336798336798337
5846	-0.232848232848233
5847	-0.30977130977131
5848	-0.386694386694387
5849	-0.517671517671518
5850	-0.567567567567568
5851	-0.540540540540541
5852	-0.540540540540541
5853	-0.59043659043659
5854	-0.667359667359667
5855	-0.559251559251559
5856	-0.636174636174636
5933	0.120582120582121
5934	0.147609147609148
5935	0.224532224532225
5936	0.251559251559252
5937	0.224532224532225
5938	0.251559251559252
5939	0.147609147609148
5940	0.174636174636175
5941	0.174636174636175
5942	0.201663201663202
5943	0.228690228690229
5944	0.228690228690229
5945	0.228690228690229
5946	0.305613305613306
5947	0.201663201663202
5948	0.201663201663202
5949	0.228690228690229
5950	0.255717255717256
5952	0.255717255717256
5953	0.255717255717256
5954	0.255717255717256
5956	0.336798336798337
5957	0.30977130977131
5958	0.30977130977131
5959	0.282744282744283
5985	-0.230769230769231
5986	-0.311850311850312
5987	-0.234927234927235
5988	-0.311850311850312
5989	-0.338877338877339
5990	-0.338877338877339
5991	-0.338877338877339
5992	-0.338877338877339
5993	-0.311850311850312
5994	-0.284823284823285
5995	-0.230769230769231
5996	-0.203742203742204
5997	-0.0727650727650727
5998	0.00415800415800427
5999	0.00415800415800427
6000	0.0810810810810811
6001	0.135135135135135
6002	0.135135135135135
6003	0.112266112266112
6004	0.0852390852390853
6005	0.0852390852390853
6006	0.00831600831600832
6007	0.0623700623700624
6008	0.0893970893970893
6009	0.0623700623700624
6010	-0.0145530145530146
6011	-0.0686070686070687
6012	-0.0686070686070687
6013	0.116424116424117
6014	0.251559251559252
6015	0.224532224532225
6016	0.247401247401247
6017	0.216216216216216
6018	-0.347193347193347
6019	-0.536382536382536
6020	-0.305613305613305
6021	-0.584199584199584
6022	-0.785862785862786
6023	-1.25779625779626
6024	-1.26611226611227
6025	-1.26611226611227
6026	-1.29313929313929
6027	-1.21621621621622
6028	-1.37422037422037
6029	-1.56340956340956
6030	-1.56340956340956
6031	-1.56340956340956
6032	-1.56340956340956
6033	-1.64033264033264
6034	-1.71725571725572
6035	-1.71725571725572
6036	-1.87110187110187
6037	-1.87110187110187
6038	-1.87110187110187
6039	-1.87110187110187
6040	-1.89397089397089
6041	-1.89397089397089
6042	-1.86694386694387
6043	-1.86694386694387
6044	-1.86694386694387
6045	-1.81288981288981
6046	-1.81288981288981
6047	-1.83575883575884
6048	-1.83575883575884
6049	-1.91268191268191
6050	-1.91268191268191
6051	-1.85862785862786
6052	-1.82744282744283
6053	-1.7962577962578
6054	-1.25571725571726
6055	-1.01247401247401
6056	-1.16216216216216
6057	-0.960498960498961
