76	-0.0716783216783216
77	-0.0909090909090908
78	-0.100524475524476
81	-0.12937062937063
82	-0.100524475524476
83	-0.11013986013986
86	-0.138986013986014
87	-0.138986013986014
88	-0.119755244755245
89	-0.100524475524476
90	-0.119755244755245
95	-0.0524475524475525
96	-0.0812937062937062
97	-0.0812937062937062
98	-0.11013986013986
99	-0.12937062937063
100	-0.0192307692307694
101	-0.11013986013986
102	-0.12937062937063
103	-0.12937062937063
104	-0.148601398601399
105	-0.158216783216783
106	-0.148601398601399
107	-0.138986013986014
224	-0.187062937062937
225	-0.225524475524476
226	-0.115384615384615
227	-0.0673076923076923
228	-0.0480769230769234
229	-0.158216783216783
256	-0.158216783216783
257	-0.158216783216783
258	-0.0288461538461542
259	-0.0480769230769234
267	-0.196678321678322
268	-0.144230769230769
269	-0.201923076923077
270	-0.182692307692308
271	-0.23513986013986
272	-0.225524475524476
273	-0.254370629370629
274	-0.263986013986014
275	-0.225524475524476
276	-0.196678321678322
277	-0.0769230769230771
278	0.0236013986013988
279	0.0332167832167831
280	0.0620629370629369
281	-0.0384615384615388
282	0.0524475524475523
283	0.133741258741259
284	0.0428321678321677
285	-0.0769230769230771
286	-0.0480769230769234
287	-0.0769230769230771
288	-0.0961538461538463
289	-0.144230769230769
290	-0.244755244755245
291	-0.23513986013986
292	-0.244755244755245
293	-0.187062937062937
296	-0.167832167832168
297	-0.158216783216783
298	-0.148601398601399
299	0.0332167832167831
300	0.0620629370629369
301	0.100524475524476
302	0.0288461538461536
303	-0.0236013986013986
309	0.0725524475524476
310	0.0821678321678321
311	0.0725524475524476
312	0.0821678321678321
316	-0.0428321678321679
317	0.0480769230769229
318	0.148601398601399
319	0.0480769230769229
320	0.0576923076923076
321	0.0961538461538461
322	0.0769230769230768
323	0.125
324	0.144230769230769
325	0.211538461538461
326	0.230769230769231
327	0.130244755244755
331	0.0821678321678321
332	0.0629370629370629
333	0.0533216783216782
334	0.0533216783216782
340	0.129370629370629
341	0.148601398601399
342	0.138986013986014
343	0.148601398601399
344	0.167832167832168
345	0.0288461538461536
346	0.0288461538461536
347	0.119755244755245
348	0.100524475524476
349	0.148601398601399
350	0.148601398601399
351	0.0480769230769229
352	0.0244755244755244
404	-0.11013986013986
405	-0.138986013986014
406	-0.12937062937063
412	0.0288461538461536
413	0.0576923076923076
414	0.0673076923076922
415	0.119755244755245
416	0.138986013986014
417	-0.0620629370629372
418	-0.0428321678321679
476	0.0244755244755244
477	0.0629370629370629
478	0.0437062937062936
528	0.293706293706294
529	0.284090909090909
530	0.293706293706294
531	0.26486013986014
532	0.26486013986014
533	0.245629370629371
592	-0.321678321678322
593	-0.283216783216783
594	-0.312062937062937
595	-0.36013986013986
596	-0.37937062937063
597	-0.37937062937063
598	-0.255244755244755
599	-0.284090909090909
600	-0.322552447552448
601	-0.332167832167832
602	-0.27972027972028
603	-0.27972027972028
604	-0.318181818181818
605	-0.337412587412587
606	-0.418706293706294
607	-0.490384615384616
608	-0.480769230769231
609	-0.423076923076923
610	-0.413461538461539
611	-0.336538461538462
612	-0.288461538461539
613	-0.298076923076923
614	-0.298076923076923
615	-0.207167832167832
616	-0.178321678321678
617	-0.0585664335664333
618	-0.0777972027972025
619	-0.159090909090909
620	-0.130244755244755
621	-0.192307692307693
622	-0.192307692307693
623	-0.211538461538462
624	-0.201923076923077
625	-0.263986013986014
630	-0.215909090909091
631	-0.187062937062937
632	-0.206293706293706
633	-0.244755244755245
648	-0.0236013986013986
649	-0.0332167832167832
650	-0.0332167832167832
722	0.0244755244755244
851	-0.119755244755245
852	-0.148601398601399
853	-0.148601398601399
854	-0.177447552447553
855	0.00437062937062938
856	0.013986013986014
857	0.0236013986013988
858	0.013986013986014
859	0.0524475524475523
860	0.0428321678321677
861	0.0524475524475523
862	0
863	0.0480769230769229
864	0.0673076923076922
865	-0.0428321678321679
866	-0.0716783216783216
867	-0.0524475524475525
868	-0.0620629370629372
869	-0.0812937062937062
870	-0.0909090909090908
919	-0.446678321678322
920	-0.417832167832168
921	-0.369755244755245
922	-0.269230769230769
923	-0.269230769230769
924	-0.25
925	-0.230769230769231
926	-0.240384615384615
927	-0.192307692307693
928	-0.020104895104895
929	-0.0585664335664333
930	-0.0874125874125873
931	-0.0393356643356644
932	-0.0393356643356644
933	-0.0104895104895104
934	-0.000874125874125831
935	0.00874125874125875
936	0.0183566433566436
937	0.0279720279720281
938	0.0472027972027973
939	-0.00524475524475521
940	-0.00524475524475521
941	0.013986013986014
942	-0.0673076923076923
943	-0.0673076923076923
944	-0.138986013986014
945	-0.148601398601399
1081	-0.206293706293706
1082	-0.0148601398601398
1083	0.013986013986014
1084	-0.167832167832168
1085	-0.138986013986014
1086	-0.119755244755245
1087	-0.12937062937063
1088	-0.177447552447553
1089	-0.148601398601399
1090	-0.0909090909090908
1091	0.119755244755245
1092	0.0909090909090911
1093	0.100524475524476
1094	0.177447552447553
1095	0.249125874125874
1096	0.148601398601399
1097	0.138986013986014
1098	0.138986013986014
1099	0.22027972027972
1100	0.201048951048951
1101	0.301573426573427
1102	0.282342657342658
1103	0.243881118881119
1104	0.272727272727273
1105	0.22465034965035
1106	0.133741258741259
1107	0.124125874125874
1108	0.0236013986013988
1109	0.0952797202797204
1110	0.176573426573427
1111	0.0568181818181819
1112	0.104895104895105
1113	0.0716783216783217
1114	0.0620629370629369
1115	0.0428321678321677
1116	-0.0673076923076923
1117	-0.0769230769230771
1203	-0.0524475524475525
1204	-0.0332167832167832
1205	-0.0236013986013986
1206	0.00524475524475532
1207	0.0244755244755244
1208	0.0340909090909089
1209	0.0821678321678321
1210	0.0725524475524476
1282	-0.0620629370629372
1283	-0.0716783216783216
1284	-0.0812937062937062
1285	0
1286	-0.0812937062937062
1287	-0.100524475524476
1288	-0.11013986013986
1289	-0.0524475524475525
1290	-0.0620629370629372
1291	-0.0620629370629372
1292	-0.0812937062937062
1293	-0.100524475524476
1296	-0.0620629370629372
1297	-0.0620629370629372
1298	-0.0716783216783216
1299	-0.11013986013986
1302	-0.100524475524476
1312	-0.206293706293706
1313	-0.187062937062937
1338	-0.427447552447553
1339	-0.417832167832168
1340	-0.388986013986014
1341	-0.340909090909091
1342	-0.302447552447553
1343	-0.283216783216783
1344	-0.321678321678322
1345	-0.331293706293706
1346	-0.331293706293706
1347	-0.292832167832168
1369	0
1403	-0.0576923076923079
1404	-0.0769230769230771
1416	-0.244755244755245
1417	-0.244755244755245
1418	-0.225524475524476
1419	-0.225524475524476
1420	-0.206293706293706
1421	-0.196678321678322
1422	-0.0865384615384617
1423	-0.0673076923076923
1424	-0.0288461538461542
1425	-0.0288461538461542
1426	-0.0384615384615388
1427	-0.0288461538461542
1428	-0.100524475524476
1429	-0.138986013986014
1430	-0.138986013986014
1433	0.0384615384615383
1434	0.00961538461538458
1435	0.129370629370629
1436	0.187062937062937
1437	0.196678321678322
1438	0.177447552447553
1439	-0.0236013986013986
1440	-0.0332167832167832
1445	0.0148601398601398
1446	-0.0236013986013986
1565	-0.283216783216783
1566	-0.292832167832168
1567	-0.254370629370629
1568	-0.302447552447553
1569	-0.273601398601399
1570	-0.263986013986014
1571	-0.215909090909091
1574	-0.0384615384615388
1575	-0.0576923076923079
1576	-0.0865384615384617
1577	-0.0576923076923079
1578	-0.0288461538461542
1579	-0.0480769230769234
1580	-0.148601398601399
1581	-0.0909090909090908
1582	-0.0192307692307694
1583	-0.0192307692307694
1584	-0.0576923076923079
1585	0.00961538461538458
1586	0.0288461538461536
1587	0.00961538461538458
1588	0.0192307692307693
1589	0.0192307692307693
1590	-0.0096153846153848
1591	-0.0096153846153848
1592	0.00961538461538458
1593	0.0673076923076922
1594	0.0865384615384615
1595	0.0769230769230768
1822	-0.0524475524475525
1908	0.0340909090909089
1909	0.0244755244755244
1910	0.0340909090909089
1911	0.0148601398601398
1912	0.00524475524475532
1914	0.0673076923076922
1915	0.138986013986014
1916	0.129370629370629
1917	0.11013986013986
1918	0.0812937062937062
1919	0.0812937062937062
1920	0.0812937062937062
1921	0.162587412587413
1922	0.191433566433567
1923	0.243881118881119
1924	0.22465034965035
1925	0.215034965034965
1926	0.22465034965035
1927	0.277097902097902
1928	0.20979020979021
1929	0.281468531468531
1930	0.19055944055944
1931	0.20979020979021
1932	0.219405594405594
1933	0.20979020979021
1934	0.329545454545454
1935	0.310314685314685
1936	0.229020979020979
1937	0.257867132867133
1938	0.138111888111888
1939	0.109265734265734
1940	0.300699300699301
1941	0.339160839160839
1942	0.410839160839161
1943	0.0568181818181819
1944	-0.0533216783216783
1945	-0.0340909090909092
1946	-0.0340909090909092
1947	-0.0340909090909092
1948	-0.0437062937062938
1949	-0.0340909090909092
1950	-0.225524475524476
1952	-0.163461538461539
1953	-0.153846153846154
1954	-0.163461538461539
1955	-0.211538461538462
1956	-0.201923076923077
1957	-0.173076923076923
1958	-0.211538461538462
1959	-0.163461538461539
1960	-0.163461538461539
1961	-0.182692307692308
1962	-0.201923076923077
1963	-0.254370629370629
1964	-0.144230769230769
1965	-0.206293706293706
1966	-0.187062937062937
1967	-0.215909090909091
1968	-0.254370629370629
1969	-0.254370629370629
1972	-0.292832167832168
1973	-0.312062937062937
1974	-0.292832167832168
1975	-0.244755244755245
2086	-0.196678321678322
2087	-0.187062937062937
2088	-0.225524475524476
2089	-0.254370629370629
2090	-0.23513986013986
2091	-0.263986013986014
2092	-0.244755244755245
2114	-0.11013986013986
2115	-0.0909090909090908
2116	-0.0909090909090908
2130	0.149475524475524
2131	0.187937062937063
2132	0.13986013986014
2133	0.120629370629371
2142	0.0629370629370629
2143	0.201923076923077
2144	0.13986013986014
2156	0.0821678321678321
2157	0.0533216783216782
2158	0.0533216783216782
2160	0.0148601398601398
2161	0.115384615384615
2162	0.125
2163	0.115384615384615
2164	-0.00437062937062938
2165	-0.0139860139860141
2170	0.0340909090909089
2171	-0.0139860139860141
2172	-0.0428321678321679
2174	0.0480769230769229
2175	0.0480769230769229
2176	0.0576923076923076
2177	0.229895104895105
2178	0.167832167832168
2179	0.0384615384615383
2180	-0.0192307692307694
2181	-0.0096153846153848
2182	0.0428321678321677
2183	0.133741258741259
2184	0.152972027972028
2185	0.11451048951049
2186	-0.00524475524475521
2187	-0.0961538461538463
2188	-0.115384615384615
2189	-0.196678321678322
2190	-0.206293706293706
2191	-0.215909090909091
2204	-0.254370629370629
2205	-0.23513986013986
2208	-0.187062937062937
2209	-0.187062937062937
2485	-0.0288461538461542
2486	0.162587412587413
2487	0.0856643356643358
2488	0.0472027972027973
2489	0.0568181818181819
2490	0.0664335664335667
2491	0.166958041958042
2492	-0.0148601398601398
2493	-0.105769230769231
2494	-0.0533216783216783
2495	-0.144230769230769
2496	-0.173076923076923
2497	-0.153846153846154
2498	-0.153846153846154
2499	-0.115384615384615
2500	-0.0961538461538463
2501	0.00437062937062938
2502	0.0428321678321677
2503	-0.0673076923076923
2504	0.0236013986013988
2505	0.00437062937062938
2506	0.0236013986013988
2507	0.0620629370629369
2508	-0.0480769230769234
2509	0.0524475524475523
2510	0.0524475524475523
2511	0.0524475524475523
2512	0.0524475524475523
2513	0.0524475524475523
2514	0.0716783216783217
2515	0.013986013986014
2516	-0.00524475524475521
2517	0.013986013986014
2518	-0.0961538461538463
2519	-0.177447552447553
2520	-0.12937062937063
2690	-0.244755244755245
2866	-0.167832167832168
2867	-0.0865384615384617
2868	-0.0769230769230771
2869	-0.0865384615384617
2870	-0.196678321678322
2871	-0.196678321678322
2872	-0.215909090909091
2873	-0.244755244755245
2874	-0.263986013986014
2875	-0.244755244755245
2876	-0.23513986013986
2877	-0.244755244755245
2878	-0.187062937062937
2879	-0.12937062937063
3299	0.149475524475524
3300	0.13986013986014
3301	0.13986013986014
3302	0.159090909090909
3303	0.178321678321678
3304	0.168706293706294
3305	0.178321678321678
3306	0.197552447552447
3311	0.178321678321678
3312	0.159090909090909
3314	0.431818181818182
3315	0.412587412587413
3316	0.422202797202797
3317	0.47027972027972
3318	0.541958041958042
3319	0.532342657342657
3320	0.541958041958042
3321	0.532342657342657
3322	0.460664335664336
3323	0.379370629370629
3324	0.379370629370629
3325	0.460664335664336
3326	0.551573426573427
3327	0.580419580419581
3328	0.551573426573427
3329	0.541958041958042
3330	0.369755244755245
3331	0.369755244755245
3332	0.278846153846154
3333	0.278846153846154
3334	0.187937062937063
3450	-0.0620629370629372
3451	-0.0524475524475525
3455	0.0437062937062936
3456	0.163461538461538
3457	0.182692307692308
3458	0.192307692307692
3459	0.0821678321678321
3460	0.0821678321678321
3691	0.0340909090909089
3692	0.0148601398601398
3693	0.00524475524475532
3694	-0.0332167832167832
3695	-0.0332167832167832
3997	-0.0716783216783216
3998	-0.0428321678321679
3999	0.0288461538461536
4000	0.0384615384615383
4001	-0.0524475524475525
4011	-0.0620629370629372
4012	0.0288461538461536
4013	0.0384615384615383
4014	0.0865384615384615
4015	-0.0139860139860141
4016	-0.0332167832167832
4017	-0.0236013986013986
4018	-0.0524475524475525
4019	-0.0716783216783216
4125	-0.12937062937063
4127	-0.0096153846153848
4128	0.0480769230769229
4129	0.0480769230769229
4130	0.0769230769230768
4131	-0.0139860139860141
4132	0.115384615384615
4133	0.105769230769231
4134	0.125
4135	0.115384615384615
4136	0.0148601398601398
4137	0.00524475524475532
4144	0.0725524475524476
4529	-0.148601398601399
4530	-0.148601398601399
4531	-0.11013986013986
4532	-0.158216783216783
4533	-0.158216783216783
4542	-0.187062937062937
4686	-0.369755244755245
4687	-0.388986013986014
4688	-0.408216783216784
4689	-0.427447552447553
4690	-0.355769230769231
4691	-0.236013986013986
4692	-0.197552447552448
4693	-0.13986013986014
4694	-0.192307692307693
4695	-0.23513986013986
4696	-0.244755244755245
4697	-0.115384615384615
4698	-0.0961538461538463
4699	-0.0961538461538463
4700	-0.0673076923076923
4701	-0.0480769230769234
4702	0.0332167832167831
4703	0.0236013986013988
4704	-0.0576923076923079
4705	-0.138986013986014
4706	-0.177447552447553
4707	-0.158216783216783
4708	0.0236013986013988
4709	-0.0673076923076923
4710	-0.0148601398601398
4711	-0.0340909090909092
4712	0.0760489510489513
4713	0.0856643356643358
4714	-0.0437062937062938
4715	-0.0533216783216783
4716	-0.0629370629370629
4717	0.0472027972027973
4718	0.0472027972027973
4719	-0.0148601398601398
4720	0.013986013986014
4721	0.11451048951049
4722	-0.00524475524475521
4723	0.0236013986013988
4724	0.133741258741259
4725	0.152972027972028
4726	0.0428321678321677
4727	0.0428321678321677
4728	0.0524475524475523
4729	0.22465034965035
4730	0.205419580419581
4731	0.205419580419581
4732	0.296328671328671
4733	0.253496503496504
4734	0.272727272727273
4735	0.301573426573427
4736	0.373251748251748
4737	0.31555944055944
4738	0.31555944055944
4739	0.282342657342658
4740	0.411713286713286
4741	0.392482517482517
4742	0.402097902097902
4743	0.473776223776224
4744	0.282342657342658
4745	0.282342657342658
4746	0.201048951048951
4747	0.143356643356643
4748	0.133741258741259
4749	0.11451048951049
4750	0.143356643356643
4751	0.162587412587413
4752	0.143356643356643
4753	-0.0148601398601398
4754	-0.00524475524475521
4755	-0.0148601398601398
4756	0.0279720279720281
4757	-0.101398601398601
4758	-0.0821678321678323
4759	-0.120629370629371
4760	-0.211538461538462
4761	-0.211538461538462
4762	-0.163461538461539
4763	-0.254370629370629
4764	-0.244755244755245
4775	-0.340909090909091
4947	-0.254370629370629
4948	-0.225524475524476
4949	-0.125
4950	-0.0769230769230771
4951	-0.125
4952	-0.115384615384615
4953	-0.182692307692308
4954	-0.0917832167832169
4955	-0.101398601398601
4956	-0.0917832167832169
4957	-0.0629370629370629
4958	-0.0340909090909092
4959	-0.0340909090909092
4960	-0.000874125874125831
4961	0.00874125874125875
4962	-0.0104895104895104
4963	-0.020104895104895
4964	-0.263986013986014
4965	-0.153846153846154
4966	-0.144230769230769
4967	-0.263986013986014
4968	-0.283216783216783
4969	-0.215909090909091
5010	-0.177447552447553
5011	-0.0769230769230771
5012	-0.0673076923076923
5013	-0.0480769230769234
5014	0.0428321678321677
5015	-0.0865384615384617
5016	-0.0865384615384617
5017	-0.0961538461538463
5018	-0.0961538461538463
5019	-0.105769230769231
5020	-0.167832167832168
5021	-0.0673076923076923
5022	0.0620629370629369
5023	0.0524475524475523
5024	0.0620629370629369
5025	0.0812937062937062
5026	0.0620629370629369
5027	0.0620629370629369
5028	0.0524475524475523
5029	0.124125874125874
5030	0.143356643356643
5031	0.11451048951049
5032	0.0952797202797204
5033	0.0568181818181819
5034	0.013986013986014
5035	0.0236013986013988
5036	0.0620629370629369
5037	-0.0192307692307694
5038	-0.0716783216783216
5042	-0.0716783216783216
5063	-0.292832167832168
5064	-0.331293706293706
5067	-0.427447552447553
5068	-0.398601398601399
5069	-0.398601398601399
5070	-0.417832167832168
5071	-0.437062937062937
5072	-0.475524475524476
5073	-0.461538461538462
5074	-0.361013986013986
5075	-0.370629370629371
5076	-0.380244755244755
5077	-0.399475524475525
5078	-0.581293706293706
5079	-0.629370629370629
5080	-0.629370629370629
5081	-0.648601398601399
5082	-0.696678321678322
5083	-0.715909090909091
5084	-0.73513986013986
5085	-0.754370629370629
5086	-0.754370629370629
5087	-0.715909090909091
5088	-0.73513986013986
5090	-0.687062937062937
5091	-0.648601398601399
5153	-0.292832167832168
5227	-0.465909090909091
5228	-0.523601398601399
5269	-0.898601398601399
5270	-0.86013986013986
5271	-0.888986013986014
5272	-0.759615384615385
5273	-0.76923076923077
5274	-0.778846153846154
5275	-0.788461538461539
5276	-0.682692307692308
5277	-0.701923076923077
5278	-0.783216783216783
5279	-0.754370629370629
5280	-0.783216783216783
5296	-0.850524475524476
5297	-0.908216783216783
5298	-0.87937062937063
5299	-0.908216783216783
5300	-0.807692307692308
5301	-0.778846153846154
5302	-0.898601398601399
5303	-0.917832167832168
5304	-0.946678321678322
5316	-1.31206293706294
5317	-1.26398601398601
5318	-1.17307692307692
5319	-1.23076923076923
5320	-1.13986013986014
5321	-1.14947552447552
5322	-1.18793706293706
5323	-1.17832167832168
5324	-1.04895104895105
5325	-1.02972027972028
5326	-1.06818181818182
5327	-1.22115384615385
5328	-1.18269230769231
5329	-1.08653846153846
5330	-0.986013986013986
5331	-1.05769230769231
5332	-1.12937062937063
5333	-0.961538461538461
5334	-0.923076923076923
5335	-0.923076923076923
5338	-0.956293706293706
5339	-0.965909090909091
5340	-0.994755244755245
5343	-0.869755244755245
5344	-0.759615384615385
5345	-0.587412587412588
5346	-0.520104895104895
5347	-0.452797202797203
5348	-0.366258741258741
5349	-0.27534965034965
5350	-0.256118881118881
5351	-0.208041958041958
5352	-0.370629370629371
5353	-0.27972027972028
5354	-0.399475524475525
5355	-0.361013986013986
5356	-0.423076923076923
5357	-0.432692307692308
5358	-0.471153846153846
5359	-0.471153846153846
5360	-0.571678321678322
5361	-0.581293706293706
5362	-0.61013986013986
5363	-0.61013986013986
5364	-0.548076923076923
5365	-0.495629370629371
5366	-0.51486013986014
5367	-0.352272727272727
5368	-0.371503496503496
5369	-0.51048951048951
5370	-0.429195804195804
5371	-0.448426573426574
5372	-0.458041958041958
5373	-0.467657342657343
5374	-0.558566433566434
5375	-0.395979020979021
5376	-0.347902097902098
5377	-0.319055944055944
5378	-0.347902097902098
5379	-0.43444055944056
5380	-0.563811188811189
5381	-0.755244755244755
5382	-0.731643356643356
5383	-0.779720279720279
5384	-0.818181818181818
5385	-0.928321678321679
5386	-0.957167832167832
5387	-0.995629370629371
5388	-0.976398601398601
5389	-0.976398601398601
5390	-0.918706293706294
5391	-0.937937062937064
5392	-0.966783216783217
5393	-0.986013986013986
5394	-0.914335664335665
5395	-0.875874125874126
5396	-0.866258741258741
5397	-0.875874125874126
5398	-0.756118881118882
5399	-0.736888111888112
5400	-0.698426573426573
5401	-0.779720279720279
5402	-0.87062937062937
5403	-1.04283216783217
5404	-1.08129370629371
5405	-1.08129370629371
5408	-1.06206293706294
5409	-1.06206293706294
5423	-1.03321678321678
5424	-1.05244755244755
5425	-1.07167832167832
5426	-1.11975524475525
5427	-1.09090909090909
5428	-1.08129370629371
5429	-0.932692307692308
5430	-0.937062937062937
5431	-0.865384615384616
5432	-0.913461538461539
5433	-0.971153846153846
5434	-1.05244755244755
5435	-1.08129370629371
5436	-1.08129370629371
5437	-1.07167832167832
5438	-1.10052447552448
5439	-1.10052447552448
5440	-1.01398601398601
5441	-0.913461538461539
5442	-0.803321678321678
5443	-0.812937062937063
5444	-0.913461538461539
5445	-0.822552447552447
5446	-0.65472027972028
5447	-0.314685314685315
5448	-0.333916083916084
5449	-0.180944055944056
5450	-0.20979020979021
5451	-0.229020979020979
5452	-0.109265734265734
5453	-0.161713286713287
5454	-0.104020979020979
5455	-0.161713286713287
5456	-0.142482517482518
5457	-0.0227272727272729
5458	-0.161713286713287
5459	-0.214160839160839
5460	-0.185314685314685
5461	-0.214160839160839
5462	-0.137237762237762
5463	-0.118006993006993
5464	-0.156468531468532
5465	-0.276223776223776
5466	-0.185314685314685
5467	-0.276223776223776
5468	-0.256993006993007
5469	-0.218531468531469
5470	-0.208916083916084
5471	-0.189685314685315
5472	-0.1993006993007
5473	-0.189685314685315
5474	-0.151223776223776
5475	-0.170454545454546
5476	-0.208916083916084
5477	-0.261363636363637
5478	-0.381118881118881
5479	-0.352272727272727
5480	-0.270979020979021
5481	-0.333041958041958
5482	-0.40472027972028
5483	-0.667832167832168
5484	-0.437937062937063
5487	-0.480769230769231
5488	-0.581293706293706
5489	-0.590909090909091
5490	-0.356643356643356
5491	-0.347027972027972
5492	-0.347027972027972
5493	-0.409090909090909
5494	-0.351398601398601
5495	-0.351398601398601
5496	-0.322552447552448
5497	-0.346153846153846
5498	-0.384615384615385
5499	-0.442307692307693
5500	-0.322552447552448
5501	-0.312937062937063
5502	-0.403846153846154
5503	-0.384615384615385
5504	-0.346153846153846
5505	-0.307692307692308
5506	-0.288461538461539
5507	-0.307692307692308
5508	-0.398601398601399
5509	-0.365384615384616
5510	-0.346153846153846
5511	-0.355769230769231
5512	-0.236013986013986
5513	-0.255244755244755
5514	-0.226398601398602
5515	-0.116258741258741
5516	-0.187937062937063
5517	-0.216783216783217
5518	-0.236013986013986
5519	-0.125874125874126
5520	-0.288461538461539
5521	-0.230769230769231
5522	-0.25
5524	-0.369755244755245
5525	-0.437062937062937
5532	-0.638986013986014
5533	-0.658216783216784
5534	-0.715909090909091
5535	-0.553321678321678
5536	-0.534090909090909
5537	-0.534090909090909
5538	-0.472027972027972
5539	-0.491258741258741
5540	-0.568181818181818
5541	-0.587412587412588
5542	-0.563811188811189
5543	-0.534965034965035
5544	-0.563811188811189
5545	-0.616258741258741
5546	-0.534965034965035
5547	-0.563811188811189
5548	-0.693181818181818
5549	-0.731643356643356
5550	-0.770104895104895
5551	-0.928321678321679
5552	-0.976398601398601
5553	-0.947552447552448
5554	-0.928321678321679
5555	-1.02884615384615
5556	-0.976398601398601
5557	-1.01486013986014
5558	-1.01486013986014
5559	-1.01486013986014
5560	-1.06293706293706
5561	-1.01486013986014
5562	-0.976398601398601
5563	-0.957167832167832
5564	-0.928321678321679
5565	-0.947552447552448
5566	-0.947552447552448
5567	-0.947552447552448
5570	-0.841783216783217
5571	-0.965909090909091
5591	-0.763986013986014
5595	-0.792832167832168
5597	-0.802447552447553
5598	-0.744755244755245
5599	-0.754370629370629
5600	-0.783216783216783
5601	-0.812062937062937
5603	-0.831293706293706
5604	-0.759615384615385
5605	-0.788461538461539
5626	-0.898601398601399
5632	-0.763986013986014
5634	-0.908216783216783
5635	-0.908216783216783
5636	-0.788461538461539
5637	-0.649475524475525
5638	-0.630244755244755
5639	-0.740384615384616
5640	-0.730769230769231
5641	-0.553321678321678
5642	-0.611013986013986
5643	-0.582167832167832
5644	-0.51048951048951
5645	-0.51048951048951
5646	-0.52972027972028
5647	-0.51048951048951
5648	-0.500874125874126
5649	-0.500874125874126
5650	-0.361888111888112
5651	-0.328671328671329
5652	-0.237762237762238
5653	-0.276223776223776
5654	-0.266608391608392
5655	-0.228146853146853
5656	-0.237762237762238
5657	-0.338286713286714
5658	-0.299825174825175
5659	-0.30944055944056
5660	-0.429195804195804
5661	-0.41958041958042
5662	-0.615384615384616
5663	-0.586538461538462
5664	-0.557692307692308
5665	-0.557692307692308
5666	-0.548076923076923
5667	-0.658216783216784
5708	-1.06206293706294
5709	-1.07167832167832
5710	-1.07167832167832
5711	-1.05244755244755
5712	-1.00437062937063
5713	-0.98513986013986
5714	-0.975524475524476
5715	-0.975524475524476
5716	-1
5717	-0.990384615384616
5718	-1.02884615384615
5719	-1.06730769230769
5720	-1.13461538461538
5721	-1.01486013986014
5722	-1.06293706293706
5723	-1.08216783216783
5724	-1.09178321678322
5725	-1.09178321678322
5726	-1.01048951048951
5727	-0.929195804195805
5728	-0.972027972027972
5729	-0.952797202797202
5730	-0.952797202797202
5731	-0.976398601398601
5732	-0.909090909090909
5733	-1.04807692307692
5734	-0.866258741258741
5735	-0.88548951048951
5736	-0.928321678321679
5737	-1.01923076923077
5738	-1
5739	-0.918706293706294
5740	-0.980769230769231
5741	-0.990384615384616
5742	-1.10052447552448
5743	-1.08129370629371
5745	-0.98513986013986
5746	-0.956293706293706
5747	-0.946678321678322
5748	-0.913461538461539
5749	-0.894230769230769
5750	-0.855769230769231
5751	-0.865384615384616
5752	-0.888986013986014
5753	-0.908216783216783
5754	-0.888986013986014
5755	-0.792832167832168
5756	-0.744755244755245
5800	-0.293706293706294
5801	-0.465909090909091
5802	-0.446678321678322
5803	-0.388986013986014
5804	-0.307692307692308
5805	-0.26486013986014
5806	-0.226398601398602
5807	-0.183566433566434
5808	-0.284090909090909
5809	-0.222027972027972
5810	-0.102272727272727
5811	-0.202797202797203
5812	-0.164335664335664
5813	-0.236013986013986
5814	-0.216783216783217
5815	-0.26486013986014
5816	-0.26486013986014
5817	-0.317307692307693
5818	-0.355769230769231
5819	-0.365384615384616
5820	-0.365384615384616
5821	-0.394230769230769
5822	-0.394230769230769
5823	-0.423076923076923
5824	-0.513986013986014
5825	-0.50437062937063
5826	-0.494755244755245
5827	-0.494755244755245
5828	-0.50437062937063
5829	-0.494755244755245
5830	-0.513986013986014
5831	-0.542832167832168
5832	-0.370629370629371
5833	-0.322552447552448
5834	-0.351398601398601
5835	-0.250874125874126
5837	-0.552447552447553
5838	-0.562062937062937
5839	-0.581293706293706
5840	-0.562062937062937
5986	-0.802447552447553
5987	-0.692307692307693
5988	-0.721153846153846
5989	-0.711538461538462
5990	-0.692307692307693
5991	-0.773601398601399
5992	-0.73513986013986
5993	-0.696678321678322
5994	-0.638986013986014
5996	-0.542832167832168
5997	-0.513986013986014
5998	-0.398601398601399
5999	-0.369755244755245
6000	-0.36013986013986
6001	-0.321678321678322
6002	-0.273601398601399
6018	0.41520979020979
6019	1.33216783216783
6020	1.33653846153846
6021	2.81643356643357
6022	5.09527972027972
6023	7.46503496503497
6024	7.4020979020979
6025	7.34440559440559
6026	7.29632867132867
6027	7.30594405594405
6028	7.36800699300699
6029	7.3006993006993
6030	7.3006993006993
6031	7.3006993006993
6032	7.20979020979021
6033	7.23863636363636
6034	7.25786713286713
6035	7.26748251748252
6036	7.2770979020979
6037	7.29632867132867
6038	7.29632867132867
6039	7.31555944055944
6040	7.33479020979021
6041	7.33479020979021
6042	7.36363636363636
6043	7.36363636363636
6044	7.36363636363636
6045	7.36363636363636
6046	7.39248251748252
6047	7.42132867132867
6048	7.42132867132867
6049	7.42132867132867
6050	7.43094405594405
6051	7.45017482517482
6052	7.46503496503497
6053	7.35052447552448
6054	6.76923076923077
6055	5.89073426573427
6056	5.93444055944056
6057	4.49300699300699
6058	2.1520979020979
