31	0.227799227799228
32	0.299227799227799
33	0.299227799227799
34	0.299227799227799
35	0.272200772200772
36	0.146718146718147
39	0.146718146718147
40	0.200772200772201
41	0.281853281853282
42	0.281853281853282
43	0.335907335907336
44	0.308880308880309
45	0.335907335907336
46	0.308880308880309
47	0.38030888030888
48	0.407335907335907
49	0.38030888030888
52	0.335907335907336
54	0.416988416988417
56	0.38996138996139
57	0.38996138996139
66	0.254826254826255
72	0.218146718146718
73	0.218146718146718
74	0.299227799227799
75	0.299227799227799
76	0.299227799227799
77	0.272200772200772
78	0.218146718146718
79	0.164092664092664
80	0.164092664092664
81	0.0926640926640928
82	0.191119691119691
83	0.0926640926640928
84	0.0926640926640928
85	0.0926640926640928
86	0.218146718146718
87	0.262548262548262
88	0.208494208494209
89	0.208494208494209
90	0.137065637065637
91	0.164092664092664
92	0.208494208494209
93	0.181467181467181
94	0.181467181467181
95	0.208494208494209
96	0.351351351351351
97	0.333976833976834
98	0.351351351351351
99	0.405405405405405
100	0.378378378378378
101	0.378378378378378
102	0.44980694980695
103	0.44980694980695
104	0.494208494208494
105	0.521235521235521
106	0.575289575289575
107	0.503861003861004
108	0.459459459459459
109	0.459459459459459
110	0.432432432432432
111	0.432432432432432
112	0.503861003861004
113	0.503861003861004
114	0.557915057915058
115	0.683397683397683
116	0.71042471042471
117	0.71042471042471
118	0.638996138996139
119	0.666023166023166
120	0.611969111969112
121	0.683397683397683
122	0.611969111969112
123	0.496138996138996
124	0.478764478764479
125	0.478764478764479
126	0.55019305019305
127	0.621621621621622
128	0.648648648648649
129	0.675675675675676
130	0.675675675675676
131	0.675675675675676
132	0.675675675675676
133	0.747104247104247
134	0.801158301158301
135	0.872586872586873
137	0.872586872586873
138	0.845559845559845
139	0.801158301158301
163	0.944015444015444
164	0.872586872586873
165	0.944015444015444
166	0.944015444015444
167	1.01544401544402
168	0.845559845559845
169	0.845559845559845
170	0.916988416988417
171	0.845559845559845
172	0.916988416988417
177	0.872586872586873
178	0.675675675675676
179	0.648648648648649
180	0.764478764478764
181	0.88030888030888
182	0.897683397683398
183	0.870656370656371
184	1.01351351351351
185	1.01351351351351
186	0.959459459459459
187	1.05791505791506
188	1.003861003861
189	0.959459459459459
190	0.986486486486487
191	1.05791505791506
192	0.959459459459459
193	0.959459459459459
194	0.932432432432432
195	0.932432432432432
196	0.806949806949807
197	0.806949806949807
198	0.806949806949807
199	0.878378378378378
200	0.922779922779923
201	0.94015444015444
202	0.913127413127413
203	0.841698841698842
204	0.913127413127413
205	0.787644787644788
206	0.644787644787645
207	0.644787644787645
208	0.573359073359073
209	0.617760617760618
210	0.536679536679537
211	0.563706563706564
212	0.492277992277992
213	0.492277992277992
214	0.617760617760618
215	0.644787644787645
216	0.528957528957529
217	0.413127413127413
218	0.395752895752896
219	0.422779922779923
220	0.252895752895753
221	0.252895752895753
222	0.306949806949807
223	0.208494208494209
224	0.262548262548262
225	0.28957528957529
226	0.28957528957529
227	0.218146718146718
228	0.316602316602317
229	0.218146718146718
230	0.200772200772201
231	0.200772200772201
232	0.200772200772201
233	0.200772200772201
234	0.272200772200772
236	0.227799227799228
243	0.254826254826255
244	0.254826254826255
245	0.281853281853282
246	0.407335907335907
247	0.38030888030888
248	0.353281853281853
249	0.353281853281853
250	0.353281853281853
251	0.353281853281853
252	0.353281853281853
253	0.424710424710425
254	0.370656370656371
255	0.513513513513513
256	0.540540540540541
257	0.513513513513513
258	0.513513513513513
259	0.513513513513513
260	0.557915057915058
261	0.602316602316602
262	0.503861003861004
263	0.405405405405405
264	0.378378378378378
265	0.405405405405405
266	0.476833976833977
267	0.521235521235521
268	0.646718146718147
269	0.718146718146718
270	0.646718146718147
271	0.646718146718147
272	0.530888030888031
273	0.530888030888031
274	0.530888030888031
275	0.602316602316602
276	0.584942084942085
277	0.71042471042471
278	0.71042471042471
279	0.683397683397683
280	0.683397683397683
281	0.611969111969112
282	0.567567567567568
283	0.594594594594595
284	0.594594594594595
285	0.693050193050193
286	0.594594594594595
287	0.638996138996139
288	0.638996138996139
289	0.594594594594595
290	0.55019305019305
291	0.478764478764479
292	0.478764478764479
293	0.577220077220077
294	0.577220077220077
295	0.604247104247104
296	0.631274131274131
297	0.586872586872587
318	0.416988416988417
319	0.444015444015444
320	0.444015444015444
322	0.444015444015444
328	0.416988416988417
337	0.200772200772201
341	0.200772200772201
378	0.416988416988417
379	0.38996138996139
381	0.444015444015444
384	0.444015444015444
385	0.444015444015444
387	0.444015444015444
388	0.38996138996139
389	0.444015444015444
392	0.515444015444015
393	0.488416988416988
394	0.55984555984556
395	0.532818532818533
396	0.532818532818533
397	0.461389961389961
398	0.461389961389961
399	0.461389961389961
400	0.407335907335907
401	0.335907335907336
402	0.407335907335907
403	0.407335907335907
404	0.38030888030888
405	0.38030888030888
406	0.353281853281853
407	0.353281853281853
408	0.281853281853282
410	0.227799227799228
411	0.200772200772201
412	0.200772200772201
413	0.200772200772201
417	0.227799227799228
418	0.227799227799228
419	0.227799227799228
420	0.254826254826255
421	0.254826254826255
422	0.200772200772201
423	0.254826254826255
424	0.308880308880309
425	0.308880308880309
426	0.308880308880309
427	0.281853281853282
445	0.38996138996139
446	0.38996138996139
447	0.416988416988417
448	0.38996138996139
449	0.335907335907336
450	0.335907335907336
451	0.335907335907336
452	0.478764478764479
453	0.407335907335907
454	0.407335907335907
455	0.523166023166023
456	0.55019305019305
457	0.621621621621622
458	0.747104247104247
459	0.747104247104247
460	0.72007722007722
461	0.764478764478764
462	0.764478764478764
463	0.791505791505791
464	0.791505791505791
465	0.791505791505791
466	0.764478764478764
467	0.693050193050193
468	0.666023166023166
469	0.666023166023166
470	0.666023166023166
471	0.693050193050193
472	0.791505791505791
473	0.791505791505791
474	0.791505791505791
475	0.791505791505791
476	0.808880308880309
477	0.808880308880309
478	0.764478764478764
479	0.737451737451737
480	0.808880308880309
481	0.594594594594595
482	0.594594594594595
483	0.638996138996139
484	0.666023166023166
485	0.72007722007722
486	0.648648648648649
487	0.648648648648649
488	0.505791505791506
489	0.434362934362934
490	0.505791505791506
491	0.532818532818533
492	0.532818532818533
493	0.532818532818533
494	0.461389961389961
495	0.434362934362934
496	0.461389961389961
497	0.488416988416988
498	0.488416988416988
499	0.631274131274131
500	0.631274131274131
501	0.631274131274131
502	0.72972972972973
503	0.872586872586873
529	1.05984555984556
530	1.05984555984556
531	1.15830115830116
532	1.22972972972973
533	1.2027027027027
534	1.17567567567568
535	1.03281853281853
536	1.1042471042471
537	1.17567567567568
538	1.1042471042471
539	1.03281853281853
540	0.961389961389961
541	0.791505791505791
542	0.808880308880309
543	0.737451737451737
544	0.737451737451737
545	0.666023166023166
546	0.737451737451737
547	0.71042471042471
548	0.781853281853282
549	0.754826254826255
550	0.853281853281853
551	0.853281853281853
552	0.781853281853282
553	0.683397683397683
554	0.683397683397683
555	0.683397683397683
556	0.71042471042471
557	0.638996138996139
558	0.666023166023166
559	0.764478764478764
560	0.791505791505791
561	0.666023166023166
562	0.638996138996139
563	0.496138996138996
564	0.523166023166023
565	0.577220077220077
566	0.523166023166023
567	0.469111969111969
568	0.442084942084942
569	0.397683397683398
570	0.388030888030888
571	0.27992277992278
572	0.225868725868726
573	0.154440154440154
574	0.225868725868726
575	0.171814671814672
576	0.144787644787645
577	0.189189189189189
578	0.171814671814672
579	0.287644787644788
580	0.43050193050193
581	0.501930501930502
582	0.546332046332046
583	0.590733590733591
584	0.492277992277992
585	0.519305019305019
586	0.376447876447876
587	0.465250965250965
588	0.465250965250965
589	0.536679536679537
590	0.536679536679537
591	0.536679536679537
592	0.652509652509653
593	0.598455598455598
594	0.66988416988417
595	0.598455598455598
596	0.598455598455598
597	0.652509652509653
598	0.750965250965251
599	0.822393822393822
600	0.723938223938224
601	0.723938223938224
602	0.992277992277992
603	1.09073359073359
604	1.04633204633205
605	0.982625482625483
606	1.01930501930502
607	1.1003861003861
608	1.05598455598456
609	1.05598455598456
610	0.93050193050193
611	0.913127413127413
612	0.886100386100386
613	0.868725868725869
614	0.913127413127413
615	0.77027027027027
616	0.654440154440154
617	0.654440154440154
618	0.583011583011583
619	0.61003861003861
620	0.708494208494209
621	0.654440154440154
622	0.671814671814672
623	0.583011583011583
624	0.654440154440154
625	0.681467181467181
626	0.725868725868726
627	0.698841698841699
628	0.555984555984556
629	0.555984555984556
630	0.484555984555985
631	0.484555984555985
632	0.528957528957529
633	0.573359073359073
634	0.501930501930502
635	0.546332046332046
636	0.573359073359073
637	0.447876447876448
638	0.233590733590734
639	0.162162162162162
640	0.135135135135135
641	0.171814671814672
642	0.243243243243243
643	0.27027027027027
644	0.27027027027027
645	0.243243243243243
646	0.297297297297297
647	0.297297297297297
648	0.422779922779923
649	0.422779922779923
650	0.44980694980695
651	0.61969111969112
652	0.565637065637066
653	0.467181467181467
654	0.422779922779923
655	0.378378378378378
656	0.324324324324324
657	0.395752895752896
658	0.44980694980695
659	0.476833976833977
660	0.405405405405405
661	0.405405405405405
662	0.476833976833977
663	0.575289575289575
664	0.602316602316602
665	0.656370656370656
666	0.656370656370656
667	0.727799227799228
668	0.683397683397683
669	0.611969111969112
670	0.611969111969112
671	0.469111969111969
672	0.469111969111969
673	0.523166023166023
674	0.523166023166023
675	0.55019305019305
676	0.648648648648649
677	0.675675675675676
678	0.567567567567568
679	0.567567567567568
680	0.666023166023166
681	0.666023166023166
682	0.638996138996139
683	0.638996138996139
684	0.540540540540541
685	0.540540540540541
686	0.611969111969112
687	0.442084942084942
688	0.496138996138996
689	0.496138996138996
690	0.540540540540541
691	0.540540540540541
692	0.496138996138996
693	0.523166023166023
694	0.451737451737452
695	0.451737451737452
696	0.567567567567568
697	0.469111969111969
698	0.424710424710425
699	0.299227799227799
700	0.272200772200772
701	0.272200772200772
702	0.343629343629344
703	0.272200772200772
704	0.245173745173745
705	0.316602316602317
706	0.28957528957529
707	0.432432432432432
708	0.503861003861004
709	0.503861003861004
710	0.521235521235521
711	0.637065637065637
712	0.565637065637066
713	0.583011583011583
714	0.664092664092664
715	0.637065637065637
716	0.538610038610038
717	0.637065637065637
718	0.664092664092664
719	0.735521235521236
720	0.762548262548263
721	0.905405405405405
722	0.762548262548263
723	0.78957528957529
724	0.762548262548263
725	0.861003861003861
726	0.816602316602317
727	0.816602316602317
728	0.843629343629344
729	0.816602316602317
730	0.861003861003861
731	0.94980694980695
732	1.02123552123552
733	1.09266409266409
734	1.13706563706564
735	1.16409266409266
736	1.26254826254826
737	1.30694980694981
738	1.20849420849421
739	1.22586872586873
740	1.25289575289575
741	1.27992277992278
742	1.30694980694981
743	1.19111969111969
744	1.11969111969112
745	1.19111969111969
746	1.24517374517375
747	1.27220077220077
748	1.27220077220077
749	1.32625482625483
750	1.32625482625483
751	1.42471042471042
752	1.35328185328185
753	1.32625482625483
754	1.2992277992278
755	1.27220077220077
756	1.38803088803089
757	1.24517374517375
758	1.24517374517375
759	1.24517374517375
760	1.24517374517375
761	1.17374517374517
762	1.17374517374517
763	1.24517374517375
764	1.24517374517375
765	1.27220077220077
766	1.27220077220077
767	1.15637065637066
768	0.969111969111969
769	0.897683397683398
770	0.781853281853282
771	0.754826254826255
772	0.656370656370656
773	0.611969111969112
774	0.567567567567568
775	0.666023166023166
776	0.638996138996139
777	0.567567567567568
778	0.611969111969112
779	0.683397683397683
780	0.683397683397683
781	0.611969111969112
782	0.540540540540541
783	0.442084942084942
784	0.370656370656371
785	0.299227799227799
786	0.254826254826255
788	0.200772200772201
790	0.200772200772201
791	0.299227799227799
792	0.200772200772201
793	0.272200772200772
794	0.218146718146718
795	0.218146718146718
796	0.361003861003861
797	0.361003861003861
798	0.432432432432432
799	0.361003861003861
800	0.361003861003861
801	0.262548262548262
802	0.191119691119691
803	0.218146718146718
804	0.218146718146718
805	0.28957528957529
806	0.361003861003861
807	0.388030888030888
808	0.415057915057915
809	0.415057915057915
810	0.415057915057915
811	0.442084942084942
812	0.469111969111969
813	0.469111969111969
814	0.397683397683398
815	0.272200772200772
816	0.245173745173745
817	0.235521235521235
818	0.306949806949807
819	0.333976833976834
820	0.351351351351351
821	0.324324324324324
822	0.368725868725869
823	0.467181467181467
824	0.395752895752896
825	0.368725868725869
826	0.27027027027027
827	0.144787644787645
828	0.1003861003861
829	0.0289575289575289
830	0.0559845559845561
831	0.00193050193050193
832	-0.0965250965250964
833	-0.177606177606178
836	-0.312741312741313
837	-0.187258687258687
838	-0.0888030888030888
839	0.0984555984555984
840	0.0984555984555984
841	0.0714285714285714
842	0.115830115830116
843	0.0888030888030886
844	0.0617760617760617
845	0.463320463320463
846	0.382239382239382
847	0.283783783783784
848	0.372586872586873
849	0.416988416988417
850	0.488416988416989
851	0.515444015444016
852	0.488416988416989
853	0.56949806949807
854	0.488416988416989
855	0.434362934362934
856	0.416988416988417
857	0.515444015444016
858	0.488416988416989
859	0.362934362934363
860	0.38996138996139
861	0.444015444015444
862	0.498069498069498
863	0.552123552123552
864	0.623552123552124
865	0.623552123552124
866	0.596525096525097
867	0.694980694980695
868	0.677606177606178
869	0.776061776061776
870	0.803088803088803
871	0.857142857142857
872	0.83976833976834
873	0.768339768339768
874	0.696911196911197
875	0.482625482625483
876	0.5
877	0.482625482625483
878	0.312741312741313
879	0.258687258687259
880	0.123552123552124
881	-0.359073359073359
882	-0.277992277992278
883	-0.250965250965251
884	-0.33976833976834
903	-0.312741312741313
904	-0.33976833976834
911	-0.501930501930502
917	-0.285714285714286
918	-0.241312741312741
919	-0.223938223938224
920	-0.17953667953668
921	-0.206563706563706
922	-0.260617760617761
923	-0.305019305019305
924	-0.305019305019305
925	-0.260617760617761
926	-0.422779922779923
927	-0.422779922779923
928	-0.422779922779923
929	-0.368725868725869
930	-0.413127413127413
931	-0.422779922779923
932	-0.503861003861004
933	-0.700772200772201
934	-0.646718146718147
935	-0.494208494208494
936	-0.467181467181467
937	-0.538610038610039
938	-0.467181467181467
939	-0.555984555984556
940	-0.44015444015444
941	-0.368725868725869
942	-0.341698841698842
943	-0.368725868725869
944	-0.368725868725869
945	-0.395752895752896
946	-0.297297297297297
947	-0.297297297297297
948	-0.297297297297297
949	-0.297297297297297
950	-0.297297297297297
951	-0.324324324324325
952	-0.198841698841699
953	-0.162162162162162
954	-0.206563706563706
955	-0.250965250965251
956	-0.277992277992278
957	-0.277992277992278
958	-0.260617760617761
959	-0.287644787644788
960	-0.287644787644788
961	-0.332046332046332
962	-0.16988416988417
963	-0.0984555984555984
964	-0.0984555984555984
965	-0.0984555984555984
966	-0.0984555984555984
967	-0.0888030888030888
968	-0.00772200772200782
969	0.0193050193050193
970	-0.00772200772200782
971	-0.106177606177606
972	-0.0888030888030888
973	-0.16023166023166
974	-0.231660231660232
975	-0.285714285714286
1007	-0.123552123552123
1008	-0.0694980694980694
1009	-0.0694980694980694
1010	-0.0424710424710424
1011	-0.0154440154440152
1012	0.0559845559845561
1013	0.154440154440154
1014	0.1003861003861
1015	0.0193050193050193
1016	0.0193050193050193
1017	0.0193050193050193
1018	0.0463320463320462
1019	0.0733590733590733
1020	0.171814671814672
1021	0.171814671814672
1022	0.144787644787645
1023	0.144787644787645
1024	0.27027027027027
1025	0.297297297297297
1026	0.225868725868726
1027	0.0733590733590733
1028	0.0193050193050193
1029	-0.00772200772200782
1030	-0.0250965250965252
1031	-0.123552123552123
1032	-0.0965250965250964
1033	-0.0694980694980694
1035	-0.0424710424710424
1036	-0.0965250965250964
1037	-0.0965250965250964
1038	-0.0694980694980694
1039	-0.0694980694980694
1040	-0.0424710424710424
1066	-0.0694980694980694
1067	-0.0424710424710424
1068	-0.0694980694980694
1069	-0.0424710424710424
1070	-0.0154440154440152
1075	-0.0154440154440152
1076	0.0115830115830117
1077	0.0289575289575289
1078	0.0289575289575289
1079	-0.0250965250965252
1080	0.00193050193050193
1081	0.00193050193050193
1082	-0.0694980694980694
1083	-0.150579150579151
1084	-0.123552123552123
1085	-0.123552123552123
1086	-0.0791505791505792
1087	0.144787644787645
1088	0.198841698841699
1089	0.27992277992278
1090	0.476833976833977
1091	0.44980694980695
1092	0.476833976833977
1093	0.476833976833977
1094	0.378378378378378
1095	0.378378378378378
1096	0.306949806949807
1097	0.306949806949807
1098	0.235521235521235
1099	0.262548262548262
1100	0.235521235521235
1101	0.181467181467181
1102	0.11003861003861
1103	0.181467181467181
1104	0.181467181467181
1105	0.181467181467181
1106	0.181467181467181
1107	0.208494208494209
1108	0.127413127413127
1109	0.198841698841699
1110	0.198841698841699
1111	0.154440154440154
1112	0.181467181467181
1113	0.164092664092664
1114	0.154440154440154
1115	0.137065637065637
1116	0.225868725868726
1117	0.225868725868726
1118	0.225868725868726
1119	0.252895752895753
1120	0.154440154440154
1121	0.208494208494209
1122	0.235521235521235
1123	0.0926640926640928
1124	0.0926640926640928
1125	0.0656370656370658
1128	0.0386100386100386
1129	0.0115830115830117
1130	0.0386100386100386
1131	0.083011583011583
1132	0.083011583011583
1133	0.11003861003861
1134	0.083011583011583
1135	0.181467181467181
1136	0.11003861003861
1137	0.164092664092664
1138	0.208494208494209
1139	0.137065637065637
1140	0.083011583011583
1141	0.0559845559845561
1142	0.00193050193050193
1143	0.00193050193050193
1144	0.083011583011583
1145	0.0559845559845561
1146	0.11003861003861
1147	0.127413127413127
1148	0.127413127413127
1149	0.198841698841699
1150	0.351351351351351
1151	0.324324324324324
1152	0.181467181467181
1153	0.181467181467181
1154	0.198841698841699
1155	0.225868725868726
1156	0.243243243243243
1157	0.189189189189189
1158	0.0907335907335908
1159	0.179536679536679
1160	0.152509652509653
1161	0.125482625482625
1162	0.152509652509653
1163	0.108108108108108
1164	-0.0347490347490349
1165	-0.0617760617760618
1166	-0.0888030888030888
1167	-0.133204633204633
1168	-0.0347490347490349
1169	-0.142857142857143
1170	-0.115830115830116
1171	-0.214285714285714
1172	-0.115830115830116
1173	0.027027027027027
1174	-0.0173745173745173
1175	-0.0714285714285714
1176	-0.0173745173745173
1177	-0.0173745173745173
1178	-0.0173745173745173
1179	-0.0444015444015444
1180	0.027027027027027
1181	-0.0173745173745173
1182	-0.0984555984555984
1183	-0.115830115830116
1184	-0.115830115830116
1185	-0.187258687258687
1186	-0.258687258687259
1187	-0.231660231660232
1188	-0.133204633204633
1189	-0.214285714285714
1190	-0.258687258687259
1191	-0.16023166023166
1192	-0.106177606177606
1193	-0.0791505791505792
1194	0.0193050193050193
1195	-0.0694980694980694
1196	0.0289575289575289
1197	0.083011583011583
1198	0.0559845559845561
1199	0.00193050193050193
1200	-0.0521235521235521
1201	-0.0250965250965252
1202	-0.0250965250965252
1203	-0.0250965250965252
1204	-0.0965250965250964
1205	-0.0694980694980694
1206	-0.0694980694980694
1207	-0.0424710424710424
1244	0.0386100386100386
1252	0.0926640926640928
1253	0.137065637065637
1254	0.0115830115830117
1255	0.0559845559845561
1256	0.127413127413127
1257	0.127413127413127
1258	0.0463320463320462
1259	0.144787644787645
1260	0.144787644787645
1261	0.243243243243243
1262	0.243243243243243
1263	0.287644787644788
1264	0.233590733590734
1265	0.349420849420849
1266	0.322393822393822
1267	0.322393822393822
1268	0.250965250965251
1269	0.108108108108108
1270	0.0540540540540541
1271	0.0540540540540541
1272	-0.0444015444015444
1273	0.0810810810810811
1274	0.0810810810810811
1275	0.0810810810810811
1276	0.027027027027027
1277	0.108108108108108
1278	0.0637065637065637
1279	-0.00772200772200782
1280	-0.0521235521235521
1281	-0.00772200772200782
1282	0.0193050193050193
1283	-0.00772200772200782
1284	-0.0173745173745173
1285	0.0540540540540541
1286	0.0366795366795366
1287	0.0366795366795366
1288	-0.0347490347490349
1289	-0.0791505791505792
1290	-0.0250965250965252
1291	0.0559845559845561
1292	-0.0154440154440152
1293	-0.0694980694980694
1294	-0.0694980694980694
1295	-0.0694980694980694
1296	-0.150579150579151
1303	-0.0250965250965252
1304	-0.0521235521235521
1305	0.0637065637065637
1306	0.117760617760618
1307	0.0907335907335908
1308	0.117760617760618
1309	0.189189189189189
1310	0.216216216216216
1311	0.216216216216216
1312	0.27027027027027
1313	0.413127413127413
1314	0.359073359073359
1315	0.250965250965251
1316	0.152509652509653
1317	0.0540540540540541
1318	0.027027027027027
1319	0
1320	-0.0173745173745173
1321	-0.0888030888030888
1322	-0.115830115830116
1323	0.16988416988417
1324	0.214285714285714
1325	0.16023166023166
1326	0.0521235521235519
1327	-0.0193050193050195
1328	-0.154440154440154
1329	0.0154440154440156
1330	-0.0656370656370657
1331	-0.218146718146718
1332	-0.218146718146718
1333	-0.218146718146718
1334	-0.173745173745173
1335	-0.21042471042471
1336	-0.237451737451737
1337	-0.38996138996139
1338	-0.345559845559846
1339	-0.604247104247104
1340	-0.658301158301158
1341	-0.801158301158301
1342	-0.586872586872587
1343	-0.444015444015444
1344	-0.426640926640927
1345	-0.426640926640927
1346	-0.382239382239382
1347	-0.310810810810811
1348	-0.283783783783784
1349	-0.382239382239382
1350	-0.310810810810811
1351	-0.283783783783784
1352	-0.256756756756757
1353	-0.158301158301158
1354	-0.0598455598455601
1355	-0.086872586872587
1356	-0.113899613899614
1357	-0.140926640926641
1358	-0.113899613899614
1359	-0.345559845559846
1360	-0.444015444015444
1361	-0.399613899613899
1362	-0.318532818532818
1363	-0.318532818532818
1364	-0.21042471042471
1365	-0.353281853281853
1366	-0.191119691119691
1367	-0.164092664092664
1368	-0.0656370656370657
1369	-0.0656370656370657
1370	-0.0386100386100388
1371	-0.00193050193050204
1372	0.0250965250965249
1373	0.150579150579151
1374	0.106177606177606
1375	0.16023166023166
1376	0.16023166023166
1377	0.133204633204633
1378	-0.00965250965250974
1379	-0.125482625482626
1380	-0.142857142857143
1381	-0.268339768339768
1382	-0.312741312741313
1384	-0.393822393822394
1423	-0.393822393822394
1424	-0.33976833976834
1425	-0.214285714285714
1426	-0.241312741312741
1427	-0.214285714285714
1428	-0.196911196911197
1429	-0.125482625482626
1430	-0.027027027027027
1431	-0.0810810810810811
1432	-0.108108108108108
1433	-0.162162162162162
1434	-0.0540540540540542
1435	0.0444015444015444
1436	0.0444015444015444
1437	0.0714285714285714
1438	0.0984555984555984
1439	0.0810810810810811
1440	0.00965250965250974
1441	-0.0444015444015444
1442	0.00965250965250974
1443	0.0540540540540541
1444	0.125482625482625
1445	0.268339768339768
1446	0.295366795366795
1447	0.223938223938224
1448	0.152509652509653
1449	0.125482625482625
1450	0.0714285714285714
1451	0.0444015444015444
1452	0.0714285714285714
1453	0
1454	0.0173745173745172
1455	-0.0810810810810811
1456	-0.0714285714285714
1457	-0.0444015444015444
1458	-0.0984555984555984
1459	-0.196911196911197
1460	-0.250965250965251
1461	-0.305019305019305
1462	-0.233590733590734
1463	-0.260617760617761
1464	-0.233590733590734
1465	-0.17953667953668
1466	-0.250965250965251
1467	-0.196911196911197
1468	-0.125482625482626
1469	-0.0984555984555984
1470	-0.0984555984555984
1471	-0.0984555984555984
1472	-0.0984555984555984
1473	-0.0714285714285714
1474	-0.0984555984555984
1475	-0.125482625482626
1476	-0.0540540540540542
1477	0
1478	0.0444015444015444
1479	0.0984555984555984
1480	0.027027027027027
1481	-0.115830115830116
1482	-0.16988416988417
1483	-0.16988416988417
1484	-0.115830115830116
1485	-0.0347490347490349
1486	0.0193050193050193
1487	0.0463320463320462
1488	0.0366795366795366
1489	0.0637065637065637
1490	0.0463320463320462
1491	0.117760617760618
1492	0.0907335907335908
1493	0.0907335907335908
1494	0.144787644787645
1495	0.144787644787645
1496	0.0733590733590733
1497	0.0289575289575289
1498	0.0289575289575289
1499	0.0289575289575289
1500	0.127413127413127
1501	0.0289575289575289
1502	0.1003861003861
1503	0.0463320463320462
1504	-0.0250965250965252
1505	-0.0250965250965252
1506	0.144787644787645
1507	0.0733590733590733
1508	0.0463320463320462
1509	-0.00772200772200782
1510	-0.0347490347490349
1511	-0.0173745173745173
1512	-0.0173745173745173
1513	-0.0444015444015444
1514	-0.115830115830116
1515	-0.214285714285714
1516	-0.214285714285714
1517	-0.214285714285714
1518	-0.16023166023166
1519	-0.0617760617760618
1520	-0.115830115830116
1521	-0.16988416988417
1522	-0.196911196911197
1523	-0.295366795366795
1524	-0.285714285714286
1525	-0.447876447876448
1526	-0.403474903474904
1527	-0.528957528957529
1528	-0.386100386100386
1529	-0.386100386100386
1530	-0.359073359073359
1531	-0.341698841698842
1532	-0.287644787644788
1533	-0.189189189189189
1534	-0.27027027027027
1535	-0.243243243243243
1536	-0.413127413127413
1537	-0.467181467181467
1538	-0.565637065637066
1539	-0.484555984555984
1540	-0.413127413127413
1541	-0.413127413127413
1542	-0.583011583011583
1543	-0.583011583011583
1544	-0.528957528957529
1545	-0.403474903474904
1546	-0.349420849420849
1547	-0.268339768339768
1548	-0.268339768339768
1549	-0.223938223938224
1550	-0.17953667953668
1551	-0.17953667953668
1552	-0.233590733590734
1553	-0.260617760617761
1554	-0.287644787644788
1555	-0.341698841698842
1556	-0.341698841698842
1557	-0.314671814671815
1558	-0.341698841698842
1559	-0.341698841698842
1560	-0.341698841698842
1561	-0.206563706563706
1562	-0.305019305019305
1563	-0.250965250965251
1564	-0.447876447876448
1565	-0.376447876447877
1566	-0.332046332046332
1567	-0.349420849420849
1568	-0.305019305019305
1569	-0.403474903474904
1570	-0.393822393822394
1571	-0.376447876447877
1572	-0.277992277992278
1573	-0.196911196911197
1574	-0.223938223938224
1575	-0.152509652509653
1576	-0.250965250965251
1577	-0.00965250965250974
1578	-0.00965250965250974
1579	-0.0366795366795367
1580	-0.0366795366795367
1581	-0.135135135135135
1582	-0.189189189189189
1583	-0.314671814671815
1584	-0.413127413127413
1585	-0.457528957528958
1586	-0.457528957528958
1587	-0.511583011583011
1588	-0.457528957528958
1589	-0.430501930501931
1590	-0.457528957528958
1591	-0.430501930501931
1592	-0.386100386100386
1593	-0.386100386100386
1594	-0.332046332046332
1595	-0.305019305019305
1596	-0.332046332046332
1597	-0.233590733590734
1598	-0.17953667953668
1599	-0.0637065637065637
1600	0.0173745173745172
1601	-0.0366795366795367
1602	-0.0810810810810811
1603	-0.0810810810810811
1604	-0.152509652509653
1605	-0.0540540540540542
1606	-0.0637065637065637
1607	-0.108108108108108
1608	-0.17953667953668
1609	-0.206563706563706
1610	-0.233590733590734
1611	-0.386100386100386
1612	-0.332046332046332
1620	-0.403474903474904
1621	-0.376447876447877
1622	-0.322393822393822
1623	-0.268339768339768
1624	-0.268339768339768
1625	-0.241312741312741
1626	-0.115830115830116
1627	-0.0888030888030888
1628	-0.00772200772200782
1629	0.0193050193050193
1630	-0.00772200772200782
1631	0.0193050193050193
1632	0.0193050193050193
1633	-0.0521235521235521
1634	-0.0347490347490349
1635	-0.123552123552123
1636	-0.0791505791505792
1637	-0.0965250965250964
1638	-0.123552123552123
1639	-0.0791505791505792
1640	-0.0521235521235521
1641	-0.106177606177606
1642	-0.0694980694980694
1643	0.0289575289575289
1644	-0.0250965250965252
1645	0.0463320463320462
1646	0.225868725868726
1647	0.27992277992278
1648	0.27992277992278
1649	0.333976833976834
1650	0.333976833976834
1651	0.324324324324324
1652	0.422779922779923
1653	0.503861003861004
1654	0.503861003861004
1655	0.476833976833977
1656	0.388030888030888
1657	0.459459459459459
1658	0.388030888030888
1659	0.388030888030888
1660	0.388030888030888
1661	0.361003861003861
1662	0.28957528957529
1663	0.218146718146718
1664	0.218146718146718
1665	0.218146718146718
1666	0.218146718146718
1667	0.218146718146718
1668	0.245173745173745
1669	0.245173745173745
1670	0.200772200772201
1671	0.245173745173745
1672	0.146718146718147
1673	0.218146718146718
1674	0.245173745173745
1675	0.146718146718147
1676	0.262548262548262
1677	0.245173745173745
1678	0.245173745173745
1679	0.146718146718147
1680	0.272200772200772
1681	0.299227799227799
1682	0.227799227799228
1683	0.227799227799228
1684	0.173745173745174
1685	0.146718146718147
1686	0.173745173745174
1691	0.200772200772201
1692	0.200772200772201
1697	0.146718146718147
1698	0.146718146718147
1699	0.191119691119691
1700	0.0926640926640928
1701	0.0656370656370658
1702	0.137065637065637
1703	0.11003861003861
1704	0.11003861003861
1705	0.083011583011583
1706	0.083011583011583
1707	0.127413127413127
1708	0.225868725868726
1709	0.225868725868726
1710	0.225868725868726
1711	0.27992277992278
1712	0.164092664092664
1713	0.208494208494209
1714	0.225868725868726
1715	0.297297297297297
1716	0.225868725868726
1717	0.198841698841699
1718	0.27027027027027
1719	0.297297297297297
1720	0.467181467181467
1721	0.422779922779923
1722	0.467181467181467
1723	0.494208494208494
1724	0.494208494208494
1725	0.467181467181467
1726	0.61003861003861
1727	0.484555984555985
1728	0.528957528957529
1729	0.555984555984556
1730	0.555984555984556
1731	0.725868725868726
1732	0.797297297297297
1733	0.698841698841699
1734	0.725868725868726
1735	0.6003861003861
1736	0.573359073359073
1737	0.644787644787645
1738	0.573359073359073
1739	0.644787644787645
1740	0.617760617760618
1741	0.644787644787645
1742	0.644787644787645
1743	0.555984555984556
1744	0.457528957528957
1745	0.386100386100386
1746	0.501930501930502
1747	0.528957528957529
1748	0.6003861003861
1749	0.627413127413128
1750	0.61003861003861
1751	0.538610038610038
1752	0.484555984555985
1753	0.341698841698842
1754	0.189189189189189
1755	0.162162162162162
1756	0.162162162162162
1757	0.135135135135135
1758	0.0907335907335908
1759	0.349420849420849
1760	0.322393822393822
1761	0.492277992277992
1762	0.322393822393822
1763	0.295366795366795
1764	0.295366795366795
1765	0.295366795366795
1766	0.268339768339768
1767	0.0714285714285714
1768	0.0714285714285714
1769	0.0984555984555984
1770	0.0714285714285714
1771	0.0984555984555984
1772	0.125482625482625
1773	0.0810810810810811
1774	0.179536679536679
1775	0.206563706563706
1776	0.233590733590734
1777	0.250965250965251
1778	0.196911196911197
1779	0.196911196911197
1780	0.16988416988417
1781	0.142857142857143
1782	0
1783	-0.0540540540540542
1784	-0.125482625482626
1785	-0.125482625482626
1786	-0.125482625482626
1787	-0.233590733590734
1788	-0.108108108108108
1789	-0.0366795366795367
1790	0.0444015444015444
1791	-0.00965250965250974
1792	-0.152509652509653
1793	-0.125482625482626
1794	-0.125482625482626
1795	-0.33976833976834
1796	-0.285714285714286
1801	-0.123552123552123
1802	-0.0965250965250964
1803	0.0289575289575289
1804	-0.0250965250965252
1805	0.0193050193050193
1806	0.0907335907335908
1807	0.189189189189189
1808	0.305019305019305
1809	0.376447876447876
1810	0.376447876447876
1811	0.305019305019305
1812	0.277992277992278
1813	0.233590733590734
1814	0.305019305019305
1815	0.376447876447876
1816	0.43050193050193
1817	0.555984555984556
1818	0.555984555984556
1819	0.583011583011583
1820	0.555984555984556
1821	0.555984555984556
1822	0.573359073359073
1823	0.708494208494209
1824	0.708494208494209
1825	0.708494208494209
1826	0.708494208494209
1827	0.654440154440154
1828	0.752895752895753
1829	0.752895752895753
1830	0.824324324324324
1831	0.824324324324324
1832	0.797297297297297
1833	0.797297297297297
1834	0.77027027027027
1835	0.743243243243243
1836	0.787644787644788
1837	0.573359073359073
1838	0.546332046332046
1839	0.519305019305019
1840	0.6003861003861
1841	0.555984555984556
1842	0.484555984555985
1843	0.386100386100386
1844	0.341698841698842
1845	0.243243243243243
1846	0.117760617760618
1847	0.0637065637065637
1848	0.0907335907335908
1849	0.0366795366795366
1850	0.0193050193050193
1851	-0.0173745173745173
1852	-0.0173745173745173
1853	-0.115830115830116
1854	-0.0888030888030888
1855	-0.0617760617760618
1856	-0.0347490347490349
1857	0.0366795366795366
1858	0.0193050193050193
1859	0.0193050193050193
1860	-0.0791505791505792
1861	-0.150579150579151
1862	-0.0791505791505792
1863	0.0289575289575289
1864	0.0733590733590733
1865	0.144787644787645
1866	0.0463320463320462
1867	0.0733590733590733
1868	0.1003861003861
1869	0.1003861003861
1870	0.127413127413127
1871	0.127413127413127
1872	0.154440154440154
1873	0.27027027027027
1874	0.44015444015444
1875	0.395752895752896
1876	0.314671814671815
1877	0.314671814671815
1878	0.413127413127413
1879	0.654440154440154
1880	0.61003861003861
1881	0.61003861003861
1882	0.664092664092664
1883	0.718146718146718
1884	0.78957528957529
1885	0.870656370656371
1886	0.897683397683398
1887	0.808880308880309
1888	0.808880308880309
1889	0.826254826254826
1890	0.826254826254826
1891	0.826254826254826
1892	0.969111969111969
1893	0.870656370656371
1894	0.870656370656371
1895	0.816602316602317
1896	0.78957528957529
1897	0.888030888030888
1898	0.816602316602317
1899	0.843629343629344
1900	0.61969111969112
1901	0.548262548262548
1902	0.575289575289575
1903	0.476833976833977
1904	0.476833976833977
1905	0.368725868725869
1906	0.341698841698842
1907	0.44015444015444
1908	0.395752895752896
1909	0.27992277992278
1910	0.181467181467181
1911	0.127413127413127
1912	0.137065637065637
1913	0.208494208494209
1914	0.181467181467181
1915	0.0386100386100386
1916	0.0115830115830117
1917	0.0559845559845561
1918	0.0559845559845561
1919	0.127413127413127
1920	0.0289575289575289
1921	-0.0250965250965252
1922	-0.00772200772200782
1923	0.0810810810810811
1924	0
1925	-0.027027027027027
1926	-0.0810810810810811
1927	-0.0637065637065637
1928	-0.0637065637065637
1929	0.0791505791505791
1930	0.0694980694980696
1931	0.194980694980695
1932	0.249034749034749
1933	0.0965250965250966
1934	0.0424710424710426
1935	0.0154440154440156
1936	0.0965250965250966
1937	0.0694980694980696
1938	0.0424710424710426
1939	0.0154440154440156
1940	0.0154440154440156
1941	0.167953667953668
1942	0.194980694980695
1943	0.123552123552124
1944	0.194980694980695
1945	0.140926640926641
1946	0.0965250965250966
1947	0.194980694980695
1948	0.167953667953668
1949	0.0965250965250966
1950	-0.00193050193050204
1951	-0.0733590733590734
1952	-0.0386100386100388
1953	-0.055984555984556
1954	-0.0115830115830113
1955	-0.0115830115830113
1956	0.0328185328185326
1957	0.131274131274132
1958	0.086872586872587
1959	0.0154440154440156
1960	0.0424710424710426
1961	0.150579150579151
1962	0.222007722007722
1963	0.150579150579151
1964	-0.0463320463320465
1965	-0.0733590733590734
1966	0.123552123552124
1967	-0.028957528957529
1968	-0.083011583011583
1969	0.0424710424710426
1970	0.140926640926641
1971	0.140926640926641
1972	0.212355212355213
1973	0.185328185328186
1974	0.185328185328186
1975	0.23938223938224
1976	0.158301158301159
1977	0.301158301158301
1978	0.247104247104247
1979	0.193050193050193
1980	0.183397683397684
1981	0.281853281853282
1982	0.227799227799228
1983	0.156370656370656
1984	0.183397683397684
1985	0.156370656370656
1986	0.183397683397684
1987	0.183397683397684
1988	0.148648648648648
1989	0.193050193050193
1990	0.0945945945945945
1991	0.0945945945945945
1992	0.22007722007722
1993	0.175675675675675
1994	0.274131274131274
1995	0.283783783783784
1996	0.337837837837838
1997	0.256756756756757
1998	0.283783783783784
1999	0.256756756756757
2000	0.310810810810811
2001	0.194980694980695
2002	0.150579150579151
2003	0.231660231660232
2004	0.285714285714286
2005	0.312741312741313
2006	0.268339768339768
2007	0.268339768339768
2008	0.223938223938224
2009	0.295366795366795
2010	0.322393822393822
2011	0.268339768339768
2012	0.322393822393822
2013	0.135135135135135
2014	0.189189189189189
2015	0.189189189189189
2016	0.127413127413127
2017	0.0559845559845561
2018	0.0559845559845561
2019	0.0289575289575289
2020	0.117760617760618
2021	0.144787644787645
2022	0.171814671814672
2023	0.171814671814672
2024	0.243243243243243
2025	0.243243243243243
2026	0.27027027027027
2027	0.171814671814672
2028	-0.0250965250965252
2029	0.0637065637065637
2030	0.0366795366795366
2031	0.0366795366795366
2032	0.108108108108108
2033	0.0637065637065637
2034	-0.0347490347490349
2035	0.0463320463320462
2036	0.0193050193050193
2037	0.0193050193050193
2038	-0.150579150579151
2039	-0.177606177606178
2040	-0.231660231660232
2053	-0.258687258687259
2054	-0.231660231660232
2055	-0.106177606177606
2056	-0.0521235521235521
2057	-0.106177606177606
2058	-0.133204633204633
2059	-0.133204633204633
2060	-0.133204633204633
2061	-0.204633204633204
2062	-0.258687258687259
2063	-0.258687258687259
2064	-0.204633204633204
2080	-0.106177606177606
2081	-0.133204633204633
2082	-0.16023166023166
2083	-0.16023166023166
2084	-0.187258687258687
2085	-0.241312741312741
2086	-0.231660231660232
2087	-0.187258687258687
2088	-0.16988416988417
2089	-0.241312741312741
2090	-0.241312741312741
2091	-0.33976833976834
2103	-0.204633204633204
2104	-0.204633204633204
2105	-0.231660231660232
2106	-0.285714285714286
2162	-0.691119691119691
2163	-0.718146718146718
2164	-0.700772200772201
2165	-0.826254826254826
2169	-0.88030888030888
2170	-0.808880308880309
2171	-0.835907335907336
2172	-0.754826254826255
2173	-0.727799227799228
2174	-0.700772200772201
2175	-0.646718146718147
2176	-0.602316602316602
2177	-0.44980694980695
2178	-0.476833976833977
2179	-0.422779922779923
2180	-0.422779922779923
2181	-0.422779922779923
2182	-0.44980694980695
2183	-0.395752895752896
2184	-0.368725868725869
2185	-0.341698841698842
2186	-0.216216216216216
2187	-0.216216216216216
2188	-0.233590733590734
2189	-0.223938223938224
2190	-0.250965250965251
2191	-0.0714285714285714
2192	-0.142857142857143
2193	-0.0888030888030888
2194	-0.0888030888030888
2195	-0.0347490347490349
2196	-0.0347490347490349
2197	-0.16023166023166
2198	-0.258687258687259
2199	-0.258687258687259
2207	-0.133204633204633
2208	-0.16023166023166
2209	-0.231660231660232
2210	-0.258687258687259
2211	-0.258687258687259
2259	-0.123552123552123
2260	-0.150579150579151
2261	-0.150579150579151
2273	-0.0424710424710424
2274	-0.150579150579151
2275	-0.0791505791505792
2276	-0.0791505791505792
2277	-0.133204633204633
2278	-0.295366795366795
2279	-0.322393822393822
2280	-0.376447876447877
2286	-0.420849420849421
2287	-0.447876447876448
2288	-0.447876447876448
2289	-0.403474903474904
2350	-0.123552123552123
2351	-0.123552123552123
2352	-0.0965250965250964
2353	-0.123552123552123
2354	-0.231660231660232
2355	-0.231660231660232
2356	-0.231660231660232
2357	-0.285714285714286
2358	-0.231660231660232
2359	-0.16023166023166
2360	-0.285714285714286
2361	-0.312741312741313
2362	-0.268339768339768
2365	-0.393822393822394
2366	-0.420849420849421
2367	-0.420849420849421
2368	-0.393822393822394
2369	-0.393822393822394
2417	-0.150579150579151
2418	-0.106177606177606
2419	-0.187258687258687
2420	-0.133204633204633
2421	-0.106177606177606
2422	-0.0791505791505792
2423	-0.0521235521235521
2424	0.0463320463320462
2425	0.0733590733590733
2426	0.0733590733590733
2427	0.00193050193050193
2428	0.083011583011583
2429	0.181467181467181
2430	-0.0424710424710424
2431	-0.0694980694980694
2432	-0.0965250965250964
2433	-0.0694980694980694
2434	-0.0154440154440152
2435	-0.0424710424710424
2436	-0.0424710424710424
2440	0.0115830115830117
2441	0.0115830115830117
2442	0.083011583011583
2443	0.083011583011583
2444	0.083011583011583
2445	0.0289575289575289
2446	0.127413127413127
2447	0.154440154440154
2448	0.0559845559845561
2449	-0.0154440154440152
2450	-0.0694980694980694
2451	-0.0965250965250964
2488	-0.988416988416988
2489	-0.988416988416988
2490	-0.934362934362934
2491	-0.781853281853282
2492	-0.673745173745174
2493	-0.656370656370657
2494	-0.540540540540541
2495	-0.388030888030888
2496	-0.388030888030888
2497	-0.388030888030888
2498	-0.378378378378378
2499	-0.297297297297297
2500	-0.243243243243243
2501	-0.162162162162162
2502	-0.0810810810810811
2503	-0.125482625482626
2504	-0.135135135135135
2505	-0.233590733590734
2506	-0.260617760617761
2507	-0.108108108108108
2508	-0.0810810810810811
2509	-0.0810810810810811
2510	-0.152509652509653
2511	0.0347490347490347
2512	-0.00965250965250974
2513	0.0173745173745172
2514	0.106177606177606
2515	0.0791505791505791
2516	0.0791505791505791
2517	0.133204633204633
2518	0.187258687258687
2519	0.187258687258687
2520	0.16988416988417
2521	0.0714285714285714
2522	0.250965250965251
2523	0.305019305019305
2524	0.233590733590734
2525	0.179536679536679
2526	0.206563706563706
2527	0.135135135135135
2528	0.108108108108108
2529	0.0366795366795366
2530	-0.0791505791505792
2531	-0.150579150579151
2532	-0.177606177606178
2533	-0.177606177606178
2534	-0.231660231660232
2535	-0.258687258687259
2536	-0.285714285714286
2537	-0.231660231660232
2538	-0.16023166023166
2539	-0.0888030888030888
2540	-0.106177606177606
2541	-0.106177606177606
2542	-0.0521235521235521
2543	-0.258687258687259
2544	-0.285714285714286
2545	-0.187258687258687
2546	-0.133204633204633
2549	-0.150579150579151
2551	-0.123552123552123
2554	-0.312741312741313
2555	-0.214285714285714
2556	-0.214285714285714
2557	-0.16023166023166
2558	-0.133204633204633
2559	-0.133204633204633
2560	-0.133204633204633
2561	-0.106177606177606
2562	-0.133204633204633
2563	-0.133204633204633
2564	-0.231660231660232
2565	0.0366795366795366
2566	0.00965250965250974
2567	-0.0444015444015444
2568	-0.0173745173745173
2569	0.00965250965250974
2570	0.108108108108108
2571	0.125482625482625
2572	0.152509652509653
2573	0.0540540540540541
2574	-0.0444015444015444
2575	-0.115830115830116
2576	-0.142857142857143
2577	-0.142857142857143
2578	-0.0984555984555984
2579	0.108108108108108
2580	0.108108108108108
2581	0.0366795366795366
2582	0.0637065637065637
2583	-0.0347490347490349
2584	-0.0617760617760618
2585	-0.0888030888030888
2586	-0.0617760617760618
2587	-0.106177606177606
2588	-0.0521235521235521
2589	0.00193050193050193
2590	-0.123552123552123
2591	-0.150579150579151
2592	-0.123552123552123
2593	-0.106177606177606
2594	-0.106177606177606
2595	-0.285714285714286
2596	-0.312741312741313
2597	-0.268339768339768
2598	-0.241312741312741
2599	-0.295366795366795
2600	-0.241312741312741
2602	-0.420849420849421
2603	-0.366795366795367
2604	-0.393822393822394
2605	-0.393822393822394
2610	-0.420849420849421
2611	-0.420849420849421
2612	-0.393822393822394
2613	-0.366795366795367
2624	-0.583011583011583
2625	-0.511583011583011
2626	-0.430501930501931
2627	-0.474903474903475
2628	-0.501930501930502
2632	-0.393822393822394
2636	-0.420849420849421
2637	-0.393822393822394
2638	-0.285714285714286
2639	-0.366795366795367
2640	-0.268339768339768
2641	-0.268339768339768
2642	-0.241312741312741
2643	-0.241312741312741
2644	-0.258687258687259
2645	-0.285714285714286
2646	-0.312741312741313
2647	-0.142857142857143
2648	-0.0714285714285714
2649	-0.0984555984555984
2650	-0.125482625482626
2651	-0.0714285714285714
2652	-0.115830115830116
2653	-0.0984555984555984
2654	0.00965250965250974
2655	0.125482625482625
2656	0.0444015444015444
2657	0.142857142857143
2658	0.142857142857143
2659	0.142857142857143
2660	-0.125482625482626
2661	-0.223938223938224
2662	-0.196911196911197
2663	-0.196911196911197
2664	-0.16988416988417
2665	-0.17953667953668
2666	-0.152509652509653
2667	-0.17953667953668
2668	-0.250965250965251
2669	-0.223938223938224
2670	-0.277992277992278
2671	-0.305019305019305
2672	-0.349420849420849
2673	-0.457528957528958
2674	-0.555984555984556
2675	-0.528957528957529
2676	-0.583011583011583
2677	-0.61003861003861
2678	-0.555984555984556
2679	-0.538610038610039
2680	-0.467181467181467
2681	-0.44015444015444
2682	-0.538610038610039
2684	-0.664092664092664
2685	-0.592664092664093
2686	-0.538610038610039
2687	-0.494208494208494
2688	-0.476833976833977
2689	-0.575289575289575
2690	-0.62934362934363
2691	-0.826254826254826
2692	-0.718146718146718
2695	-0.826254826254826
2696	-0.853281853281853
2697	-0.799227799227799
2698	-0.799227799227799
2699	-0.781853281853282
2700	-0.808880308880309
2701	-0.826254826254826
2702	-0.853281853281853
2703	-0.826254826254826
2704	-0.745173745173745
2705	-0.673745173745174
2706	-0.521235521235521
2707	-0.467181467181467
2708	-0.467181467181467
2709	-0.413127413127413
2710	-0.386100386100386
2711	-0.359073359073359
2712	-0.162162162162162
2713	-0.0907335907335909
2714	-0.117760617760618
2715	-0.162162162162162
2716	-0.260617760617761
2717	-0.233590733590734
2718	-0.17953667953668
2719	-0.17953667953668
2720	-0.322393822393822
2721	-0.366795366795367
2722	-0.312741312741313
2725	-0.123552123552123
2726	-0.0965250965250964
2727	0.0559845559845561
2728	0.0289575289575289
2729	0.0559845559845561
2730	0.137065637065637
2731	0.164092664092664
2732	0.262548262548262
2733	0.235521235521235
2734	0.208494208494209
2735	0.11003861003861
2736	0.083011583011583
2737	0.252895752895753
2738	0.225868725868726
2739	0.198841698841699
2740	0.198841698841699
2741	0.1003861003861
2742	0.0289575289575289
2743	-0.0521235521235521
2744	-0.106177606177606
2745	-0.0521235521235521
2746	-0.133204633204633
2747	-0.115830115830116
2795	-0.61003861003861
2842	-0.484555984555984
2843	-0.511583011583011
2844	-0.583011583011583
2845	-0.583011583011583
2846	-0.501930501930502
2847	-0.501930501930502
2848	-0.501930501930502
2849	-0.447876447876448
2850	-0.393822393822394
2851	-0.420849420849421
2852	-0.152509652509653
2853	-0.152509652509653
2854	-0.0984555984555984
2855	-0.0714285714285714
2856	0.0444015444015444
2857	0.0173745173745172
2858	-0.00965250965250974
2859	-0.0366795366795367
2860	-0.00965250965250974
2861	-0.0637065637065637
2862	-0.0733590733590734
2863	-0.117760617760618
2864	-0.117760617760618
2865	-0.0637065637065637
2866	-0.135135135135135
2867	-0.314671814671815
2868	-0.341698841698842
2869	-0.494208494208494
2870	-0.592664092664093
2871	-0.565637065637066
2872	-0.637065637065637
2874	-0.637065637065637
2875	-0.61969111969112
2876	-0.575289575289575
2877	-0.602316602316602
2878	-0.727799227799228
2879	-0.683397683397683
2880	-0.638996138996139
2881	-0.693050193050193
2882	-0.594594594594595
2883	-0.567567567567568
2884	-0.513513513513514
2885	-0.540540540540541
2886	-0.594594594594595
2887	-0.540540540540541
2888	-0.700772200772201
2889	-0.700772200772201
2890	-0.727799227799228
2891	-0.71042471042471
2892	-0.799227799227799
2893	-0.799227799227799
2894	-0.799227799227799
2895	-0.826254826254826
2896	-0.754826254826255
2897	-0.727799227799228
2898	-0.745173745173745
2899	-0.745173745173745
2900	-0.673745173745174
2901	-0.61969111969112
2902	-0.592664092664093
2903	-0.637065637065637
2904	-0.61003861003861
2905	-0.583011583011583
2906	-0.474903474903475
2907	-0.430501930501931
2908	-0.403474903474904
2909	-0.403474903474904
2910	-0.447876447876448
2913	-0.366795366795367
2926	-0.285714285714286
2942	-0.258687258687259
2944	-0.312741312741313
2945	-0.312741312741313
2946	-0.285714285714286
2947	-0.312741312741313
2951	-0.420849420849421
2952	-0.322393822393822
2953	-0.322393822393822
2954	-0.322393822393822
2955	-0.277992277992278
2956	-0.349420849420849
2957	-0.447876447876448
2958	-0.420849420849421
2959	-0.447876447876448
2960	-0.420849420849421
2961	-0.420849420849421
2962	-0.393822393822394
2963	-0.322393822393822
2964	-0.295366795366795
2965	-0.295366795366795
2966	-0.241312741312741
2967	-0.241312741312741
2968	-0.16988416988417
2969	-0.196911196911197
2970	-0.223938223938224
2971	-0.295366795366795
2972	-0.142857142857143
2973	-0.142857142857143
2974	-0.115830115830116
2975	-0.142857142857143
2976	-0.16988416988417
2977	-0.250965250965251
2978	-0.447876447876448
2979	-0.359073359073359
2980	-0.376447876447877
2981	-0.349420849420849
2982	-0.403474903474904
2983	-0.332046332046332
2984	-0.332046332046332
2985	-0.250965250965251
2986	-0.277992277992278
2987	-0.223938223938224
2988	-0.322393822393822
2989	-0.322393822393822
2990	-0.376447876447877
2991	-0.447876447876448
2992	-0.403474903474904
2993	-0.376447876447877
2994	-0.376447876447877
2995	-0.349420849420849
2996	-0.322393822393822
2997	-0.250965250965251
2998	-0.322393822393822
2999	-0.33976833976834
3000	-0.393822393822394
3001	-0.393822393822394
3002	-0.420849420849421
3003	-0.420849420849421
3004	-0.393822393822394
3005	-0.420849420849421
3006	-0.420849420849421
3007	-0.447876447876448
3014	-0.366795366795367
3098	0.146718146718147
3099	0.11969111969112
3100	0.0926640926640928
3101	0.0656370656370658
3102	0.191119691119691
3103	0.11969111969112
3104	0.146718146718147
3105	0.146718146718147
3106	0.28957528957529
3107	0.28957528957529
3108	0.218146718146718
3109	0.173745173745174
3110	0.173745173745174
3111	0.173745173745174
3190	0.335907335907336
3191	0.362934362934363
3192	0.407335907335907
3193	0.488416988416988
3194	0.461389961389961
3195	0.461389961389961
3196	0.461389961389961
3197	0.434362934362934
3198	0.434362934362934
3199	0.505791505791506
3200	0.407335907335907
3201	0.407335907335907
3202	0.532818532818533
3203	0.675675675675676
3204	0.648648648648649
3205	0.604247104247104
3206	0.532818532818533
3207	0.747104247104247
3208	0.702702702702703
3209	0.702702702702703
3210	0.675675675675676
3211	0.621621621621622
3212	0.594594594594595
3213	0.567567567567568
3214	0.737451737451737
3215	0.737451737451737
3216	0.737451737451737
3217	0.71042471042471
3218	0.683397683397683
3219	0.781853281853282
3220	0.737451737451737
3221	0.638996138996139
3222	0.638996138996139
3223	0.638996138996139
3224	0.611969111969112
3225	0.584942084942085
3226	0.486486486486487
3227	0.486486486486487
3228	0.442084942084942
3229	0.442084942084942
3230	0.469111969111969
3231	0.442084942084942
3232	0.415057915057915
3233	0.415057915057915
3234	0.333976833976834
3235	0.262548262548262
3236	0.262548262548262
3237	0.262548262548262
3238	0.191119691119691
3283	-0.0694980694980694
3284	-0.0694980694980694
3285	-0.0424710424710424
3304	0.254826254826255
3305	0.227799227799228
3306	0.227799227799228
3307	0.272200772200772
3308	0.218146718146718
3309	0.164092664092664
3310	0.173745173745174
3311	0.173745173745174
3312	0.191119691119691
3313	0.191119691119691
3314	0.164092664092664
3329	-0.0424710424710424
3432	0.0926640926640928
3433	0.208494208494209
3434	0.181467181467181
3435	0.181467181467181
3436	0.0559845559845561
3437	0.0289575289575289
3438	0.0289575289575289
3439	0.00193050193050193
3440	-0.123552123552123
3444	-0.231660231660232
3445	-0.133204633204633
3446	-0.16023166023166
3447	-0.16023166023166
3448	-0.258687258687259
3449	-0.258687258687259
3450	-0.33976833976834
3492	-0.528957528957529
3493	-0.555984555984556
3494	-0.528957528957529
3495	-0.44015444015444
3496	-0.467181467181467
3497	-0.511583011583011
3498	-0.565637065637066
3499	-0.592664092664093
3500	-0.521235521235521
3501	-0.548262548262548
3502	-0.592664092664093
3503	-0.511583011583011
3504	-0.538610038610039
3505	-0.538610038610039
3506	-0.61003861003861
3507	-0.583011583011583
3508	-0.637065637065637
3509	-0.61003861003861
3510	-0.664092664092664
3511	-0.592664092664093
3512	-0.592664092664093
3513	-0.538610038610039
3514	-0.511583011583011
3515	-0.583011583011583
3516	-0.528957528957529
3517	-0.528957528957529
3560	-0.366795366795367
3561	-0.33976833976834
3562	-0.322393822393822
3563	-0.196911196911197
3564	-0.223938223938224
3565	-0.0540540540540542
3566	0.00772200772200771
3567	0.150579150579151
3568	0.123552123552124
3569	0.123552123552124
3570	0.0694980694980696
3571	0.0694980694980696
3572	0.0694980694980696
3573	0.113899613899614
3574	-0.028957528957529
3575	-0.127413127413127
3576	-0.0733590733590734
3577	0.00772200772200771
3578	0.0965250965250966
3579	0.0694980694980696
3580	0.0154440154440156
3581	0.0424710424710426
3582	-0.0115830115830113
3583	0.0424710424710426
3584	0.113899613899614
3585	0.113899613899614
3586	0.086872586872587
3587	0.113899613899614
3588	0.104247104247104
3589	0.0772200772200773
3590	0.0231660231660233
3591	-0.00386100386100363
3592	0.0772200772200773
3593	0.0328185328185326
3594	0.0328185328185326
3595	0.113899613899614
3596	0.0694980694980696
3597	0.140926640926641
3598	0.0965250965250966
3599	-0.028957528957529
3600	-0.083011583011583
3601	-0.225868725868726
3602	-0.260617760617761
3603	-0.403474903474904
3604	-0.376447876447877
3605	-0.349420849420849
3606	-0.322393822393822
3607	-0.305019305019305
3608	-0.332046332046332
3609	-0.386100386100386
3610	-0.287644787644788
3611	-0.0733590733590734
3612	-0.0733590733590734
3613	0.0965250965250966
3614	-0.0637065637065637
3615	-0.0637065637065637
3616	0.0617760617760617
3617	0.0347490347490347
3618	0.0888030888030886
3619	0.115830115830116
3620	-0.0366795366795367
3621	-0.0907335907335909
3622	-0.0366795366795367
3623	0.0617760617760617
3624	0.0444015444015444
3625	0.0714285714285714
3626	0.0984555984555984
3627	-0.027027027027027
3628	0.0444015444015444
3629	0.0714285714285714
3630	-0.0540540540540542
3631	0.0888030888030886
3632	0.0173745173745172
3633	-0.027027027027027
3634	0.0444015444015444
3635	0.0984555984555984
3636	0.152509652509653
3637	0.152509652509653
3638	0.223938223938224
3639	0.196911196911197
3640	0.16988416988417
3641	0.16988416988417
3642	0.142857142857143
3643	0.125482625482625
3644	0.179536679536679
3645	0.216216216216216
3646	0.0733590733590733
3648	-0.0694980694980694
3682	-0.123552123552123
3683	-0.0250965250965252
3684	-0.0694980694980694
3685	-0.0965250965250964
3686	-0.0965250965250964
3687	-0.0694980694980694
3688	-0.0694980694980694
3689	-0.150579150579151
3699	-0.204633204633204
3701	-0.150579150579151
3702	-0.0965250965250964
3703	-0.123552123552123
3704	-0.0965250965250964
3705	-0.0965250965250964
3706	-0.0424710424710424
3708	0.0559845559845561
3709	0.0289575289575289
3710	0.00193050193050193
3711	-0.0521235521235521
3712	-0.123552123552123
3713	-0.177606177606178
3714	-0.0791505791505792
3715	-0.0521235521235521
3716	-0.150579150579151
3717	-0.00772200772200782
3718	-0.00772200772200782
3719	-0.214285714285714
3720	-0.268339768339768
3721	-0.142857142857143
3722	-0.0714285714285714
3723	-0.0984555984555984
3724	-0.125482625482626
3725	-0.0984555984555984
3726	-0.125482625482626
3727	-0.152509652509653
3728	-0.027027027027027
3729	0.0173745173745172
3730	0.0173745173745172
3731	-0.00965250965250974
3732	-0.0366795366795367
3733	0.0791505791505791
3734	0.106177606177606
3735	0.0173745173745172
3736	0.0173745173745172
3737	-0.0810810810810811
3738	-0.108108108108108
3739	-0.0366795366795367
3740	0.0347490347490347
3741	0.0617760617760617
3742	0.133204633204633
3743	0.231660231660232
3744	0.187258687258687
3745	0.214285714285714
3746	0.214285714285714
3747	0.268339768339768
3748	0.268339768339768
3749	0.393822393822394
3750	0.295366795366795
3751	0.241312741312741
3752	0.33976833976834
3753	0.241312741312741
3754	0.125482625482625
3755	0.260617760617761
3756	0.287644787644788
3757	0.162162162162162
3758	0.0907335907335908
3759	0.0907335907335908
3760	0.144787644787645
3761	0.144787644787645
3762	0.117760617760618
3763	0.117760617760618
3764	0.0733590733590733
3765	0.0289575289575289
3766	0.0193050193050193
3767	0.0193050193050193
3768	0.0366795366795366
3769	-0.0791505791505792
3770	-0.115830115830116
3771	-0.0617760617760618
3772	-0.0888030888030888
3773	-0.0888030888030888
3774	-0.0617760617760618
3775	-0.133204633204633
3776	-0.231660231660232
3784	-0.420849420849421
3796	-0.420849420849421
3797	-0.295366795366795
3798	-0.125482625482626
3799	-0.125482625482626
3800	-0.17953667953668
3801	-0.17953667953668
3802	-0.16988416988417
3803	-0.16988416988417
3804	-0.214285714285714
3805	-0.214285714285714
3806	-0.204633204633204
3807	-0.214285714285714
3808	-0.241312741312741
3809	-0.16988416988417
3810	-0.223938223938224
3811	-0.125482625482626
3812	-0.0984555984555984
3813	-0.0714285714285714
3814	0.0540540540540541
3815	0.00965250965250974
3816	-0.0888030888030888
3817	-0.142857142857143
3818	-0.0888030888030888
3819	-0.0617760617760618
3820	-0.258687258687259
3821	-0.241312741312741
3822	-0.142857142857143
3823	-0.0984555984555984
3824	-0.125482625482626
3825	-0.125482625482626
3826	-0.0984555984555984
3827	-0.125482625482626
3828	0.027027027027027
3829	0
3830	0.0714285714285714
3831	0.0984555984555984
3832	-0.16988416988417
3833	-0.322393822393822
3834	-0.420849420849421
3835	-0.393822393822394
3836	-0.268339768339768
3837	-0.241312741312741
3838	-0.196911196911197
3839	-0.142857142857143
3840	-0.0888030888030888
3841	-0.0888030888030888
3842	-0.268339768339768
3843	-0.241312741312741
3844	-0.0714285714285714
3845	0.027027027027027
3846	0.125482625482625
3847	0.125482625482625
3848	0.0714285714285714
3849	0.0714285714285714
3850	-0.027027027027027
3851	-0.0810810810810811
3852	-0.0366795366795367
3853	0.0617760617760617
3854	0.0617760617760617
3855	0.0617760617760617
3856	0.187258687258687
3857	0.16988416988417
3858	0.0984555984555984
3859	0.0540540540540541
3860	0.152509652509653
3861	0.152509652509653
3862	0.125482625482625
3863	0.0984555984555984
3864	-0.0540540540540542
3865	-0.027027027027027
3866	0
3867	-0.027027027027027
3868	0.0984555984555984
3869	0.125482625482625
3870	0.108108108108108
3871	0.0366795366795366
3872	-0.142857142857143
3873	-0.142857142857143
3874	-0.115830115830116
3875	-0.115830115830116
3876	-0.0984555984555984
3877	-0.0984555984555984
3878	0.0810810810810811
3879	0.108108108108108
3880	-0.00772200772200782
3881	-0.177606177606178
3882	-0.204633204633204
3911	-0.312741312741313
3912	-0.312741312741313
3913	-0.33976833976834
3915	-0.312741312741313
3916	-0.241312741312741
3917	-0.16988416988417
3918	-0.241312741312741
3919	-0.16988416988417
3920	-0.16988416988417
3921	-0.0984555984555984
3922	-0.0984555984555984
3923	-0.0714285714285714
3924	-0.027027027027027
3925	-0.135135135135135
3926	-0.0540540540540542
3927	-0.152509652509653
3928	-0.206563706563706
3929	-0.162162162162162
3930	-0.108108108108108
3931	-0.0637065637065637
3932	-0.117760617760618
3933	-0.135135135135135
3934	-0.108108108108108
3935	-0.027027027027027
3936	-0.027027027027027
3937	0.0444015444015444
3938	0.0444015444015444
3939	-0.00965250965250974
3940	0.0173745173745172
3941	-0.00965250965250974
3942	0.0347490347490347
3943	0.00772200772200771
3944	0.00772200772200771
3945	-0.00193050193050204
3946	0.0250965250965249
3947	0.123552123552124
3948	0.150579150579151
3949	0.123552123552124
3950	0.0965250965250966
3951	0.0250965250965249
3952	-0.0733590733590734
3953	-0.144787644787645
3954	-0.144787644787645
3955	-0.189189189189189
3956	-0.144787644787645
3957	-0.216216216216216
3958	-0.189189189189189
3959	-0.243243243243243
3960	-0.287644787644788
3961	-0.135135135135135
3962	-0.108108108108108
3963	-0.0810810810810811
3964	-0.027027027027027
3965	0.027027027027027
3966	-0.027027027027027
3967	-0.17953667953668
3968	-0.196911196911197
3969	-0.223938223938224
3970	-0.250965250965251
3971	-0.233590733590734
3972	-0.117760617760618
3973	-0.0637065637065637
3974	-0.0193050193050195
3975	-0.0366795366795367
3976	-0.117760617760618
3977	-0.0637065637065637
3978	-0.0810810810810811
3979	-0.0540540540540542
3980	-0.0540540540540542
3981	-0.0173745173745173
3982	0.00965250965250974
3983	-0.0617760617760618
3984	-0.0617760617760618
3985	-0.0347490347490349
3986	-0.0347490347490349
3987	-0.0347490347490349
3988	0.0637065637065637
3989	0.0366795366795366
3990	0.0366795366795366
3991	0.0540540540540541
3992	-0.0444015444015444
3993	-0.0444015444015444
3994	-0.0444015444015444
3995	-0.0444015444015444
3996	-0.0444015444015444
3997	-0.0888030888030888
3998	-0.268339768339768
3999	-0.241312741312741
4000	-0.027027027027027
4001	-0.0714285714285714
4002	-0.0173745173745173
4003	0.0366795366795366
4004	0.108108108108108
4005	0.152509652509653
4006	0.152509652509653
4007	0.108108108108108
4008	-0.0347490347490349
4009	-0.106177606177606
4010	-0.177606177606178
4011	-0.204633204633204
4013	-0.123552123552123
4014	-0.0791505791505792
4015	0.00965250965250974
4016	0.00965250965250974
4017	-0.0444015444015444
4018	0.0444015444015444
4019	-0.027027027027027
4020	-0.125482625482626
4021	-0.0984555984555984
4022	0.027027027027027
4023	0.027027027027027
4024	-0.0444015444015444
4025	0.0540540540540541
4026	0.0810810810810811
4027	0.0366795366795366
4028	0.0637065637065637
4029	0.135135135135135
4030	0.108108108108108
4031	0.135135135135135
4032	-0.027027027027027
4033	-0.027027027027027
4034	-0.0540540540540542
4035	-0.108108108108108
4036	-0.376447876447877
4037	-0.305019305019305
4038	-0.332046332046332
4039	-0.305019305019305
4040	-0.332046332046332
4041	-0.430501930501931
4042	-0.511583011583011
4043	-0.467181467181467
4044	-0.521235521235521
4045	-0.503861003861004
4046	-0.557915057915058
4047	-0.530888030888031
4048	-0.459459459459459
4049	-0.486486486486487
4050	-0.557915057915058
4051	-0.575289575289575
4052	-0.575289575289575
4053	-0.602316602316602
4054	-0.61969111969112
4055	-0.592664092664093
4056	-0.467181467181467
4057	-0.422779922779923
4058	-0.44980694980695
4059	-0.44980694980695
4060	-0.306949806949807
4061	-0.432432432432432
4062	-0.432432432432432
4063	-0.405405405405405
4064	-0.378378378378378
4065	-0.459459459459459
4066	-0.432432432432432
4067	-0.333976833976834
4068	-0.27992277992278
4069	-0.252895752895753
4070	-0.1003861003861
4071	-0.127413127413127
4072	-0.1003861003861
4073	-0.225868725868726
4074	-0.198841698841699
4075	-0.252895752895753
4076	-0.154440154440154
4077	-0.0733590733590734
4078	0.00772200772200771
4079	-0.00965250965250974
4080	0.0173745173745172
4081	-0.027027027027027
4082	-0.0444015444015444
4083	0.027027027027027
4084	0.0540540540540541
4085	-0.0173745173745173
4086	-0.0173745173745173
4087	-0.0173745173745173
4088	0.027027027027027
4089	0.108108108108108
4090	0.0984555984555984
4091	0.0714285714285714
4092	0.133204633204633
4093	0.0617760617760617
4094	-0.0540540540540542
4095	-0.0810810810810811
4096	-0.196911196911197
4097	-0.16988416988417
4098	-0.223938223938224
4099	-0.223938223938224
4100	-0.196911196911197
4101	-0.214285714285714
4102	-0.295366795366795
4103	-0.366795366795367
4104	-0.285714285714286
4105	-0.241312741312741
4106	-0.258687258687259
4107	-0.177606177606178
4108	-0.106177606177606
4109	-0.0521235521235521
4110	-0.0791505791505792
4111	-0.0250965250965252
4116	-0.16023166023166
4117	-0.16023166023166
4118	-0.16023166023166
4119	-0.33976833976834
4120	-0.366795366795367
4121	-0.420849420849421
4122	-0.393822393822394
4123	-0.393822393822394
4125	-0.420849420849421
4135	-0.420849420849421
4136	-0.447876447876448
4137	-0.393822393822394
4138	-0.312741312741313
4139	-0.33976833976834
4140	-0.295366795366795
4141	-0.393822393822394
4142	-0.393822393822394
4143	-0.393822393822394
4148	-0.420849420849421
4149	-0.447876447876448
4150	-0.447876447876448
4151	-0.393822393822394
4196	-0.501930501930502
4197	-0.430501930501931
4205	-0.33976833976834
4206	-0.241312741312741
4207	-0.268339768339768
4208	-0.33976833976834
4209	-0.312741312741313
4210	-0.258687258687259
4211	-0.285714285714286
4217	-0.366795366795367
4218	-0.366795366795367
4219	-0.268339768339768
4220	-0.268339768339768
4221	-0.312741312741313
4222	-0.241312741312741
4223	-0.214285714285714
4224	-0.214285714285714
4225	-0.214285714285714
4226	-0.241312741312741
4227	-0.214285714285714
4228	-0.268339768339768
4229	-0.33976833976834
4245	-0.583011583011583
4246	-0.583011583011583
4247	-0.61003861003861
4248	-0.386100386100386
4249	-0.359073359073359
4250	-0.359073359073359
4251	-0.305019305019305
4252	-0.223938223938224
4253	-0.295366795366795
4254	-0.214285714285714
4255	-0.312741312741313
4256	-0.214285714285714
4257	-0.142857142857143
4258	-0.268339768339768
4259	-0.268339768339768
4260	-0.268339768339768
4261	-0.322393822393822
4262	-0.376447876447877
4263	-0.260617760617761
4264	-0.206563706563706
4265	-0.314671814671815
4266	-0.260617760617761
4267	-0.260617760617761
4268	-0.287644787644788
4269	-0.260617760617761
4270	-0.17953667953668
4271	-0.027027027027027
4272	0.027027027027027
4273	-0.0714285714285714
4274	-0.0984555984555984
4275	-0.241312741312741
4276	-0.196911196911197
4277	-0.16988416988417
4278	-0.16988416988417
4279	-0.0888030888030888
4280	-0.258687258687259
4281	-0.285714285714286
4282	-0.258687258687259
4283	-0.204633204633204
4290	-0.285714285714286
4291	-0.366795366795367
4413	-0.474903474903475
4414	-0.420849420849421
4415	-0.447876447876448
4416	-0.366795366795367
4417	-0.393822393822394
4418	-0.366795366795367
4420	-0.312741312741313
4421	-0.258687258687259
4422	-0.16023166023166
4423	-0.231660231660232
4424	-0.133204633204633
4425	-0.258687258687259
4426	-0.115830115830116
4427	-0.0714285714285714
4428	-0.241312741312741
4429	-0.250965250965251
4430	-0.17953667953668
4431	-0.0810810810810811
4432	-0.0984555984555984
4433	-0.0714285714285714
4434	-0.0540540540540542
4435	-0.027027027027027
4436	-0.027027027027027
4437	-0.027027027027027
4438	-0.0540540540540542
4439	-0.027027027027027
4440	-0.027027027027027
4441	0.0888030888030886
4442	0.115830115830116
4443	0.0888030888030886
4444	0.0617760617760617
4445	0.0888030888030886
4446	0.0173745173745172
4447	-0.00965250965250974
4448	-0.0366795366795367
4449	-0.162162162162162
4450	-0.243243243243243
4451	-0.27027027027027
4452	-0.127413127413127
4453	-0.127413127413127
4454	-0.154440154440154
4455	-0.055984555984556
4456	-0.1003861003861
4457	-0.127413127413127
4458	-0.198841698841699
4459	-0.083011583011583
4460	-0.11003861003861
4461	-0.083011583011583
4462	-0.252895752895753
4463	-0.324324324324325
4464	-0.378378378378378
4465	-0.297297297297297
4466	-0.287644787644788
4467	-0.287644787644788
4468	-0.189189189189189
4469	-0.243243243243243
4470	-0.233590733590734
4471	-0.135135135135135
4472	-0.0637065637065637
4473	-0.117760617760618
4474	0.0791505791505791
4475	0.249034749034749
4476	0.249034749034749
4477	0.231660231660232
4478	0.33011583011583
4479	0.204633204633205
4480	0.258687258687259
4481	0.258687258687259
4482	0.472972972972973
4483	0.571428571428571
4484	0.527027027027027
4485	0.581081081081081
4486	0.608108108108108
4487	0.635135135135135
4488	0.50965250965251
4489	0.536679536679537
4490	0.455598455598456
4491	0.411196911196911
4492	0.249034749034749
4493	0.374517374517375
4494	0.293436293436294
4495	0.194980694980695
4496	0.167953667953668
4497	0.167953667953668
4498	0.23938223938224
4499	0.266409266409267
4500	0.347490347490348
4501	0.249034749034749
4502	0.222007722007722
4503	0.293436293436294
4504	0.222007722007722
4505	0.276061776061776
4506	0.222007722007722
4507	0.150579150579151
4508	0.106177606177606
4509	0.0521235521235519
4510	-0.117760617760618
4511	-0.287644787644788
4512	-0.314671814671815
4513	-0.44015444015444
4514	-0.538610038610039
4515	-0.484555984555984
4516	-0.511583011583011
4517	-0.484555984555984
4551	-0.0521235521235521
4552	-0.0250965250965252
4553	-0.0521235521235521
4554	-0.0521235521235521
4555	-0.0791505791505792
4556	-0.177606177606178
4563	-0.231660231660232
4564	-0.142857142857143
4565	-0.0637065637065637
4566	-0.0907335907335909
4567	-0.216216216216216
4568	-0.314671814671815
4569	-0.314671814671815
4570	-0.287644787644788
4571	-0.359073359073359
4572	-0.332046332046332
4573	-0.332046332046332
4574	-0.233590733590734
4575	-0.162162162162162
4576	-0.260617760617761
4577	-0.162162162162162
4578	-0.0907335907335909
4579	-0.117760617760618
4580	-0.0907335907335909
4581	-0.162162162162162
4582	-0.108108108108108
4583	-0.0366795366795367
4584	-0.0366795366795367
4585	-0.117760617760618
4586	-0.0463320463320465
4587	-0.216216216216216
4588	-0.171814671814672
4589	-0.1003861003861
4590	-0.127413127413127
4591	-0.1003861003861
4592	-0.0463320463320465
4593	-0.0733590733590734
4594	-0.1003861003861
4595	-0.127413127413127
4596	-0.1003861003861
4597	-0.1003861003861
4598	-0.154440154440154
4599	-0.127413127413127
4600	-0.216216216216216
4601	-0.277992277992278
4602	-0.277992277992278
4603	-0.250965250965251
4604	-0.349420849420849
4605	-0.349420849420849
4606	-0.277992277992278
4607	-0.277992277992278
4608	-0.305019305019305
4609	-0.277992277992278
4610	-0.305019305019305
4611	-0.305019305019305
4612	-0.295366795366795
4613	-0.393822393822394
4614	-0.420849420849421
4615	-0.393822393822394
4616	-0.250965250965251
4617	-0.0810810810810811
4618	-0.108108108108108
4619	-0.152509652509653
4620	-0.125482625482626
4621	-0.0714285714285714
4622	-0.0540540540540542
4623	0.0173745173745172
4624	0.0173745173745172
4625	-0.0810810810810811
4626	-0.162162162162162
4627	-0.162162162162162
4628	-0.162162162162162
4629	-0.117760617760618
4630	-0.117760617760618
4631	-0.0907335907335909
4632	-0.0907335907335909
4633	-0.0366795366795367
4634	0.0173745173745172
4635	-0.00965250965250974
4636	0.0617760617760617
4637	0.0173745173745172
4638	-0.0637065637065637
4639	-0.0907335907335909
4640	-0.0733590733590734
4641	-0.055984555984556
4642	-0.154440154440154
4643	-0.127413127413127
4644	-0.083011583011583
4645	-0.0386100386100388
4646	-0.0115830115830113
4647	-0.11003861003861
4648	-0.164092664092664
4649	-0.137065637065637
4650	-0.127413127413127
4651	-0.055984555984556
4652	-0.171814671814672
4653	-0.324324324324325
4654	-0.297297297297297
4655	-0.262548262548263
4656	-0.164092664092664
4657	-0.218146718146718
4658	-0.306949806949807
4659	-0.405405405405405
4660	-0.486486486486487
4661	-0.540540540540541
4662	-0.486486486486487
4663	-0.567567567567568
4664	-0.523166023166023
4665	-0.756756756756757
4666	-0.72972972972973
4667	-0.864864864864865
4668	-0.82046332046332
4669	-0.83011583011583
4670	-0.884169884169884
4671	-0.928571428571429
4672	-1.02702702702703
4673	-1
4674	-0.847490347490348
4675	-0.82046332046332
4676	-0.837837837837838
4677	-0.909266409266409
4678	-0.909266409266409
4679	-0.864864864864865
4680	-0.837837837837838
4681	-0.766409266409266
4682	-0.810810810810811
4683	-0.810810810810811
4684	-0.864864864864865
4685	-0.793436293436294
4686	-0.793436293436294
4687	-0.793436293436294
4688	-0.793436293436294
4689	-0.864864864864865
4690	-0.864864864864865
4691	-0.828185328185328
4692	-0.980694980694981
4693	-0.872586872586873
4694	-0.828185328185328
4695	-0.72972972972973
4696	-0.621621621621622
4697	-0.469111969111969
4698	-0.442084942084942
4699	-0.388030888030888
4700	-0.405405405405405
4701	-0.144787644787645
4702	-0.181467181467182
4703	0.00772200772200771
4704	-0.0637065637065637
4705	0.0173745173745172
4706	-0.00965250965250974
4707	-0.00965250965250974
4708	-0.0366795366795367
4709	-0.0366795366795367
4710	-0.108108108108108
4711	-0.135135135135135
4712	-0.108108108108108
4713	-0.0540540540540542
4714	-0.027027027027027
4715	-0.0714285714285714
4716	0.0984555984555984
4717	-0.0173745173745173
4718	-0.0173745173745173
4719	0
4720	0.0810810810810811
4721	0.0366795366795366
4722	0.00965250965250974
4723	-0.0617760617760618
4724	-0.115830115830116
4725	-0.0347490347490349
4726	-0.0347490347490349
4727	-0.16023166023166
4728	-0.0791505791505792
4729	-0.16023166023166
4730	-0.231660231660232
4774	-0.772200772200772
4775	-0.673745173745174
4776	-0.602316602316602
4777	-0.521235521235521
4778	-0.494208494208494
4779	-0.341698841698842
4780	-0.260617760617761
4781	-0.305019305019305
4782	-0.332046332046332
4783	-0.359073359073359
4784	-0.305019305019305
4785	-0.223938223938224
4786	-0.152509652509653
4787	-0.0984555984555984
4788	-0.0444015444015444
4789	0.00965250965250974
4790	0.00965250965250974
4791	-0.00772200772200782
4792	0.0463320463320462
4793	0.198841698841699
4794	0.297297297297297
4795	0.297297297297297
4796	0.324324324324324
4797	0.405405405405405
4798	0.378378378378378
4799	0.405405405405405
4800	0.503861003861004
4801	0.476833976833977
4802	0.44980694980695
4803	0.602316602316602
4804	0.602316602316602
4805	0.602316602316602
4806	0.548262548262548
4807	0.548262548262548
4808	0.351351351351351
4809	0.351351351351351
4810	0.252895752895753
4811	0.181467181467181
4812	0.11003861003861
4813	0.0115830115830117
4814	0.0656370656370658
4815	0.0115830115830117
4816	-0.0250965250965252
4817	-0.0791505791505792
4818	-0.00772200772200782
4819	0.0637065637065637
4820	0.0366795366795366
4821	0.125482625482625
4822	0.0173745173745172
4823	0.0347490347490347
4824	-0.0637065637065637
4825	-0.117760617760618
4826	-0.171814671814672
4827	-0.171814671814672
4828	-0.198841698841699
4829	-0.27027027027027
4830	-0.368725868725869
4831	-0.235521235521235
4832	-0.262548262548263
4833	-0.316602316602316
4834	-0.28957528957529
4835	-0.361003861003861
4836	-0.459459459459459
4837	-0.388030888030888
4838	-0.28957528957529
4839	-0.388030888030888
4840	-0.415057915057915
4841	-0.442084942084942
4842	-0.361003861003861
4843	-0.361003861003861
4844	-0.378378378378378
4845	-0.405405405405405
4846	-0.333976833976834
4847	-0.388030888030888
4848	-0.316602316602316
4849	-0.343629343629344
4850	-0.272200772200772
4851	-0.316602316602316
4852	-0.306949806949807
4853	-0.28957528957529
4854	-0.333976833976834
4855	-0.378378378378378
4856	-0.44980694980695
4857	-0.538610038610039
4858	-0.637065637065637
4860	-0.691119691119691
4861	-0.691119691119691
4862	-0.637065637065637
4863	-0.592664092664093
4864	-0.494208494208494
4865	-0.548262548262548
4866	-0.548262548262548
4868	-0.484555984555984
4869	-0.538610038610039
4870	-0.592664092664093
4871	-0.646718146718147
4872	-0.548262548262548
4873	-0.61969111969112
4874	-0.691119691119691
4875	-0.664092664092664
4876	-0.691119691119691
4877	-0.691119691119691
4878	-0.718146718146718
4879	-0.718146718146718
4880	-0.772200772200772
4881	-0.727799227799228
4882	-0.934362934362934
4883	-0.907335907335907
4890	-0.853281853281853
4891	-0.835907335907336
4892	-0.808880308880309
4893	-0.808880308880309
4894	-0.700772200772201
4895	-0.646718146718147
4896	-0.691119691119691
4897	-0.637065637065637
4898	-0.664092664092664
4936	-0.501930501930502
4937	-0.501930501930502
4938	-0.555984555984556
4939	-0.555984555984556
4940	-0.555984555984556
4941	-0.555984555984556
4942	-0.555984555984556
4943	-0.583011583011583
4944	-0.583011583011583
4945	-0.528957528957529
4946	-0.555984555984556
4947	-0.592664092664093
4948	-0.44015444015444
4949	-0.297297297297297
4950	-0.27992277992278
4951	-0.235521235521235
4952	-0.306949806949807
4953	-0.306949806949807
4954	-0.252895752895753
4955	-0.154440154440154
4956	-0.225868725868726
4957	-0.198841698841699
4958	-0.171814671814672
4959	-0.1003861003861
4960	-0.00193050193050204
4961	0.0250965250965249
4962	-0.00193050193050204
4963	0.0521235521235519
4964	0.177606177606178
4965	0.249034749034749
4966	0.276061776061776
4967	0.347490347490348
4968	0.374517374517375
4969	0.258687258687259
4970	0.258687258687259
4971	0.357142857142857
4972	0.312741312741313
4973	0.258687258687259
4974	0.285714285714286
4975	0.285714285714286
4976	0.285714285714286
4977	0.258687258687259
4978	0.285714285714286
4979	0.312741312741313
4980	0.33011583011583
4981	0.33011583011583
4982	0.258687258687259
4983	0.295366795366795
4984	0.241312741312741
4985	0.125482625482625
4986	0.179536679536679
4987	0.189189189189189
4988	0.189189189189189
4989	0.216216216216216
4990	0.189189189189189
4991	0.117760617760618
4992	0.189189189189189
4993	0.287644787644788
4994	0.359073359073359
4995	0.332046332046332
4996	0.179536679536679
4997	0.179536679536679
4998	0.108108108108108
4999	0.125482625482625
5000	0.027027027027027
5001	-0.0444015444015444
5002	0
5003	-0.0714285714285714
5004	-0.0714285714285714
5005	-0.0714285714285714
5006	-0.0444015444015444
5007	-0.16988416988417
5008	-0.322393822393822
5009	-0.196911196911197
5010	-0.125482625482626
5011	-0.0984555984555984
5012	-0.0714285714285714
5013	0.027027027027027
5014	0.027027027027027
5015	0.0444015444015444
5016	0.0347490347490347
5017	-0.0193050193050195
5018	0.00772200772200771
5019	-0.0193050193050195
5020	-0.0637065637065637
5021	0.123552123552124
5022	0.0521235521235519
5023	0.0521235521235519
5024	0.00772200772200771
5025	-0.0907335907335909
5026	-0.0193050193050195
5027	-0.0463320463320465
5028	-0.0907335907335909
5029	-0.117760617760618
5030	-0.189189189189189
5031	-0.260617760617761
5032	-0.17953667953668
5033	-0.152509652509653
5034	-0.125482625482626
5035	-0.16988416988417
5036	-0.142857142857143
5037	-0.223938223938224
5038	-0.16988416988417
5039	-0.250965250965251
5040	-0.250965250965251
5041	-0.233590733590734
5042	-0.287644787644788
5043	-0.233590733590734
5044	-0.00965250965250974
5045	0.133204633204633
5046	0.0617760617760617
5047	0.0791505791505791
5048	0.222007722007722
5049	0.150579150579151
5050	0.222007722007722
5051	0.231660231660232
5052	0.268339768339768
5053	0.322393822393822
5054	0.420849420849421
5055	0.492277992277992
5056	0.617760617760618
5057	0.403474903474903
5058	0.43050193050193
5059	0.403474903474903
5060	0.474903474903475
5061	0.573359073359073
5062	0.501930501930502
5063	0.573359073359073
5064	0.546332046332046
5065	0.465250965250965
5066	0.438223938223938
5067	0.492277992277992
5068	0.662162162162162
5069	0.706563706563706
5070	0.679536679536679
5071	0.768339768339768
5072	0.714285714285714
5073	0.795366795366795
5074	0.696911196911197
5075	0.777992277992278
5076	0.750965250965251
5077	0.706563706563706
5078	0.777992277992278
5079	0.777992277992278
5080	0.750965250965251
5081	0.554054054054054
5082	0.554054054054054
5083	0.50965250965251
5084	0.455598455598456
5085	0.482625482625483
5086	0.411196911196911
5087	0.482625482625483
5088	0.411196911196911
5089	0.428571428571429
5090	0.374517374517375
5091	0.33011583011583
5092	0.33011583011583
5093	0.374517374517375
5094	0.418918918918919
5095	0.606177606177606
5096	0.507722007722008
5097	0.480694980694981
5098	0.507722007722008
5099	0.463320463320463
5100	0.49034749034749
5101	0.544401544401544
5102	0.588803088803089
5103	0.561776061776062
5104	0.391891891891892
5105	0.445945945945946
5106	0.445945945945946
5107	0.455598455598456
5108	0.455598455598456
5109	0.455598455598456
5110	0.401544401544402
5111	0.347490347490348
5112	0.320463320463321
5113	0.347490347490348
5114	0.33011583011583
5115	0.401544401544402
5116	0.258687258687259
5117	0.214285714285714
5118	0.312741312741313
5119	0.312741312741313
5120	0.196911196911197
5121	0.196911196911197
5122	0.16988416988417
5123	0.0714285714285714
5124	0.0444015444015444
5125	0.027027027027027
5126	-0.125482625482626
5127	-0.125482625482626
5128	-0.223938223938224
5129	-0.16988416988417
5130	-0.214285714285714
5132	-0.16023166023166
5133	-0.231660231660232
5134	-0.16023166023166
5135	-0.241312741312741
5136	-0.366795366795367
5137	-0.268339768339768
5138	-0.312741312741313
5139	-0.285714285714286
5140	-0.312741312741313
5141	-0.366795366795367
5142	-0.366795366795367
5143	-0.447876447876448
5144	-0.376447876447877
5145	-0.305019305019305
5146	-0.223938223938224
5147	-0.125482625482626
5148	-0.0714285714285714
5149	0
5150	-0.027027027027027
5151	-0.152509652509653
5152	-0.0366795366795367
5153	0.133204633204633
5154	0.00772200772200771
5155	0.0347490347490347
5156	0.0617760617760617
5157	0.0791505791505791
5158	0.0791505791505791
5159	0.0521235521235519
5160	0.0791505791505791
5161	0.0791505791505791
5162	0.214285714285714
5163	0.357142857142857
5164	0.384169884169884
5165	0.285714285714286
5166	0.285714285714286
5167	0.258687258687259
5168	0.142857142857143
5169	0.312741312741313
5170	0.258687258687259
5171	0.33976833976834
5172	0.33976833976834
5173	0.366795366795367
5174	0.33976833976834
5175	0.312741312741313
5176	0.384169884169884
5177	0.438223938223938
5178	0.536679536679537
5179	0.492277992277992
5180	0.393822393822394
5181	0.349420849420849
5182	0.322393822393822
5183	0.277992277992278
5184	0.250965250965251
5185	0.268339768339768
5186	0.285714285714286
5187	0.411196911196911
5188	0.465250965250965
5189	0.268339768339768
5190	0.322393822393822
5191	0.33976833976834
5192	0.482625482625483
5193	0.482625482625483
5194	0.482625482625483
5195	0.554054054054054
5196	0.581081081081081
5197	0.5
5198	0.5
5199	0.320463320463321
5200	0.320463320463321
5201	0.293436293436294
5202	0.23938223938224
5203	0.23938223938224
5204	0.266409266409267
5205	0.123552123552124
5206	-0.00193050193050204
5207	0.0965250965250966
5208	0.0965250965250966
5209	0.23938223938224
5210	0.293436293436294
5211	0.391891891891892
5212	0.293436293436294
5213	0.310810810810811
5214	0.310810810810811
5215	0.337837837837838
5216	0.391891891891892
5217	0.409266409266409
5218	0.409266409266409
5219	0.409266409266409
5220	0.436293436293436
5221	0.391891891891892
5222	0.347490347490348
5223	0.293436293436294
5224	0.0965250965250966
5225	0.0965250965250966
5226	0.0694980694980696
5227	-0.028957528957529
5228	-0.171814671814672
5229	-0.189189189189189
5230	-0.243243243243243
5231	-0.351351351351352
5232	-0.405405405405405
5233	-0.306949806949807
5234	-0.316602316602316
5235	-0.316602316602316
5236	-0.299227799227799
5237	-0.200772200772201
5238	-0.227799227799228
5239	0.0849420849420848
5240	-0.121621621621622
5241	-0.0772200772200773
5242	-0.0772200772200773
5243	-0.202702702702703
5244	-0.0424710424710424
5245	-0.256756756756757
5246	-0.364864864864865
5247	-0.49034749034749
5248	-0.436293436293436
5249	-0.552123552123552
5250	-0.579150579150579
5251	-0.436293436293436
5252	-0.49034749034749
5253	-0.561776061776062
5254	-0.642857142857143
5255	-0.652509652509652
5256	-0.67953667953668
5257	-0.777992277992278
5258	-0.723938223938224
5259	-0.768339768339768
5260	-0.723938223938224
5261	-0.527027027027027
5262	-0.527027027027027
5263	-0.5
5264	-0.554054054054054
5265	-0.581081081081081
5266	-0.312741312741313
5267	-0.231660231660232
5268	-0.214285714285714
5269	-0.241312741312741
5270	-0.258687258687259
5271	-0.276061776061776
5272	-0.33011583011583
5273	-0.374517374517375
5274	-0.231660231660232
5275	-0.544401544401544
5276	-0.436293436293436
5277	-0.507722007722008
5278	-0.426640926640927
5279	-0.372586872586873
5280	-0.461389961389961
5281	-0.579150579150579
5282	-0.525096525096525
5283	-0.426640926640927
5284	-0.426640926640927
5285	-0.409266409266409
5286	-0.409266409266409
5287	-0.633204633204633
5288	-0.534749034749035
5289	-0.480694980694981
5290	-0.480694980694981
5291	-0.606177606177606
5292	-0.579150579150579
5293	-0.49034749034749
5294	-0.445945945945946
5295	-0.285714285714286
5296	-0.0888030888030888
5297	-0.187258687258687
5298	-0.187258687258687
5299	-0.16023166023166
5300	-0.133204633204633
5301	-0.133204633204633
5302	-0.357142857142857
5303	-0.16988416988417
5304	-0.16023166023166
5305	-0.204633204633205
5306	-0.33976833976834
5307	-0.214285714285714
5308	-0.16988416988417
5309	-0.250965250965251
5310	-0.403474903474904
5311	-0.403474903474904
5312	-0.467181467181467
5313	-0.28957528957529
5314	-0.254826254826255
5315	-0.308880308880309
5316	-0.353281853281853
5317	-0.316602316602316
5318	-0.397683397683398
5319	-0.469111969111969
5320	-0.631274131274131
5321	-0.675675675675675
5322	-0.774131274131274
5323	-0.594594594594594
5324	-0.567567567567568
5325	-0.621621621621622
5326	-0.567567567567568
5327	-0.343629343629344
5328	-0.316602316602316
5329	-0.306949806949807
5330	-0.351351351351351
5331	-0.538610038610039
5332	-0.708494208494209
5333	-0.77992277992278
5334	-0.725868725868726
5335	-0.806949806949807
5336	-0.915057915057915
5337	-0.915057915057915
5338	-0.78957528957529
5339	-0.94980694980695
5340	-0.94980694980695
5341	-0.976833976833976
5342	-0.671814671814672
5343	-0.77027027027027
5344	-0.805019305019305
5345	-0.750965250965251
5346	-0.544401544401544
5347	-0.445945945945946
5348	-0.382239382239382
5349	-0.416988416988417
5350	-0.451737451737452
5351	-0.138996138996139
5352	0.00386100386100385
5353	-0.00579150579150589
5354	0.0752895752895753
5355	0.137065637065637
5356	0.316602316602317
5357	0.333976833976834
5358	0.575289575289575
5359	0.548262548262548
5360	0.503861003861004
5361	0.61969111969112
5362	0.691119691119691
5363	0.548262548262548
5364	0.359073359073359
5365	0.250965250965251
5366	0.33976833976834
5367	0.33976833976834
5368	0.384169884169884
5369	0.445945945945946
5370	0.445945945945946
5371	0.544401544401544
5372	0.625482625482626
5373	0.723938223938224
5374	0.625482625482626
5375	0.67953667953668
5376	0.768339768339768
5377	1.08108108108108
5378	0.982625482625482
5379	1
5380	0.918918918918919
5381	0.899613899613899
5382	0.567567567567568
5383	0.45945945945946
5384	0.629343629343629
5385	0.718146718146718
5386	0.600386100386101
5387	0.260617760617761
5388	0.287644787644787
5389	0.368725868725869
5390	0.467181467181467
5391	0.521235521235521
5392	0.476833976833977
5393	0.405405405405406
5394	0.333976833976834
5395	0.181467181467182
5396	0.243243243243243
5397	0.198841698841699
5398	0.127413127413128
5399	0.127413127413128
5400	0.262548262548263
5401	0.272200772200772
5402	0.156370656370656
5403	0.156370656370656
5404	0.111969111969112
5405	0.0772200772200771
5406	0.0501930501930499
5407	0.0772200772200771
5408	0.202702702702703
5409	0.0675675675675675
5410	0.0231660231660231
5411	-0.111969111969112
5412	-0.227799227799228
5413	-0.486486486486486
5414	-0.54054054054054
5415	-0.513513513513514
5416	-0.361003861003861
5417	-0.368725868725869
5418	-0.206563706563706
5419	-0.305019305019305
5420	-0.474903474903475
5421	-0.733590733590733
5422	-0.642857142857143
5423	-0.544401544401544
5424	-0.795366795366795
5425	-0.812741312741313
5426	-0.785714285714286
5427	-0.874517374517375
5428	-0.83976833976834
5429	-0.758687258687259
5430	-0.857142857142857
5431	-0.731660231660232
5432	-0.793436293436294
5433	-0.623552123552124
5434	-0.56949806949807
5435	-0.542471042471042
5436	-0.416988416988417
5437	-0.22007722007722
5438	-0.247104247104247
5439	-0.175675675675676
5440	-0.0772200772200773
5441	0.0386100386100385
5442	0.0656370656370655
5443	-0.0598455598455601
5444	-0.185328185328185
5445	-0.22972972972973
5446	-0.212355212355213
5447	-0.104247104247104
5448	-0.131274131274131
5449	-0.0328185328185329
5450	-0.0501930501930503
5451	-0.0675675675675675
5452	-0.138996138996139
5453	-0.166023166023166
5454	-0.138996138996139
5455	0.0675675675675675
5456	0.129343629343629
5457	0.353281853281853
5458	0.397683397683398
5459	0.299227799227799
5460	0.46911196911197
5461	0.557915057915058
5462	0.503861003861004
5463	0.395752895752896
5464	0.361003861003861
5465	0.333976833976834
5466	0.361003861003861
5467	0.361003861003861
5468	0.44980694980695
5469	0.208494208494209
5470	0.27027027027027
5471	0.243243243243243
5472	0.144787644787645
5473	0.0463320463320462
5474	0.0193050193050195
5475	0.0733590733590732
5476	-0.0965250965250968
5477	-0.194980694980695
5478	-0.123552123552124
5479	-0.123552123552124
5480	-0.123552123552124
5481	-0.0965250965250968
5482	-0.0598455598455601
5483	-0.131274131274131
5484	-0.00579150579150589
5485	-0.104247104247104
5486	-0.104247104247104
5487	-0.158301158301158
5488	-0.0154440154440156
5489	0.0386100386100385
5490	0.11003861003861
5491	-0.0694980694980698
5492	-0.0598455598455601
5493	-0.0154440154440156
5494	0.0115830115830113
5495	0.164092664092664
5496	0.0752895752895753
5497	-0.0405405405405406
5498	-0.0405405405405406
5499	0.0849420849420848
5500	0.0849420849420848
5501	0.0579150579150578
5502	-0.0135135135135136
5503	0.0135135135135134
5504	-0.00386100386100363
5505	0.138996138996139
5506	0.0675675675675675
5507	-0.0135135135135136
5508	-0.0405405405405406
5509	-0.0849420849420848
5510	-0.0135135135135136
5511	-0.138996138996139
5512	-0.166023166023166
5513	-0.111969111969112
5514	-0.183397683397683
5515	-0.129343629343629
5516	-0.0308880308880304
5517	0.0945945945945945
5518	0.166023166023166
5519	0.308880308880309
5520	0.264478764478765
5521	0.523166023166023
5522	0.523166023166023
5523	0.648648648648648
5524	0.451737451737452
5525	0.451737451737452
5526	0.370656370656371
5527	0.415057915057915
5528	0.28957528957529
5529	0.0212355212355211
5530	-0.0231660231660231
5531	-0.113899613899614
5532	-0.113899613899614
5533	-0.0154440154440156
5534	0.0115830115830113
5535	-0.0154440154440156
5536	0.083011583011583
5537	0.27992277992278
5538	0.27992277992278
5539	0.208494208494209
5540	0.27992277992278
5541	0.11003861003861
5542	0.083011583011583
5543	0.218146718146718
5544	0.28957528957529
5545	0.262548262548263
5546	0.245173745173745
5547	0.299227799227799
5548	0.496138996138996
5549	0.46911196911197
5550	0.415057915057915
5551	0.415057915057915
5552	0.316602316602317
5553	0.530888030888031
5554	0.459459459459459
5555	0.28957528957529
5556	0.361003861003861
5557	0.129343629343629
5558	0.156370656370656
5559	-0.0231660231660231
5560	0.00386100386100385
5561	0.0212355212355211
5562	0.28957528957529
5563	0.353281853281853
5564	0.478764478764479
5565	0.604247104247104
5566	0.604247104247104
5567	0.56949806949807
5568	0.640926640926641
5569	0.56949806949807
5570	0.667953667953668
5571	0.776061776061776
5572	0.803088803088803
5573	0.606177606177606
5574	0.820463320463321
5575	0.756756756756757
5576	0.586872586872587
5577	0.658301158301159
5578	0.640926640926641
5579	0.586872586872587
5580	0.542471042471043
5581	0.505791505791506
5582	0.451737451737452
5583	0.442084942084942
5584	0.326254826254827
5585	0.326254826254827
5586	0.415057915057915
5587	0.388030888030888
5588	0.415057915057915
5589	0.200772200772201
5590	0.173745173745174
5591	0.200772200772201
5592	0.0752895752895753
5593	0.191119691119691
5594	0.137065637065637
5595	0.164092664092664
5596	0.361003861003861
5597	0.388030888030888
5598	0.129343629343629
5599	0.173745173745174
5600	0.0926640926640925
5601	0.0115830115830113
5602	-0.0424710424710424
5603	-0.0965250965250968
5604	-0.222007722007722
5605	-0.204633204633205
5606	-0.303088803088803
5607	-0.384169884169884
5608	-0.411196911196911
5609	-0.411196911196911
5610	-0.598455598455598
5611	-0.49034749034749
5612	-0.517374517374517
5613	-0.561776061776062
5614	-0.49034749034749
5615	-0.293436293436294
5616	-0.276061776061776
5617	-0.194980694980695
5618	-0.194980694980695
5619	-0.23938223938224
5620	-0.0965250965250968
5621	-0.194980694980695
5622	-0.23938223938224
5623	-0.204633204633205
5624	-0.0347490347490347
5625	-0.16023166023166
5626	-0.0888030888030888
5627	-0.0444015444015442
5628	0.0984555984555986
5629	-0.0984555984555984
5630	-0.108108108108108
5631	-0.0540540540540539
5632	-0.135135135135135
5633	-0.206563706563706
5634	-0.144787644787645
5635	-0.117760617760618
5636	-0.0733590733590734
5637	0.0521235521235521
5638	0.0250965250965249
5639	0.150579150579151
5640	0.231660231660232
5641	0.0791505791505793
5642	0.00772200772200771
5643	-0.117760617760618
5644	-0.27027027027027
5645	-0.27027027027027
5646	-0.297297297297297
5647	-0.368725868725869
5648	-0.395752895752896
5649	-0.53088803088803
5650	-0.53088803088803
5651	-0.781853281853282
5652	-0.754826254826255
5653	-0.853281853281853
5654	-0.754826254826255
5655	-0.629343629343629
5656	-0.826254826254826
5657	-0.727799227799228
5658	-0.673745173745173
5659	-0.654440154440155
5660	-0.878378378378379
5661	-0.752895752895753
5662	-0.806949806949807
5663	-0.77992277992278
5664	-0.976833976833976
5665	-0.922779922779922
5666	-0.859073359073359
5667	-0.94015444015444
5668	-1.0019305019305
5669	-0.947876447876448
5670	-1.03667953667954
5671	-0.992277992277992
5672	-1.05405405405405
5673	-1.12548262548263
5674	-1.12548262548263
5675	-1.05405405405405
5676	-1.16216216216216
5677	-1.00965250965251
5678	-1.06370656370656
5679	-1.06370656370656
5680	-1.03667953667954
5681	-0.911196911196911
5682	-0.965250965250966
5683	-0.965250965250966
5684	-0.884169884169884
5685	-0.606177606177606
5686	-0.731660231660232
5687	-0.579150579150579
5688	-0.623552123552124
5689	-0.623552123552124
5690	-0.633204633204633
5691	-0.714285714285714
5692	-0.615830115830116
5693	-0.642857142857143
5694	-0.67953667953668
5695	-0.644787644787645
5696	-0.600386100386101
5697	-0.671814671814672
5698	-0.824324324324325
5699	-0.922779922779922
5700	-0.895752895752896
5701	-0.94980694980695
5702	-0.932432432432432
5703	-0.851351351351351
5704	-0.77992277992278
5705	-0.888030888030888
5706	-0.772200772200772
5707	-0.942084942084942
5708	-0.942084942084942
5709	-0.959459459459459
5710	-0.959459459459459
5711	-1.003861003861
5712	-0.922779922779922
5713	-1.02123552123552
5714	-1.02123552123552
5715	-0.967181467181467
5716	-0.895752895752896
5717	-1.12934362934363
5718	-1.07528957528958
5719	-1.1023166023166
5720	-1.03088803088803
5721	-1.18339768339768
5722	-1.05791505791506
5723	-1.15637065637066
5724	-1.08494208494208
5725	-1.01351351351351
5726	-1.07528957528958
5727	-1.14671814671815
5728	-1.24517374517375
5729	-1.28957528957529
5730	-1.18146718146718
5731	-1.07335907335907
5732	-1.09073359073359
5733	-1.22586872586873
5734	-1.05598455598456
5735	-1.02895752895753
5736	-1.05598455598456
5737	-1.05598455598456
5738	-1.12741312741313
5739	-1.13706563706564
5740	-1.20849420849421
5741	-1.28957528957529
5742	-1.38803088803089
5743	-1.38803088803089
5744	-1.496138996139
5745	-1.55019305019305
5746	-1.496138996139
5747	-1.55984555984556
5748	-1.53281853281853
5749	-1.45173745173745
5750	-1.3976833976834
5751	-1.31660231660232
5752	-1.33397683397683
5753	-1.22586872586873
5754	-1.1988416988417
5755	-1.11776061776062
5756	-1.17181467181467
5757	-1.21621621621622
5758	-1.28764478764479
5759	-1.28764478764479
5760	-1.44015444015444
5761	-1.44015444015444
5762	-1.38610038610039
5763	-1.23359073359073
5764	-1.13513513513514
5765	-1.03667953667954
5766	-1.18918918918919
5767	-1.27027027027027
5768	-1.14478764478764
5769	-1.09073359073359
5770	-1.05405405405405
5771	-0.955598455598456
5772	-0.874517374517375
5773	-0.731660231660232
5774	-0.66023166023166
5775	-0.677606177606178
5776	-0.758687258687259
5777	-0.525096525096525
5778	-0.596525096525097
5779	-0.56949806949807
5780	-0.362934362934363
5781	-0.38996138996139
5782	-0.372586872586873
5783	-0.308880308880309
5784	-0.362934362934363
5785	-0.362934362934363
5786	-0.335907335907336
5787	-0.362934362934363
5788	-0.22007722007722
5789	-0.104247104247104
5790	-0.0328185328185329
5791	-0.0598455598455601
5792	-0.104247104247104
5793	-0.0231660231660231
5794	0.00386100386100385
5795	0.0308880308880308
5796	0.0849420849420848
5797	0.138996138996139
5798	0.0579150579150578
5799	0.00386100386100385
5800	0.0308880308880308
5801	-0.0945945945945945
5802	-0.0579150579150578
5803	-0.0752895752895753
5804	-0.200772200772201
5805	-0.00386100386100363
5806	-0.0752895752895753
5807	-0.146718146718147
5808	-0.0579150579150578
5809	-0.00386100386100363
5810	-0.0482625482625483
5811	-0.0212355212355211
5812	0.131274131274132
5813	0.158301158301159
5814	0.283783783783784
5815	0.283783783783784
5816	0.23938223938224
5817	0.293436293436294
5818	0.303088803088803
5819	0.222007722007722
5820	0.418918918918919
5821	0.418918918918919
5822	0.391891891891892
5823	0.364864864864865
5824	0.222007722007722
5825	0.177606177606178
5826	0.0791505791505791
5827	0.0694980694980696
5828	0.0694980694980696
5829	0.113899613899614
5830	0.22972972972973
5831	0.175675675675675
5832	0.193050193050193
5833	0.0135135135135134
5834	0.0945945945945945
5835	0.0501930501930505
5836	0.121621621621622
5837	0.138996138996139
5838	0.138996138996139
5839	0.0675675675675675
5840	0.0675675675675675
5841	-0.183397683397683
5842	-0.0231660231660231
5843	-0.00579150579150589
5844	-0.0945945945945945
5845	-0.138996138996139
5846	-0.111969111969112
5847	-0.111969111969112
5848	-0.183397683397683
5849	-0.308880308880309
5850	-0.21042471042471
5851	-0.111969111969112
5852	-0.111969111969112
5853	-0.0849420849420848
5854	-0.0849420849420848
5855	-0.0482625482625483
5856	-0.191119691119691
5857	-0.164092664092664
5858	-0.137065637065637
5859	-0.083011583011583
5860	-0.055984555984556
5861	-0.0733590733590734
5862	-0.0193050193050195
5863	0.0173745173745172
5864	0.115830115830116
5865	0.0714285714285714
5866	-0.0173745173745173
5867	0.0637065637065637
5868	0.171814671814672
5869	0.306949806949807
5870	0.27992277992278
5871	0.306949806949807
5872	0.137065637065637
5873	0.173745173745174
5874	0.173745173745174
5875	0.200772200772201
5876	0.254826254826255
5877	0.444015444015444
5915	0.0386100386100386
5924	0.0733590733590733
5925	0.216216216216216
5926	0.216216216216216
5927	0.243243243243243
5928	0.243243243243243
5929	0.341698841698842
5930	0.413127413127413
5931	0.44015444015444
5932	0.44015444015444
5933	0.422779922779923
5934	0.44980694980695
5935	0.521235521235521
5936	0.548262548262548
5937	0.44980694980695
5938	0.405405405405405
5939	0.44980694980695
5940	0.548262548262548
5941	0.548262548262548
5942	0.646718146718147
5943	0.745173745173745
5944	0.745173745173745
5945	0.745173745173745
5946	0.745173745173745
5947	0.718146718146718
5948	0.78957528957529
5949	0.745173745173745
5950	0.772200772200772
5951	0.700772200772201
5952	0.700772200772201
5953	0.700772200772201
5954	0.557915057915058
5955	0.611969111969112
5956	0.638996138996139
5957	0.611969111969112
5958	0.611969111969112
5959	0.799227799227799
5960	0.557915057915058
5961	0.459459459459459
5962	0.602316602316602
5963	0.602316602316602
5964	0.602316602316602
5965	0.476833976833977
5966	0.503861003861004
5967	0.476833976833977
5968	0.44980694980695
5969	0.44980694980695
5970	0.422779922779923
5971	0.422779922779923
5972	0.306949806949807
5973	0.306949806949807
5974	0.378378378378378
5975	0.262548262548262
5976	0.432432432432432
5977	0.324324324324324
5978	0.189189189189189
5979	0.233590733590734
5980	0.277992277992278
5981	0.447876447876448
5982	0.679536679536679
5983	0.652509652509653
5984	0.642857142857143
5985	0.642857142857143
5986	0.633204633204633
5987	0.704633204633205
5988	0.847490347490348
5989	0.891891891891892
5990	1.03474903474903
5991	1.03474903474903
5992	1.03474903474903
5993	1.06177606177606
5994	1.08880308880309
5995	1.07142857142857
5996	1.16988416988417
5997	1.15250965250965
5998	1.00965250965251
5999	0.866795366795367
6000	0.938223938223938
6001	0.992277992277992
6002	1.06370656370656
6003	1.11776061776062
6004	1.09073359073359
6005	1.09073359073359
6006	1.09073359073359
6007	1.14478764478765
6008	1.17181467181467
6009	1.14478764478765
6010	1.07335907335907
6011	1.09073359073359
6012	1.09073359073359
6013	1.1988416988417
6014	1.33397683397683
6015	1.23552123552124
6016	1.53861003861004
6017	1.35907335907336
6018	1.44401544401544
6019	2.04054054054054
6020	2.18339768339768
6021	2.60810810810811
6022	2.96138996138996
6023	3.18725868725869
6024	3.5965250965251
6025	3.66795366795367
6026	3.56949806949807
6027	3.71235521235521
6028	3.7027027027027
6029	3.58494208494209
6030	3.58494208494209
6031	3.58494208494209
6032	3.51351351351351
6033	3.51351351351351
6034	3.51351351351351
6035	3.51351351351351
6036	3.44208494208494
6037	3.44208494208494
6038	3.2992277992278
6039	3.2992277992278
6040	3.35328185328185
6041	3.35328185328185
6042	3.38030888030888
6043	3.30888030888031
6044	3.30888030888031
6045	3.36293436293436
6046	3.36293436293436
6047	3.34555984555984
6048	3.27413127413127
6049	3.27413127413127
6050	3.2027027027027
6051	3.18532818532819
6052	2.86486486486486
6053	2.9015444015444
6054	2.58494208494208
6055	1.97104247104247
6056	1.6949806949807
6057	1.27027027027027
6058	0.926640926640927
6059	0.700772200772201
