86	-0.138986013986014
87	-0.138986013986014
88	-0.119755244755245
89	-0.100524475524476
90	-0.119755244755245
255	-0.0865384615384617
256	-0.0673076923076923
257	-0.0673076923076923
258	-0.0288461538461542
259	0.0428321678321677
260	0.0236013986013988
261	0.0332167832167831
262	-0.0576923076923079
263	-0.0480769230769234
264	-0.0384615384615388
265	-0.138986013986014
266	0.0236013986013988
267	0.0760489510489513
268	0.219405594405594
269	0.161713286713287
270	0.180944055944056
271	0.128496503496503
272	0.138111888111888
273	0.0183566433566436
274	0.00874125874125875
275	0.0472027972027973
276	-0.0148601398601398
277	0.013986013986014
278	-0.0673076923076923
279	-0.0576923076923079
280	-0.0288461538461542
281	-0.0384615384615388
282	0.0524475524475523
283	0.133741258741259
284	0.133741258741259
285	0.104895104895105
286	0.224650349650349
287	0.195804195804196
288	0.0856643356643358
289	0.0375874125874127
290	-0.244755244755245
291	-0.23513986013986
292	-0.153846153846154
293	-0.0961538461538463
294	-0.115384615384615
295	-0.187062937062937
296	-0.0769230769230771
297	-0.0673076923076923
298	-0.0576923076923079
299	0.124125874125874
300	0.152972027972028
301	0.191433566433567
302	0.0288461538461536
303	-0.0236013986013986
309	0.0725524475524476
310	0.0821678321678321
311	0.0725524475524476
312	0.0821678321678321
313	0.0725524475524476
314	0.00524475524475532
315	0.0961538461538461
316	0.138986013986014
317	0.138986013986014
318	0.148601398601399
319	0.0480769230769229
320	0.0576923076923076
321	0.0961538461538461
322	-0.0139860139860141
323	0.0340909090909089
324	0.0533216783216782
325	0.120629370629371
326	0.13986013986014
455	0.197552447552447
456	0.187937062937063
457	0.168706293706294
458	0.130244755244755
459	0.211538461538461
460	0.211538461538461
461	0.201923076923077
462	0.211538461538461
463	0.120629370629371
464	0.0917832167832168
465	0.0821678321678321
466	0.0725524475524476
467	0.0821678321678321
468	0.0533216783216782
469	0.0437062937062936
473	0.0629370629370629
474	0.0340909090909089
475	0.00524475524475532
476	0.0244755244755244
478	0.0437062937062936
479	0.0533216783216782
480	0.0244755244755244
502	0.149475524475524
503	0.159090909090909
504	0.178321678321678
505	0.278846153846154
506	0.278846153846154
507	0.187937062937063
508	0.197552447552447
518	0.332167832167832
589	-0.254370629370629
590	-0.302447552447553
591	-0.221153846153846
592	-0.13986013986014
593	-0.101398601398601
594	-0.130244755244755
595	-0.178321678321678
596	-0.197552447552448
597	-0.197552447552448
598	-0.164335664335664
599	-0.193181818181818
600	-0.231643356643357
601	-0.241258741258741
602	-0.188811188811189
603	-0.0979020979020981
604	-0.136363636363636
605	-0.155594405594406
606	-0.236888111888112
607	-0.308566433566434
608	-0.38986013986014
609	-0.332167832167832
610	-0.322552447552448
611	-0.245629370629371
612	-0.197552447552448
613	-0.116258741258741
614	-0.0253496503496506
615	0.0655594405594404
616	0.0944055944055944
617	0.30506993006993
618	0.285839160839161
619	0.204545454545455
620	0.233391608391609
621	0.171328671328671
622	0.0804195804195802
623	0.061188811188811
624	0.0708041958041956
625	-0.0821678321678323
626	-0.0437062937062938
627	-0.0148601398601398
628	-0.134615384615385
629	-0.0533216783216783
630	-0.0340909090909092
631	-0.00524475524475521
632	-0.0244755244755244
633	-0.0629370629370629
634	-0.105769230769231
635	-0.0769230769230771
636	-0.0480769230769234
637	-0.0576923076923079
638	-0.0909090909090908
838	-0.11013986013986
839	-0.119755244755245
840	-0.119755244755245
841	-0.0909090909090908
842	-0.0192307692307694
843	-0.0096153846153848
844	-0.0288461538461542
845	0.243881118881119
846	0.263111888111888
847	0.272727272727273
848	0.172202797202797
849	0.243881118881119
850	0.162587412587413
851	0.152972027972028
852	0.0332167832167831
853	0.0332167832167831
854	0.00437062937062938
855	0.00437062937062938
856	0.013986013986014
857	0.11451048951049
858	0.104895104895105
859	0.143356643356643
860	0.133741258741259
861	0.143356643356643
862	0.0909090909090911
863	0.138986013986014
864	0.158216783216783
865	0.0480769230769229
866	0.201048951048951
867	0.22027972027972
868	0.210664335664336
869	0.191433566433567
870	0.181818181818182
871	0.11013986013986
872	0.11013986013986
873	0.167832167832168
910	-0.331293706293706
911	-0.350524475524475
912	-0.25
913	-0.207167832167832
914	-0.197552447552448
915	-0.135489510489511
916	-0.216783216783217
917	-0.255244755244755
918	-0.26486013986014
919	-0.26486013986014
920	-0.236013986013986
921	-0.278846153846154
922	-0.269230769230769
923	-0.269230769230769
924	-0.25
925	-0.230769230769231
926	-0.240384615384615
927	-0.192307692307693
928	-0.111013986013986
929	-0.149475524475524
930	-0.178321678321678
931	-0.130244755244755
932	-0.130244755244755
933	-0.101398601398601
934	-0.0917832167832169
935	0.0996503496503494
936	0.109265734265734
937	0.20979020979021
938	0.229020979020979
939	0.267482517482518
940	0.358391608391609
941	0.286713286713287
942	0.20541958041958
943	0.20541958041958
944	0.0428321678321677
945	-0.0576923076923079
946	-0.0769230769230771
947	-0.125
948	-0.115384615384615
949	-0.167832167832168
950	-0.148601398601399
1080	-0.215909090909091
1081	-0.206293706293706
1082	-0.196678321678322
1083	-0.167832167832168
1319	-0.283216783216783
1320	-0.312062937062937
1321	-0.292832167832168
1322	-0.340909090909091
1323	-0.340909090909091
1324	-0.36013986013986
1325	-0.388986013986014
1334	-0.475524475524476
1335	-0.48513986013986
1337	-0.375
1338	-0.336538461538462
1339	-0.326923076923077
1340	-0.298076923076923
1341	-0.159090909090909
1342	-0.211538461538462
1343	-0.101398601398601
1344	-0.048951048951049
1345	-0.149475524475524
1346	-0.149475524475524
1347	-0.111013986013986
1348	-0.0533216783216783
1349	-0.0725524475524475
1350	-0.00524475524475521
1351	-0.0340909090909092
1352	-0.134615384615385
1353	-0.206293706293706
1354	-0.215909090909091
1357	-0.263986013986014
1358	-0.23513986013986
1359	-0.215909090909091
1360	-0.206293706293706
1361	-0.196678321678322
1362	-0.196678321678322
1363	-0.206293706293706
1364	-0.177447552447553
1365	-0.187062937062937
1366	-0.0865384615384617
1367	0.0332167832167831
1368	0.172202797202797
1369	0.636363636363636
1370	0.44493006993007
1371	0.483391608391609
1372	0.483391608391609
1373	0.392482517482517
1374	0.411713286713287
1375	0.411713286713287
1376	0.392482517482517
1377	0.272727272727273
1378	0.282342657342657
1379	0.22027972027972
1380	0.167832167832168
1381	0.167832167832168
1382	0.167832167832168
1383	0.119755244755245
1384	-0.0192307692307694
1385	-0.0192307692307694
1386	-0.119755244755245
1387	-0.0909090909090908
1388	-0.119755244755245
1389	-0.0480769230769234
1390	-0.0192307692307694
1391	0.0192307692307693
1392	0.201048951048951
1393	0.148601398601399
1394	0.148601398601399
1395	0.229895104895105
1396	0.229895104895105
1397	0.191433566433567
1398	0.201048951048951
1399	0.172202797202797
1400	0.152972027972028
1401	0.152972027972028
1402	0.0524475524475523
1403	0.124125874125874
1404	0.013986013986014
1416	-0.0629370629370629
1417	0.0279720279720281
1418	0.0472027972027973
1419	0.0472027972027973
1420	0.0664335664335667
1421	0.0760489510489513
1422	0.0952797202797204
1423	0.11451048951049
1424	0.152972027972028
1425	0.0620629370629369
1426	0.0524475524475523
1427	0.0620629370629369
1428	-0.100524475524476
1429	-0.138986013986014
1430	-0.138986013986014
1479	-0.125
1480	-0.115384615384615
1489	-0.283216783216783
1490	-0.273601398601399
1491	-0.302447552447553
1492	-0.254370629370629
1493	-0.225524475524476
1494	-0.225524475524476
1495	-0.163461538461539
1496	-0.221153846153846
1497	-0.201923076923077
1498	-0.211538461538462
1499	-0.221153846153846
1500	-0.211538461538462
1501	-0.302447552447553
1502	-0.292832167832168
1503	-0.201923076923077
1504	-0.192307692307693
1707	0.0192307692307693
1708	0.0192307692307693
1709	0.119755244755245
1710	0.0384615384615383
1711	0.0384615384615383
1712	0.129370629370629
1713	0.138986013986014
1714	0.148601398601399
1715	0.0576923076923076
1716	-0.0236013986013986
1717	-0.0236013986013986
1718	-0.0332167832167832
1721	0.00524475524475532
1722	0.0961538461538461
1723	0.0769230769230768
1724	-0.00437062937062938
1725	-0.0236013986013986
1726	-0.0332167832167832
1727	-0.0428321678321679
1728	-0.0524475524475525
1729	0.0384615384615383
1730	0.0384615384615383
1731	0.00961538461538458
1732	0.0716783216783217
1733	-0.119755244755245
1734	-0.12937062937063
1735	-0.11013986013986
1736	-0.100524475524476
1737	-0.0909090909090908
1738	-0.0909090909090908
1741	-0.0332167832167832
1742	-0.0524475524475525
1956	-0.292832167832168
1957	-0.173076923076923
1958	-0.211538461538462
1959	-0.163461538461539
1960	-0.163461538461539
1961	-0.182692307692308
1962	-0.201923076923077
1963	-0.163461538461539
1964	-0.0533216783216783
1965	-0.115384615384615
1966	-0.0961538461538463
1967	-0.125
1968	-0.163461538461539
1969	-0.163461538461539
1970	-0.254370629370629
1971	-0.292832167832168
1972	-0.292832167832168
1973	-0.312062937062937
1974	-0.292832167832168
1975	-0.244755244755245
2160	0.105769230769231
2161	0.115384615384615
2162	0.125
2163	0.115384615384615
2164	0.0865384615384615
2165	-0.0139860139860141
2167	-0.0332167832167832
2168	0.0244755244755244
2169	-0.00437062937062938
2170	0.0340909090909089
2171	-0.0139860139860141
2172	-0.0428321678321679
2268	0.111013986013986
2288	-0.177447552447553
2289	-0.177447552447553
2290	-0.177447552447553
2291	-0.177447552447553
2423	-0.0812937062937062
2424	-0.0384615384615388
2425	-0.0384615384615388
2426	0.0716783216783217
2427	0.100524475524476
2428	0.0812937062937062
2429	0.0909090909090911
2430	0.0480769230769229
2431	0.0769230769230768
2432	0.167832167832168
2433	0.0576923076923076
2434	0.0384615384615383
2435	0.0673076923076922
2436	0.148601398601399
2437	0.22027972027972
2438	0.258741258741259
2439	0.249125874125874
2440	0.148601398601399
2441	0.177447552447553
2442	0.0384615384615383
2443	0.167832167832168
2444	0.129370629370629
2445	0.138986013986014
2446	0.138986013986014
2447	0.148601398601399
2448	0.22027972027972
2449	0.119755244755245
2450	-0.0096153846153848
2451	0.11013986013986
2452	0.11013986013986
2453	0.210664335664336
2454	0.229895104895105
2455	0.167832167832168
2456	0.23951048951049
2457	0.177447552447553
2458	0.177447552447553
2459	0.187062937062937
2460	0.125
2461	0.0437062937062936
2464	0.0148601398601398
2465	0.00524475524475532
2466	-0.0139860139860141
2467	-0.0332167832167832
2486	-0.11013986013986
2491	-0.196678321678322
2602	0.0917832167832168
2603	0.0821678321678321
2604	0.0821678321678321
2605	0.0917832167832168
2606	0.0821678321678321
2607	0.0821678321678321
2608	0.0821678321678321
2609	0.0821678321678321
2610	0.130244755244755
2611	0.13986013986014
2612	0.130244755244755
2613	0.230769230769231
2614	0.25
2615	0.259615384615384
2616	0.230769230769231
2617	0.240384615384615
2618	0.230769230769231
2619	0.130244755244755
2620	0.101398601398601
2627	-0.0620629370629372
2628	-0.0620629370629372
2629	-0.0428321678321679
2630	-0.0139860139860141
2632	0.0629370629370629
2635	0.0865384615384615
2636	0.0480769230769229
2644	0.0340909090909089
2645	0.0148601398601398
2646	-0.00437062937062938
2647	-0.0332167832167832
2648	-0.0332167832167832
2651	-0.0332167832167832
2652	-0.00437062937062938
2752	-0.0524475524475525
2755	-0.0236013986013986
2756	0.00524475524475532
2759	0.0340909090909089
2760	0.125
2761	0.263986013986014
2762	0.283216783216783
2763	0.292832167832168
2764	0.331293706293706
2765	0.302447552447553
2766	0.402972027972028
2767	0.393356643356644
2768	0.402972027972028
2769	0.230769230769231
2770	0.230769230769231
2771	0.221153846153846
2772	0.120629370629371
2773	0.101398601398601
2774	0.0533216783216782
2775	0.0533216783216782
2776	0.0244755244755244
2777	0.00524475524475532
2778	-0.0236013986013986
2779	0.0865384615384615
2780	0.105769230769231
2781	0.0865384615384615
2782	-0.0428321678321679
2783	-0.0524475524475525
2784	-0.0620629370629372
2785	-0.0524475524475525
2786	-0.0236013986013986
2787	0.0576923076923076
2927	0.216783216783217
2928	0.226398601398601
2929	0.236013986013986
2930	0.26486013986014
2931	0.26486013986014
2932	0.255244755244755
2933	0.26486013986014
3388	0.236013986013986
3391	0.226398601398601
3392	0.216783216783217
3393	0.26486013986014
3552	-0.138986013986014
3553	-0.0384615384615388
3554	-0.0384615384615388
3555	-0.0096153846153848
3556	-0.12937062937063
3557	-0.11013986013986
3558	-0.0620629370629372
3559	-0.0716783216783216
3560	-0.0620629370629372
3561	-0.0236013986013986
3562	0.00524475524475532
3574	-0.0812937062937062
3575	-0.0620629370629372
3579	-0.0524475524475525
3584	-0.00437062937062938
3585	-0.0236013986013986
3586	-0.0620629370629372
3587	-0.0236013986013986
3599	-0.187062937062937
3600	-0.196678321678322
3601	-0.206293706293706
3602	-0.206293706293706
3603	-0.187062937062937
3604	-0.244755244755245
3605	-0.0629370629370629
3606	-0.0725524475524475
3607	-0.173076923076923
3608	-0.173076923076923
3609	-0.173076923076923
3613	-0.263986013986014
3614	-0.225524475524476
3615	-0.225524475524476
3616	-0.225524475524476
3617	-0.23513986013986
3618	-0.215909090909091
4011	-0.0620629370629372
4012	-0.0620629370629372
4013	-0.0524475524475525
4014	-0.00437062937062938
4015	-0.0139860139860141
4016	-0.0332167832167832
4017	-0.0236013986013986
4018	-0.0524475524475525
4019	-0.0716783216783216
4117	-0.187062937062937
4118	-0.177447552447553
4119	-0.148601398601399
4120	-0.148601398601399
4121	-0.100524475524476
4122	-0.100524475524476
4123	-0.138986013986014
4124	-0.100524475524476
4125	-0.0384615384615388
4126	-0.0096153846153848
4127	-0.0096153846153848
4128	0.0480769230769229
4129	0.138986013986014
4130	0.167832167832168
4131	0.0769230769230768
4132	0.115384615384615
4133	0.105769230769231
4134	0.215909090909091
4135	0.206293706293706
4136	0.105769230769231
4137	0.0961538461538461
4138	0.0533216783216782
4139	0.0629370629370629
4140	0.0629370629370629
4141	0.153846153846154
4142	0.163461538461538
4143	0.163461538461538
4144	0.254370629370629
4145	0.225524475524476
4146	0.0533216783216782
4148	0.25
4149	0.259615384615384
4150	0.211538461538461
4151	0.111013986013986
4268	0.197552447552447
4269	0.207167832167832
4270	0.207167832167832
4271	0.197552447552447
4272	0.187937062937063
4273	0.178321678321678
4274	0.168706293706294
4275	0.187937062937063
4276	0.178321678321678
4286	0.197552447552447
4290	0.245629370629371
4291	0.255244755244755
4292	0.236013986013986
4293	0.226398601398601
4294	0.245629370629371
4316	0.0821678321678321
4317	0.0533216783216782
4318	0.0629370629370629
4320	0.215909090909091
4321	0.206293706293706
4322	0.125
4323	0.316433566433567
4324	0.306818181818182
4325	0.306818181818182
4326	0.206293706293706
4327	0.196678321678322
4328	0.225524475524476
4329	0.215909090909091
4330	0.105769230769231
4331	0.134615384615384
4332	0.134615384615384
4333	0.0769230769230768
4334	0.0480769230769229
4335	0.0576923076923076
4336	0.0480769230769229
4337	0.0384615384615383
4338	0.0673076923076922
4339	-0.0524475524475525
4340	0.0288461538461536
4341	0.0288461538461536
4342	0
4343	0.00961538461538458
4344	0.0716783216783217
4345	0.172202797202797
4346	0.253496503496503
4347	0.282342657342657
4348	0.249125874125874
4349	0.320804195804196
4350	0.354020979020979
4351	0.31555944055944
4352	0.143356643356643
4353	0.172202797202797
4354	0.354020979020979
4355	0.31555944055944
4356	0.0524475524475523
4357	0.0428321678321677
4358	0.11451048951049
4359	-0.0576923076923079
4360	0.0428321678321677
4361	0.0428321678321677
4362	-0.0576923076923079
4363	-0.0673076923076923
4364	-0.0576923076923079
4365	-0.0576923076923079
4366	-0.0865384615384617
4367	-0.105769230769231
4368	-0.206293706293706
4369	-0.119755244755245
4370	-0.138986013986014
4371	-0.0673076923076923
4372	-0.0769230769230771
4373	0.0332167832167831
4374	-0.0148601398601398
4375	-0.0148601398601398
4376	-0.0865384615384617
4377	0.00437062937062938
4378	0.20541958041958
4379	0.20541958041958
4380	0.124125874125874
4381	0.013986013986014
4382	-0.0576923076923079
4383	-0.0769230769230771
4384	-0.115384615384615
4385	-0.215909090909091
4386	-0.177447552447553
4387	-0.138986013986014
4388	-0.0576923076923079
4389	-0.0480769230769234
4391	-0.0192307692307694
4392	-0.0096153846153848
4393	-0.0192307692307694
4394	-0.0812937062937062
4395	-0.0620629370629372
4396	-0.0812937062937062
4397	-0.11013986013986
4398	0.00961538461538458
4399	0.0384615384615383
4400	0.0192307692307693
4401	0.0288461538461536
4402	0.0576923076923076
4403	0.196678321678322
4404	0.225524475524476
4405	0.244755244755245
4406	0.45541958041958
4407	0.374125874125874
4408	0.393356643356644
4409	0.263986013986014
4410	0.321678321678322
4411	0.441433566433567
4412	0.441433566433567
4413	0.302447552447553
4414	0.101398601398601
4415	0.182692307692308
4416	0.192307692307692
4417	0.211538461538461
4418	0.173076923076923
4419	0.182692307692308
4420	0.201923076923077
4421	0.25
4422	0.259615384615384
4423	0.25
4424	0.130244755244755
4425	0.130244755244755
4426	0.192307692307692
4427	0.130244755244755
4428	0.0821678321678321
4429	0.0725524475524476
4430	0.0437062937062936
4431	-0.00437062937062938
4490	0.0437062937062936
4491	0.0533216783216782
4492	0.0725524475524476
4494	0.134615384615384
4495	0.153846153846154
4496	0.163461538461538
4497	0.244755244755245
4498	0.182692307692308
4499	0.173076923076923
4500	0.201923076923077
4501	0.182692307692308
4502	0.144230769230769
4503	0.134615384615384
4504	0.134615384615384
4505	0.192307692307692
4506	0.192307692307692
4507	0.0917832167832168
4508	0.173076923076923
4509	0.0725524475524476
4510	0.0725524475524476
4511	0.0821678321678321
4512	-0.00437062937062938
4513	-0.0428321678321679
4514	-0.0620629370629372
4515	-0.0909090909090908
4516	-0.100524475524476
4517	-0.100524475524476
4518	-0.148601398601399
4519	-0.167832167832168
4576	-0.283216783216783
4577	-0.292832167832168
4578	-0.283216783216783
4579	-0.221153846153846
4580	-0.221153846153846
4581	-0.192307692307693
4582	-0.0725524475524475
4583	-0.0533216783216783
4584	-0.105769230769231
4585	-0.125
4586	-0.225524475524476
4587	-0.0340909090909092
4588	-0.0437062937062938
4589	-0.0821678321678323
4590	-0.0821678321678323
4591	0.0472027972027973
4592	0.0375874125874127
4593	0.00437062937062938
4594	-0.148601398601399
4595	-0.0288461538461542
4596	-0.0288461538461542
4597	-0.0384615384615388
4598	-0.0384615384615388
4599	-0.0576923076923079
4600	-0.0192307692307694
4601	-0.0288461538461542
4602	-0.0288461538461542
4603	-0.138986013986014
4604	-0.167832167832168
4605	-0.158216783216783
4606	-0.206293706293706
4655	-0.11013986013986
4715	-0.23513986013986
4716	-0.244755244755245
4717	-0.225524475524476
4718	-0.225524475524476
4719	-0.196678321678322
4720	-0.167832167832168
4721	-0.158216783216783
4722	-0.187062937062937
4723	-0.158216783216783
4724	-0.138986013986014
4725	-0.0288461538461542
4726	-0.0480769230769234
4727	0.0428321678321677
4728	0.143356643356643
4729	0.133741258741259
4730	0.11451048951049
4731	0.11451048951049
4732	0.20541958041958
4733	0.253496503496503
4734	0.363636363636364
4735	0.392482517482517
4736	0.373251748251748
4737	0.406468531468532
4738	0.406468531468532
4739	0.46416083916084
4740	0.411713286713287
4741	0.301573426573426
4742	0.311188811188811
4743	0.382867132867133
4744	0.373251748251748
4745	0.373251748251748
4746	0.291958041958042
4747	0.0524475524475523
4748	-0.138986013986014
4760	-0.302447552447553
4931	-0.0769230769230771
4932	-0.0288461538461542
4933	-0.0961538461538463
4934	-0.0340909090909092
4935	-0.0865384615384617
4936	-0.0961538461538463
4937	-0.0961538461538463
4938	-0.125
4939	-0.134615384615385
4940	-0.163461538461539
4941	-0.163461538461539
4942	-0.182692307692308
4943	-0.182692307692308
4944	-0.173076923076923
4945	-0.144230769230769
4946	0.0183566433566436
4947	0.0183566433566436
4948	0.0472027972027973
4949	0.147727272727272
4950	0.104895104895105
4951	0.0568181818181819
4952	0.0664335664335667
4953	-0.000874125874125831
4954	0.0900349650349648
4955	0.0804195804195802
4956	0.0900349650349648
4957	0.20979020979021
4958	0.329545454545455
4959	0.329545454545455
4960	0.271853146853147
4961	0.281468531468532
4962	0.171328671328671
4963	0.161713286713287
4964	-0.0821678321678323
4965	0.0279720279720281
4966	0.0375874125874127
4967	-0.173076923076923
4968	-0.192307692307693
4969	-0.125
4970	-0.177447552447553
4971	-0.187062937062937
4972	-0.225524475524476
4973	-0.244755244755245
4974	-0.244755244755245
4975	-0.244755244755245
4976	-0.244755244755245
4977	-0.263986013986014
4978	-0.283216783216783
4979	-0.263986013986014
5063	-0.292832167832168
5064	-0.331293706293706
5065	-0.37937062937063
5066	-0.446678321678322
5067	-0.427447552447553
5068	-0.398601398601399
5069	-0.398601398601399
5070	-0.417832167832168
5073	-0.461538461538462
5074	-0.451923076923077
5075	-0.461538461538462
5076	-0.471153846153846
5077	-0.490384615384616
5078	-0.490384615384616
5079	-0.538461538461539
5080	-0.538461538461539
5081	-0.557692307692308
5082	-0.605769230769231
5083	-0.625
5084	-0.644230769230769
5085	-0.754370629370629
5086	-0.754370629370629
5087	-0.715909090909091
5088	-0.553321678321678
5089	-0.433566433566434
5090	-0.414335664335664
5091	-0.375874125874126
5092	-0.356643356643356
5093	-0.337412587412587
5094	-0.250874125874126
5095	-0.212412587412587
5096	-0.173951048951049
5097	-0.193181818181818
5296	-0.850524475524476
5297	-0.908216783216783
5298	-0.87937062937063
5299	-0.908216783216783
5308	-1.03321678321678
5309	-1.03321678321678
5310	-1.08129370629371
5311	-1.13898601398601
5312	-1.23513986013986
5316	-1.22115384615385
5317	-1.08216783216783
5318	-0.900349650349651
5319	-0.958041958041958
5320	-0.958041958041958
5321	-0.876748251748252
5322	-0.91520979020979
5323	-0.905594405594406
5324	-0.867132867132867
5325	-0.756993006993007
5326	-0.795454545454545
5327	-0.948426573426574
5328	-0.909965034965035
5329	-0.813811188811189
5330	-0.804195804195805
5331	-1.05769230769231
5332	-1.12937062937063
5333	-0.961538461538461
5334	-0.923076923076923
5335	-0.741258741258741
5336	-0.650349650349651
5337	-0.549825174825175
5338	-0.410839160839161
5339	-0.420454545454545
5340	-0.449300699300699
5341	-0.530594405594406
5342	-0.592657342657343
5343	-0.324300699300699
5344	-0.395979020979021
5345	-0.314685314685315
5346	-0.247377622377622
5347	-0.18006993006993
5348	-0.0935314685314681
5349	-0.0935314685314681
5350	0.0166083916083917
5351	0.0646853146853146
5352	-0.0979020979020981
5353	-0.188811188811189
5354	-0.399475524475525
5355	-0.270104895104895
5356	-0.241258741258741
5357	-0.341783216783217
5358	-0.289335664335664
5359	-0.289335664335664
5360	-0.117132867132867
5361	-0.126748251748252
5362	-0.155594405594406
5363	-0.155594405594406
5364	-0.0935314685314681
5365	-0.131993006993007
5366	-0.0603146853146854
5367	-0.0795454545454546
5368	-0.0987762237762237
5369	-0.237762237762237
5370	-0.156468531468532
5371	-0.357517482517483
5372	-0.367132867132867
5373	-0.467657342657343
5374	-0.558566433566434
5375	-0.577797202797203
5376	-0.52972027972028
5377	-0.500874125874126
5378	-0.52972027972028
5379	-0.798076923076923
5380	-0.836538461538462
5381	-0.937062937062937
5382	-0.913461538461539
5383	-0.87062937062937
5384	-0.818181818181818
5385	-0.837412587412588
5386	-0.957167832167832
5387	-0.90472027972028
5388	-0.88548951048951
5389	-0.703671328671329
5390	-0.55506993006993
5391	-0.5743006993007
5392	-0.603146853146853
5393	-0.622377622377623
5394	-0.732517482517483
5395	-0.694055944055945
5396	-0.866258741258741
5397	-0.875874125874126
5398	-0.847027972027973
5399	-0.827797202797203
5400	-0.880244755244755
5401	-0.779720279720279
5402	-0.87062937062937
5403	-0.861013986013986
5404	-0.808566433566434
5405	-0.808566433566434
5406	-0.909090909090909
5407	-0.88986013986014
5408	-0.880244755244755
5409	-0.880244755244755
5410	-0.947552447552448
5411	-1.00524475524476
5412	-0.962412587412588
5413	-0.972027972027972
5414	-0.842657342657343
5415	-0.713286713286714
5416	-0.612762237762237
5417	-0.583916083916084
5418	-0.636363636363636
5419	-0.688811188811189
5420	-0.770104895104895
5421	-0.770104895104895
5422	-0.760489510489511
5423	-0.851398601398602
5424	-0.688811188811189
5425	-0.88986013986014
5426	-1.02884615384615
5427	-1.09090909090909
5428	-1.08129370629371
5429	-1.0236013986014
5430	-0.937062937062937
5431	-0.956293706293706
5432	-1.00437062937063
5433	-1.06206293706294
5434	-1.05244755244755
5435	-1.08129370629371
5436	-1.08129370629371
5499	-0.442307692307693
5500	-0.322552447552448
5501	-0.403846153846154
5502	-0.403846153846154
5503	-0.384615384615385
5504	-0.346153846153846
5505	-0.398601398601399
5506	-0.37937062937063
5507	-0.398601398601399
5508	-0.307692307692308
5509	-0.274475524475525
5510	-0.255244755244755
5511	-0.355769230769231
5512	-0.326923076923077
5513	-0.0734265734265735
5514	-0.135489510489511
5515	-0.116258741258741
5516	-0.0970279720279721
5517	-0.125874125874126
5518	-0.145104895104895
5519	-0.0349650349650352
5520	-0.0157342657342661
5521	0.132867132867133
5522	0.113636363636364
5523	-0.00611888111888148
5524	-0.00611888111888148
5525	-0.164335664335664
5526	-0.241258741258741
5527	-0.202797202797203
5528	-0.231643356643357
5529	-0.241258741258741
5530	-0.150349650349651
5531	-0.27972027972028
5532	-0.0935314685314681
5533	-0.112762237762238
5534	-0.261363636363636
5535	-0.371503496503497
5536	-0.352272727272728
5537	-0.261363636363636
5538	-0.29020979020979
5539	-0.309440559440559
5540	-0.386363636363637
5541	-0.405594405594406
5542	-0.472902097902098
5543	-0.444055944055944
5544	-0.563811188811189
5545	-0.616258741258741
5546	-0.625874125874126
5547	-0.563811188811189
5548	-0.602272727272727
5549	-0.913461538461539
5550	-0.951923076923077
5551	-1.01923076923077
5552	-0.976398601398601
5553	-0.947552447552448
5554	-0.928321678321679
5555	-1.02884615384615
5556	-1.06730769230769
5557	-1.19667832167832
5558	-1.10576923076923
5559	-1.10576923076923
5560	-1.15384615384615
5561	-1.10576923076923
5562	-1.06730769230769
5563	-0.957167832167832
5564	-0.928321678321679
5565	-0.947552447552448
5566	-1.03846153846154
5567	-1.03846153846154
5618	-0.888986013986014
5619	-0.898601398601399
5620	-0.888986013986014
5621	-0.798076923076923
5622	-0.687937062937063
5623	-0.678321678321679
5624	-0.606643356643357
5625	-0.568181818181818
5626	-0.534965034965035
5627	-0.463286713286713
5628	-0.511363636363636
5629	-0.563811188811189
5630	-0.353146853146853
5631	-0.357517482517483
5632	-0.127622377622377
5633	-0.175699300699301
5634	-0.271853146853147
5635	-0.180944055944056
5636	-0.152097902097902
5637	-0.104020979020979
5638	0.00611888111888104
5639	0.0777972027972027
5640	0.0874125874125873
5641	0.173951048951049
5642	0.116258741258741
5643	0.236013986013986
5644	0.216783216783217
5645	0.216783216783217
5646	0.197552447552447
5647	0.034965034965035
5648	0.13548951048951
5649	0.13548951048951
5650	0.183566433566434
5651	0.216783216783217
5652	0.216783216783217
5653	0.178321678321678
5654	0.00611888111888104
5655	0.0445804195804196
5656	0.034965034965035
5657	-0.0655594405594409
5658	-0.118006993006993
5659	-0.127622377622377
5660	-0.338286713286714
5661	-0.237762237762237
5662	-0.160839160839161
5663	-0.222902097902098
5664	-0.194055944055944
5665	-0.194055944055944
5666	-0.366258741258741
5667	-0.385489510489511
5668	-0.567307692307693
5669	-0.557692307692308
5670	-0.399475524475525
5671	-0.461538461538462
5672	-0.471153846153846
5673	-0.471153846153846
5674	-0.562062937062937
5708	-1.06206293706294
5709	-1.07167832167832
5710	-1.07167832167832
5711	-1.05244755244755
5712	-1.00437062937063
5713	-0.98513986013986
5714	-0.884615384615385
5715	-0.884615384615385
5716	-0.909090909090909
5717	-0.899475524475525
5718	-0.937937062937064
5719	-0.976398601398601
5720	-1.04370629370629
5721	-1.10576923076923
5722	-1.06293706293706
5723	-1.08216783216783
5724	-1.09178321678322
5725	-1.09178321678322
5726	-1.1013986013986
5727	-1.0201048951049
5728	-0.972027972027972
5729	-0.952797202797202
5730	-0.861888111888112
5731	-0.976398601398601
5732	-0.727272727272727
5733	-1.04807692307692
5734	-0.957167832167832
5735	-1.06730769230769
5736	-0.928321678321679
5737	-0.837412587412588
5738	-0.818181818181818
5739	-0.736888111888112
5740	-0.708041958041958
5741	-0.717657342657343
5742	-0.827797202797203
5743	-0.808566433566434
5744	-0.832167832167832
5745	-0.712412587412587
5746	-0.592657342657343
5747	-0.583041958041959
5748	-0.640734265734266
5749	-0.621503496503497
5750	-0.673951048951049
5751	-0.683566433566434
5752	-0.707167832167832
5753	-0.63548951048951
5754	-0.616258741258741
5755	-0.520104895104895
5756	-0.472027972027972
5757	-0.481643356643356
5758	-0.543706293706294
5759	-0.534090909090909
5760	-0.51486013986014
5761	-0.466783216783217
5762	-0.27534965034965
5763	-0.375874125874126
5764	-0.265734265734266
5765	-0.198426573426574
5766	-0.217657342657343
5767	-0.304195804195804
5768	-0.505244755244755
5769	-0.466783216783217
5770	-0.567307692307693
5771	-0.557692307692308
5772	-0.557692307692308
5773	-0.61013986013986
5774	-0.538461538461539
5775	-0.523601398601399
5776	-0.513986013986014
5777	-0.375
5778	-0.355769230769231
5779	-0.245629370629371
5780	-0.15472027972028
5781	-0.00174825174825188
5782	-0.102272727272728
5783	-0.0305944055944056
5784	0.0367132867132867
5785	0.046328671328671
5786	0.0174825174825175
5787	0.00786713286713292
5788	0.046328671328671
5789	0.166083916083916
5790	0.247377622377622
5791	0.218531468531469
5792	0.237762237762238
5793	0.237762237762238
5794	0.228146853146853
5795	0.228146853146853
5796	0.299825174825175
5797	0.270979020979021
5798	0.108391608391609
5799	0.118006993006993
5800	0.0699300699300702
5801	0.0795454545454548
5802	0.00786713286713292
5803	0.0655594405594404
5804	0.146853146853147
5805	0.189685314685315
5806	0.228146853146853
5807	0.18006993006993
5808	0.0795454545454548
5809	0.0506993006993011
5810	0.0795454545454548
5811	0.160839160839161
5812	0.199300699300699
5813	0.127622377622378
5814	0.146853146853147
5815	0.00786713286713292
5816	-0.0830419580419581
5817	-0.226398601398602
5818	-0.26486013986014
5819	-0.365384615384616
5820	-0.365384615384616
5821	-0.394230769230769
5822	-0.394230769230769
5823	-0.423076923076923
5824	-0.423076923076923
5825	-0.50437062937063
5826	-0.494755244755245
5827	-0.494755244755245
5828	-0.50437062937063
5829	-0.494755244755245
5830	-0.513986013986014
5831	-0.542832167832168
5832	-0.552447552447553
5833	-0.50437062937063
5834	-0.533216783216783
5835	-0.432692307692308
5836	-0.50437062937063
5837	-0.370629370629371
5838	-0.380244755244755
5839	-0.308566433566434
5840	-0.380244755244755
5841	-0.413461538461539
5842	-0.542832167832168
5843	-0.403846153846154
5844	-0.442307692307693
5845	-0.351398601398601
5846	-0.451923076923077
5847	-0.451923076923077
5848	-0.490384615384616
5849	-0.5
5850	-0.5
5851	-0.442307692307693
5852	-0.432692307692308
5853	-0.513986013986014
5854	-0.437062937062937
5855	-0.398601398601399
5856	-0.37937062937063
5857	-0.331293706293706
5858	-0.283216783216783
5859	-0.196678321678322
6018	0.960664335664336
6019	1.96853146853147
6020	1.9729020979021
6021	3.54370629370629
6022	4.45891608391609
6023	6.19230769230769
6024	6.4020979020979
6025	6.43531468531469
6026	6.38723776223776
6027	6.57867132867133
6028	6.64073426573427
6029	6.57342657342657
6030	6.57342657342657
6031	6.57342657342657
6032	6.57342657342657
6033	6.60227272727273
6034	6.6215034965035
6035	6.63111888111888
6036	6.64073426573427
6037	6.65996503496504
6038	6.65996503496504
6039	6.67919580419581
6040	6.69842657342657
6041	6.69842657342657
6042	6.72727272727273
6043	6.72727272727273
6044	6.72727272727273
6045	6.72727272727273
6046	6.75611888111888
6047	6.78496503496504
6048	6.78496503496504
6049	6.78496503496504
6050	6.79458041958042
6051	6.81381118881119
6052	6.82867132867133
6053	6.80506993006993
6054	5.4965034965035
6055	4.5270979020979
6056	4.5708041958042
6057	3.03846153846154
6058	2.06118881118881
