28	0.227799227799228
29	0.227799227799228
30	0.227799227799228
31	0.227799227799228
32	0.299227799227799
33	0.299227799227799
34	0.299227799227799
35	0.343629343629344
36	0.28957528957529
37	0.316602316602317
38	0.316602316602317
39	0.28957528957529
40	0.415057915057915
41	0.567567567567568
42	0.567567567567568
43	0.764478764478764
44	0.737451737451737
45	0.693050193050193
46	0.737451737451737
47	0.88030888030888
48	0.978764478764479
49	0.951737451737452
50	0.88030888030888
51	0.907335907335907
52	0.907335907335907
53	1.05984555984556
54	1.05984555984556
55	1.1042471042471
56	1.1042471042471
57	1.1042471042471
58	1.03281853281853
59	1.07722007722008
60	1.07722007722008
61	1.09459459459459
62	1.09459459459459
63	1.08494208494209
64	1.04054054054054
65	1.04054054054054
66	1.04054054054054
67	1.08494208494209
68	1.08494208494209
69	1.12934362934363
70	1.07528957528958
71	1.04826254826255
72	1.14671814671815
73	1.21814671814672
74	1.22779922779923
75	1.37065637065637
76	1.37065637065637
77	1.2007722007722
78	1.14671814671815
79	0.94980694980695
80	0.94980694980695
81	0.94980694980695
82	0.976833976833977
83	0.878378378378378
84	0.878378378378378
85	0.806949806949807
86	0.932432432432432
87	0.833976833976834
88	0.77992277992278
89	0.77992277992278
90	0.77992277992278
91	0.735521235521236
92	0.708494208494209
93	0.752895752895753
94	0.752895752895753
95	0.708494208494209
96	0.637065637065637
97	0.61969111969112
98	0.565637065637066
99	0.61969111969112
100	0.592664092664093
101	0.664092664092664
102	0.735521235521236
103	0.664092664092664
104	0.565637065637066
105	0.521235521235521
106	0.575289575289575
107	0.575289575289575
108	0.530888030888031
109	0.388030888030888
110	0.28957528957529
111	0.28957528957529
112	0.28957528957529
113	0.361003861003861
114	0.486486486486487
115	0.611969111969112
116	0.71042471042471
117	0.781853281853282
118	0.781853281853282
119	0.951737451737452
120	0.826254826254826
121	0.826254826254826
122	0.754826254826255
123	0.781853281853282
124	0.835907335907336
125	0.764478764478764
126	0.764478764478764
127	0.764478764478764
128	0.791505791505791
129	0.818532818532818
130	0.961389961389961
131	0.961389961389961
132	0.961389961389961
133	1.03281853281853
134	1.08687258687259
135	1.08687258687259
137	1.08687258687259
138	0.988416988416988
139	1.15830115830116
163	1.51544401544402
164	1.58687258687259
165	1.58687258687259
166	1.58687258687259
167	1.58687258687259
168	1.55984555984556
169	1.48841698841699
170	1.41698841698842
171	1.48841698841699
172	1.34555984555985
177	1.72972972972973
178	1.74710424710425
179	1.64864864864865
180	1.69305019305019
181	1.66602316602317
182	1.68339768339768
183	1.65637065637066
184	1.65637065637066
185	1.72779922779923
186	1.6023166023166
187	1.7007722007722
188	1.503861003861
189	1.53088803088803
190	1.7007722007722
191	1.77220077220077
192	1.67374517374517
193	1.6023166023166
194	1.64671814671815
195	1.71814671814672
196	1.59266409266409
197	1.37837837837838
198	1.44980694980695
199	1.37837837837838
200	1.35135135135135
201	1.22586872586873
202	1.12741312741313
203	1.1988416988417
204	1.27027027027027
205	1.21621621621622
206	1.28764478764479
207	1.28764478764479
208	1.35907335907336
209	1.4034749034749
210	1.32239382239382
211	1.42084942084942
212	1.20656370656371
213	1.06370656370656
214	1.04633204633205
215	1.14478764478764
216	1.02895752895753
217	1.1988416988417
218	1.25289575289575
219	1.20849420849421
220	1.32432432432432
221	1.25289575289575
222	1.30694980694981
223	1.27992277992278
224	1.33397683397683
225	1.28957528957529
226	1.14671814671815
227	1.14671814671815
228	1.24517374517375
229	1.21814671814672
230	1.41505791505791
231	1.34362934362934
232	1.34362934362934
233	1.34362934362934
234	1.27220077220077
235	1.15637065637066
236	1.08494208494209
237	1.13899613899614
238	1.13899613899614
239	1.06756756756757
240	0.969111969111969
241	1.04054054054054
242	0.969111969111969
243	0.897683397683398
244	0.826254826254826
245	0.853281853281853
246	0.907335907335907
247	0.808880308880309
248	0.924710424710425
249	0.996138996138996
250	0.996138996138996
251	0.996138996138996
252	0.996138996138996
253	0.853281853281853
254	0.727799227799228
255	0.727799227799228
256	0.611969111969112
257	0.584942084942085
258	0.656370656370656
259	0.584942084942085
260	0.557915057915058
261	0.602316602316602
262	0.575289575289575
263	0.476833976833977
264	0.378378378378378
265	0.61969111969112
266	0.405405405405405
267	0.378378378378378
268	0.432432432432432
269	0.432432432432432
270	0.432432432432432
271	0.432432432432432
272	0.530888030888031
273	0.602316602316602
274	0.530888030888031
275	0.530888030888031
276	0.584942084942085
277	0.567567567567568
278	0.567567567567568
279	0.540540540540541
280	0.540540540540541
281	0.469111969111969
282	0.424710424710425
283	0.38030888030888
319	0.444015444015444
320	0.444015444015444
321	0.515444015444016
322	0.444015444015444
325	0.444015444015444
328	0.416988416988417
329	0.362934362934363
330	0.335907335907336
336	0.227799227799228
338	0.146718146718147
339	0.28957528957529
340	0.361003861003861
341	0.415057915057915
342	0.415057915057915
343	0.343629343629344
344	0.218146718146718
345	0.218146718146718
346	0.191119691119691
347	0.11969111969112
348	0.11969111969112
349	0.272200772200772
350	0.200772200772201
351	0.173745173745174
352	0.173745173745174
353	0.191119691119691
354	0.262548262548263
355	0.191119691119691
356	0.191119691119691
357	0.11969111969112
358	0.146718146718147
359	0.146718146718147
360	0.146718146718147
361	0.245173745173745
362	0.218146718146718
363	0.218146718146718
364	0.146718146718147
365	0.272200772200772
366	0.326254826254826
367	0.353281853281853
368	0.451737451737452
369	0.621621621621622
370	0.621621621621622
371	0.693050193050193
372	0.907335907335907
373	1.00579150579151
374	1.03281853281853
375	0.88996138996139
376	0.916988416988417
377	0.988416988416988
378	0.916988416988417
379	0.88996138996139
380	0.988416988416988
381	1.01544401544402
384	1.15830115830116
385	1.08687258687259
387	1.22972972972973
388	1.17567567567568
389	1.22972972972973
390	1.22972972972973
391	1.44401544401544
392	1.51544401544402
393	1.55984555984556
394	1.55984555984556
395	1.6042471042471
396	1.6042471042471
397	1.6042471042471
398	1.6042471042471
399	1.6042471042471
400	1.55019305019305
401	1.55019305019305
402	1.55019305019305
403	1.62162162162162
404	1.52316602316602
405	1.52316602316602
406	1.496138996139
407	1.42471042471042
408	1.21042471042471
409	1.15637065637066
410	1.08494208494209
411	1.05791505791506
412	1.05791505791506
413	1.05791505791506
414	1.05791505791506
415	1.08494208494209
416	1.08494208494209
417	1.15637065637066
418	1.01351351351351
419	1.08494208494209
420	1.11196911196911
421	1.18339768339768
422	1.12934362934363
423	1.11196911196911
424	1.23745173745174
425	1.23745173745174
426	1.16602316602317
427	0.924710424710425
428	0.853281853281853
429	0.88030888030888
430	0.88030888030888
431	0.907335907335907
432	0.88030888030888
433	0.808880308880309
434	0.835907335907336
435	0.907335907335907
436	0.961389961389961
437	0.961389961389961
438	1.1042471042471
439	1.00579150579151
440	1.07722007722008
441	0.907335907335907
442	1.05019305019305
443	1.12162162162162
444	1.05019305019305
445	1.03281853281853
446	1.1042471042471
447	1.48841698841699
448	1.46138996138996
449	1.40733590733591
450	1.47876447876448
451	1.55019305019305
452	1.69305019305019
453	1.69305019305019
454	1.76447876447876
455	1.73745173745174
456	1.90733590733591
457	1.83590733590734
458	1.96138996138996
459	1.96138996138996
460	1.86293436293436
461	1.90733590733591
462	1.97876447876448
463	2.07722007722008
464	2.22007722007722
465	2.22007722007722
466	2.26447876447876
467	2.26447876447876
468	2.30888030888031
469	2.30888030888031
470	2.38030888030888
471	2.33590733590734
472	2.36293436293436
473	2.36293436293436
474	2.29150579150579
475	2.29150579150579
476	2.16602316602317
477	2.16602316602317
478	2.05019305019305
479	2.02316602316602
480	2.23745173745174
481	2.23745173745174
482	2.23745173745174
483	1.92471042471042
484	1.88030888030888
485	1.86293436293436
486	1.79150579150579
487	1.72007722007722
488	1.57722007722008
489	1.50579150579151
490	1.43436293436293
491	1.38996138996139
492	1.24710424710425
493	1.24710424710425
494	1.17567567567568
495	1.07722007722008
496	1.1042471042471
497	0.988416988416988
498	0.916988416988417
499	0.845559845559845
500	0.702702702702703
501	0.631274131274131
502	0.658301158301158
503	0.658301158301158
529	0.845559845559845
530	0.845559845559845
531	0.944015444015444
532	0.944015444015444
533	0.916988416988417
534	0.88996138996139
535	0.88996138996139
536	1.03281853281853
537	1.03281853281853
538	1.03281853281853
539	1.03281853281853
540	0.961389961389961
541	0.934362934362934
542	0.951737451737452
543	0.951737451737452
544	0.951737451737452
545	0.951737451737452
546	0.88030888030888
547	0.853281853281853
548	0.853281853281853
549	1.04054054054054
550	1.13899613899614
551	1.21042471042471
552	1.28185328185328
553	1.11196911196911
554	1.11196911196911
555	1.18339768339768
556	1.06756756756757
557	1.21042471042471
558	1.30888030888031
559	1.33590733590734
560	1.43436293436293
561	1.38030888030888
562	1.28185328185328
563	1.35328185328185
564	1.38030888030888
565	1.57722007722008
566	1.59459459459459
567	1.61196911196911
568	1.72779922779923
569	1.75482625482625
570	1.74517374517375
571	1.70849420849421
572	1.58301158301158
573	1.65444015444015
574	1.65444015444015
575	1.52895752895753
576	1.71621621621622
577	1.76061776061776
578	1.74324324324324
579	1.78764478764479
580	1.85907335907336
581	1.85907335907336
582	1.9034749034749
583	2.09073359073359
584	2.20656370656371
585	1.94787644787645
586	2.09073359073359
587	2.10810810810811
588	2.03667953667954
589	1.96525096525097
590	1.96525096525097
591	1.89382239382239
592	1.86679536679537
593	1.81274131274131
594	1.81274131274131
595	1.74131274131274
596	1.74131274131274
597	1.72393822393822
598	2.03667953667954
599	1.96525096525097
600	1.93822393822394
601	1.7953667953668
602	1.84942084942085
603	1.73359073359073
604	1.61776061776062
605	1.48262548262548
606	1.51930501930502
607	1.52895752895753
608	1.55598455598456
609	1.55598455598456
610	1.5019305019305
611	1.62741312741313
612	1.45752895752896
613	1.44015444015444
614	1.41312741312741
615	1.34169884169884
616	1.44015444015444
617	1.51158301158301
618	1.44015444015444
619	1.32432432432432
620	1.35135135135135
621	1.44015444015444
622	1.24324324324324
623	1.2972972972973
624	1.36872586872587
625	1.3957528957529
626	1.2972972972973
627	1.27027027027027
628	1.27027027027027
629	1.34169884169884
630	1.34169884169884
631	1.34169884169884
632	1.24324324324324
633	1.35907335907336
634	1.14478764478764
635	1.18918918918919
636	1.21621621621622
637	1.23359073359073
638	1.23359073359073
639	1.23359073359073
640	1.34942084942085
641	1.6003861003861
642	1.67181467181467
643	1.77027027027027
644	1.77027027027027
645	1.67181467181467
646	1.72586872586873
647	1.65444015444015
648	1.85135135135135
649	1.85135135135135
650	1.87837837837838
651	1.90540540540541
652	1.63706563706564
653	1.53861003861004
654	1.56563706563707
655	1.66409266409266
656	1.46718146718147
657	1.3957528957529
658	1.44980694980695
659	1.47683397683398
660	1.40540540540541
661	1.54826254826255
662	1.61969111969112
663	1.64671814671815
664	1.67374517374517
665	1.58494208494209
666	1.58494208494209
667	1.58494208494209
668	1.8976833976834
669	1.82625482625483
670	1.75482625482625
671	1.75482625482625
672	1.75482625482625
673	1.73745173745174
674	1.66602316602317
675	1.69305019305019
676	1.57722007722008
677	1.6042471042471
678	1.496138996139
679	1.42471042471042
680	1.38030888030888
681	1.45173745173745
682	1.35328185328185
683	1.42471042471042
684	1.11196911196911
685	1.18339768339768
686	1.18339768339768
687	1.22779922779923
688	1.28185328185328
689	1.28185328185328
690	1.25482625482626
691	1.11196911196911
692	1.13899613899614
693	1.09459459459459
694	1.02316602316602
695	0.88030888030888
696	0.996138996138996
697	0.826254826254826
698	0.781853281853282
699	0.727799227799228
700	0.700772200772201
701	0.629343629343629
702	0.557915057915058
703	0.629343629343629
704	0.388030888030888
705	0.388030888030888
706	0.361003861003861
707	0.503861003861004
708	0.575289575289575
709	0.575289575289575
710	0.664092664092664
711	0.637065637065637
712	0.708494208494209
713	0.654440154440154
714	0.735521235521236
715	0.77992277992278
716	0.824324324324324
717	0.851351351351351
718	0.94980694980695
719	0.94980694980695
720	0.976833976833977
721	0.905405405405405
722	0.976833976833977
723	1.003861003861
724	0.976833976833977
725	1.003861003861
726	1.1023166023166
727	1.1023166023166
728	1.12934362934363
729	1.1023166023166
730	1.07528957528958
731	1.02123552123552
732	0.878378378378378
733	0.878378378378378
734	0.851351351351351
735	0.878378378378378
736	0.905405405405405
737	0.94980694980695
738	0.922779922779923
739	0.868725868725869
740	0.967181467181467
741	0.994208494208494
742	1.09266409266409
743	0.905405405405405
744	0.833976833976834
745	0.905405405405405
746	0.959459459459459
747	1.05791505791506
748	0.986486486486487
749	1.04054054054054
750	0.969111969111969
751	0.996138996138996
752	0.853281853281853
753	0.969111969111969
754	0.942084942084942
755	0.843629343629344
756	0.888030888030888
757	0.888030888030888
758	0.816602316602317
759	0.888030888030888
760	0.888030888030888
761	0.959459459459459
762	0.888030888030888
763	0.888030888030888
764	1.03088803088803
765	1.2007722007722
766	1.2007722007722
767	1.2992277992278
768	1.3976833976834
769	1.3976833976834
770	1.496138996139
771	1.46911196911197
772	1.37065637065637
773	1.46911196911197
774	1.496138996139
775	1.45173745173745
776	1.42471042471042
777	1.42471042471042
778	1.32625482625483
779	1.32625482625483
780	1.46911196911197
781	1.46911196911197
782	1.32625482625483
783	1.22779922779923
784	1.22779922779923
785	1.15637065637066
786	1.18339768339768
787	1.08494208494209
788	1.05791505791506
789	0.843629343629344
790	0.843629343629344
791	0.870656370656371
792	0.915057915057915
793	0.915057915057915
794	0.932432432432432
795	0.932432432432432
796	0.932432432432432
797	0.932432432432432
798	0.932432432432432
799	0.932432432432432
800	1.07528957528958
801	0.905405405405405
802	1.04826254826255
803	1.07528957528958
804	1.14671814671815
805	1.14671814671815
806	1.07528957528958
807	1.1023166023166
808	1.12934362934363
809	0.986486486486487
810	1.05791505791506
811	1.08494208494209
812	1.04054054054054
813	1.11196911196911
814	1.18339768339768
815	1.12934362934363
816	0.888030888030888
817	0.735521235521236
818	0.735521235521236
819	0.762548262548263
820	0.708494208494209
821	0.752895752895753
822	0.725868725868726
823	0.752895752895753
824	0.824324324324324
825	0.868725868725869
826	0.77027027027027
827	0.716216216216216
828	0.6003861003861
829	0.671814671814672
830	0.627413127413128
831	0.501930501930502
832	0.474903474903475
833	0.465250965250965
834	0.50965250965251
835	0.598455598455599
836	0.258687258687259
837	0.527027027027027
838	0.482625482625483
839	0.384169884169884
840	0.241312741312741
841	0.428571428571429
842	0.401544401544402
843	0.374517374517374
844	0.418918918918919
845	0.391891891891892
846	0.239382239382239
847	0.212355212355212
848	0.301158301158301
849	0.202702702702703
850	0.131274131274131
851	0.158301158301158
852	0.274131274131274
853	0.355212355212355
854	0.345559845559846
855	0.291505791505791
856	0.488416988416989
857	0.515444015444016
858	0.55984555984556
859	0.577220077220077
860	0.604247104247104
861	0.586872586872587
862	0.640926640926641
863	0.694980694980695
864	0.694980694980695
865	0.623552123552124
866	0.596525096525097
867	0.694980694980695
868	0.82046332046332
869	0.776061776061776
870	0.803088803088803
871	0.714285714285715
872	0.768339768339769
873	0.625482625482626
874	0.554054054054054
875	0.554054054054054
876	0.571428571428572
877	0.411196911196911
878	0.384169884169884
879	0.33011583011583
880	0.194980694980695
881	0.140926640926641
882	0.364864864864865
883	0.391891891891892
884	0.303088803088803
885	0.231660231660232
886	0.33011583011583
887	0.33011583011583
888	0.268339768339768
889	0.411196911196911
890	0.420849420849421
891	0.420849420849421
892	0.322393822393822
893	0.196911196911197
894	0.125482625482626
895	0.108108108108108
896	0.0366795366795366
897	0.0366795366795366
898	-0.0173745173745173
899	-0.0984555984555984
900	-0.0984555984555984
901	0.16023166023166
902	0.187258687258687
903	0.115830115830116
904	0.0888030888030886
905	0
906	-0.0540540540540542
907	0.0173745173745175
908	-0.0366795366795365
909	-0.0637065637065635
910	-0.0463320463320465
911	-0.00193050193050182
912	0.310810810810811
913	0.283783783783784
914	0.409266409266409
915	0.517374517374517
916	0.527027027027027
917	0.5
918	0.33011583011583
919	0.347490347490347
920	0.32046332046332
921	0.150579150579151
922	0.0965250965250966
923	0.266409266409266
924	0.266409266409266
925	0.0965250965250966
926	-0.0656370656370657
927	-0.0656370656370657
928	-0.137065637065637
929	-0.0830115830115827
930	0.0154440154440156
931	-0.0656370656370657
932	-0.0752895752895753
933	-0.057915057915058
934	0.0675675675675675
935	0.148648648648648
936	0.247104247104247
937	0.0328185328185326
938	0.0328185328185326
939	0.086872586872587
940	-0.0115830115830113
941	0.0598455598455601
942	0.086872586872587
943	0.0598455598455601
944	0.131274131274131
945	0.0328185328185326
946	-0.0115830115830113
947	-0.0830115830115827
948	-0.368725868725869
949	-0.297297297297297
950	-0.44015444015444
951	-0.467181467181467
952	-0.341698841698842
953	-0.162162162162162
954	-0.135135135135135
955	-0.108108108108108
956	-0.0637065637065635
957	-0.0637065637065635
958	-0.189189189189189
959	-0.144787644787645
960	-0.144787644787645
961	-0.0463320463320465
962	0.187258687258687
963	0.187258687258687
964	0.187258687258687
965	0.187258687258687
966	0.115830115830116
967	0.196911196911197
968	0.206563706563707
969	0.162162162162162
970	0.0637065637065637
971	0.0366795366795366
972	-0.0888030888030886
973	-0.0888030888030886
974	-0.0888030888030886
975	-0.214285714285714
976	-0.214285714285714
977	-0.312741312741313
978	-0.285714285714286
980	-0.231660231660232
981	-0.177606177606178
982	-0.177606177606178
983	-0.150579150579151
984	-0.150579150579151
987	-0.123552123552124
1030	-0.0965250965250966
1031	-0.123552123552124
1032	-0.0965250965250966
1033	0.00193050193050204
1034	0.00193050193050204
1035	0.028957528957529
1036	0.0463320463320465
1037	0.0463320463320465
1038	0.0733590733590735
1039	0.0733590733590735
1040	0.100386100386101
1041	0.127413127413128
1042	0.154440154440155
1043	0.0559845559845562
1044	0.028957528957529
1109	0.0559845559845562
1110	0.127413127413128
1111	0.154440154440155
1112	0.181467181467182
1113	0.235521235521236
1114	0.154440154440155
1115	0.208494208494209
1116	0.0830115830115831
1117	0.0115830115830116
1118	0.0830115830115831
1119	0.11003861003861
1120	0.0830115830115831
1121	0.137065637065637
1122	0.235521235521236
1123	0.235521235521236
1124	0.235521235521236
1125	0.27992277992278
1126	0.181467181467182
1127	0.252895752895753
1128	0.252895752895753
1129	0.225868725868726
1130	0.252895752895753
1131	0.154440154440155
1132	0.154440154440155
1133	0.252895752895753
1134	0.154440154440155
1135	0.252895752895753
1136	0.252895752895753
1137	0.378378378378378
1138	0.351351351351351
1139	0.494208494208494
1140	0.511583011583012
1141	0.413127413127413
1142	0.359073359073359
1143	0.359073359073359
1144	0.44015444015444
1145	0.27027027027027
1146	0.252895752895753
1147	0.341698841698842
1148	0.341698841698842
1149	0.341698841698842
1150	0.422779922779923
1151	0.395752895752896
1152	0.467181467181467
1153	0.467181467181467
1154	0.413127413127413
1155	0.44015444015444
1156	0.386100386100386
1157	0.332046332046332
1158	0.233590733590734
1159	0.17953667953668
1160	0.152509652509653
1161	0.0540540540540541
1162	0.223938223938224
1163	0.17953667953668
1164	0.17953667953668
1165	0.0810810810810811
1166	0.0540540540540541
1167	0.0810810810810811
1168	0.17953667953668
1169	0
1170	0.027027027027027
1171	-0.0714285714285714
1172	-0.0444015444015444
1173	-0.115830115830116
1174	-0.0173745173745173
1175	-0.214285714285714
1176	-0.231660231660232
1177	-0.231660231660232
1178	-0.231660231660232
1179	-0.258687258687259
1238	0.11969111969112
1239	0.0926640926640927
1240	0.0656370656370657
1241	0.0656370656370657
1242	0.0386100386100385
1243	0.0386100386100385
1244	0.0386100386100385
1245	0.0656370656370657
1246	0.208494208494209
1247	0.252895752895753
1248	0.306949806949807
1249	0.388030888030888
1250	0.306949806949807
1251	0.378378378378378
1252	0.378378378378378
1253	0.137065637065637
1254	0.0115830115830116
1255	-0.0154440154440153
1256	-0.0154440154440153
1257	0.0559845559845562
1258	-0.025096525096525
1259	0.00193050193050204
1260	0.00193050193050204
1261	0.028957528957529
1262	0.028957528957529
1263	0.00193050193050204
1264	-0.052123552123552
1265	-0.0791505791505791
1266	-0.106177606177606
1267	-0.177606177606178
1268	-0.177606177606178
1307	-0.123552123552124
1308	-0.025096525096525
1309	-0.025096525096525
1310	0.00193050193050204
1311	0.00193050193050204
1312	0.0559845559845562
1313	0.127413127413128
1314	0.0733590733590735
1315	-0.106177606177606
1316	-0.133204633204633
1317	-0.16023166023166
1318	-0.187258687258687
1319	-0.214285714285714
1320	-0.16023166023166
1321	-0.0888030888030886
1322	-0.115830115830116
1323	-0.115830115830116
1324	-0.142857142857143
1325	-0.196911196911197
1326	-0.376447876447876
1327	-0.447876447876448
1365	-0.853281853281853
1366	-0.691119691119691
1367	-0.664092664092664
1368	-0.565637065637066
1369	-0.565637065637066
1370	-0.538610038610039
1371	-0.43050193050193
1372	-0.332046332046332
1373	-0.206563706563706
1374	-0.17953667953668
1375	0.0173745173745175
1376	0.0173745173745175
1377	-0.0810810810810811
1378	-0.0810810810810811
1379	-0.0540540540540542
1380	0
1381	0.0173745173745175
1382	0.0444015444015446
1383	0.0444015444015446
1384	-0.0366795366795365
1385	-0.00965250965250952
1386	-0.152509652509653
1387	-0.0714285714285714
1388	-0.125482625482626
1389	-0.152509652509653
1390	-0.295366795366795
1391	-0.214285714285714
1392	-0.16023166023166
1393	-0.258687258687259
1394	-0.285714285714286
1395	-0.312741312741313
1396	-0.258687258687259
1397	-0.177606177606178
1398	-0.285714285714286
1399	-0.312741312741313
1400	-0.312741312741313
1402	-0.393822393822394
1403	-0.322393822393822
1404	-0.268339768339768
1405	-0.214285714285714
1406	-0.268339768339768
1407	-0.295366795366795
1408	-0.295366795366795
1409	-0.366795366795367
1410	-0.393822393822394
1620	-0.403474903474903
1621	-0.376447876447876
1622	-0.250965250965251
1623	-0.196911196911197
1624	-0.196911196911197
1625	-0.16988416988417
1626	-0.115830115830116
1627	-0.16023166023166
1635	-0.123552123552124
1636	-0.150579150579151
1637	-0.0965250965250966
1638	-0.123552123552124
1639	-0.150579150579151
1640	-0.123552123552124
1641	-0.177606177606178
1642	-0.0694980694980695
1643	-0.0424710424710425
1770	-0.214285714285714
1771	-0.187258687258687
1772	-0.16023166023166
1773	-0.133204633204633
1774	-0.177606177606178
1775	-0.150579150579151
1776	-0.123552123552124
1945	-0.501930501930502
1958	-0.555984555984556
2047	-0.150579150579151
2048	-0.052123552123552
2049	-0.0791505791505791
2050	-0.187258687258687
2051	-0.133204633204633
2052	-0.187258687258687
2053	-0.187258687258687
2054	-0.16023166023166
2055	-0.106177606177606
2056	-0.123552123552124
2057	-0.177606177606178
2064	-0.204633204633205
2065	-0.150579150579151
2067	-0.177606177606178
2069	-0.123552123552124
2070	-0.0965250965250966
2071	-0.123552123552124
2072	-0.204633204633205
2079	-0.025096525096525
2080	-0.177606177606178
2081	-0.204633204633205
2328	-0.231660231660232
2329	-0.204633204633205
2330	-0.204633204633205
2331	-0.204633204633205
2332	-0.258687258687259
2333	-0.258687258687259
2334	-0.231660231660232
2335	-0.204633204633205
2336	-0.177606177606178
2337	-0.177606177606178
2338	-0.0694980694980695
2434	-0.0154440154440153
2440	0.0115830115830116
2441	0.0115830115830116
2596	-0.312741312741313
2597	-0.33976833976834
2598	-0.312741312741313
2599	-0.366795366795367
2600	-0.312741312741313
2744	-0.177606177606178
2745	-0.123552123552124
2746	-0.204633204633205
2747	-0.258687258687259
2748	-0.312741312741313
2749	-0.312741312741313
2750	-0.312741312741313
2751	-0.312741312741313
2752	-0.214285714285714
2753	-0.268339768339768
2754	-0.241312741312741
2755	-0.142857142857143
2756	-0.142857142857143
2757	-0.241312741312741
2758	-0.241312741312741
2759	-0.241312741312741
2760	-0.312741312741313
2761	-0.33976833976834
2762	-0.33976833976834
2763	-0.33976833976834
2764	-0.366795366795367
2765	-0.420849420849421
2766	-0.420849420849421
2948	-0.33976833976834
2954	-0.393822393822394
2955	-0.420849420849421
2956	-0.420849420849421
2957	-0.447876447876448
2964	-0.366795366795367
3254	-0.025096525096525
3255	-0.0965250965250966
3258	-0.258687258687259
3362	-0.214285714285714
3363	-0.214285714285714
3364	-0.16023166023166
3365	-0.16023166023166
3366	-0.295366795366795
3369	-0.33976833976834
3370	-0.241312741312741
3371	-0.196911196911197
3372	-0.142857142857143
3373	-0.241312741312741
3374	-0.214285714285714
3375	-0.33976833976834
3595	-0.528957528957529
3596	-0.501930501930502
3597	-0.501930501930502
3598	-0.474903474903475
3599	-0.528957528957529
3600	-0.583011583011583
3622	-0.393822393822394
3623	-0.366795366795367
3624	-0.312741312741313
3625	-0.214285714285714
3626	-0.258687258687259
3682	-0.123552123552124
3683	-0.0965250965250966
3684	-0.0694980694980695
3692	-0.0154440154440153
3784	-0.420849420849421
3785	-0.420849420849421
3786	-0.420849420849421
3794	-0.322393822393822
3795	-0.420849420849421
3796	-0.420849420849421
3797	-0.366795366795367
3798	-0.33976833976834
3799	-0.33976833976834
3800	-0.393822393822394
3801	-0.393822393822394
3802	-0.312741312741313
3803	-0.241312741312741
3804	-0.214285714285714
3805	-0.214285714285714
3806	-0.0617760617760615
3807	-0.214285714285714
3808	-0.241312741312741
3809	-0.241312741312741
3810	-0.366795366795367
3811	-0.33976833976834
3812	-0.312741312741313
3813	-0.285714285714286
3814	-0.231660231660232
3815	-0.204633204633205
3816	-0.231660231660232
3817	-0.285714285714286
3818	-0.231660231660232
3929	-0.447876447876448
3930	-0.393822393822394
3933	-0.420849420849421
3934	-0.393822393822394
3935	-0.312741312741313
3936	-0.312741312741313
3937	-0.312741312741313
3938	-0.312741312741313
3945	-0.501930501930502
3946	-0.474903474903475
3951	-0.474903474903475
3952	-0.43050193050193
3953	-0.359073359073359
3954	-0.359073359073359
3955	-0.332046332046332
3956	-0.216216216216216
3957	-0.216216216216216
3958	-0.189189189189189
3959	-0.243243243243243
3960	-0.216216216216216
3961	-0.135135135135135
3962	-0.17953667953668
3963	-0.152509652509653
3964	-0.0984555984555984
3965	-0.187258687258687
3966	-0.241312741312741
3967	-0.322393822393822
3968	-0.268339768339768
3969	-0.366795366795367
3970	-0.393822393822394
3971	-0.447876447876448
3972	-0.474903474903475
3973	-0.420849420849421
3974	-0.447876447876448
3975	-0.393822393822394
3976	-0.474903474903475
3977	-0.420849420849421
3978	-0.366795366795367
3979	-0.33976833976834
3980	-0.33976833976834
4090	-0.258687258687259
4091	-0.214285714285714
4092	-0.223938223938224
4093	-0.366795366795367
4094	-0.33976833976834
4095	-0.366795366795367
4096	-0.33976833976834
4097	-0.312741312741313
4098	-0.295366795366795
4099	-0.223938223938224
4100	-0.196911196911197
4101	-0.142857142857143
4102	-0.223938223938224
4103	-0.223938223938224
4104	-0.142857142857143
4105	-0.16988416988417
4106	-0.115830115830116
4107	0.0366795366795366
4108	0.0366795366795366
4109	0.0193050193050195
4110	-0.0077220077220076
4111	0.189189189189189
4112	0.135135135135135
4113	0.135135135135135
4114	0.108108108108108
4115	0
4116	0.0540540540540541
4117	0.125482625482626
4118	0.0540540540540541
4119	0.0173745173745175
4120	-0.00965250965250952
4121	-0.0637065637065635
4122	-0.17953667953668
4123	-0.250965250965251
4124	-0.277992277992278
4125	-0.349420849420849
4126	-0.295366795366795
4127	-0.393822393822394
4128	-0.366795366795367
4129	-0.366795366795367
4130	-0.366795366795367
4131	-0.366795366795367
4132	-0.393822393822394
4133	-0.322393822393822
4134	-0.420849420849421
4142	-0.393822393822394
4144	-0.366795366795367
4145	-0.501930501930502
4146	-0.528957528957529
4193	-0.393822393822394
4194	-0.447876447876448
4195	-0.501930501930502
4196	-0.501930501930502
4197	-0.501930501930502
4198	-0.501930501930502
4199	-0.474903474903475
4200	-0.447876447876448
4201	-0.474903474903475
4324	-0.555984555984556
4325	-0.592664092664092
4326	-0.565637065637066
4327	-0.528957528957529
4328	-0.447876447876448
4329	-0.376447876447876
4330	-0.403474903474903
4331	-0.376447876447876
4332	-0.376447876447876
4333	-0.403474903474903
4334	-0.457528957528957
4335	-0.528957528957529
4336	-0.528957528957529
4337	-0.555984555984556
4338	-0.583011583011583
4339	-0.61003861003861
4354	-0.583011583011583
4355	-0.637065637065637
4356	-0.528957528957529
4358	-0.583011583011583
4762	-0.961389961389961
4763	-0.934362934362934
4764	-0.988416988416989
4765	-0.907335907335907
4766	-0.907335907335907
4767	-0.907335907335907
4768	-0.88030888030888
4769	-0.737451737451737
4770	-0.737451737451737
4771	-0.764478764478764
4772	-0.693050193050193
4773	-0.638996138996139
4774	-0.557915057915058
4775	-0.530888030888031
4776	-0.602316602316602
4777	-0.664092664092664
4780	-0.474903474903475
4781	-0.376447876447876
4782	-0.474903474903475
4783	-0.501930501930502
4784	-0.447876447876448
4785	-0.366795366795367
4786	-0.366795366795367
4829	-0.555984555984556
4830	-0.583011583011583
4831	-0.664092664092664
4832	-0.691119691119691
4833	-0.745173745173745
4834	-0.718146718146718
4876	-0.691119691119691
4877	-0.691119691119691
4878	-0.718146718146718
4879	-0.718146718146718
4880	-0.772200772200772
4881	-0.799227799227799
4882	-0.934362934362934
4888	-0.853281853281853
4889	-0.772200772200772
4890	-0.853281853281853
4891	-0.907335907335907
4892	-0.808880308880309
4893	-0.808880308880309
4894	-0.629343629343629
4895	-0.575289575289575
4896	-0.548262548262548
4897	-0.422779922779923
4898	-0.44980694980695
4899	-0.422779922779923
4900	-0.422779922779923
4901	-0.511583011583011
4902	-0.484555984555984
4903	-0.583011583011583
4921	-0.33976833976834
4922	-0.366795366795367
4969	-0.312741312741313
4970	-0.312741312741313
4971	-0.285714285714286
4972	-0.187258687258687
4973	-0.241312741312741
4974	-0.214285714285714
4975	-0.214285714285714
4976	-0.142857142857143
4977	-0.16988416988417
4978	-0.142857142857143
4979	-0.0444015444015444
4980	-0.0984555984555984
4981	-0.0984555984555984
4982	-0.241312741312741
4983	-0.133204633204633
4984	-0.115830115830116
4985	-0.16023166023166
4986	-0.106177606177606
4987	-0.025096525096525
4988	-0.0965250965250966
4989	-0.0694980694980695
4990	-0.0965250965250966
4991	-0.0965250965250966
4992	-0.0965250965250966
4993	-0.0694980694980695
4994	-0.0694980694980695
4998	-0.177606177606178
4999	-0.231660231660232
5068	-0.123552123552124
5069	-0.150579150579151
5070	-0.177606177606178
5071	-0.231660231660232
5072	-0.142857142857143
5073	-0.0617760617760615
5074	-0.0888030888030886
5075	0.0637065637065637
5076	0.108108108108108
5077	0.206563706563707
5078	0.206563706563707
5079	0.135135135135135
5080	0.108108108108108
5081	0.125482625482626
5082	0.125482625482626
5083	0.223938223938224
5084	0.0984555984555986
5085	0.268339768339768
5086	0.268339768339768
5087	0.196911196911197
5088	0.196911196911197
5089	0.142857142857143
5090	0.0173745173745175
5091	0.0444015444015446
5092	0.115830115830116
5093	0.0888030888030886
5094	-0.00965250965250952
5095	-0.0366795366795365
5096	-0.0637065637065635
5097	-0.162162162162162
5098	-0.135135135135135
5099	-0.108108108108108
5100	-0.0810810810810811
5101	0.0444015444015446
5102	-0.0540540540540542
5103	-0.00965250965250952
5104	-0.108108108108108
5105	-0.0540540540540542
5106	-0.0540540540540542
5107	0.027027027027027
5108	-0.115830115830116
5109	-0.0444015444015444
5110	-0.0984555984555984
5111	-0.223938223938224
5112	-0.322393822393822
5113	-0.366795366795367
5114	-0.312741312741313
5115	-0.312741312741313
5116	-0.312741312741313
5127	-0.33976833976834
5136	-0.366795366795367
5151	-0.366795366795367
5152	-0.393822393822394
5153	-0.366795366795367
5154	-0.420849420849421
5157	-0.420849420849421
5206	-0.43050193050193
5207	-0.403474903474903
5208	-0.332046332046332
5209	-0.403474903474903
5210	-0.420849420849421
5211	-0.322393822393822
5212	-0.349420849420849
5213	-0.403474903474903
5214	-0.332046332046332
5215	-0.305019305019305
5216	-0.108108108108108
5217	-0.162162162162162
5218	-0.162162162162162
5219	-0.0907335907335907
5220	-0.0637065637065635
5221	-0.0366795366795365
5222	0.0617760617760617
5223	0.00772200772200771
5224	-0.0463320463320465
5225	-0.117760617760618
5226	-0.144787644787645
5227	-0.171814671814672
5228	-0.171814671814672
5229	-0.0463320463320465
5230	-0.171814671814672
5231	-0.27992277992278
5232	-0.333976833976834
5233	-0.306949806949807
5234	-0.316602316602316
5235	-0.316602316602316
5236	-0.442084942084942
5237	-0.486486486486487
5238	-0.513513513513514
5239	-0.557915057915058
5240	-0.764478764478764
5241	-0.791505791505791
5242	-0.934362934362934
5243	-0.988416988416989
5250	-1.15057915057915
5251	-1.15057915057915
5254	-1.21428571428571
5255	-1.2953667953668
5256	-1.32239382239382
5257	-1.42084942084942
5258	-1.36679536679537
5259	-1.33976833976834
5260	-1.2953667953668
5261	-1.24131274131274
5262	-1.24131274131274
5263	-1.21428571428571
5264	-1.26833976833977
5265	-1.2953667953668
5266	-1.24131274131274
5267	-1.16023166023166
5268	-1.21428571428571
5269	-1.24131274131274
5270	-1.25868725868726
5271	-1.2046332046332
5272	-1.18725868725869
5273	-1.16023166023166
5274	-1.08880308880309
5275	-1.11583011583012
5276	-1.00772200772201
5277	-0.864864864864865
5278	-0.640926640926641
5279	-0.586872586872587
5280	-0.532818532818533
5281	-0.722007722007722
5282	-0.596525096525097
5283	-0.56949806949807
5284	-0.56949806949807
5285	-0.694980694980695
5286	-0.766409266409266
5287	-0.847490347490347
5288	-0.82046332046332
5289	-0.766409266409266
5290	-0.909266409266409
5291	-1.03474903474903
5292	-0.936293436293436
5293	-0.99034749034749
5294	-1.08880308880309
5295	-1.14285714285714
5296	-1.08880308880309
5297	-1.11583011583012
5298	-1.11583011583012
5299	-1.08880308880309
5300	-0.99034749034749
5301	-1.06177606177606
5302	-1.14285714285714
5303	-1.16988416988417
5304	-1.08880308880309
5305	-1.06177606177606
5306	-1.1969111969112
5307	-1.14285714285714
5308	-1.24131274131274
5309	-1.32239382239382
5310	-1.47490347490348
5311	-1.47490347490348
5312	-1.61003861003861
5334	-1.58301158301158
5335	-1.66409266409266
5336	-1.77220077220077
5337	-1.77220077220077
5338	-1.71814671814672
5339	-1.52123552123552
5340	-1.44980694980695
5341	-1.47683397683398
5342	-1.31467181467181
5343	-1.34169884169884
5344	-1.23359073359073
5345	-1.17953667953668
5346	-1.04440154440154
5347	-1.01737451737452
5348	-0.882239382239382
5349	-0.774131274131274
5350	-0.737451737451737
5351	-0.71042471042471
5352	-0.71042471042471
5353	-0.791505791505791
5354	-0.71042471042471
5355	-0.862934362934363
5356	-0.826254826254826
5357	-0.88030888030888
5366	-1.23166023166023
5368	-1.18725868725869
5369	-1.26833976833977
5371	-1.31274131274131
5373	-1.2046332046332
5374	-1.23166023166023
5381	-1.52895752895753
5382	-1.71814671814672
5383	-1.82625482625483
5384	-1.7992277992278
5385	-1.85328185328185
5386	-2.04247104247104
5387	-2.0965250965251
5388	-1.9980694980695
5389	-1.91698841698842
5390	-1.81853281853282
5391	-1.76447876447876
5392	-1.73745173745174
5393	-1.73745173745174
5394	-1.73745173745174
5395	-1.81853281853282
5396	-1.8996138996139
5397	-1.87258687258687
5398	-1.87258687258687
5399	-1.87258687258687
5400	-1.66602316602317
5401	-1.58494208494208
5402	-1.62934362934363
5403	-1.62934362934363
5404	-1.67374517374517
5405	-1.49420849420849
5406	-1.37837837837838
5407	-1.42277992277992
5408	-1.2972972972973
5409	-1.43243243243243
5410	-1.33397683397683
5411	-1.46911196911197
5412	-1.37065637065637
5413	-1.34362934362934
5414	-1.46911196911197
5415	-1.51351351351351
5416	-1.43243243243243
5417	-1.36872586872587
5418	-1.20656370656371
5419	-1.23359073359073
5420	-1.26061776061776
5421	-1.09073359073359
5422	-0.928571428571428
5423	-0.901544401544401
5424	-1.15250965250965
5425	-1.0984555984556
5426	-1.07142857142857
5427	-1.01737451737452
5428	-1.05405405405405
5429	-0.901544401544401
5430	-0.857142857142857
5431	-0.731660231660232
5432	-0.579150579150579
5433	-0.552123552123552
5434	-0.498069498069498
5435	-0.542471042471042
5436	-0.55984555984556
5437	-0.434362934362934
5438	-0.38996138996139
5439	-0.38996138996139
5440	-0.434362934362934
5441	-0.532818532818533
5442	-0.648648648648649
5443	-0.631274131274131
5444	-0.756756756756757
5445	-0.801158301158301
5446	-0.855212355212355
5447	-0.747104247104247
5448	-0.845559845559846
5449	-0.818532818532818
5450	-0.693050193050193
5451	-0.567567567567568
5452	-0.496138996138996
5453	-0.523166023166023
5454	-0.424710424710425
5455	-0.28957528957529
5456	-0.370656370656371
5457	-0.432432432432432
5458	-0.459459459459459
5459	-0.415057915057915
5460	-0.316602316602316
5461	-0.370656370656371
5462	-0.496138996138996
5463	-0.604247104247104
5464	-0.567567567567568
5465	-0.666023166023166
5466	-0.71042471042471
5467	-0.781853281853282
5468	-0.835907335907336
5469	-0.862934362934363
5470	-0.944015444015444
5471	-0.971042471042471
5472	-0.926640926640927
5473	-1.02509652509653
5474	-1.12355212355212
5475	-1.06949806949807
5476	-1.0965250965251
5477	-1.12355212355212
5478	-1.12355212355212
5481	-1.0965250965251
5533	-0.944015444015444
5534	-0.916988416988417
5535	-0.944015444015444
5536	-0.845559845559846
5537	-0.791505791505791
5538	-0.72007722007722
5539	-0.72007722007722
5540	-0.72007722007722
5541	-0.747104247104247
5542	-0.774131274131274
5543	-0.567567567567568
5544	-0.567567567567568
5545	-0.737451737451737
5546	-0.683397683397683
5547	-0.629343629343629
5548	-0.575289575289575
5549	-0.602316602316602
5550	-0.656370656370656
5551	-0.513513513513514
5552	-0.540540540540541
5553	-0.540540540540541
5554	-0.540540540540541
5555	-0.496138996138996
5556	-0.496138996138996
5557	-0.442084942084942
5558	-0.415057915057915
5559	-0.523166023166023
5560	-0.567567567567568
5561	-0.335907335907336
5562	-0.353281853281853
5563	-0.218146718146718
5564	-0.235521235521235
5565	-0.181467181467182
5566	-0.11003861003861
5567	-0.0733590733590734
5568	-0.0733590733590734
5569	-0.287644787644788
5570	-0.260617760617761
5571	-0.152509652509653
5572	-0.196911196911197
5573	-0.17953667953668
5574	-0.250965250965251
5575	-0.386100386100386
5576	-0.413127413127413
5577	-0.413127413127413
5578	-0.359073359073359
5579	-0.413127413127413
5580	-0.386100386100386
5581	-0.494208494208494
5582	-0.548262548262548
5583	-0.557915057915058
5584	-0.530888030888031
5585	-0.530888030888031
5586	-0.584942084942085
5587	-0.754826254826255
5588	-0.727799227799228
5589	-0.656370656370656
5590	-0.683397683397683
5591	-0.727799227799228
5592	-0.781853281853282
5593	-0.88030888030888
5594	-0.934362934362934
5595	-0.907335907335907
5596	-0.853281853281853
5608	-1.33976833976834
5610	-1.31274131274131
5611	-1.2046332046332
5612	-1.23166023166023
5613	-1.2046332046332
5614	-1.2046332046332
5631	-1.33976833976834
5632	-1.34942084942085
5643	-1.47490347490348
5644	-1.55598455598456
5645	-1.55598455598456
5654	-1.82625482625483
5655	-1.7007722007722
5656	-1.82625482625483
5657	-1.72779922779923
5658	-1.6023166023166
5659	-1.51158301158301
5660	-1.59266409266409
5661	-1.3957528957529
5662	-1.44980694980695
5663	-1.42277992277992
5664	-1.40540540540541
5665	-1.42277992277992
5666	-1.28764478764479
5667	-1.44015444015444
5668	-1.35907335907336
5669	-1.16216216216216
5670	-1.10810810810811
5671	-1.13513513513514
5672	-1.05405405405405
5673	-1.05405405405405
5674	-0.982625482625482
5675	-0.982625482625482
5676	-1.09073359073359
5677	-0.938223938223938
5678	-1.06370656370656
5679	-1.13513513513514
5680	-1.10810810810811
5681	-1.05405405405405
5682	-1.10810810810811
5683	-0.750965250965251
5684	-0.598455598455599
5685	-0.463320463320463
5686	-0.445945945945946
5687	-0.364864864864865
5688	-0.337837837837838
5689	-0.337837837837838
5690	-0.49034749034749
5691	-0.642857142857143
5692	-0.615830115830116
5693	-0.714285714285714
5694	-0.893822393822394
5695	-1.0019305019305
5696	-1.02895752895753
5697	-0.957528957528958
5698	-1.03861003861004
5699	-0.994208494208494
5700	-1.03861003861004
5701	-1.02123552123552
5702	-1.07528957528958
5703	-0.994208494208494
5704	-1.06563706563707
5705	-1.24517374517374
5706	-1.27220077220077
5707	-1.2992277992278
5708	-1.2992277992278
5709	-1.24517374517374
5710	-1.31660231660232
5711	-1.14671814671815
5712	-1.06563706563707
5713	-1.23552123552124
5714	-1.23552123552124
5715	-1.18146718146718
5716	-1.18146718146718
5717	-1.34362934362934
5718	-1.21814671814672
5719	-1.45945945945946
5720	-1.53088803088803
5721	-1.61196911196911
5722	-1.62934362934363
5723	-1.65637065637066
5724	-1.65637065637066
5725	-1.65637065637066
5726	-1.57528957528958
5727	-1.57528957528958
5728	-1.6023166023166
5729	-1.503861003861
5730	-1.32432432432432
5731	-1.14478764478764
5732	-1.09073359073359
5733	-1.44015444015444
5734	-1.41312741312741
5735	-1.45752895752896
5736	-1.48455598455598
5737	-1.48455598455598
5738	-1.48455598455598
5739	-1.56563706563707
5740	-1.56563706563707
5741	-1.71814671814672
5742	-1.74517374517374
5743	-1.67374517374517
5744	-1.78185328185328
5745	-1.76447876447876
5746	-1.71042471042471
5747	-1.91698841698842
5748	-1.88996138996139
5749	-1.80888030888031
5750	-1.75482625482625
5751	-1.67374517374517
5752	-1.69111969111969
5753	-1.51158301158301
5754	-1.55598455598456
5774	-1.23166023166023
5775	-1.17760617760618
5776	-1.25868725868726
5777	-1.0965250965251
5778	-1.0965250965251
5809	-0.718146718146718
5814	-0.501930501930502
5815	-0.501930501930502
5816	-0.474903474903475
5817	-0.420849420849421
5818	-0.33976833976834
5946	0.173745173745174
5947	0.218146718146718
5948	0.146718146718147
5949	0.173745173745174
5950	0.200772200772201
5951	0.272200772200772
5952	0.272200772200772
5953	0.343629343629344
5954	0.343629343629344
5955	0.469111969111969
5956	0.424710424710425
5957	0.326254826254826
5958	0.326254826254826
5959	0.299227799227799
5960	0.272200772200772
5961	0.316602316602317
5962	0.459459459459459
5963	0.459459459459459
5964	0.459459459459459
5965	0.333976833976834
5966	0.361003861003861
5967	0.262548262548263
5968	0.235521235521236
5969	0.235521235521236
5970	0.351351351351351
5971	0.351351351351351
5972	0.378378378378378
5973	0.378378378378378
5974	0.306949806949807
5975	0.405405405405405
5976	0.432432432432432
5977	0.324324324324324
5978	0.117760617760618
5979	0.0907335907335908
5980	-0.0077220077220076
5981	0.0193050193050195
5982	-0.106177606177606
5983	-0.133204633204633
5984	-0.142857142857143
5985	-0.0714285714285714
5986	-0.152509652509653
5987	-0.223938223938224
5988	-0.152509652509653
5989	-0.250965250965251
5990	-0.250965250965251
5991	-0.322393822393822
5992	-0.322393822393822
5993	-0.295366795366795
5994	-0.268339768339768
5995	-0.214285714285714
5996	-0.115830115830116
5997	-0.133204633204633
5999	-0.204633204633205
6000	-0.204633204633205
6001	-0.150579150579151
6002	-0.150579150579151
6003	-0.0965250965250966
6004	-0.123552123552124
6005	-0.052123552123552
6006	-0.123552123552124
6007	0.00193050193050204
6008	0.028957528957529
6009	0.00193050193050204
6010	0.144787644787645
6011	0.162162162162162
6012	0.162162162162162
6013	0.27027027027027
6014	0.548262548262548
6015	0.878378378378378
6016	1.75289575289575
6017	2.57335907335907
6018	9.44401544401544
6019	15.5405405405405
6020	15.969111969112
6021	24.6795366795367
6022	35.1042471042471
6023	44.4015444015444
6024	45.1679536679537
6025	45.3108108108108
6026	45.4980694980695
6027	45.5694980694981
6028	45.7741312741313
6029	45.7277992277992
6030	45.7277992277992
6031	45.7277992277992
6032	45.6563706563707
6033	45.6563706563707
6034	45.6563706563707
6035	45.5849420849421
6036	45.5849420849421
6037	45.5849420849421
6038	45.5849420849421
6039	45.5849420849421
6040	45.6389961389961
6041	45.5675675675676
6042	45.523166023166
6043	45.4517374517375
6044	45.4517374517375
6045	45.5057915057915
6046	45.3629343629344
6047	45.2741312741313
6048	45.2741312741313
6049	45.2741312741313
6050	45.1312741312741
6051	44.8281853281853
6052	44.007722007722
6053	43.1158301158301
6054	36.2992277992278
6055	30.1853281853282
6056	29.7664092664093
6057	20.984555984556
6058	10.6409266409266
6059	1.34362934362934
6060	0.532818532818533
6061	0.416988416988417
