73	-0.371794871794872
75	-0.295512820512821
76	-0.114102564102564
77	-0.133333333333333
78	-0.142948717948718
79	-0.152564102564103
80	-0.133333333333333
81	-0.171794871794872
82	-0.142948717948718
83	-0.152564102564103
84	-0.219230769230769
85	-0.209615384615385
86	-0.248076923076923
87	-0.181410256410257
88	-0.162179487179488
89	-0.276282051282052
90	-0.295512820512821
91	-0.266666666666667
92	-0.257051282051282
93	-0.342948717948718
94	-0.30448717948718
95	-0.294871794871795
206	-0.66025641025641
207	-0.641025641025641
208	-0.621794871794872
209	-0.592948717948718
211	-0.55448717948718
212	-0.53525641025641
213	-0.468589743589744
214	-0.373076923076923
215	-0.325
216	-0.325
217	-0.334615384615385
218	-0.258333333333334
219	-0.230128205128205
220	-0.230128205128205
221	-0.23974358974359
222	-0.230128205128205
223	-0.220512820512821
224	-0.162820512820513
225	-0.201282051282052
226	-0.182051282051282
227	-0.133974358974359
228	-0.11474358974359
229	-0.133974358974359
230	-0.0378205128205131
231	-0.0948717948717951
232	-0.0660256410256412
233	-0.0371794871794873
234	-0.0750000000000003
235	-0.103846153846154
236	-0.161538461538462
237	-0.180128205128205
245	-0.333333333333333
246	-0.381410256410257
247	-0.171794871794872
248	-0.181410256410257
249	-0.267307692307692
250	-0.315384615384615
251	-0.315384615384615
252	-0.315384615384615
253	-0.296153846153846
254	-0.362820512820513
255	-0.419871794871795
256	-0.400641025641026
257	-0.400641025641026
258	-0.362179487179488
259	-0.381410256410257
260	-0.333974358974359
261	-0.324358974358975
262	-0.324358974358975
263	-0.248076923076923
264	-0.0384615384615388
265	0.0185897435897433
266	0.0660256410256408
267	0.160897435897436
268	0.122435897435897
269	0.0647435897435895
270	0.0839743589743587
271	0.122435897435897
272	0.132051282051282
273	0.169871794871795
274	0.16025641025641
275	0.198717948717948
276	0.227564102564102
277	0.256410256410256
278	0.266025641025641
279	0.208974358974359
280	0.171153846153846
281	0.228205128205128
282	0.228205128205128
283	0.0185897435897433
284	0.0185897435897433
285	-0.0769230769230771
286	-0.0480769230769234
287	0.056410256410256
288	0.0371794871794868
289	-0.0108974358974363
290	-0.0205128205128209
291	-0.0108974358974363
292	-0.0205128205128209
293	0.0371794871794868
294	-0.0487179487179488
295	-0.0294871794871796
296	-0.143589743589744
297	-0.133974358974359
298	-0.124358974358975
299	-0.124358974358975
300	-0.295512820512821
301	-0.323717948717949
1094	-0.246794871794872
1095	-0.266025641025641
1096	-0.275641025641026
1097	-0.218589743589744
1098	-0.151923076923077
1099	-0.161538461538462
1100	-0.114102564102564
1101	-0.10448717948718
1102	-0.0570512820512822
1103	-0.095512820512821
1104	-0.0666666666666668
1105	-0.0480769230769234
1106	-0.0480769230769234
1107	0.00897435897435872
1108	-0.000641025641025639
1109	-0.019871794871795
1110	-0.0961538461538463
1111	-0.191666666666667
1112	-0.0769230769230771
1113	-0.0858974358974361
1114	-0.162179487179488
1115	-0.181410256410257
1116	-0.0673076923076923
1117	-0.0769230769230771
1118	-0.000641025641025639
1119	0.103846153846154
1120	0.113461538461538
1121	0.103846153846154
1122	0.0846153846153845
1123	0.0942307692307691
1124	0.151923076923077
1125	0.113461538461538
1126	0.113461538461538
1127	0.0275641025641022
1128	-0.000641025641025639
1129	-0.0673076923076923
1130	-0.11474358974359
1131	-0.0288461538461542
1132	0.0282051282051279
1133	-0.0192307692307694
1134	-0.0474358974358975
1135	-0.0378205128205131
1136	-0.0282051282051284
1137	-0.0282051282051284
1138	-0.0378205128205131
1139	-0.0185897435897439
1140	-0.0185897435897439
1141	0.0391025641025639
1142	-0.00833333333333364
1143	-0.0750000000000003
1144	0.0679487179487177
1145	0.134615384615384
1146	0.115384615384615
1147	0.182692307692308
1148	0.192307692307692
1149	0.23974358974359
1150	0.287179487179487
1151	0.33525641025641
1152	0.25
1153	0.240384615384615
1154	0.183333333333333
1155	0.098076923076923
1156	0.135897435897436
1157	0.069230769230769
1158	0.00192307692307681
1159	0.0878205128205125
1160	0.125641025641025
1161	0.221153846153846
1162	0.211538461538461
1163	0.221153846153846
1164	0.221153846153846
1165	0.192307692307692
1166	0.182692307692308
1167	0.0967948717948717
1168	0.0205128205128203
1169	0.0108974358974356
1170	-0.00833333333333364
1171	-0.0275641025641028
1172	-0.123076923076923
1173	-0.180769230769231
1174	-0.142307692307692
1175	0.01025641025641
1176	-0.0282051282051284
1177	0.000641025641025417
1178	-0.0660256410256412
1179	-0.10448717948718
1180	-0.218589743589744
1181	-0.266025641025641
1182	-0.256410256410257
1183	-0.256410256410257
1184	-0.323717948717949
1189	-0.342948717948718
1190	-0.324358974358975
1191	-0.353205128205128
1192	-0.41025641025641
1193	-0.41025641025641
1194	-0.333333333333333
1254	-0.275641025641026
1255	-0.294871794871795
1256	-0.28525641025641
1257	-0.218589743589744
1258	-0.208974358974359
1259	-0.180128205128205
1260	-0.151923076923077
1261	-0.151923076923077
1262	-0.113461538461539
1263	-0.113461538461539
1264	-0.171153846153846
1265	-0.28525641025641
1273	-0.266666666666667
1274	-0.276282051282052
1275	-0.342948717948718
1276	-0.30448717948718
1277	-0.275641025641026
1278	-0.28525641025641
1279	-0.237820512820513
1280	-0.237820512820513
1281	-0.247435897435897
1282	-0.237820512820513
1283	-0.180769230769231
1284	-0.190384615384615
1285	-0.2
1286	-0.190384615384615
1287	-0.0762820512820516
1288	-0.0858974358974361
1289	-0.161538461538462
1290	-0.171153846153846
1291	-0.237820512820513
1292	-0.257051282051282
1293	-0.209615384615385
1294	-0.2
1295	-0.209615384615385
1296	-0.237820512820513
1297	-0.10448717948718
1298	-0.114102564102564
1299	-0.152564102564103
1300	-0.114102564102564
1301	-0.10448717948718
1302	-0.0762820512820516
1303	-0.095512820512821
1304	-0.0961538461538463
1305	-0.105769230769231
1306	0.0275641025641022
1307	-0.00128205128205172
1308	0.0275641025641022
1309	-0.0294871794871796
1310	0.0371794871794868
1311	0.056410256410256
1312	0.0179487179487177
1313	-0.0294871794871796
1314	-0.0967948717948719
1315	-0.125641025641026
1316	-0.144871794871795
1317	-0.125641025641026
1318	-0.125641025641026
1319	-0.192307692307693
1320	-0.15448717948718
1321	-0.13525641025641
1322	-0.116666666666667
1323	-0.25
1324	-0.269230769230769
1325	-0.231410256410257
1326	-0.298076923076923
1327	-0.288461538461539
1328	-0.383974358974359
1329	-0.431410256410257
1330	-0.36474358974359
1331	-0.241025641025641
1332	-0.289102564102564
1333	-0.441666666666667
1334	-0.384615384615385
1335	-0.394230769230769
1336	-0.403846153846154
1337	-0.375
1338	-0.403205128205128
1339	-0.393589743589744
1340	-0.431410256410257
1341	-0.383333333333333
1342	-0.478205128205128
1343	-0.392307692307693
1344	-0.430769230769231
1345	-0.440384615384615
1346	-0.507051282051282
1347	-0.468589743589744
1348	-0.410897435897436
1349	-0.296794871794872
1350	-0.296153846153846
1351	-0.391666666666667
1352	-0.401282051282052
1353	-0.382051282051282
1354	-0.391666666666667
1355	-0.43974358974359
1356	-0.401282051282052
1357	-0.373076923076923
1358	-0.410897435897436
1359	-0.391666666666667
1360	-0.382051282051282
1361	-0.439102564102564
1362	-0.439102564102564
1363	-0.448717948717949
1364	-0.219871794871795
1365	-0.22948717948718
1366	-0.286538461538462
1367	-0.391025641025641
1368	-0.342948717948718
1369	-0.333333333333333
1374	-0.218589743589744
1375	-0.218589743589744
1376	-0.237820512820513
1377	-0.266666666666667
1378	-0.257051282051282
1379	-0.294871794871795
1380	-0.256410256410257
1382	-0.256410256410257
1383	-0.30448717948718
1384	-0.352564102564103
1391	-0.314102564102564
1409	-0.41025641025641
1412	-0.305128205128205
1413	-0.31474358974359
1414	-0.343589743589744
1415	-0.382051282051282
1416	-0.420512820512821
1417	-0.420512820512821
1418	-0.467948717948718
1419	-0.467948717948718
1420	-0.448717948717949
1421	-0.439102564102564
1422	-0.419871794871795
1423	-0.400641025641026
1507	-0.525641025641026
1509	-0.516025641025641
1510	-0.487179487179487
1511	-0.344230769230769
1512	-0.325
1513	-0.286538461538462
1514	-0.239102564102564
1515	-0.239102564102564
1516	-0.172435897435898
1517	-0.172435897435898
1518	-0.162820512820513
1519	-0.153205128205128
1520	-0.133974358974359
1521	-0.143589743589744
1522	-0.143589743589744
1523	-0.0961538461538463
1524	-0.0865384615384617
1525	-0.0391025641025642
1526	-0.0487179487179488
1527	0.0660256410256408
1528	0.0467948717948714
1529	0.0371794871794868
1530	-0.0102564102564104
1531	-0.0102564102564104
1532	0.0474358974358973
1533	0.0474358974358973
1534	0.123717948717948
1535	0.114102564102564
1536	0.0756410256410252
1537	0.0660256410256408
1538	-0.019871794871795
1539	-0.000641025641025639
1540	0.151923076923077
1541	-0.0384615384615388
1542	-0.0384615384615388
1543	-0.0480769230769234
1544	-0.0192307692307694
1545	-0.153205128205128
1546	-0.172435897435898
1547	-0.296153846153846
1548	-0.267307692307692
1549	-0.325
1550	-0.276923076923077
1551	-0.257692307692308
1552	-0.219871794871795
1553	-0.191025641025641
1554	-0.276923076923077
1555	-0.286538461538462
1556	-0.305769230769231
1557	-0.267948717948718
1558	-0.239102564102564
1559	-0.305769230769231
1560	-0.286538461538462
1561	-0.372435897435898
1562	-0.372435897435898
1563	-0.477564102564103
1564	-0.506410256410257
1565	-0.458974358974359
1566	-0.468589743589744
1567	-0.363461538461539
1568	-0.411538461538462
1569	-0.382692307692308
1570	-0.373076923076923
1571	-0.258333333333334
1572	-0.286538461538462
1573	-0.257692307692308
1574	-0.238461538461539
1575	-0.191025641025641
1576	-0.353205128205128
1577	-0.324358974358975
1578	-0.295512820512821
1592	-0.323717948717949
1709	-0.30448717948718
1712	-0.294871794871795
1713	-0.218589743589744
1714	-0.208974358974359
1715	-0.275641025641026
1716	-0.266025641025641
1717	-0.266025641025641
1718	-0.208974358974359
1719	-0.170512820512821
1722	-0.170512820512821
1723	-0.18974358974359
1724	-0.113461538461539
1725	-0.132692307692308
1726	-0.0756410256410258
1727	-0.0852564102564105
1728	0.0384615384615383
1729	-0.0282051282051284
1730	-0.0282051282051284
1731	-0.0570512820512822
1732	-0.0858974358974361
1733	-0.095512820512821
1734	-0.105128205128206
1735	-0.0858974358974361
1736	-0.0762820512820516
1737	-0.0666666666666668
1738	-0.133333333333333
1739	-0.161538461538462
1740	-0.161538461538462
1741	-0.208974358974359
1742	-0.294871794871795
1743	-0.266025641025641
1744	-0.208974358974359
1745	-0.237820512820513
1746	-0.190384615384615
1747	-0.219230769230769
1748	-0.333974358974359
1749	-0.371794871794872
1750	-0.276282051282052
1751	-0.276282051282052
1752	-0.276282051282052
1753	-0.266666666666667
1754	-0.352564102564103
1755	-0.362179487179488
1756	-0.362179487179488
1757	-0.381410256410257
1774	-0.497435897435898
1775	-0.487820512820513
1776	-0.382692307692308
1777	-0.335256410256411
1778	-0.306410256410257
1779	-0.35448717948718
1780	-0.430769230769231
1781	-0.478205128205128
1782	-0.53525641025641
1783	-0.564102564102564
1784	-0.449358974358975
1785	-0.383333333333333
1786	-0.402564102564103
1787	-0.269230769230769
1788	-0.326923076923077
1789	-0.384615384615385
1790	-0.384615384615385
1791	-0.298717948717949
1792	-0.136538461538462
1793	-0.0314102564102567
1794	-0.0410256410256413
1795	-0.0884615384615388
1796	0.0833333333333333
1797	0.0544871794871791
1798	-0.0884615384615388
1799	0.00705128205128203
1800	0.0262820512820512
1801	0.00705128205128203
1802	-0.05
1803	-0.0307692307692311
1804	-0.0307692307692311
1805	-0.0115384615384617
1806	0.0839743589743587
1807	0.112820512820513
1808	0.132051282051282
1809	0.217948717948718
1810	0.217948717948718
1811	0.227564102564102
1812	0.180128205128205
1813	0.132692307692308
1814	0.113461538461538
1815	0.142307692307692
1816	0.228205128205128
1817	0.218589743589743
1818	0.294871794871794
1819	0.304487179487179
1820	0.323717948717948
1821	0.228846153846154
1822	0.171794871794871
1823	0.0384615384615383
1824	0.134615384615384
1825	0.192307692307692
1826	0.201923076923077
1827	0.106410256410256
1828	-0.0173076923076925
1829	-0.0839743589743591
1830	-0.0839743589743591
1831	-0.0743589743589745
1913	-0.256410256410257
1914	-0.266025641025641
1915	-0.28525641025641
1916	-0.294871794871795
1917	-0.314102564102564
1918	-0.0096153846153848
1919	-0.0096153846153848
1920	-0.0096153846153848
1921	-0.0192307692307694
1922	0.0762820512820512
1923	0.171153846153846
1924	0.151923076923077
1925	0.142307692307692
1926	0.151923076923077
1927	0.246794871794872
1928	0.112820512820513
1929	0.16025641025641
1930	0.0269230769230766
1931	0.046153846153846
1932	0.0557692307692306
1933	0.046153846153846
1934	0.141666666666666
1935	0.122435897435897
1936	0.132051282051282
1937	0.160897435897436
1938	0.198717948717948
1939	0.303205128205128
1940	0.312820512820513
1941	0.351282051282051
1942	0.332051282051282
1943	0.208333333333333
1944	0.189102564102564
1945	0.208333333333333
1946	0.275
1947	0.208333333333333
1948	0.198717948717948
1949	0.141666666666666
1950	0.132051282051282
1951	0.112820512820513
1952	0.303205128205128
1953	0.312820512820513
1954	0.0365384615384614
1955	0.0551282051282049
1956	0.0647435897435895
1957	0.0935897435897433
1958	-0.0115384615384617
1959	-0.0967948717948719
1960	-0.0967948717948719
1961	-0.116025641025641
1962	-0.068589743589744
1963	-0.163461538461539
1964	-0.144230769230769
1965	-0.182051282051282
1966	-0.0961538461538463
1967	0.00833333333333286
1968	0.0365384615384614
1969	0.0365384615384614
1970	0.0365384615384614
1971	-0.00192307692307714
1972	-0.00192307692307714
1973	-0.0878205128205134
1974	-0.13525641025641
1975	-0.287179487179487
1976	-0.267948717948718
1977	-0.296794871794872
1978	-0.210897435897436
1979	-0.278205128205128
1980	-0.278205128205128
1981	-0.240384615384615
1982	-0.307051282051282
1983	-0.268589743589744
1984	-0.268589743589744
1985	-0.278205128205128
1986	-0.163461538461539
1987	-0.0487179487179488
1988	-0.248717948717949
1989	-0.210897435897436
1990	-0.248717948717949
1991	-0.296153846153846
1992	-0.286538461538462
1993	-0.325
1994	-0.248717948717949
1995	-0.267948717948718
1996	-0.267948717948718
1997	-0.182051282051282
1998	-0.22948717948718
1999	-0.258333333333334
2000	-0.258333333333334
2001	-0.210897435897436
2002	-0.277564102564103
2003	-0.372435897435898
2004	-0.41025641025641
2005	-0.362820512820513
2006	-0.448717948717949
2007	-0.296153846153846
2008	-0.248717948717949
2009	-0.267948717948718
2010	-0.258333333333334
2011	-0.316025641025641
2012	-0.201923076923077
2013	-0.116025641025641
2014	-0.192307692307693
2015	-0.182692307692308
2016	-0.0967948717948719
2017	-0.125
2018	-0.134615384615385
2019	-0.144230769230769
2020	-0.125
2021	-0.0583333333333336
2022	-0.0487179487179488
2023	-0.163461538461539
2024	-0.0871794871794873
2025	-0.125
2026	-0.153846153846154
2027	-0.0679487179487182
2028	0.0749999999999997
2029	0.113461538461538
2030	0.266025641025641
2031	0.28525641025641
2032	0.208974358974359
2033	0.208974358974359
2034	0.237179487179487
2035	0.303846153846154
2036	0.332692307692308
2037	0.28525641025641
2038	0.342307692307692
2039	0.389743589743589
2040	0.408974358974359
2041	0.408974358974359
2042	0.418589743589743
2043	0.314102564102564
2044	0.257051282051282
2045	0.285897435897436
2046	0.305128205128205
2047	0.31474358974359
2048	0.219871794871795
2049	0.143589743589743
2050	0.162820512820513
2051	0.172435897435897
2052	0.0961538461538461
2053	0.0769230769230768
2054	0.0769230769230768
2055	0.0576923076923076
2056	0.0288461538461536
2057	0.0576923076923076
2058	-0.0666666666666668
2059	0.00961538461538458
2060	-0.0570512820512822
2061	0.0192307692307693
2062	0.181410256410256
2063	0.181410256410256
2064	0.0288461538461536
2065	0.0192307692307693
2066	-0.10448717948718
2067	-0.152564102564103
2068	-0.152564102564103
2069	-0.181410256410257
2070	-0.238461538461539
2071	-0.305128205128205
2072	-0.171794871794872
2073	-0.11474358974359
2074	-0.171794871794872
2075	-0.171794871794872
2076	-0.162179487179488
2077	-0.228846153846154
2078	-0.238461538461539
2079	-0.257692307692308
2080	-0.181410256410257
2081	-0.171794871794872
2082	-0.210256410256411
2083	-0.191025641025641
2084	-0.210256410256411
2085	-0.219871794871795
2086	-0.239102564102564
2087	-0.22948717948718
2088	-0.267948717948718
2089	-0.296794871794872
2090	-0.277564102564103
2091	-0.306410256410257
2092	-0.287179487179487
2093	-0.363461538461539
2094	-0.248717948717949
2095	-0.325
2096	-0.315384615384615
2097	-0.372435897435898
2159	-0.0461538461538463
2160	-0.160897435897436
2161	-0.151282051282052
2162	-0.141666666666667
2163	-0.151282051282052
2164	-0.180128205128205
2165	-0.0564102564102567
2166	0.0198717948717947
2167	-0.00897435897435916
2168	0.0487179487179484
2169	0.0198717948717947
2170	0.058333333333333
2171	0.0769230769230768
2172	0.0480769230769229
2173	0.0288461538461536
2174	0.11474358974359
2175	0.0480769230769229
2176	0.0576923076923076
2177	0.0480769230769229
2178	0.01025641025641
2179	-0.0282051282051284
2180	-0.0858974358974361
2181	-0.0762820512820516
2182	-0.0480769230769234
2183	-0.0480769230769234
2184	-0.0288461538461542
2185	-0.0673076923076923
2186	-0.162820512820513
2187	-0.22948717948718
2188	-0.182051282051282
2189	-0.0391025641025642
2190	-0.115384615384615
2191	-0.125
2192	-0.0865384615384617
2193	-0.0384615384615388
2194	-0.11474358974359
2195	-0.333974358974359
2196	-0.257692307692308
2197	-0.267307692307692
2198	-0.305769230769231
2199	-0.315384615384615
2200	-0.315384615384615
2201	-0.496794871794872
2203	-0.430128205128205
2204	-0.430128205128205
2205	-0.410897435897436
2206	-0.410897435897436
2207	-0.372435897435898
2208	-0.362820512820513
2209	-0.296153846153846
2210	-0.362820512820513
2211	-0.286538461538462
2212	-0.353205128205128
2213	-0.353205128205128
2214	-0.362820512820513
2215	-0.343589743589744
2216	-0.295512820512821
2217	-0.31474358974359
2218	-0.342948717948718
2219	-0.352564102564103
2220	-0.352564102564103
2221	-0.352564102564103
2222	-0.323717948717949
2223	-0.30448717948718
2262	-0.150641025641026
2263	-0.141025641025641
2272	-0.16025641025641
2273	-0.150641025641026
2274	-0.198717948717949
2275	-0.208333333333334
2276	-0.266025641025641
2277	-0.275641025641026
2280	-0.30448717948718
2281	-0.333333333333333
2282	-0.31474358974359
2283	-0.305128205128205
2284	-0.333974358974359
2285	-0.343589743589744
2286	-0.381410256410257
2287	-0.343589743589744
2288	-0.419871794871795
2289	-0.419871794871795
2290	-0.419871794871795
2291	-0.419871794871795
2293	-0.391666666666667
2294	-0.382051282051282
2295	-0.372435897435898
2296	-0.305769230769231
2297	-0.248717948717949
2298	-0.325
2299	-0.334615384615385
2300	-0.353846153846154
2301	-0.373076923076923
2302	-0.306410256410257
2303	-0.325641025641026
2304	-0.35448717948718
2305	-0.392307692307693
2306	-0.296794871794872
2307	-0.344871794871795
2308	-0.316025641025641
2309	-0.306410256410257
2310	-0.210897435897436
2311	-0.230128205128205
2312	-0.125
2313	-0.115384615384615
2314	-0.0391025641025642
2315	-0.0961538461538463
2316	-0.201282051282052
2317	-0.191666666666667
2318	-0.200641025641026
2319	-0.152564102564103
2320	-0.123717948717949
2321	-0.0852564102564105
2322	-0.0756410256410258
2323	0.000641025641025417
2324	0.0294871794871794
2325	-0.00897435897435916
2326	-0.00897435897435916
2327	0.267307692307692
2328	0.286538461538461
2329	0.133974358974359
2330	0.153205128205128
2331	0.153205128205128
2332	0.0673076923076922
2333	0.000641025641025417
2334	-0.0282051282051284
2335	-0.0666666666666668
2336	-0.0378205128205131
2337	-0.0378205128205131
2338	-0.0852564102564105
2339	-0.0948717948717951
2340	-0.0852564102564105
2341	-0.123717948717949
2342	-0.2
2343	-0.151923076923077
2344	-0.180769230769231
2345	-0.151923076923077
2346	-0.218589743589744
2347	-0.18974358974359
2348	-0.237179487179487
2349	-0.141666666666667
2350	-0.198717948717949
2351	-0.17948717948718
2352	-0.17948717948718
2353	-0.122435897435898
2354	-0.132051282051282
2355	-0.151282051282052
2356	-0.18974358974359
2357	-0.180128205128205
2358	-0.123076923076923
2359	-0.18974358974359
2360	-0.160897435897436
2361	-0.122435897435898
2362	-0.0750000000000003
2363	-0.227564102564103
2364	-0.170512820512821
2365	-0.0846153846153849
2366	-0.0275641025641028
2367	-0.0179487179487182
2368	0.0108974358974356
2369	0.00128205128205106
2370	0.0397435897435895
2371	0.0108974358974356
2372	-0.00833333333333364
2373	0.00128205128205106
2374	0.0775641025641023
2375	0.134615384615384
2376	0.0679487179487177
2377	0.0775641025641023
2378	0.0679487179487177
2379	0.0961538461538461
2380	0.0487179487179484
2381	0.0391025641025639
2382	0.0294871794871794
2383	-0.0185897435897439
2384	-0.0185897435897439
2385	-0.0948717948717951
2386	0.0288461538461536
2387	0
2388	0.105128205128205
2389	0.0480769230769229
2390	0.00961538461538458
2391	-0.0288461538461542
2392	0.00961538461538458
2393	-0.0288461538461542
2394	-0.143589743589744
2395	-0.219871794871795
2396	-0.305769230769231
2397	-0.248717948717949
2398	-0.286538461538462
2399	-0.41025641025641
2463	-0.160897435897436
2464	-0.0942307692307695
2465	-0.170512820512821
2466	-0.18974358974359
2467	-0.208974358974359
2468	-0.228205128205128
2469	-0.256410256410257
2470	-0.275641025641026
2471	-0.342948717948718
2472	-0.314102564102564
2473	-0.28525641025641
2474	-0.199358974358975
2475	-0.199358974358975
2476	-0.275641025641026
2477	-0.28525641025641
2478	-0.218589743589744
2479	-0.228205128205128
2480	-0.228205128205128
2481	-0.247435897435897
2482	-0.257051282051282
2483	-0.209615384615385
2484	-0.181410256410257
2485	-0.162179487179488
2486	-0.0858974358974361
2487	-0.0294871794871796
2488	-0.201282051282052
2489	-0.191666666666667
2490	-0.248717948717949
2491	-0.239102564102564
2492	-0.172435897435898
2493	-0.172435897435898
2494	-0.277564102564103
2495	-0.277564102564103
2496	-0.23974358974359
2497	-0.220512820512821
2498	-0.287179487179487
2499	-0.382051282051282
2500	-0.362820512820513
2501	-0.286538461538462
2502	-0.248076923076923
2503	-0.267307692307692
2504	-0.267307692307692
2505	-0.286538461538462
2506	-0.267307692307692
2507	-0.228846153846154
2508	-0.248076923076923
2509	-0.238461538461539
2510	-0.305128205128205
2511	-0.305128205128205
2512	-0.238461538461539
2513	-0.238461538461539
2514	-0.285897435897436
2515	-0.343589743589744
2516	-0.362820512820513
2517	-0.343589743589744
2518	-0.362820512820513
2519	-0.419871794871795
2547	-0.294871794871795
2548	-0.294871794871795
2549	-0.30448717948718
2550	-0.228205128205128
2551	0.0294871794871794
2552	0.0294871794871794
2553	0.01025641025641
2554	0.0961538461538461
2555	0.162820512820513
2556	0.229487179487179
2557	0.276923076923077
2558	0.257692307692308
2559	0.41025641025641
2560	0.419871794871795
2561	0.315384615384615
2562	0.315384615384615
2563	0.305769230769231
2564	0.296153846153846
2565	0.325
2566	0.277564102564102
2567	0.296794871794872
2568	0.249358974358974
2569	0.258974358974359
2570	0.278205128205128
2571	0.287820512820513
2572	0.249358974358974
2573	0.258974358974359
2574	0.230128205128205
2575	0.23974358974359
2576	0.316025641025641
2577	0.344871794871795
2578	0.278205128205128
2579	0.258974358974359
2580	0.249358974358974
2581	0.230128205128205
2582	0.325641025641025
2583	0.249358974358974
2584	0.192307692307692
2585	0.258974358974359
2586	0.268589743589744
2587	0.0685897435897435
2588	0.116666666666667
2589	0.183333333333333
2590	0.135897435897436
2591	0.0788461538461537
2592	0.135897435897436
2593	0.0788461538461537
2594	0.0499999999999999
2595	-0.102564102564103
2596	-0.0743589743589745
2597	-0.0647435897435898
2598	-0.035897435897436
2599	-0.102564102564103
2600	-0.0166666666666667
2601	-0.0647435897435898
2602	-0.0839743589743591
2603	-0.0935897435897438
2604	-0.0935897435897438
2605	-0.0839743589743591
2606	-0.0935897435897438
2607	-0.0935897435897438
2608	-0.0269230769230772
2609	0.0397435897435895
2610	0.0878205128205125
2611	0.164102564102564
2612	0.0878205128205125
2613	0.0974358974358973
2614	0.183333333333333
2615	0.326282051282051
2616	0.230769230769231
2617	0.240384615384615
2618	0.297435897435897
2619	0.287820512820513
2620	0.258974358974359
2621	0.173076923076923
2622	0.0679487179487177
2623	0.0391025641025639
2624	-0.00897435897435916
2625	-0.0660256410256412
2626	-0.0948717948717951
2627	-0.171153846153846
2628	-0.237820512820513
2629	-0.218589743589744
2630	-0.18974358974359
2631	-0.151282051282052
2632	-0.17948717948718
2633	-0.198717948717949
2634	-0.227564102564103
2635	-0.246794871794872
2669	-0.217948717948718
2670	-0.208333333333334
2671	-0.208333333333334
2672	-0.122435897435898
2673	-0.0846153846153849
2674	-0.132692307692308
2675	-0.151923076923077
2676	-0.114102564102564
2677	-0.105128205128206
2678	-0.0666666666666668
2679	0.0666666666666667
2680	0.0762820512820512
2681	0.0666666666666667
2682	0.0282051282051279
2683	0.0378205128205125
2684	0.0282051282051279
2685	0.0282051282051279
2686	-0.0102564102564104
2687	-0.0391025641025642
2688	-0.0108974358974363
2689	-0.0301282051282055
2690	-0.0205128205128209
2691	-0.0493589743589748
2692	-0.068589743589744
2693	0.0269230769230766
2694	0.0653846153846152
2695	0.00833333333333286
2696	-0.0294871794871796
2697	-0.0102564102564104
2698	0.00833333333333286
2699	0.0275641025641022
2700	0.0179487179487177
2701	0.0749999999999997
2702	0.103846153846154
2703	0.123076923076923
2704	0.056410256410256
2705	-0.000641025641025639
2706	-0.0102564102564104
2707	-0.000641025641025639
2708	-0.0961538461538463
2709	-0.124358974358975
2710	-0.105128205128206
2711	-0.105128205128206
2712	-0.142948717948718
2713	-0.161538461538462
2714	-0.0852564102564105
2715	-0.218589743589744
2716	-0.323717948717949
2717	-0.237820512820513
2718	-0.199358974358975
2719	-0.28525641025641
2720	-0.237820512820513
2721	-0.257051282051282
2722	-0.228205128205128
2723	-0.323717948717949
2743	-0.275641025641026
2744	-0.199358974358975
2745	-0.199358974358975
2746	-0.170512820512821
2747	-0.151282051282052
2748	-0.0942307692307695
2749	-0.123076923076923
2750	-0.266666666666667
2751	-0.266666666666667
2752	-0.161538461538462
2753	-0.228205128205128
2754	-0.218589743589744
2755	-0.199358974358975
2756	-0.103846153846154
2757	-0.103846153846154
2758	-0.123076923076923
2759	-0.00833333333333364
2760	-0.00833333333333364
2761	0.0397435897435895
2762	0.0589743589743588
2763	0.0685897435897435
2764	0.107051282051282
2765	0.078205128205128
2766	0.0878205128205125
2767	0.144871794871795
2768	0.221153846153846
2769	0.297435897435897
2770	0.297435897435897
2771	0.287820512820513
2772	0.411538461538461
2773	0.525641025641025
2774	0.410897435897436
2775	0.210897435897436
2776	0.248717948717948
2777	0.296153846153846
2778	0.200641025641025
2779	0.219871794871795
2780	0.172435897435897
2781	0.286538461538461
2782	0.31474358974359
2783	0.371794871794872
2784	0.362179487179487
2785	0.438461538461538
2786	0.600641025641025
2787	0.591025641025641
2788	0.533974358974359
2789	0.619871794871795
2790	0.600641025641025
2791	0.648076923076923
2792	0.514743589743589
2793	0.533974358974359
2794	0.533974358974359
2795	0.457692307692308
2796	0.438461538461538
2797	0.409615384615384
2798	0.476282051282051
2799	0.619230769230769
2800	0.628205128205128
2801	0.646794871794871
2802	0.646794871794871
2803	0.512820512820513
2804	0.512820512820513
2805	0.493589743589743
2806	0.503205128205128
2807	0.474358974358974
2808	0.303205128205128
2809	0.189102564102564
2810	0.208333333333333
2811	0.198717948717948
2812	0.141666666666666
2813	0.0749999999999997
2814	0.132051282051282
2815	0.046153846153846
2816	0.046153846153846
2817	-0.0583333333333336
2818	-0.105769230769231
2819	-0.172435897435898
2820	-0.172435897435898
2821	-0.210256410256411
2822	-0.343589743589744
2823	-0.31474358974359
2824	-0.343589743589744
2825	-0.286538461538462
2826	-0.191025641025641
2827	-0.238461538461539
2828	-0.162179487179488
2829	-0.171794871794872
2830	-0.181410256410257
2831	-0.181410256410257
2832	-0.162179487179488
2833	-0.0762820512820516
2834	-0.133333333333333
2835	-0.266666666666667
2836	-0.314102564102564
2848	-0.323717948717949
2849	-0.342948717948718
2855	-0.362179487179488
2868	-0.41025641025641
2871	-0.439102564102564
2872	-0.458333333333334
2873	-0.420512820512821
2874	-0.43974358974359
2875	-0.220512820512821
2876	-0.144230769230769
2877	-0.153846153846154
2878	-0.0961538461538463
2879	0.0948717948717943
2880	0.0948717948717943
2881	0.190384615384615
2882	0.2
2883	0.257051282051282
2884	0.248076923076923
2885	0.276923076923077
2886	0.286538461538461
2887	0.439102564102564
2888	0.458333333333333
2889	0.467948717948718
2890	0.544230769230769
2891	0.487179487179487
2892	0.496794871794872
2893	0.534615384615384
2894	0.648717948717948
2895	0.648717948717948
2896	0.667948717948718
2897	0.715384615384615
2898	0.782051282051282
2899	0.706410256410256
2900	0.810897435897436
2901	0.849358974358974
2902	0.868589743589743
2903	0.821153846153846
2904	0.658974358974359
2905	0.678205128205128
2906	0.773717948717949
2907	0.697435897435897
2908	0.812179487179487
2909	0.755128205128205
2910	0.76474358974359
2911	0.574358974358974
2912	0.488461538461538
2913	0.469871794871795
2914	0.383974358974359
2915	0.26025641025641
2916	0.289102564102564
2917	0.375
2918	0.441666666666667
2919	0.365384615384615
2920	0.326923076923077
2921	0.346153846153846
2922	0.326923076923077
2923	0.183974358974359
2924	0.174358974358974
2925	0.174358974358974
2926	0.107692307692308
2927	0.107692307692308
2928	0.117307692307692
2929	0.126923076923077
2930	0.0224358974358972
2931	0.0891025641025639
2932	0.0794871794871793
2933	0.0224358974358972
2935	0.0224358974358972
2945	-0.044871794871795
2946	0.098076923076923
2947	0.298076923076923
2948	0.383974358974359
2949	0.374358974358974
2950	0.36474358974359
2951	0.326282051282051
2952	0.268589743589744
2953	0.192307692307692
2954	0.116025641025641
2955	0.192307692307692
2956	0.211538461538461
2957	0.173076923076923
2958	0.163461538461538
2959	0.182692307692308
2960	0.125641025641025
2961	0.210897435897436
2962	0.239102564102564
2963	0.239102564102564
2964	0.286538461538461
2965	0.239102564102564
2966	0.229487179487179
2967	0.229487179487179
2968	0.182051282051282
2969	0.201282051282051
2970	0.210897435897436
2971	0.163461538461538
2972	0.163461538461538
2973	0.363461538461538
2974	0.373076923076923
2975	0.43974358974359
2976	0.506410256410256
2977	0.544230769230769
2978	0.496794871794872
2979	0.573076923076923
2980	0.582692307692308
2981	0.449358974358974
2982	0.363461538461538
2983	0.210897435897436
2984	0.144230769230769
2985	0.210897435897436
2986	0.22051282051282
2987	0.23974358974359
2988	0.258974358974359
2989	0.201923076923077
2990	0.278205128205128
2991	0.211538461538461
2992	0.173076923076923
2993	0.211538461538461
2994	0.278205128205128
2995	0.316025641025641
2996	0.296794871794872
2997	0.278205128205128
2998	0.316666666666667
2999	0.307051282051282
3000	0.25
3001	0.326282051282051
3002	0.373717948717948
3003	0.373717948717948
3004	0.487820512820513
3005	0.573076923076923
3006	0.696794871794872
3007	0.810897435897436
3008	0.82051282051282
3009	0.687179487179487
3010	0.744230769230769
3011	0.763461538461538
3012	0.687179487179487
3013	0.696794871794872
3014	0.687179487179487
3015	0.630128205128205
3016	0.601282051282051
3017	0.677564102564102
3018	0.610897435897436
3019	0.553846153846154
3020	0.601282051282051
3021	0.515384615384615
3022	0.572435897435897
3023	0.619871794871795
3024	0.743589743589743
3025	0.81025641025641
3026	0.829487179487179
3027	0.896153846153846
3028	0.934615384615384
3029	0.925
3030	0.944230769230769
3031	0.925641025641025
3032	1.01153846153846
3033	1.01153846153846
3034	0.925641025641025
3035	1.00192307692308
3036	0.992307692307692
3037	0.906410256410256
3038	0.916025641025641
3039	0.93525641025641
3040	0.801923076923077
3041	0.792948717948718
3042	0.669230769230769
3043	0.726282051282051
3044	0.640384615384615
3045	0.544871794871795
3046	0.497435897435897
3047	0.382692307692308
3048	0.421153846153846
3049	0.573717948717949
3050	0.592948717948718
3051	0.592948717948718
3052	0.612179487179487
3053	0.555128205128205
3054	0.555128205128205
3055	0.54551282051282
3056	0.56474358974359
3057	0.593589743589743
3058	0.632051282051282
3059	0.67051282051282
3060	0.632692307692308
3061	0.641666666666667
3062	0.641666666666667
3063	0.565384615384615
3064	0.575
3065	0.594230769230769
3066	0.489102564102564
3067	0.498717948717948
3068	0.412820512820513
3069	0.403205128205128
3070	0.432051282051282
3071	0.355769230769231
3072	0.355769230769231
3073	0.375
3074	0.317948717948718
3075	0.317948717948718
3076	0.412820512820513
3077	0.441025641025641
3078	0.469230769230769
3079	0.278846153846154
3080	0.288461538461538
3081	0.288461538461538
3082	0.298076923076923
3083	0.393589743589744
3084	0.393589743589744
3085	0.193589743589743
3086	0.174358974358974
3087	0.174358974358974
3088	0.355128205128205
3089	0.374358974358974
3090	0.392948717948718
3091	0.469230769230769
3092	0.412179487179487
3093	0.402564102564102
3094	0.335897435897436
3095	0.392948717948718
3096	0.402564102564102
3097	0.298076923076923
3098	0.269230769230769
3099	0.412179487179487
3100	0.421794871794871
3101	0.392948717948718
3102	0.488461538461538
3103	0.45
3104	0.469230769230769
3105	0.56474358974359
3106	0.56474358974359
3107	0.56474358974359
3108	0.631410256410256
3109	0.688461538461538
3110	0.688461538461538
3111	0.612179487179487
3112	0.593589743589743
3113	0.565384615384615
3114	0.546794871794871
3115	0.632692307692308
3116	0.651923076923077
3117	0.671153846153846
3118	0.651923076923077
3119	0.594871794871795
3120	0.537179487179487
3121	0.632051282051282
3122	0.784615384615384
3123	0.784615384615384
3124	0.623076923076923
3125	0.632692307692308
3126	0.747435897435897
3127	0.661538461538461
3128	0.68974358974359
3129	0.68974358974359
3130	0.623076923076923
3131	0.460897435897436
3132	0.537179487179487
3133	0.537179487179487
3134	0.642307692307692
3135	0.480128205128205
3136	0.546794871794871
3137	0.546794871794871
3138	0.480128205128205
3139	0.480128205128205
3140	0.48974358974359
3141	0.48974358974359
3142	0.480128205128205
3143	0.499358974358974
3144	0.499358974358974
3145	0.499358974358974
3146	0.499358974358974
3147	0.499358974358974
3148	0.499358974358974
3149	0.499358974358974
3150	0.556410256410256
3151	0.48974358974359
3152	0.48974358974359
3153	0.394230769230769
3154	0.394230769230769
3155	0.394230769230769
3156	0.442307692307692
3157	0.404487179487179
3158	0.261538461538461
3159	0.251923076923077
3160	0.261538461538461
3161	0.261538461538461
3162	0.18525641025641
3163	0.194871794871795
3164	0.147435897435897
3165	0.147435897435897
3166	0.128205128205128
3167	0.223717948717949
3202	0.0320512820512819
3204	0.0128205128205127
3205	0.0416666666666666
3206	0.0320512820512819
3211	0.117948717948718
3212	0.0512820512820511
3213	0.117948717948718
3214	0.0608974358974358
3215	0.0705128205128204
3216	0.137179487179487
3217	0.0608974358974358
3223	0.0506410256410255
3224	0.0217948717948716
3225	0.117307692307692
3226	0.117307692307692
3227	0.0884615384615383
3228	0.0788461538461537
3229	0.0884615384615383
3230	0.0788461538461537
3231	0.0788461538461537
3232	0.0307692307692307
3233	-0.0166666666666667
3234	0.012179487179487
3235	0.012179487179487
3236	-0.0641025641025643
3237	0.00256410256410233
3238	-0.0256410256410258
3239	-0.0160256410256412
3240	-0.0064102564102565
3241	-0.0064102564102565
3242	-0.0064102564102565
3243	0.0602564102564102
3244	0.0506410256410255
3245	0.0410256410256409
3246	0.0410256410256409
3247	-0.0256410256410258
3248	0.0410256410256409
3249	0.0314102564102563
3250	0.012179487179487
3251	0.107692307692308
3252	0.0506410256410255
3253	0.0314102564102563
3254	-0.00705128205128225
3255	0.012179487179487
3256	0.0217948717948716
3257	0.0794871794871793
3258	0.0698717948717947
3270	-0.0839743589743591
3271	-0.0743589743589745
3272	-0.0551282051282053
3273	-0.121794871794872
3274	-0.0647435897435898
3275	-0.0743589743589745
3276	-0.0743589743589745
3277	-0.0935897435897438
3278	-0.0839743589743591
3279	-0.169871794871795
3280	0.030128205128205
3281	-0.00833333333333364
3282	-0.00833333333333364
3283	-0.0750000000000003
3284	-0.151282051282052
3285	-0.208333333333334
3286	-0.198717948717949
3322	-0.0544871794871796
3323	-0.044871794871795
3324	-0.044871794871795
3325	-0.0544871794871796
3326	-0.0544871794871796
3327	-0.0256410256410258
3328	-0.0544871794871796
3329	-0.0641025641025643
3330	-0.0544871794871796
3331	-0.0544871794871796
3332	-0.0544871794871796
3333	0.012179487179487
3334	0.0788461538461537
3335	0.0596153846153844
3336	0.069230769230769
3337	0.069230769230769
3338	0.0788461538461537
3339	0.107692307692308
3340	0.0506410256410255
3341	0.00320512820512808
3342	0.00320512820512808
3343	0.00320512820512808
3344	0.00320512820512808
3345	0.0506410256410255
3346	0.0320512820512819
3347	0.0128205128205127
3363	0.0320512820512819
3364	0.080128205128205
3365	0.0608974358974358
3366	0.0512820512820511
3367	0.0608974358974358
3368	0.0705128205128204
3369	0.0416666666666666
3370	0.0416666666666666
3371	0.0987179487179486
3372	0.0698717948717947
3373	0.0602564102564102
3374	0.117307692307692
3375	0.26025641025641
3376	0.269871794871795
3377	0.317307692307692
3378	0.317307692307692
3379	0.317307692307692
3380	0.317307692307692
3381	0.221794871794872
3382	0.202564102564102
3383	0.155128205128205
3384	0.193589743589743
3385	0.231410256410256
3386	0.250641025641025
3387	0.241025641025641
3388	0.26025641025641
3389	0.193589743589743
3390	0.279487179487179
3391	0.250641025641025
3392	0.241025641025641
3393	0.289102564102564
3394	0.146153846153846
3395	0.155769230769231
3396	0.0794871794871793
3397	0.0794871794871793
3398	0.0410256410256409
3399	-0.0064102564102565
3400	-0.0256410256410258
3401	-0.0256410256410258
3402	-0.0352564102564104
3403	-0.0352564102564104
3404	-0.044871794871795
3458	-0.141025641025641
3459	-0.16025641025641
3461	-0.198717948717949
3462	-0.208333333333334
3463	-0.132051282051282
3464	-0.122435897435898
3465	-0.103205128205128
3466	-0.122435897435898
3467	-0.132051282051282
3468	-0.122435897435898
3469	-0.122435897435898
3470	-0.103205128205128
3471	-0.112820512820513
3472	-0.112820512820513
3473	-0.0839743589743591
3474	-0.103205128205128
3475	-0.0935897435897438
3476	-0.169871794871795
3477	-0.0647435897435898
3478	-0.0929487179487181
3479	-0.102564102564103
3480	-0.0929487179487181
3481	-0.035897435897436
3482	0.13525641025641
3483	0.13525641025641
3484	0.116025641025641
3485	0.13525641025641
3486	0.173076923076923
3487	0.22051282051282
3488	0.296794871794872
3489	0.22051282051282
3490	0.210897435897436
3491	0.172435897435897
3492	0.143589743589743
3493	0.153205128205128
3494	0.0391025641025639
3495	0.0487179487179484
3496	0.115384615384615
3497	0.182051282051282
3498	0.191666666666666
3499	0.125
3500	0.115384615384615
3501	0.115384615384615
3502	0.182051282051282
3503	0.191666666666666
3504	0.182051282051282
3505	0.200641025641025
3506	0.200641025641025
3507	0.191025641025641
3508	0.171794871794871
3509	0.142948717948718
3510	0.0858974358974359
3511	0.105128205128205
3512	0.0955128205128203
3513	0.00961538461538458
3514	-0.0096153846153848
3515	-0.0288461538461542
3516	-0.0096153846153848
3517	-0.095512820512821
3518	-0.247435897435897
3519	-0.228205128205128
3520	-0.123076923076923
3521	-0.151923076923077
3522	-0.294871794871795
3526	-0.323717948717949
3527	-0.323717948717949
3528	-0.294871794871795
3529	-0.199358974358975
3530	-0.208974358974359
3531	-0.151923076923077
3532	-0.218589743589744
3547	-0.371794871794872
3548	-0.31474358974359
3549	-0.362179487179488
3550	-0.285897435897436
3551	-0.31474358974359
3552	-0.248076923076923
3553	-0.105128205128206
3554	-0.105128205128206
3555	-0.0096153846153848
3556	-0.0384615384615388
3557	-0.0192307692307694
3558	0.0288461538461536
3559	0.0192307692307693
3560	-0.0378205128205131
3561	0.000641025641025417
3562	-0.0371794871794873
3563	0.00128205128205106
3564	0.210897435897436
3565	0.172435897435897
3566	0.182051282051282
3567	0.172435897435897
3568	0.182051282051282
3569	0.162820512820513
3570	0.229487179487179
3571	0.276923076923077
3572	0.31474358974359
3573	0.428846153846154
3574	0.409615384615384
3575	0.428846153846154
3576	0.381410256410256
3577	0.438461538461538
3578	0.448076923076923
3579	0.438461538461538
3580	0.485897435897436
3581	0.428846153846154
3582	0.49551282051282
3583	0.448076923076923
3584	0.686538461538461
3585	0.667307692307692
3586	0.562179487179487
3587	0.600641025641025
3588	0.600641025641025
3589	0.438461538461538
3590	0.428846153846154
3591	0.466666666666667
3592	0.380769230769231
3593	0.342307692307692
3594	0.332692307692308
3595	0.313461538461538
3596	0.37051282051282
3597	0.446794871794872
3598	0.437179487179487
3599	0.503846153846154
3600	0.294230769230769
3601	0.284615384615384
3602	0.284615384615384
3603	0.237179487179487
3604	0.179487179487179
3605	0.179487179487179
3606	0.103205128205128
3607	0.0269230769230766
3608	-0.106410256410257
3609	-0.173076923076923
3610	-0.163461538461539
3611	-0.182692307692308
3612	-0.173076923076923
3613	-0.23974358974359
3614	-0.201282051282052
3615	-0.201282051282052
3616	-0.267948717948718
3617	-0.144230769230769
3618	-0.191666666666667
3619	-0.210897435897436
3620	-0.496794871794872
3621	-0.467948717948718
3622	-0.439102564102564
3623	-0.382051282051282
3624	-0.458333333333334
3625	-0.439102564102564
3626	-0.382051282051282
3631	-0.391025641025641
3632	-0.41025641025641
3633	-0.448717948717949
3634	-0.42948717948718
3638	-0.42948717948718
3639	-0.41025641025641
3640	-0.371794871794872
3641	-0.295512820512821
3642	-0.180769230769231
3643	-0.161538461538462
3644	-0.142307692307692
3645	-0.180128205128205
3646	-0.170512820512821
3647	-0.18974358974359
3648	-0.142307692307692
3649	-0.132692307692308
3650	-0.161538461538462
3651	-0.113461538461539
3652	-0.00833333333333364
3653	-0.0846153846153849
3654	-0.103846153846154
3655	-0.0942307692307695
3656	-0.0275641025641028
3657	0.0198717948717947
3658	0.0294871794871794
3659	-0.0275641025641028
3660	-0.00833333333333364
3661	0.0108974358974356
3662	-0.0750000000000003
3663	-0.0750000000000003
3664	-0.0942307692307695
3665	0.0205128205128203
3666	-0.0179487179487182
3667	-0.0942307692307695
3668	-0.141666666666667
3669	-0.169871794871795
3670	-0.17948717948718
3671	-0.17948717948718
3672	-0.0839743589743591
3673	-0.141025641025641
3726	-0.227564102564103
3727	-0.266025641025641
3728	-0.266025641025641
3731	-0.170512820512821
3732	-0.18974358974359
3733	-0.113461538461539
3734	-0.123076923076923
3735	-0.0846153846153849
3736	-0.0461538461538463
3737	-0.0365384615384616
3738	-0.0461538461538463
3739	-0.0750000000000003
3740	0.00128205128205106
3741	0.0205128205128203
3742	0.00128205128205106
3743	0.0967948717948717
3744	0.116025641025641
3745	0.125641025641025
3746	0.0967948717948717
3747	0.125641025641025
3748	0.0493589743589742
3749	0.030128205128205
3750	0.0205128205128203
3751	0.0397435897435895
3752	0.087179487179487
3753	0.030128205128205
3754	0.0878205128205125
3755	0.0115384615384614
3756	0.00192307692307681
3757	0.030128205128205
3758	0.0108974358974356
3759	0.0775641025641023
3760	0.153846153846154
3761	0.115384615384615
3762	0.153205128205128
3763	0.229487179487179
3764	0.325
3765	0.544230769230769
3766	0.496153846153846
3767	0.553205128205128
3768	0.639102564102564
3769	0.543589743589743
3770	0.553205128205128
3771	0.591025641025641
3772	0.591025641025641
3773	0.562179487179487
3774	0.523717948717948
3775	0.457051282051282
3776	0.361538461538461
3777	0.342307692307692
3778	0.256410256410256
3779	0.246794871794872
3780	0.275
3781	0.255769230769231
3782	0.380128205128205
3783	0.265384615384615
3784	0.265384615384615
3785	0.265384615384615
3786	0.265384615384615
3787	0.236538461538461
3788	0.189102564102564
3789	0.246153846153846
3790	0.226923076923077
3791	0.226923076923077
3792	0.293589743589743
3793	0.312820512820513
3794	0.312820512820513
3795	0.332051282051282
3796	0.303205128205128
3797	0.398717948717948
3798	0.303846153846154
3799	0.313461538461538
3800	0.237179487179487
3801	0.0371794871794868
3802	0.0852564102564097
3803	-0.0192307692307694
3804	-0.105128205128206
3805	-0.181410256410257
3806	-0.162179487179488
3807	-0.190384615384615
3808	-0.123717948717949
3809	-0.123717948717949
3810	-0.0948717948717951
3811	-0.0185897435897439
3812	-0.0282051282051284
3813	0.0576923076923076
3814	0.105769230769231
3815	-0.00897435897435916
3816	0.0198717948717947
3817	0.0865384615384615
3818	-0.0371794871794873
3819	0.0487179487179484
3820	0.0775641025641023
3821	0.116025641025641
3822	0.13525641025641
3823	0.13525641025641
3824	0.211538461538461
3825	0.278205128205128
3826	0.221153846153846
3827	0.240384615384615
3828	0.240384615384615
3829	0.183333333333333
3830	0.192948717948718
3831	0.135897435897436
3832	0.278846153846154
3833	0.192948717948718
3834	0.192948717948718
3835	0.107051282051282
3836	0.0974358974358973
3837	0.0878205128205125
3838	0.125641025641025
3839	0.030128205128205
3840	0.0205128205128203
3841	0.125641025641025
3842	0.23974358974359
3843	0.191666666666666
3844	0.315384615384615
3845	0.344230769230769
3846	0.344230769230769
3847	0.239102564102564
3848	0.363461538461538
3849	0.267948717948718
3850	0.258333333333333
3851	0.296794871794872
3852	0.210897435897436
3853	0.144230769230769
3854	0.0198717948717947
3855	0.01025641025641
3856	-0.0185897435897439
3857	-0.0282051282051284
3858	-0.0570512820512822
3859	-0.0570512820512822
3860	-0.191025641025641
3861	-0.181410256410257
3862	-0.105128205128206
3863	-0.133974358974359
3864	-0.181410256410257
3865	-0.171794871794872
3866	-0.191025641025641
3867	-0.191025641025641
3868	-0.381410256410257
3869	-0.219230769230769
3870	-0.181410256410257
3871	-0.152564102564103
3872	-0.0666666666666668
3873	-0.0282051282051284
3874	0.01025641025641
3875	0.058333333333333
3876	0.0775641025641023
3877	-0.0179487179487182
3878	-0.141666666666667
3879	-0.103205128205128
3895	-0.198717948717949
3896	-0.141025641025641
3903	-0.150641025641026
3904	-0.16025641025641
3918	-0.256410256410257
3919	-0.199358974358975
3920	-0.228205128205128
3921	-0.218589743589744
3922	-0.208974358974359
3923	-0.257051282051282
3924	-0.276282051282052
3925	-0.266666666666667
3926	-0.276282051282052
3927	-0.257051282051282
3928	-0.114102564102564
3929	-0.114102564102564
3930	-0.152564102564103
3931	-0.237820512820513
3932	-0.237820512820513
3933	-0.114102564102564
3934	-0.0570512820512822
3935	-0.0666666666666668
3936	0.00961538461538458
3937	0.0955128205128203
3938	0.0762820512820512
3939	0.0192307692307693
3940	0.0288461538461536
3941	-0.0762820512820516
3942	-0.142948717948718
3943	-0.162179487179488
3944	-0.191025641025641
3945	-0.239102564102564
3946	-0.248717948717949
3947	-0.316025641025641
3948	-0.316666666666667
3949	-0.36474358974359
3950	-0.288461538461539
3951	-0.26025641025641
3952	-0.403846153846154
3953	-0.394230769230769
3954	-0.441666666666667
3955	-0.394230769230769
3956	-0.384615384615385
3957	-0.384615384615385
3958	-0.394230769230769
3959	-0.375
3960	-0.355769230769231
3961	-0.432051282051282
3962	-0.451282051282052
3963	-0.460897435897436
3964	-0.603846153846154
3965	-0.603846153846154
3966	-0.565384615384616
3967	-0.575
3968	-0.565384615384616
3969	-0.67948717948718
4026	-0.238461538461539
4027	-0.181410256410257
4028	-0.285897435897436
4029	-0.2
4030	-0.161538461538462
4031	-0.161538461538462
4032	-0.114102564102564
4033	-0.133333333333333
4034	-0.0858974358974361
4035	-0.0570512820512822
4036	0
4037	-0.0570512820512822
4038	-0.0858974358974361
4039	-0.114102564102564
4040	-0.142948717948718
4041	-0.162179487179488
4042	-0.0288461538461542
4043	0.00897435897435872
4044	0.0185897435897433
4045	0.0474358974358973
4046	0.0948717948717943
4047	0.104487179487179
4048	0.0852564102564097
4049	0.0852564102564097
4050	0.104487179487179
4051	0.0948717948717943
4052	0.0467948717948714
4053	-0.000641025641025639
4054	0.00897435897435872
4055	0.00897435897435872
4056	0.0282051282051279
4057	0.0852564102564097
4058	0.0660256410256408
4059	0.151923076923077
4060	0.171153846153846
4061	0.0282051282051279
4062	-0.152564102564103
4063	-0.219230769230769
4064	-0.238461538461539
4065	-0.31474358974359
4066	-0.295512820512821
4067	-0.295512820512821
4068	-0.352564102564103
4069	-0.238461538461539
4070	-0.162179487179488
4071	-0.124358974358975
4072	-0.181410256410257
4073	-0.172435897435898
4074	-0.143589743589744
4075	-0.163461538461539
4076	-0.210897435897436
4077	-0.287179487179487
4078	-0.410897435897436
4079	-0.458333333333334
4080	-0.439102564102564
4081	-0.448717948717949
4082	-0.448717948717949
4083	-0.391666666666667
4084	-0.362820512820513
4085	-0.420512820512821
4086	-0.43974358974359
4087	-0.410897435897436
4088	-0.401282051282052
4089	-0.410897435897436
4090	-0.410897435897436
4091	-0.325
4092	-0.287179487179487
4093	-0.353846153846154
4094	-0.296794871794872
4095	-0.363461538461539
4096	-0.353846153846154
4097	-0.334615384615385
4098	-0.316025641025641
4099	-0.316025641025641
4100	-0.258974358974359
4101	-0.201282051282052
4102	-0.268589743589744
4103	-0.278205128205128
4104	-0.258974358974359
4105	-0.363461538461539
4106	-0.496794871794872
4144	-0.169871794871795
4145	-0.198717948717949
4146	-0.189102564102564
4163	-0.112179487179487
4164	-0.0647435897435898
4165	-0.0269230769230772
4166	0.0108974358974356
4167	-0.0846153846153849
4168	-0.103846153846154
4169	-0.180128205128205
4170	-0.160897435897436
4171	-0.237179487179487
4172	-0.198717948717949
4173	-0.198717948717949
4174	-0.169871794871795
4175	-0.0365384615384616
4176	-0.055769230769231
4177	-0.0653846153846156
4178	-0.132051282051282
4179	-0.0750000000000003
4180	-0.0750000000000003
4181	0.058333333333333
4182	0.163461538461538
4183	0.134615384615384
4184	0.134615384615384
4185	0.144230769230769
4186	0.163461538461538
4187	0.249358974358974
4188	0.382692307692308
4189	0.373076923076923
4190	0.353846153846154
4191	0.344230769230769
4192	0.276923076923077
4193	0.305769230769231
4194	0.362820512820513
4195	0.343589743589743
4196	0.343589743589743
4197	0.285897435897436
4198	0.142948717948718
4199	0.0570512820512818
4200	0.00961538461538458
4201	-0.0378205128205131
4202	-0.0852564102564105
4203	0.0198717948717947
4204	0.0198717948717947
4205	0.0198717948717947
4206	-0.0564102564102567
4207	0.0391025641025639
4208	0.0487179487179484
4209	0.0487179487179484
4210	0.000641025641025417
4211	-0.142307692307692
4212	-0.132692307692308
4213	-0.113461538461539
4214	-0.151923076923077
4215	-0.30448717948718
4246	-0.314102564102564
4247	-0.237820512820513
4248	-0.247435897435897
4249	-0.2
4250	-0.151923076923077
4251	-0.114102564102564
4252	-0.0666666666666668
4253	-0.0282051282051284
4254	0.0955128205128203
4255	0.0762820512820512
4256	0.0955128205128203
4257	-0.0282051282051284
4258	-0.0282051282051284
4259	-0.0756410256410258
4260	0.0108974358974356
4261	0.00128205128205106
4262	-0.055769230769231
4263	-0.0461538461538463
4264	0.0493589743589742
4265	0.0589743589743588
4266	0.211538461538461
4267	0.240384615384615
4268	0.355128205128205
4269	0.36474358974359
4270	0.298076923076923
4271	0.288461538461538
4272	0.212179487179487
4273	0.202564102564102
4274	0.126282051282051
4275	0.0788461538461537
4276	0.069230769230769
4277	0.116666666666667
4278	0.116666666666667
4279	0.155128205128205
4280	0.241025641025641
4281	0.231410256410256
4282	0.14551282051282
4283	0.069230769230769
4284	0.0788461538461537
4285	0.0410256410256409
4286	0.0217948717948716
4287	-0.0352564102564104
4288	0.0128205128205127
4289	-0.0064102564102565
4292	-0.0064102564102565
4293	0.0506410256410255
4294	0.203205128205128
4295	0.16474358974359
4296	0.135897435897436
4297	0.173717948717949
4298	0.240384615384615
4299	0.221153846153846
4300	0.144871794871795
4301	0.144871794871795
4302	0.030128205128205
4303	0.106410256410256
4304	0.0205128205128203
4305	0.0108974358974356
4306	0.0493589743589742
4307	0.0967948717948717
4308	0.106410256410256
4309	0.163461538461538
4310	0.325641025641025
4311	0.277564102564102
4312	0.325
4313	0.267948717948718
4314	0.296794871794872
4315	0.296794871794872
4316	0.23974358974359
4317	0.210897435897436
4318	0.22051282051282
4319	0.210897435897436
4320	0.258333333333333
4321	0.248717948717948
4322	0.258333333333333
4323	0.267948717948718
4324	0.258333333333333
4325	0.458333333333333
4326	0.382051282051282
4327	0.372435897435897
4328	0.334615384615384
4329	0.258333333333333
4330	0.105769230769231
4331	0.134615384615384
4332	0.134615384615384
4333	0.0769230769230768
4334	0.0480769230769229
4335	0.0576923076923076
4336	0.11474358974359
4337	0.305128205128205
4338	0.267307692307692
4339	0.171794871794871
4340	0.162179487179487
4341	0.162179487179487
4342	0.133333333333333
4343	0.209615384615385
4344	0.247435897435897
4345	0.323717948717948
4346	0.180769230769231
4347	0.276282051282051
4348	0.267307692307692
4349	0.248076923076923
4350	0.190384615384615
4351	0.218589743589743
4352	0.161538461538461
4353	0.190384615384615
4354	0.190384615384615
4355	0.28525641025641
4356	0.228205128205128
4357	0.218589743589743
4358	0.199358974358974
4359	0.208974358974359
4360	0.218589743589743
4361	0.0852564102564097
4362	0.0756410256410252
4363	0.0660256410256408
4364	0.0756410256410252
4365	0.142307692307692
4366	0.246794871794872
4367	0.294230769230769
4368	0.417948717948718
4369	0.437820512820512
4370	0.351923076923077
4371	0.332692307692308
4372	0.256410256410256
4373	0.0756410256410252
4374	0.0275641025641022
4375	0.0942307692307691
4376	0.113461538461538
4377	0.113461538461538
4378	0.199358974358974
4379	0.0660256410256408
4380	0.00897435897435872
4381	-0.0102564102564104
4382	0.00897435897435872
4383	-0.0769230769230771
4384	-0.115384615384615
4385	-0.0583333333333336
4386	-0.019871794871795
4387	0.0185897435897433
4388	0.00897435897435872
4389	0.0185897435897433
4390	0.0282051282051279
4391	-0.0858974358974361
4392	-0.0762820512820516
4393	-0.0858974358974361
4394	-0.0570512820512822
4395	-0.0378205128205131
4396	-0.123717948717949
4397	-0.219230769230769
4398	-0.190384615384615
4399	-0.161538461538462
4400	-0.180769230769231
4401	-0.171153846153846
4402	-0.275641025641026
4475	-0.294871794871795
4476	-0.294871794871795
4477	-0.314102564102564
4478	-0.266025641025641
4479	-0.189102564102564
4480	-0.0935897435897438
4481	-0.16025641025641
4482	-0.150641025641026
4483	0.0493589743589742
4484	0.0397435897435895
4485	0.0493589743589742
4486	0.173076923076923
4487	0.230128205128205
4488	0.115384615384615
4489	0.125
4490	0.134615384615384
4491	0.210897435897436
4492	0.230128205128205
4493	0.201282051282051
4494	0.201282051282051
4495	0.087179487179487
4496	0.0967948717948717
4497	0.087179487179487
4498	0.116025641025641
4499	-0.0269230769230772
4500	0.0685897435897435
4501	0.116025641025641
4502	0.144230769230769
4503	0.201282051282051
4504	0.267948717948718
4505	0.325641025641025
4506	0.325641025641025
4507	0.316025641025641
4508	0.306410256410256
4509	0.296794871794872
4510	0.230128205128205
4511	0.106410256410256
4512	0.0198717948717947
4513	0.0480769230769229
4514	0.0288461538461536
4515	0
4516	-0.0762820512820516
4517	-0.0762820512820516
4518	-0.124358974358975
4519	-0.276923076923077
4520	-0.22948717948718
4521	-0.172435897435898
4522	-0.296153846153846
4523	-0.343589743589744
4524	-0.295512820512821
4525	-0.333974358974359
4526	-0.362820512820513
4527	-0.439102564102564
4528	-0.419871794871795
4529	-0.391025641025641
4530	-0.391025641025641
4531	-0.219230769230769
4532	-0.267307692307692
4533	-0.267307692307692
4534	-0.286538461538462
4535	-0.228846153846154
4536	-0.295512820512821
4547	-0.439102564102564
4548	-0.353205128205128
4549	-0.381410256410257
4550	-0.381410256410257
4551	-0.305128205128205
4552	-0.285897435897436
4553	-0.219230769230769
4554	-0.2
4555	-0.295512820512821
4556	-0.266666666666667
4557	-0.343589743589744
4558	-0.362820512820513
4559	-0.410897435897436
4560	-0.410897435897436
4561	-0.382051282051282
4562	-0.382051282051282
4563	-0.315384615384615
4564	-0.353846153846154
4565	-0.220512820512821
4566	-0.220512820512821
4567	-0.392307692307693
4568	-0.344230769230769
4569	-0.344230769230769
4570	-0.325
4571	-0.401923076923077
4572	-0.401923076923077
4573	-0.363461538461539
4574	-0.344230769230769
4575	-0.382692307692308
4576	-0.325641025641026
4577	-0.335256410256411
4578	-0.325641025641026
4579	-0.35448717948718
4580	-0.287820512820513
4581	-0.192307692307693
4582	-0.0967948717948719
4583	-0.0775641025641027
4584	-0.105769230769231
4585	-0.0583333333333336
4586	-0.00128205128205172
4587	-0.0583333333333336
4588	-0.00128205128205172
4589	-0.106410256410257
4590	-0.106410256410257
4591	-0.0679487179487182
4592	-0.144230769230769
4593	-0.0865384615384617
4594	0.00897435897435872
4595	0.104487179487179
4596	0.104487179487179
4597	0.0948717948717943
4598	0.0948717948717943
4599	0.0756410256410252
4600	0.114102564102564
4601	-0.0288461538461542
4602	-0.0288461538461542
4603	-0.0480769230769234
4604	-0.0769230769230771
4605	-0.0673076923076923
4606	-0.0487179487179488
4607	0.0185897435897433
4608	0.0185897435897433
4609	-0.000641025641025639
4610	-0.0294871794871796
4611	-0.0576923076923079
4612	-0.0762820512820516
4613	-0.0666666666666668
4614	-0.133333333333333
4615	-0.171153846153846
4616	-0.237820512820513
4617	-0.314102564102564
4658	-0.477564102564103
4659	-0.516025641025641
4660	-0.506410256410257
4661	-0.564102564102564
4662	-0.612179487179488
4663	-0.621794871794872
4664	-0.641025641025641
4665	-0.574358974358975
4666	-0.574358974358975
4667	-0.593589743589744
4668	-0.593589743589744
4669	-0.603205128205128
4670	-0.593589743589744
4671	-0.517307692307693
4672	-0.517307692307693
4673	-0.498076923076923
4674	-0.488461538461539
4675	-0.345512820512821
4676	-0.431410256410257
4677	-0.507692307692308
4678	-0.583333333333333
4680	-0.573717948717949
4681	-0.430769230769231
4682	-0.373717948717949
4683	-0.392948717948718
4684	-0.316666666666667
4685	-0.269230769230769
4686	-0.278846153846154
4687	-0.298076923076923
4688	-0.317307692307693
4689	-0.336538461538462
4690	-0.289102564102564
4691	-0.193589743589744
4692	-0.155128205128206
4693	-0.164102564102564
4694	-0.192307692307693
4695	-0.144230769230769
4696	-0.153846153846154
4697	-0.182051282051282
4698	-0.162820512820513
4699	-0.0294871794871796
4700	-0.000641025641025639
4701	-0.0480769230769234
4702	0.00897435897435872
4703	-0.0673076923076923
4704	-0.0576923076923079
4705	0.0185897435897433
4706	0.0467948717948714
4707	0.132692307692308
4708	0.132692307692308
4709	0.132692307692308
4710	0.0942307692307691
4711	-0.125
4712	-0.105769230769231
4713	-0.0961538461538463
4714	-0.134615384615385
4715	-0.0108974358974363
4716	0.046153846153846
4717	-0.0679487179487182
4718	-0.134615384615385
4719	-0.105769230769231
4720	-0.143589743589744
4721	-0.200641025641026
4722	-0.162820512820513
4723	-0.0673076923076923
4724	-0.0480769230769234
4725	0.0378205128205125
4726	-0.0480769230769234
4727	-0.11474358974359
4728	-0.105128205128206
4729	-0.11474358974359
4730	-0.133974358974359
4731	-0.133974358974359
4732	-0.0673076923076923
4733	-0.0192307692307694
4734	0
4735	-0.10448717948718
4736	-0.0570512820512822
4737	-0.11474358974359
4738	-0.181410256410257
4739	-0.123717948717949
4740	-0.0852564102564105
4741	-0.171153846153846
4742	-0.161538461538462
4743	-0.247435897435897
4744	-0.257051282051282
4745	-0.257051282051282
4746	-0.247435897435897
4747	-0.238461538461539
4748	-0.181410256410257
4749	-0.200641025641026
4750	-0.171794871794872
4751	-0.219230769230769
4752	-0.371794871794872
4753	-0.305769230769231
4754	-0.22948717948718
4755	-0.172435897435898
4756	-0.220512820512821
4757	-0.258974358974359
4758	-0.23974358974359
4759	-0.344871794871795
4760	-0.278205128205128
4761	-0.344871794871795
4762	-0.296794871794872
4763	-0.296794871794872
4764	-0.220512820512821
4765	-0.201282051282052
4766	-0.172435897435898
4767	-0.182051282051282
4768	-0.248717948717949
4769	-0.210897435897436
4770	-0.23974358974359
4771	-0.258974358974359
4772	-0.287820512820513
4773	-0.278205128205128
4774	-0.268589743589744
4775	-0.316666666666667
4776	-0.326282051282051
4777	-0.316666666666667
4778	-0.287820512820513
4779	-0.364102564102564
4780	-0.268589743589744
4781	-0.249358974358975
4782	-0.201282051282052
4783	-0.210256410256411
4784	-0.248076923076923
4785	-0.162179487179488
4786	-0.171794871794872
4787	-0.209615384615385
4788	-0.171153846153846
4789	-0.237179487179487
4828	-0.30448717948718
4829	-0.314102564102564
4830	-0.180769230769231
4831	-0.209615384615385
4832	-0.152564102564103
4833	-0.210256410256411
4834	-0.276923076923077
4835	-0.248717948717949
4836	-0.239102564102564
4837	-0.219871794871795
4838	-0.239102564102564
4839	-0.143589743589744
4840	-0.182051282051282
4841	-0.172435897435898
4842	-0.182051282051282
4843	-0.105769230769231
4844	-0.0961538461538463
4845	-0.0961538461538463
4846	-0.0673076923076923
4847	-0.0288461538461542
4848	-0.0288461538461542
4849	-0.0192307692307694
4850	0.0570512820512818
4851	0.152564102564102
4852	0.104487179487179
4853	-0.0102564102564104
4854	0.0660256410256408
4855	0.0756410256410252
4856	0.161538461538461
4857	0.123076923076923
4858	0.199358974358974
4859	0.180128205128205
4860	0.266025641025641
4861	0.160897435897436
4862	0.37051282051282
4863	0.465384615384615
4864	0.427564102564102
4865	0.484615384615384
4866	0.417948717948718
4867	0.494230769230769
4868	0.446794871794872
4869	0.513461538461538
4870	0.494230769230769
4871	0.580128205128205
4872	0.589102564102564
4873	0.693589743589743
4874	0.712820512820513
4875	0.598717948717948
4876	0.627564102564102
4877	0.589102564102564
4878	0.569871794871795
4879	0.483974358974359
4880	0.817307692307692
4881	0.883974358974358
4882	0.874358974358974
4883	0.778846153846154
4884	0.778846153846154
4885	0.84551282051282
4886	0.759615384615385
4887	0.683333333333333
4888	0.864743589743589
4889	0.969871794871795
4890	0.893589743589743
4891	0.903205128205128
4892	0.76025641025641
4893	0.779487179487179
4894	0.646153846153846
4895	0.656410256410256
4896	0.541666666666666
4897	0.589743589743589
4898	0.389743589743589
4899	0.28525641025641
4900	0.408974358974359
4901	0.342307692307692
4902	0.28525641025641
4903	0.247435897435897
4904	0.257051282051282
4905	0.228846153846154
4906	0.248076923076923
4907	0.11474358974359
4908	0.0673076923076922
4909	-0.0852564102564105
4910	-0.0282051282051284
4911	-0.0570512820512822
4912	0.0666666666666667
4913	0.0955128205128203
4914	0.0570512820512818
4915	0.152564102564102
4916	-0.10448717948718
4917	-0.180769230769231
4918	-0.0852564102564105
4919	-0.132692307692308
4920	-0.151923076923077
4921	-0.228205128205128
4922	-0.171153846153846
4923	-0.2
4924	-0.257051282051282
4925	-0.362179487179488
4926	-0.285897435897436
4927	-0.305128205128205
4928	-0.248076923076923
4929	-0.257692307692308
4930	-0.200641025641026
4931	-0.0769230769230771
4932	-0.0288461538461542
4933	0.0371794871794868
4934	0.0749999999999997
4935	0.113461538461538
4936	-0.0294871794871796
4937	0.0371794871794868
4938	0.00833333333333286
4939	0.0653846153846152
4940	0.0365384615384614
4941	0.0365384615384614
4942	0.017307692307692
4943	0.017307692307692
4944	0.0269230769230766
4945	0.0557692307692306
4946	-0.0301282051282055
4947	0.0365384615384614
4948	-0.0679487179487182
4949	0.0749999999999997
4950	0.123076923076923
4951	0.00833333333333286
4952	-0.0487179487179488
4953	-0.0493589743589748
4954	-0.0493589743589748
4955	0.00769230769230744
4956	0.017307692307692
4957	0.112820512820513
4958	0.0749999999999997
4959	0.141666666666666
4960	0.017307692307692
4961	0.0269230769230766
4962	-0.0589743589743594
4963	-0.00192307692307714
4964	0.0269230769230766
4965	0.046153846153846
4966	-0.0108974358974363
4967	-0.173076923076923
4968	-0.192307692307693
4969	-0.191666666666667
4970	-0.219871794871795
4971	-0.22948717948718
4972	-0.201282051282052
4973	-0.220512820512821
4974	-0.220512820512821
4975	-0.153846153846154
4976	-0.153846153846154
4977	-0.106410256410257
4978	-0.0589743589743594
4979	-0.0397435897435903
4980	-0.0589743589743594
4981	-0.0115384615384617
4982	-0.0115384615384617
4983	-0.0493589743589748
4984	-0.0878205128205134
4985	-0.173717948717949
4986	-0.202564102564103
4987	-0.116666666666667
4988	-0.155128205128206
4989	-0.144871794871795
4990	-0.211538461538462
4991	-0.278205128205128
4992	-0.249358974358975
4993	-0.258974358974359
4994	-0.192307692307693
4995	-0.23974358974359
4996	-0.191666666666667
4997	-0.162820512820513
4998	-0.125
4999	-0.134615384615385
5000	-0.0967948717948719
5001	-0.106410256410257
5002	-0.097435897435898
5003	-0.097435897435898
5004	0.102564102564102
5005	0.0455128205128201
5006	0.131410256410256
5007	0.264743589743589
5008	0.389102564102564
5009	0.494230769230769
5010	0.580128205128205
5011	0.456410256410256
5012	0.532692307692308
5013	0.48525641025641
5014	0.48525641025641
5015	0.513461538461538
5016	0.580128205128205
5017	0.503846153846154
5018	0.503846153846154
5019	0.494230769230769
5020	0.523076923076923
5021	0.466025641025641
5022	0.504487179487179
5023	0.428205128205128
5024	0.437820512820512
5025	0.657051282051282
5026	0.637820512820512
5027	0.637820512820512
5028	0.761538461538461
5029	0.675641025641025
5030	0.628205128205128
5031	0.732692307692308
5032	0.713461538461538
5033	0.675
5034	0.656410256410256
5035	0.599358974358974
5036	0.571153846153846
5037	0.78076923076923
5038	0.752564102564102
5039	0.752564102564102
5040	0.581410256410256
5041	0.638461538461538
5042	0.552564102564102
5043	0.438461538461538
5044	0.409615384615384
5045	0.276282051282051
5046	0.238461538461538
5047	0.228846153846154
5048	0.248076923076923
5049	0.257692307692308
5050	0.267307692307692
5051	0.267307692307692
5052	0.286538461538461
5053	0.41025641025641
5054	0.419871794871795
5055	0.448076923076923
5056	0.542948717948718
5057	0.533333333333333
5058	0.523076923076923
5059	0.646794871794871
5060	0.732051282051282
5061	0.550641025641025
5062	0.56025641025641
5063	0.531410256410256
5064	0.426282051282051
5065	0.378205128205128
5066	0.310897435897436
5067	0.196794871794872
5068	0.292307692307692
5069	0.358974358974359
5070	0.339743589743589
5071	0.32051282051282
5072	0.215384615384615
5073	-0.061538461538462
5074	-0.0519230769230772
5075	0.0717948717948713
5076	0.0621794871794867
5077	0.0429487179487176
5078	0.0429487179487176
5079	-0.00512820512820533
5080	-0.138461538461539
5081	-0.157692307692308
5082	-0.205769230769231
5083	-0.158333333333334
5084	-0.244230769230769
5085	-0.263461538461539
5086	-0.330128205128205
5087	-0.291666666666667
5088	-0.377564102564103
5089	-0.415384615384616
5090	-0.396153846153846
5091	-0.357692307692308
5092	-0.471794871794872
5093	-0.452564102564103
5094	-0.432692307692308
5095	-0.527564102564103
5096	-0.622435897435898
5097	-0.575
5098	-0.565384615384616
5099	-0.450641025641026
5100	-0.478846153846154
5101	-0.440384615384615
5102	-0.411538461538462
5103	-0.45
5104	-0.535897435897436
5105	-0.583333333333333
5106	-0.583333333333333
5107	-0.573717948717949
5108	-0.55448717948718
5109	-0.477564102564103
5110	-0.420512820512821
5112	-0.458333333333334
5114	-0.467948717948718
5115	-0.439102564102564
5116	-0.362820512820513
5117	-0.382051282051282
5118	-0.333974358974359
5119	-0.391025641025641
5120	-0.400641025641026
5121	-0.448717948717949
5122	-0.477564102564103
5123	-0.487179487179487
5124	-0.477564102564103
5127	-0.468589743589744
5128	-0.430769230769231
5129	-0.430769230769231
5130	-0.45
5131	-0.307051282051282
5132	-0.259615384615385
5133	-0.335256410256411
5134	-0.35448717948718
5135	-0.383333333333333
5136	-0.412179487179488
5137	-0.392948717948718
5138	-0.278205128205128
5139	-0.23974358974359
5140	-0.210897435897436
5141	-0.134615384615385
5142	-0.134615384615385
5143	0.0179487179487177
5144	-0.0108974358974363
5145	-0.0108974358974363
5146	-0.0301282051282055
5147	0.00769230769230744
5148	0.122435897435897
5149	0.103205128205128
5150	0.103205128205128
5151	0.264743589743589
5152	0.188461538461538
5153	0.198076923076923
5154	0.188461538461538
5155	0.198076923076923
5156	0.283974358974359
5157	0.408333333333333
5158	0.408333333333333
5159	0.322435897435897
5160	0.389102564102564
5161	0.369871794871795
5162	0.408333333333333
5163	0.237179487179487
5164	0.208974358974359
5165	0.160897435897436
5166	0.180128205128205
5167	0.0179487179487177
5168	-0.0487179487179488
5169	-0.0205128205128209
5170	-0.0493589743589748
5171	-0.0397435897435903
5172	-0.0205128205128209
5173	-0.0301282051282055
5174	-0.0493589743589748
5175	-0.0397435897435903
5176	0.0269230769230766
5177	-0.0782051282051286
5178	0.0839743589743587
5179	0.0743589743589741
5180	0.103205128205128
5181	0.0743589743589741
5182	0.0935897435897433
5183	0.0551282051282049
5184	-0.155128205128206
5185	-0.155128205128206
5186	-0.221794871794872
5187	-0.392948717948718
5188	-0.383333333333333
5189	-0.383333333333333
5190	-0.383333333333333
5191	-0.392948717948718
5192	-0.45
5193	-0.526282051282051
5194	-0.535897435897436
5195	-0.593589743589744
5196	-0.650641025641026
5197	-0.641025641025641
5198	-0.498076923076923
5199	-0.498076923076923
5200	-0.546153846153846
5201	-0.584615384615385
5202	-0.613461538461539
5203	-0.613461538461539
5204	-0.584615384615385
5205	-0.555769230769231
5206	-0.555769230769231
5207	-0.575
5208	-0.603846153846154
5209	-0.613461538461539
5210	-0.613461538461539
5211	-0.661538461538462
5212	-0.747435897435898
5213	-0.737820512820513
5214	-0.814102564102564
5232	-0.746794871794872
5233	-0.613461538461539
5234	-0.718589743589744
5235	-0.728205128205129
5236	-0.737820512820513
5237	-0.670512820512821
5238	-0.527564102564103
5239	-0.517948717948718
5240	-0.623717948717949
5241	-0.7
5242	-0.7
5243	-0.776282051282052
5244	-0.680769230769231
5245	-0.680769230769231
5246	-0.776282051282052
5247	-0.623717948717949
5248	-0.480769230769231
5249	-0.5
5250	-0.452564102564103
5251	-0.424358974358975
5252	-0.462820512820513
5253	-0.491666666666667
5254	-0.577564102564103
5255	-0.53974358974359
5256	-0.578205128205129
5257	-0.511538461538462
5258	-0.530769230769231
5259	-0.635897435897437
5260	-0.66474358974359
5261	-0.741025641025641
5262	-0.808333333333333
5263	-0.76025641025641
5264	-0.617307692307693
5265	-0.655769230769231
5266	-0.684615384615385
5267	-0.56025641025641
5268	-0.521794871794872
5269	-0.607692307692308
5270	-0.635897435897437
5271	-0.598076923076923
5272	-0.492948717948718
5273	-0.502564102564103
5274	-0.645512820512821
5275	-0.388461538461539
5276	-0.216025641025641
5277	-0.235256410256411
5278	-0.158974358974359
5279	-0.130128205128205
5280	-0.225641025641026
5281	-0.264102564102564
5282	-0.207051282051282
5283	-0.330769230769231
5284	-0.492948717948718
5285	-0.397435897435898
5286	-0.521153846153847
5287	-0.597435897435898
5288	-0.511538461538462
5289	-0.501923076923077
5290	-0.406410256410257
5291	-0.453846153846154
5292	-0.482692307692308
5293	-0.292948717948718
5294	-0.235897435897436
5295	-0.102564102564103
5296	0.040384615384615
5297	0.182692307692307
5298	0.211538461538461
5299	0.249358974358974
5300	0.125641025641026
5301	0.221153846153846
5302	0.325641025641026
5303	0.306410256410256
5304	0.277564102564102
5305	0.325
5306	0.286538461538461
5307	0.200641025641025
5308	0.191025641025641
5309	0.324358974358973
5310	0.342948717948717
5311	0.0185897435897431
5312	-0.0775641025641032
5313	-0.0871794871794878
5314	-0.106410256410257
5315	-0.125641025641026
5316	-0.15448717948718
5317	-0.03974358974359
5318	0.0269230769230764
5319	-0.0307692307692311
5320	0.0358974358974353
5321	-0.0403846153846157
5322	-0.0121794871794876
5323	-0.00256410256410344
5324	-0.0307692307692311
5325	-0.0115384615384619
5326	-0.116666666666667
5327	-0.087820512820513
5328	-0.0493589743589746
5329	-0.286538461538462
5330	-0.343589743589744
5331	-0.457692307692309
5332	-0.571794871794872
5333	-0.694871794871795
5334	-0.656410256410257
5335	-0.656410256410257
5336	-0.656410256410257
5337	-0.713461538461539
5338	-0.732051282051283
5339	-0.675
5340	-0.770512820512821
5341	-0.894230769230769
5342	-0.798717948717949
5343	-0.712179487179487
5344	-0.759615384615385
5345	-0.902564102564103
5346	-0.901923076923077
5347	-0.834615384615385
5348	-0.81474358974359
5349	-0.748076923076923
5350	-0.795512820512821
5351	-0.747435897435898
5352	-0.661538461538462
5353	-0.661538461538462
5354	-0.823717948717949
5355	-0.78525641025641
5356	-0.756410256410257
5357	-0.699358974358975
5358	-0.80448717948718
5359	-0.737820512820513
5360	-0.747435897435898
5361	-0.757051282051282
5362	-0.719230769230769
5363	-0.719230769230769
5364	-0.748076923076923
5365	-0.719871794871795
5366	-0.672435897435898
5367	-0.558333333333334
5368	-0.577564102564103
5369	-0.492307692307693
5370	-0.501923076923077
5371	-0.587820512820513
5372	-0.597435897435898
5373	-0.540384615384616
5374	-0.540384615384616
5375	-0.692948717948718
5376	-0.578205128205129
5377	-0.549358974358975
5378	-0.644871794871795
5379	-0.731410256410257
5380	-0.769871794871795
5381	-0.77948717948718
5382	-0.846794871794872
5383	-0.761538461538461
5384	-0.8
5385	-0.752564102564103
5386	-0.71474358974359
5387	-0.753205128205128
5388	-0.667307692307693
5389	-0.600641025641026
5390	-0.476282051282052
5391	-0.428846153846155
5392	-0.457692307692309
5393	-0.410256410256411
5394	-0.42948717948718
5395	-0.391025641025642
5396	-0.248076923076924
5397	-0.257692307692309
5398	-0.228846153846155
5399	-0.142948717948719
5400	-0.10448717948718
5401	-0.0282051282051281
5402	-0.0282051282051281
5403	-0.151923076923077
5404	-0.190384615384616
5405	-0.323717948717949
5406	-0.266666666666667
5407	-0.180769230769231
5408	-0.171153846153846
5409	-0.171153846153846
5410	-0.305128205128206
5411	-0.296153846153847
5412	-0.410897435897436
5413	-0.353846153846154
5414	-0.315384615384616
5415	-0.276923076923078
5416	-0.267307692307693
5417	-0.238461538461539
5418	-0.0666666666666667
5419	-0.094871794871795
5420	-0.0852564102564106
5421	-0.285256410256411
5422	-0.275641025641026
5423	-0.275641025641026
5424	-0.428205128205128
5425	-0.580769230769231
5426	-0.695512820512821
5427	-0.733333333333333
5428	-0.790384615384616
5429	-0.799358974358975
5430	-0.512820512820513
5431	-0.598717948717949
5432	-0.780128205128205
5433	-0.837820512820513
5434	-0.761538461538461
5435	-0.857051282051283
5436	-0.857051282051283
5437	-0.980769230769231
5438	-1.07628205128205
5439	-1.07628205128205
5440	-0.98974358974359
5441	-0.913461538461539
5442	-0.894230769230769
5443	-0.970512820512821
5444	-0.980128205128205
5445	-1.04679487179487
5446	-0.969871794871795
5447	-0.96923076923077
5448	-0.988461538461539
5449	-1.08397435897436
5450	-1.11282051282051
5451	-0.998717948717949
5452	-0.969871794871795
5453	-0.931410256410257
5454	-1.00705128205128
5455	-1.13141025641026
5456	-1.04551282051282
5457	-0.950000000000001
5458	-0.931410256410257
5459	-0.892948717948718
5460	-0.864102564102564
5461	-0.892948717948718
5462	-0.816025641025641
5463	-0.796794871794872
5464	-0.768589743589744
5465	-0.864102564102564
5466	-1.06410256410256
5467	-1.06410256410256
5468	-1.0448717948718
5469	-1.00641025641026
5475	-0.891666666666667
5476	-0.863461538461539
5477	-0.891666666666667
5478	-0.853846153846154
5479	-0.891666666666667
5480	-0.901282051282052
5481	-0.872435897435898
5482	-0.853205128205128
5483	-0.843589743589744
5484	-0.795512820512821
5485	-0.833974358974359
5486	-0.805128205128205
5488	-0.757051282051282
5489	-0.7
5490	-0.738461538461539
5491	-0.728846153846154
5492	-0.795512820512821
5493	-0.7
5494	-0.708974358974359
5495	-0.708974358974359
5496	-0.680128205128205
5497	-0.612820512820513
5498	-0.651282051282052
5499	-0.708974358974359
5500	-0.746794871794872
5501	-0.670512820512821
5502	-0.603846153846154
5503	-0.584615384615385
5504	-0.546153846153846
5505	-0.507692307692308
5506	-0.355128205128206
5507	-0.307692307692308
5508	-0.241025641025641
5509	-0.232051282051283
5510	-0.27948717948718
5511	-0.355769230769231
5512	-0.326923076923077
5513	-0.346153846153846
5514	-0.383974358974359
5515	-0.36474358974359
5516	-0.345512820512821
5517	-0.374358974358975
5518	-0.393589743589744
5519	-0.307692307692308
5520	-0.221794871794872
5521	-0.097435897435898
5522	-0.05
5523	-0.0788461538461542
5524	-0.0788461538461542
5525	-0.212820512820513
5526	-0.156410256410257
5527	-0.0512820512820515
5528	-0.0801282051282055
5529	-0.223076923076923
5530	-0.223076923076923
5531	-0.128205128205129
5532	-0.148076923076923
5533	-0.100641025641026
5534	-0.158333333333334
5535	-0.177564102564103
5536	-0.158333333333334
5537	-0.158333333333334
5538	-0.253846153846154
5539	-0.273076923076923
5540	-0.350000000000001
5541	-0.302564102564103
5542	-0.303205128205129
5543	-0.341025641025641
5544	-0.436538461538462
5545	-0.46474358974359
5546	-0.407692307692308
5547	-0.436538461538462
5548	-0.541666666666667
5549	-0.580128205128205
5550	-0.551923076923077
5551	-0.61923076923077
5552	-0.667307692307693
5553	-0.638461538461539
5554	-0.61923076923077
5555	-0.695512820512821
5556	-0.800641025641026
5557	-0.772435897435898
5558	-0.839102564102565
5559	-0.772435897435898
5560	-0.953846153846154
5561	-0.905769230769231
5562	-1.00064102564103
5563	-1.04807692307692
5564	-1.01923076923077
5565	-1.03846153846154
5566	-1.03846153846154
5567	-1.17179487179487
5568	-1.18076923076923
5569	-1.26666666666667
5570	-1.19935897435897
5571	-1.14166666666667
5572	-1.14166666666667
5573	-1.18974358974359
5574	-1.16089743589744
5575	-1.21858974358974
5576	-1.19935897435897
5577	-1.24679487179487
5580	-1.18910256410256
5581	-1.18910256410256
5597	-1.0448717948718
5598	-0.987179487179488
5599	-0.996794871794872
5600	-1.02564102564103
5601	-1.05448717948718
5602	-0.96923076923077
5603	-0.807051282051282
5604	-0.759615384615385
5605	-0.788461538461539
5606	-0.702564102564103
5607	-0.66474358974359
5608	-0.655128205128206
5609	-0.692948717948718
5610	-0.683333333333334
5611	-0.540384615384616
5612	-0.387820512820513
5613	-0.397435897435898
5614	-0.540384615384616
5615	-0.530769230769231
5616	-0.521794871794872
5617	-0.521794871794872
5618	-0.531410256410257
5619	-0.474358974358974
5620	-0.46474358974359
5621	-0.46474358974359
5622	-0.312179487179487
5623	-0.235897435897436
5624	-0.188461538461539
5625	-0.216666666666667
5626	-0.341025641025641
5627	-0.360256410256411
5628	-0.341666666666667
5629	-0.236538461538462
5630	-0.207692307692308
5631	-0.187820512820513
5632	-0.206410256410257
5633	-0.321153846153847
5634	-0.350641025641026
5635	-0.350641025641026
5636	-0.188461538461539
5637	-0.00705128205128247
5638	0.0121794871794867
5639	-0.140384615384616
5640	-0.197435897435898
5641	-0.0442307692307695
5642	-0.168589743589744
5643	-0.13974358974359
5644	-0.225641025641026
5645	-0.225641025641026
5646	-0.111538461538462
5647	-0.158974358974359
5648	-0.0826923076923081
5649	-0.0826923076923081
5650	0.0987179487179484
5651	0.0410256410256407
5652	-0.025641025641026
5653	0.00256410256410211
5654	0.212179487179487
5655	0.183974358974359
5656	0.174358974358974
5657	0.164743589743589
5658	0.0698717948717946
5659	-0.00641025641025661
5660	-0.0352564102564108
5661	-0.025641025641026
5662	0.0512820512820509
5663	0.146794871794871
5664	0.108974358974358
5665	0.108974358974358
5666	0.118589743589743
5667	0.0326923076923071
5668	0.0326923076923071
5669	0.108974358974358
5670	0.176282051282051
5671	0.205128205128205
5672	0.0621794871794867
5673	-0.00448717948717992
5674	-0.137820512820513
5675	-0.147435897435898
5676	-0.0525641025641028
5677	0.0134615384615382
5678	0.0326923076923071
5679	0.0897435897435894
5680	0.16602564102564
5681	0.175641025641025
5682	0.157051282051282
5683	0.0903846153846151
5684	-0.0903846153846157
5685	-0.109615384615385
5686	-0.242948717948718
5687	-0.156410256410257
5688	-0.165384615384616
5689	-0.203205128205129
5690	-0.412820512820513
5691	-0.222435897435898
5692	-0.203846153846154
5693	-0.20448717948718
5694	0.0903846153846151
5695	0.0993589743589738
5696	0.0512820512820509
5697	0.0416666666666663
5698	0.00320512820512797
5699	-0.0634615384615387
5700	-0.0448717948717954
5701	-0.0833333333333339
5702	-0.112179487179487
5703	-0.17948717948718
5704	-0.151282051282052
5705	-0.170512820512821
5706	-0.217948717948718
5707	-0.0660256410256415
5708	0.0955128205128202
5709	0.0192307692307692
5710	0.0858974358974356
5711	0.105128205128205
5712	0.0198717948717948
5713	-0.160897435897436
5714	-0.0179487179487183
5715	-0.0179487179487183
5716	-0.2
5717	-0.190384615384616
5718	-0.295512820512821
5719	-0.200641025641026
5720	-0.201282051282051
5721	-0.172435897435898
5722	-0.220512820512821
5723	-0.23974358974359
5724	-0.249358974358975
5725	-0.182692307692308
5726	-0.125641025641026
5727	-0.335256410256411
5728	-0.353846153846154
5729	-0.401282051282051
5730	-0.734615384615385
5731	-0.733974358974359
5732	-0.6
5733	-0.448076923076923
5734	-0.31474358974359
5735	-0.333974358974359
5736	-0.352564102564103
5737	-0.41923076923077
5738	-0.333333333333333
5739	-0.209615384615385
5740	-0.180769230769231
5741	-0.190384615384616
5742	-0.0762820512820517
5743	-0.257051282051282
5744	-0.38974358974359
5745	-0.360897435897436
5746	-0.332051282051282
5747	-0.322435897435898
5748	-0.380128205128205
5749	-0.360897435897436
5750	-0.455769230769231
5751	-0.532051282051282
5752	-0.46474358974359
5753	-0.417307692307693
5754	-0.398076923076923
5755	-0.435256410256411
5756	-0.387179487179488
5757	-0.396794871794872
5758	-0.367948717948718
5759	-0.358333333333334
5760	-0.339102564102564
5761	-0.0910256410256416
5762	-0.148076923076923
5763	-0.157692307692308
5764	-0.138461538461539
5765	-0.00448717948717992
5766	-0.0237179487179491
5767	-0.110256410256411
5768	-0.262820512820513
5769	-0.357692307692308
5770	-0.500641025641026
5771	-0.424358974358975
5772	-0.424358974358975
5773	-0.319230769230769
5774	-0.405128205128205
5775	-0.432692307692308
5776	-0.423076923076923
5777	-0.375
5778	-0.489102564102564
5779	-0.403205128205128
5780	-0.403205128205128
5781	-0.432051282051282
5782	-0.508333333333334
5783	-0.527564102564103
5784	-0.460256410256411
5785	-0.383974358974359
5786	-0.27948717948718
5787	-0.289102564102564
5788	-0.250641025641026
5789	-0.221794871794872
5790	-0.16474358974359
5791	-0.126923076923077
5792	-0.107692307692308
5793	-0.0410256410256413
5794	-0.0506410256410261
5795	0.0160256410256405
5796	0.0634615384615382
5797	-0.232051282051283
5798	-0.212820512820513
5799	-0.203205128205129
5800	-0.184615384615385
5801	-0.241666666666667
5802	-0.222435897435898
5803	-0.16474358974359
5804	-0.107692307692308
5805	-0.155769230769231
5806	-0.117307692307693
5807	-0.232051282051283
5808	-0.241666666666667
5809	-0.337179487179487
5810	-0.308333333333334
5811	-0.251282051282052
5812	-0.27948717948718
5813	-0.326923076923077
5814	-0.307692307692308
5815	-0.222435897435898
5816	-0.222435897435898
5817	-0.18397435897436
5818	-0.0224358974358976
5819	0.101282051282051
5820	0.101282051282051
5821	0.0724358974358972
5822	-0.0608974358974361
5823	-0.0230769230769234
5824	-0.0230769230769234
5825	-0.0801282051282055
5826	-0.137179487179487
5827	-0.137179487179487
5828	-0.213461538461539
5829	-0.203846153846154
5830	-0.223076923076923
5831	-0.318589743589744
5832	-0.394871794871795
5833	-0.346794871794872
5834	-0.375641025641026
5835	-0.299358974358975
5836	-0.280128205128206
5837	-0.328205128205129
5838	-0.337820512820513
5839	-0.357051282051283
5840	-0.271153846153847
5841	-0.213461538461539
5842	-0.251923076923077
5843	-0.203846153846154
5844	-0.242307692307693
5845	-0.242307692307693
5846	-0.18525641025641
5847	-0.251923076923077
5848	-0.290384615384616
5849	-0.3
5850	-0.3
5851	-0.442307692307693
5852	-0.432692307692308
5853	-0.423076923076923
5854	-0.546153846153846
5855	-0.641025641025641
5856	-0.621794871794872
5981	-1.06410256410256
5982	-0.997435897435898
5983	-0.921153846153847
5984	-0.85448717948718
5985	-0.864102564102564
5986	-0.844871794871795
5987	-0.758974358974359
5988	-0.721153846153846
5989	-0.644871794871795
5990	-0.625641025641026
5991	-0.616025641025641
5992	-0.577564102564103
5993	-0.539102564102564
5994	-0.281410256410257
5995	-0.176282051282052
5996	-0.118589743589744
5997	-0.0897435897435901
5998	0.0256410256410253
5999	0.0544871794871791
6000	0.130769230769231
6001	0.0358974358974355
6002	0.150641025641025
6003	0.265384615384615
6004	0.523076923076923
6005	0.694871794871794
6006	0.808974358974359
6007	0.857051282051282
6008	0.848076923076923
6009	0.90576923076923
6010	1.01089743589744
6011	1.08717948717949
6012	1.16410256410256
6013	1.23141025641026
6014	1.13653846153846
6015	1.3275641025641
6016	2.57435897435897
6017	3.65
6018	10.1788461538462
6019	15.6230769230769
6020	15.8032051282051
6021	21.0346153846154
6022	28.1134615384615
6023	34.3923076923077
6024	34.6384615384615
6025	34.6474358974359
6026	34.999358974359
6027	35.6089743589744
6028	36.4467948717949
6029	36.7794871794872
6030	36.5794871794872
6031	36.5128205128205
6032	36.5128205128205
6033	36.5416666666667
6034	36.5608974358974
6035	36.5705128205128
6036	36.5134615384615
6037	36.5326923076923
6038	36.4660256410256
6039	36.4185897435897
6040	36.2378205128205
6041	36.1044871794872
6042	36
6043	36
6044	36
6045	36
6046	35.9621794871795
6047	35.8576923076923
6048	35.8576923076923
6049	35.8576923076923
6050	35.8673076923077
6051	35.6865384615385
6052	34.4589743589744
6053	33.2596153846154
6054	26.7025641025641
6055	20.8967948717949
6056	20.7647435897436
6057	15.7717948717949
6058	8.6551282051282
6059	2.34807692307692
6060	2.13076923076923
6061	2.08397435897436
6062	1.74166666666667
6063	1.16089743589744
