6	0.3071875
7	0.40375
8	0.48375
9	0.548125
10	0.6203125
11	0.6925
12	0.7490625
13	0.8934375
14	0.934375
15	0.95875
16	0.9909375
17	0.983125
18	1.0153125
19	1.0553125
20	1.1353125
21	1.3275
22	1.4796875
23	1.631875
24	1.6640625
25	1.7284375
26	1.705
27	1.79375
28	1.7946875
29	1.786875
30	1.85125
31	1.85125
32	1.835625
33	1.8121875
34	1.8365625
35	1.9409375
36	1.9175
37	2.141875
38	2.053125
39	2.1009375
40	2.133125
41	2.1321875
42	2.164375
43	2.1
44	2.044375
45	2.044375
46	2.044375
47	2.004375
48	2.0521875
49	2.0521875
50	2.0921875
51	2.14
52	2.1478125
53	2.195625
54	2.2034375
55	2.235625
56	2.2521875
57	2.1321875
58	2.004375
59	1.893125
60	1.853125
61	1.773125
62	1.8765625
63	1.82
64	1.89125
65	1.8834375
66	2.0278125
67	2.0609375
68	2.06875
69	2.1721875
70	2.204375
71	2.1721875
72	2.2678125
73	2.0678125
74	1.85125
75	2.204375
76	2.284375
77	2.2296875
78	2.0940625
79	2.1584375
80	2.110625
81	2.255
82	2.295
83	2.455
84	2.42375
85	2.18375
86	2.2871875
87	2.3271875
88	2.288125
89	2.408125
90	2.3290625
91	2.52125
92	2.48125
93	2.585625
94	2.6821875
95	2.794375
96	2.85875
97	2.9465625
98	2.883125
99	2.9153125
100	2.8353125
101	2.8675
102	2.7075
103	2.7465625
104	2.914375
105	3.003125
106	2.9953125
107	2.8596875
108	2.771875
109	2.8040625
110	2.811875
111	2.8675
112	2.803125
113	2.8978125
114	3.0334375
115	3.00125
116	3.056875
117	2.9046875
118	2.8725
119	2.8003125
120	2.728125
121	2.7125
122	2.5603125
123	2.4725
124	2.50375
125	2.42375
126	2.4071875
127	2.10375
128	2.119375
129	1.9828125
130	1.941875
131	1.78875
132	1.764375
133	1.6921875
134	1.715625
135	1.6834375
136	1.6365625
137	1.62
138	1.595625
139	1.5234375
140	1.3234375
141	1.226875
142	1.2103125
143	1.23375
144	1.209375
145	1.1528125
146	1.1371875
147	0.929375
148	0.8815625
149	0.7859375
150	0.6815625
151	0.6415625
152	0.6015625
153	0.545
154	0.449375
155	0.3615625
156	0.369375
157	0.400625
158	0.440625
159	0.45625
160	0.4640625
161	0.4084375
162	0.440625
163	0.5440625
164	0.45625
165	0.4884375
166	0.440625
167	0.520625
168	0.5684375
169	0.529375
170	0.6015625
171	0.7059375
172	0.745
173	0.7771875
174	0.769375
175	0.8415625
176	0.858125
177	0.9703125
178	1.0590625
179	1.1634375
180	1.18
181	1.2278125
182	1.2990625
183	1.33125
184	1.37125
185	1.3634375
186	1.34
187	1.3321875
188	1.54875
189	1.6209375
190	1.6609375
191	1.7253125
192	1.773125
193	1.8140625
194	1.8540625
195	1.8140625
196	1.855
197	1.9359375
198	1.9915625
199	1.9515625
200	2.0071875
201	1.935
202	1.879375
203	1.879375
204	1.7915625
205	2.030625
206	1.950625
207	1.9584375
208	1.999375
209	2.18375
210	2.2803125
211	2.2959375
212	2.34375
213	2.3759375
214	2.3525
215	2.328125
216	2.2725
217	2.3934375
218	2.4578125
219	2.4178125
220	2.4821875
221	2.4978125
222	2.77
223	2.785625
224	2.60125
225	2.5621875
226	2.5865625
227	2.5865625
228	2.5865625
229	2.6021875
230	2.594375
231	2.594375
232	2.585625
233	2.5925
234	2.536875
235	2.576875
236	2.536875
237	2.705625
238	2.81
239	2.7621875
240	2.8265625
241	2.731875
242	2.8040625
243	2.8196875
244	2.7553125
245	2.65875
246	2.554375
247	2.554375
248	2.634375
249	2.4821875
250	2.496875
251	2.4246875
252	2.5759375
253	2.3515625
254	2.159375
255	2.1671875
256	2.199375
257	2.239375
258	2.1828125
259	2.2071875
260	2.2159375
261	2.4315625
262	2.46375
263	2.5115625
264	2.519375
265	2.4315625
266	2.4490625
267	2.656875
268	2.72125
269	2.76125
270	2.72125
271	2.6578125
272	2.6665625
273	2.474375
274	2.385625
275	2.4178125
276	2.33
277	2.24125
278	2.17
279	2.0265625
280	2.0978125
281	2.034375
282	2.0421875
283	1.994375
284	1.97
285	2.09
286	2.0421875
287	2.114375
288	2.17875
289	2.3065625
290	2.363125
291	2.4509375
292	2.314375
293	2.283125
294	2.083125
295	2.13875
296	2.225625
297	2.04125
298	1.9690625
299	1.8725
300	1.8803125
301	1.8959375
302	1.870625
303	1.710625
304	1.68625
305	1.6384375
306	1.68625
307	1.7096875
308	1.733125
309	1.8609375
310	2.053125
311	2.0609375
312	2.1321875
313	2.1078125
314	2.0990625
315	2.106875
316	2.075625
317	2.0834375
318	2.0834375
319	2.0990625
320	2.026875
321	1.8590625
322	1.906875
323	1.8278125
324	1.746875
325	1.706875
326	1.698125
327	1.6903125
328	1.8103125
329	1.7459375
330	1.8025
331	1.7703125
332	1.7303125
333	1.666875
334	1.666875
335	1.7634375
336	1.8034375
337	1.755625
338	1.8590625
339	1.8990625
340	1.8590625
341	1.786875
342	1.8346875
343	1.8190625
344	1.7878125
345	1.835625
346	1.7078125
347	1.795625
348	1.8521875
349	1.86
350	1.835625
351	1.795625
352	1.9946875
353	2.0103125
354	1.8990625
355	1.835625
356	1.844375
357	1.8921875
358	1.8921875
359	2.0190625
360	1.9878125
361	1.9321875
362	1.924375
363	2.044375
364	1.9165625
365	1.964375
366	1.875625
367	1.9
368	1.964375
369	1.9721875
370	2.0678125
371	2.0034375
372	2.0034375
373	2.1234375
374	2.0278125
375	1.9321875
376	1.884375
377	2.053125
378	2.0453125
379	2.133125
380	2.1165625
381	2.22875
382	2.284375
383	2.2853125
384	2.2696875
385	2.3984375
386	2.359375
387	2.4315625
388	2.3515625
389	2.448125
390	2.519375
391	2.5271875
392	2.5915625
393	2.488125
394	2.5046875
395	2.4978125
396	2.465625
397	2.6178125
398	2.6421875
399	2.4665625
400	2.53875
401	2.554375
402	2.57
403	2.474375
404	2.4909375
405	2.514375
406	2.4909375
407	2.4909375
408	2.403125
409	2.2353125
410	2.2353125
411	2.21875
412	2.33875
413	2.29
414	2.29
415	2.3778125
416	2.3621875
417	2.17
418	2.0578125
419	1.896875
420	1.848125
421	1.7515625
422	1.7671875
423	1.7028125
424	1.58375
425	1.4315625
426	1.4315625
427	1.479375
428	1.4228125
429	1.461875
430	1.3975
431	1.293125
432	1.4209375
433	1.2365625
434	1.3
435	1.355625
436	1.2990625
437	1.2590625
438	1.275625
439	1.3078125
440	1.1790625
441	1.186875
442	1.1546875
443	1.1225
444	1.1546875
445	1.2346875
446	1.3625
447	1.466875
448	1.315625
449	1.3478125
450	1.3
451	1.1721875
452	1.3321875
453	1.3165625
454	1.4609375
455	1.5575
456	1.5896875
457	1.6296875
458	1.7096875
459	1.7740625
460	1.821875
461	1.8471875
462	1.855
463	1.98375
464	2.02375
465	2.1359375
466	2.168125
467	2.408125
468	2.4559375
469	2.5115625
470	2.3846875
471	2.425625
472	2.425625
473	2.4578125
474	2.465625
475	2.41
476	2.394375
477	2.403125
478	2.5309375
479	2.4753125
480	2.4596875
481	2.5953125
482	2.5153125
483	2.5153125
484	2.69875
485	2.57875
486	2.5621875
487	2.53
488	2.425625
489	2.40125
490	2.296875
491	2.416875
492	2.3446875
493	2.3690625
494	2.336875
495	2.2490625
496	2.2403125
497	2.1828125
498	2.175
499	2.030625
500	2.0384375
501	1.9028125
502	1.9028125
503	1.6384375
504	1.44625
505	1.3828125
506	1.44625
507	1.4053125
508	1.3896875
509	1.5496875
510	1.5496875
511	1.621875
512	1.6453125
513	1.66875
514	1.5565625
515	1.66
516	1.7234375
517	1.53125
518	1.49125
519	1.3946875
520	1.2990625
521	1.3946875
522	1.466875
523	1.53125
524	1.5790625
525	1.57125
526	1.5078125
527	1.3790625
528	1.4190625
529	1.355625
530	1.3234375
531	1.4190625
532	1.3790625
533	1.4990625
534	1.49125
535	1.5790625
536	1.5390625
537	1.626875
538	1.555625
539	1.6034375
540	1.6521875
541	1.7721875
542	1.82
543	1.7565625
544	1.9809375
545	1.9409375
546	2.053125
547	2.133125
548	2.3175
549	2.3096875
550	2.5584375
551	2.559375
552	2.5915625
553	2.6959375
554	2.7759375
555	2.8159375
556	2.8003125
557	2.7603125
558	2.7125
559	2.7290625
560	2.7534375
561	2.7934375
562	2.9290625
563	2.92125
564	2.8578125
565	2.976875
566	3.0334375
567	3.21
568	3.3621875
569	3.2821875
570	3.2578125
571	3.1465625
572	3.274375
573	3.354375
574	3.41875
575	3.5075
576	3.4675
577	3.443125
578	3.3553125
579	3.523125
580	3.394375
581	3.2665625
582	3.1065625
583	3.0821875
584	2.85
585	2.745625
586	2.585625
587	2.6646875
588	2.60125
589	2.48125
590	2.3534375
591	2.3778125
592	2.4334375
593	2.4178125
594	2.4821875
595	2.4578125
596	2.3865625
597	2.33875
598	2.283125
599	2.3875
600	2.500625
601	2.3728125
602	2.4928125
603	2.39625
604	2.4440625
605	2.4840625
606	2.59625
607	2.8196875
608	2.891875
609	2.7796875
610	2.8109375
611	2.643125
612	2.683125
613	2.6909375
614	2.69875
615	2.6509375
616	2.6040625
617	2.660625
618	2.71625
619	2.620625
620	2.6684375
621	2.6859375
622	2.7015625
623	2.5659375
624	2.638125
625	2.6625
626	2.7503125
627	2.638125
628	2.7025
629	2.6546875
630	2.7259375
631	2.6615625
632	2.605
633	2.5884375
634	2.5640625
635	2.491875
636	2.4421875
637	2.4265625
638	2.274375
639	2.274375
640	2.09875
641	2.1553125
642	2.0275
643	1.7875
644	1.6996875
645	1.691875
646	1.683125
647	1.683125
648	1.6265625
649	1.61875
650	1.594375
651	1.4665625
652	1.465625
653	1.416875
654	1.3846875
655	1.368125
656	1.3125
657	1.270625
658	1.270625
659	1.295
660	1.16625
661	1.2940625
662	1.2940625
663	1.3496875
664	1.413125
665	1.38875
666	1.3009375
667	1.2609375
668	1.293125
669	1.3809375
670	1.34875
671	1.2609375
672	1.173125
673	1.2765625
674	1.524375
675	1.404375
676	1.3565625
677	1.22
678	1.26
679	1.315625
680	1.2121875
681	1.14
682	1.10875
683	1.1478125
684	1.395625
685	1.46
686	1.5321875
687	1.5478125
688	1.675625
689	1.7078125
690	1.684375
691	1.6765625
692	1.74
693	1.724375
694	1.70875
695	1.764375
696	1.7321875
697	1.62
698	1.54
699	1.58
700	1.42
701	1.54
702	1.555625
703	1.61125
704	1.6190625
705	1.7146875
706	1.6834375
707	1.715625
708	1.7478125
709	1.675625
710	1.4121875
711	1.364375
712	1.435625
713	1.4678125
714	1.5
715	1.5565625
716	1.62
717	1.62
718	1.595625
719	1.5634375
720	1.4434375
721	1.275625
722	1.18
723	1.1721875
724	1.004375
725	0.98
726	1.035625
727	1.0278125
728	1.0678125
729	1.124375
730	1.0921875
731	0.964375
732	0.98875
733	0.9653125
734	0.9896875
735	0.9096875
736	0.901875
737	0.741875
738	0.7496875
739	0.6784375
740	0.6784375
741	0.6871875
742	0.6715625
743	0.655
744	0.7028125
745	0.7115625
746	0.7271875
747	0.8228125
748	0.8228125
749	0.8228125
750	0.80625
751	0.7740625
752	0.7428125
753	0.815
754	0.8471875
755	0.8315625
756	0.808125
757	0.86375
758	0.90375
759	0.959375
760	1.10375
761	1.10375
762	1.0959375
763	1.2715625
764	1.18375
765	1.159375
766	1.175
767	1.350625
768	1.350625
769	1.4140625
770	1.3896875
771	1.4940625
772	1.510625
773	1.5828125
774	1.5271875
775	1.5115625
776	1.448125
777	1.3115625
778	1.3515625
779	1.3915625
780	1.4325
781	1.4159375
782	1.42375
783	1.3203125
784	1.3046875
785	1.28125
786	1.28125
787	1.2490625
788	1.248125
789	1.248125
790	1.2090625
791	1.2246875
792	1.1603125
793	1.1603125
794	1.0734375
795	1.09
796	0.97
797	0.9621875
798	0.914375
799	0.7953125
800	0.843125
801	0.843125
802	0.771875
803	0.580625
804	0.5640625
805	0.47625
806	0.4371875
807	0.380625
808	0.460625
809	0.4128125
810	0.47625
811	0.500625
812	0.611875
813	0.5971875
814	0.6284375
815	0.565
816	0.540625
817	0.525
818	0.469375
819	0.5571875
820	0.5171875
821	0.4928125
822	0.405
823	0.3815625
824	0.389375
825	0.3571875
826	0.4040625
827	0.4684375
828	0.5084375
829	0.460625
830	0.5309375
831	0.4665625
832	0.3953125
833	0.3953125
834	0.443125
835	0.37875
836	0.41875
837	0.4265625
838	0.4578125
839	0.496875
840	0.4734375
841	0.545625
842	0.6734375
843	0.6334375
844	0.6334375
845	0.594375
846	0.603125
847	0.57875
848	0.491875
849	0.6665625
850	0.7221875
851	0.7378125
852	0.6178125
853	0.61
854	0.69
855	0.7778125
856	0.8421875
857	0.8665625
858	0.9309375
859	0.9875
860	0.980625
861	1.0284375
862	1.03625
863	0.9640625
864	0.8928125
865	1.005
866	1.0215625
867	1.01375
868	1.0684375
869	1.005
870	1.069375
871	1.125
872	1.0928125
873	1.1728125
874	1.2615625
875	1.29375
876	1.33375
877	1.3659375
878	1.4615625
879	1.4625
880	1.3903125
881	1.41375
882	1.365
883	1.4371875
884	1.4840625
885	1.3484375
886	1.2859375
887	1.49375
888	1.5425
889	1.598125
890	1.57375
891	1.5015625
892	1.565
893	1.580625
894	1.525
895	1.4840625
896	1.4440625
897	1.380625
898	1.309375
899	1.2703125
900	1.29375
901	1.3415625
902	1.33375
903	1.4059375
904	1.45375
905	1.469375
906	1.3971875
907	1.365
908	1.309375
909	1.25375
910	1.2528125
911	1.220625
912	1.189375
913	1.109375
914	0.89375
915	0.949375
916	1.05375
917	1.09375
918	1.1590625
919	1.0234375
920	0.9678125
921	1.015625
922	0.9903125
923	0.838125
924	0.789375
925	0.7659375
926	0.758125
927	0.678125
928	0.5425
929	0.5503125
930	0.5415625
931	0.589375
932	0.5728125
933	0.540625
934	0.5640625
935	0.603125
936	0.57875
937	0.4821875
938	0.465625
939	0.44125
940	0.5134375
941	0.52125
942	0.4978125
943	0.57875
944	0.61875
945	0.5465625
946	0.483125
947	0.483125
948	0.514375
949	0.4978125
950	0.4734375
951	0.60125
952	0.44125
953	0.4090625
954	0.3359375
955	0.328125
956	0.3203125
957	0.3046875
958	0.3690625
959	0.376875
960	0.3290625
961	0.2725
962	0.216875
963	0.20125
964	0.20125
965	0.1534375
966	0.1378125
967	0.074375
968	0.1621875
969	0.1465625
970	0.1475
971	0.1640625
972	0.19625
973	0.220625
974	0.260625
975	0.205
976	0.1728125
977	0.1971875
978	0.1415625
979	0.0371874999999998
980	0.020625
981	0.0128124999999999
982	-0.019375
983	0.0293749999999997
984	0.0449999999999998
985	0.00593749999999982
986	0.0215624999999999
987	-0.1228125
988	-0.0671875000000001
989	-0.0915625000000002
990	-0.0750000000000001
991	-0.0281250000000001
992	0.0275
993	-0.0290625000000001
994	-0.0690625000000001
995	-0.0534375
996	-0.00562499999999999
997	0.0821874999999999
998	0.0899999999999999
999	0.105625
1000	0.1134375
1001	0.12125
1002	0.20125
1003	0.216875
1004	0.1378125
1005	0.20125
1006	0.2803125
1007	0.2403125
1008	0.1846875
1009	0.096875
1010	0.0334375
1011	0.04125
1012	0.00124999999999997
1013	-0.0465625000000001
1014	0.056875
1015	0.056875
1016	0.0334375
1017	0.0334375
1018	0.0734375
1019	0.056875
1020	0.1046875
1021	0.1359375
1022	0.1759375
1023	0.12125
1024	0.0578125
1025	0.0978125
1026	0.065625
1027	0.13
1028	0.074375
1029	0.1221875
1030	0.0899999999999999
1031	0.13875
1032	0.13875
1033	0.0353124999999999
1034	0.0518749999999999
1035	0.0918749999999998
1036	0.1240625
1037	0.15625
1038	0.100625
1039	0.1728125
1040	0.211875
1041	0.2284375
1042	0.205
1043	0.2128125
1044	0.260625
1045	0.340625
1046	0.445
1047	0.460625
1048	0.43625
1049	0.4440625
1050	0.3875
1051	0.4675
1052	0.531875
1053	0.59625
1054	0.571875
1055	0.55625
1056	0.580625
1057	0.580625
1058	0.589375
1059	0.6284375
1060	0.7640625
1061	0.8196875
1062	0.8753125
1063	0.85875
1064	0.8821875
1065	0.85875
1066	0.8275
1067	0.763125
1068	0.731875
1069	0.7796875
1070	0.7475
1071	0.67625
1072	0.6996875
1073	0.651875
1074	0.6753125
1075	0.59625
1076	0.5640625
1077	0.5475
1078	0.5309375
1079	0.523125
1080	0.57875
1081	0.554375
1082	0.434375
1083	0.451875
1084	0.491875
1085	0.4840625
1086	0.460625
1087	0.420625
1088	0.3640625
1089	0.3875
1090	0.389375
1091	0.4215625
1092	0.3815625
1093	0.3903125
1094	0.37375
1095	0.3503125
1096	0.318125
1097	0.206875
1098	0.1278125
1099	0.104375
1100	0.144375
1101	0.1921875
1102	0.255625
1103	0.2634375
1104	0.3034375
1105	0.255625
1106	0.31125
1107	0.3425
1108	0.2946875
1109	0.2703125
1110	0.3025
1111	0.33375
1112	0.3746875
1113	0.3346875
1114	0.295625
1115	0.31125
1116	0.27125
1117	0.255625
1118	0.326875
1119	0.3190625
1120	0.2478125
1121	0.3034375
1122	0.35125
1123	0.3190625
1124	0.3434375
1125	0.295625
1126	0.2859375
1127	0.3025
1128	0.3190625
1129	0.3503125
1130	0.318125
1131	0.318125
1132	0.278125
1133	0.278125
1134	0.3171875
1135	0.3728125
1136	0.309375
1137	0.2615625
1138	0.3025
1139	0.39125
1140	0.3425
1141	0.398125
1142	0.45375
1143	0.4703125
1144	0.4703125
1145	0.4625
1146	0.4225
1147	0.3903125
1148	0.349375
1149	0.3415625
1150	0.4528125
1151	0.5571875
1152	0.5971875
1153	0.57375
1154	0.4703125
1155	0.540625
1156	0.59625
1157	0.6040625
1158	0.6596875
1159	0.6996875
1160	0.683125
1161	0.843125
1162	0.8275
1163	0.7553125
1164	0.69875
1165	0.7709375
1166	0.7875
1167	0.843125
1168	0.8509375
1169	0.883125
1170	0.9396875
1171	0.851875
1172	0.9075
1173	0.8753125
1174	0.7709375
1175	0.7221875
1176	0.73875
1177	0.7153125
1178	0.6596875
1179	0.6509375
1180	0.6509375
1181	0.6353125
1182	0.683125
1183	0.6596875
1184	0.6440625
1185	0.6684375
1186	0.540625
1187	0.420625
1188	0.3728125
1189	0.451875
1190	0.4840625
1191	0.39625
1192	0.4128125
1193	0.365
1194	0.285
1195	0.245
1196	0.285
1197	0.125
1198	0.1571875
1199	0.125
1200	0.125
1201	0.0449999999999998
1202	0.0684374999999997
1203	0.020625
1204	-0.0350000000000001
1205	0.0284374999999998
1206	0.0440624999999999
1207	0.0918749999999998
1208	0.0996874999999999
1209	0.1153125
1210	0.1875
1211	0.1475
1212	0.1075
1213	0.0909374999999999
1214	0.05875
1215	0.0353124999999999
1216	0.0353124999999999
1217	0.1465625
1218	0.1065625
1219	0.1621875
1220	0.1465625
1221	0.1221875
1222	0.114375
1223	0.1621875
1224	0.17
1225	0.114375
1226	0.1378125
1227	0.1778125
1228	0.12125
1229	0.225625
1230	0.385625
1231	0.4178125
1232	0.3778125
1233	0.3534375
1234	0.4090625
1235	0.40125
1236	0.3934375
1237	0.33
1238	0.274375
1239	0.3378125
1240	0.385625
1241	0.3065625
1242	0.2265625
1243	0.21875
1244	0.1875
1245	0.1953125
1246	0.13875
1247	0.123125
1248	0.1465625
1249	0.154375
1250	0.2021875
1251	0.2734375
1252	0.265625
1253	0.1778125
1254	0.194375
1255	0.17875
1256	0.2665625
1257	0.25875
1258	0.25875
1259	0.15625
1260	0.131875
1261	0.1084375
1262	0.0606249999999999
1263	0.140625
1264	0.140625
1265	0.020625
1266	-0.1228125
1267	-0.1784375
1268	-0.1940625
1269	-0.201875
1270	-0.2496875
1271	-0.1384375
1272	-0.1384375
1273	-0.0184375
1274	-0.0106250000000002
1275	0.0303124999999997
1276	-0.0487500000000003
1277	0.0146874999999999
1278	0.0224999999999997
1279	0.0146874999999999
1280	-0.0175000000000003
1281	0.0468749999999999
1282	0.0790624999999999
1283	0.0946874999999999
1284	0.126875
1285	0.2321875
1286	0.1609375
1287	0.1453125
1288	0.24875
1289	0.2096875
1290	0.201875
1291	0.2175
1292	0.1775
1293	0.2175
1294	0.2496875
1295	0.32
1296	0.3375
1297	0.433125
1298	0.473125
1299	0.3375
1300	0.4340625
1301	0.4340625
1302	0.3940625
1303	0.4896875
1304	0.50625
1305	0.6184375
1306	0.5784375
1307	0.555
1308	0.5228125
1309	0.441875
1310	0.4496875
1311	0.353125
1312	0.4721875
1313	0.415625
1314	0.3921875
1315	0.3521875
1316	0.3678125
1317	0.3834375
1318	0.3434375
1319	0.335625
1320	0.35125
1321	0.2546875
1322	0.2625
1323	0.246875
1324	0.1590625
1325	0.1903125
1326	0.17375
1327	0.1259375
1328	0.0781249999999999
1329	0.0859374999999999
1330	0.1015625
1331	0.1415625
1332	0.0693749999999997
1333	-0.0418750000000001
1334	-0.0496875000000002
1335	-0.0331250000000002
1336	-0.0896875000000003
1337	-0.0653125000000001
1338	-0.000937500000000147
1339	-0.0887500000000002
1340	-0.0575000000000002
1341	-0.1375
1342	-0.1365625
1343	-0.23125
1344	-0.2390625
1345	-0.246875
1346	-0.2303125
1347	-0.2303125
1348	-0.3103125
1349	-0.33375
1350	-0.3259375
1351	-0.2859375
1352	-0.3015625
1353	-0.4128125
1354	-0.349375
1355	-0.269375
1356	-0.285
1357	-0.300625
1358	-0.1971875
1359	-0.2215625
1360	-0.2528125
1361	-0.220625
1362	-0.220625
1363	-0.2284375
1364	-0.1884375
1365	-0.1084375
1366	-0.0928125
1367	-0.140625
1368	-0.0850000000000002
1369	-0.00500000000000012
1370	-0.0215625000000002
1371	0.0174999999999998
1372	0.0331249999999998
1373	0.00874999999999981
1374	-0.0234375
1375	0.0721874999999998
1376	0.0887499999999999
1377	0.0887499999999999
1378	0.1434375
1379	0.1815625
1380	0.205
1381	0.1971875
1382	0.165
1383	0.1728125
1384	0.189375
1385	0.205
1386	0.1971875
1387	0.180625
1388	0.1728125
1389	0.1884375
1390	0.140625
1391	0.0606249999999999
1392	0.0362499999999999
1393	0.0118749999999999
1394	-0.0359375000000001
1395	0.020625
1396	0.0762499999999998
1397	0.0606249999999999
1398	0.0528124999999998
1399	0.0684374999999997
1400	0.0440624999999999
1401	-0.0681250000000001
1402	-0.1159375
1403	-0.0837500000000001
1404	-0.108125
1405	-0.1159375
1406	-0.0915625000000002
1407	-0.1315625
1408	-0.195
1409	-0.179375
1410	-0.16375
1411	-0.24375
1412	-0.2925
1413	-0.308125
1414	-0.348125
1415	-0.3159375
1416	-0.32375
1417	-0.28375
1418	-0.3071875
1419	-0.3228125
1420	-0.250625
1421	-0.2184375
1422	-0.1228125
1423	-0.14625
1424	-0.130625
1425	-0.1384375
1426	-0.1384375
1427	-0.14625
1428	-0.1775
1429	-0.1696875
1430	-0.201875
1431	-0.26625
1432	-0.22625
1433	-0.2584375
1434	-0.250625
1435	-0.235
1436	-0.235
1437	-0.2271875
1438	-0.170625
1439	-0.1384375
1440	-0.0984375
1441	-0.1471875
1442	-0.130625
1443	-0.0106250000000002
1444	0.0293749999999997
1445	0.00593749999999982
1446	-0.0262500000000001
1447	-0.0262500000000001
1448	0.0371874999999998
1449	0.0615625
1450	0.0546874999999999
1451	-0.000937500000000147
1452	0.0390624999999999
1453	0.0868749999999999
1454	0.1425
1455	0.2215625
1456	0.205
1457	0.2128125
1458	0.109375
1459	0.1328125
1460	0.19625
1461	0.19625
1462	0.2440625
1463	0.2440625
1464	0.2596875
1465	0.251875
1466	0.251875
1467	0.3240625
1468	0.2996875
1469	0.3075
1470	0.291875
1471	0.2684375
1472	0.2528125
1473	0.2928125
1474	0.2128125
1475	0.140625
1476	0.100625
1477	0.1084375
1478	0.1396875
1479	0.00406249999999986
1480	-0.0437500000000001
1481	-0.0359375000000001
1482	-0.0437500000000001
1483	-0.0359375000000001
1484	-0.1315625
1485	-0.1725
1486	-0.1646875
1487	-0.1490625
1488	-0.0856250000000001
1489	-0.1890625
1490	-0.236875
1491	-0.276875
1492	-0.3325
1493	-0.3646875
1494	-0.356875
1495	-0.388125
1496	-0.475
1497	-0.4828125
1498	-0.4740625
1499	-0.4584375
1500	-0.42625
1501	-0.4340625
1502	-0.4575
1503	-0.5375
1504	-0.513125
1505	-0.52875
1506	-0.4653125
1507	-0.4653125
1508	-0.44875
1509	-0.52
1510	-0.48
1511	-0.3834375
1512	-0.39125
1513	-0.3746875
1514	-0.4303125
1515	-0.4225
1516	-0.3259375
1517	-0.33375
1518	-0.2615625
1519	-0.2371875
1520	-0.205
1521	-0.2284375
1522	-0.2528125
1523	-0.2528125
1524	-0.3084375
1525	-0.31625
1526	-0.285
1527	-0.245
1528	-0.269375
1529	-0.285
1530	-0.3084375
1531	-0.23625
1532	-0.2128125
1533	-0.109375
1534	-0.220625
1535	-0.220625
1536	-0.2371875
1537	-0.2371875
1538	-0.21375
1539	-0.1903125
1540	-0.238125
1541	-0.1825
1542	-0.229375
1543	-0.2528125
1544	-0.229375
1545	-0.1259375
1546	-0.0381250000000002
1547	-0.1190625
1548	-0.11125
1549	-0.0878125000000001
1550	-0.1278125
1551	-0.1121875
1552	-0.224375
1553	-0.184375
1554	-0.2565625
1555	-0.24875
1556	-0.2965625
1557	-0.273125
1558	-0.2253125
1559	-0.2165625
1560	-0.215625
1561	-0.2078125
1562	-0.2390625
1563	-0.246875
1564	-0.2390625
1565	-0.1990625
1566	-0.175625
1567	-0.224375
1568	-0.1765625
1569	-0.28
1570	-0.24875
1571	-0.264375
1572	-0.24
1573	-0.20875
1574	-0.2634375
1575	-0.2946875
1576	-0.3034375
1577	-0.3346875
1578	-0.3746875
1579	-0.31125
1580	-0.24
1581	-0.3434375
1582	-0.4078125
1583	-0.4234375
1584	-0.3834375
1585	-0.3678125
1586	-0.36
1587	-0.36
1588	-0.28875
1589	-0.273125
1590	-0.304375
1591	-0.264375
1592	-0.2009375
1593	-0.2165625
1594	-0.2721875
1595	-0.2721875
1596	-0.273125
1597	-0.2809375
1598	-0.241875
1599	-0.2896875
1600	-0.2975
1601	-0.2340625
1602	-0.1940625
1603	-0.1140625
1604	-0.1140625
1605	-0.10625
1606	-0.0906250000000002
1607	-0.0350000000000001
1608	-0.0350000000000001
1609	-0.0340625000000001
1610	0.0128124999999999
1611	0.11625
1612	0.109375
1613	0.1328125
1614	0.15625
1615	0.1475
1616	0.100625
1617	0.1396875
1618	0.1075
1619	0.1475
1620	0.1240625
1621	0.0918749999999998
1622	0.1240625
1623	0.0849999999999999
1624	0.0293749999999997
1625	0.00499999999999989
1626	0.0518749999999999
1627	-0.0359375000000001
1628	-0.0915625000000002
1629	-0.0915625000000002
1630	-0.0759375000000001
1631	-0.0768750000000001
1632	-0.0768750000000001
1633	0.0021874999999999
1634	-0.02125
1635	0.0665625
1636	0.0821874999999999
1637	0.0021874999999999
1638	-0.0378125000000001
1639	-0.1334375
1640	-0.165625
1641	-0.1890625
1642	-0.14125
1643	-0.2125
1644	-0.24375
1645	-0.2603125
1646	-0.2915625
1647	-0.36375
1648	-0.3646875
1649	-0.38125
1650	-0.38125
1651	-0.356875
1653	-0.396875
1654	-0.388125
1655	-0.3646875
1656	-0.34125
1657	-0.3725
1658	-0.3725
1659	-0.3725
1660	-0.3959375
1661	-0.40375
1662	-0.410625
1663	-0.3871875
1664	-0.3471875
1665	-0.3228125
1666	-0.2671875
1667	-0.30625
1668	-0.3140625
1669	-0.3296875
1670	-0.3296875
1671	-0.4096875
1672	-0.4096875
1673	-0.393125
1674	-0.4165625
1675	-0.4009375
1676	-0.3609375
1677	-0.3453125
1678	-0.3209375
1679	-0.2809375
1680	-0.2965625
1681	-0.2409375
1682	-0.2096875
1683	-0.2096875
1684	-0.161875
1685	-0.1775
1686	-0.1775
1687	-0.2009375
1688	-0.1609375
1689	-0.1609375
1690	-0.0253125000000002
1691	-0.0487500000000003
1692	-0.0965625000000001
1693	-0.0721875000000001
1694	-0.0887500000000002
1695	-0.0565625000000002
1696	-0.0175000000000003
1697	-0.00968750000000029
1698	0.0371874999999998
1699	0.00593749999999982
1700	0.00687499999999985
1701	0.0303124999999997
1702	-0.0565625000000002
1703	-0.0165625000000001
1704	-0.00875000000000026
1705	-0.000937500000000147
1706	0.0703124999999998
1707	0.0946874999999999
1708	0.1190625
1709	0.0790624999999999
1710	0.0790624999999999
1711	0.135625
1712	0.104375
1713	0.1053125
1714	0.0896874999999997
1715	0.121875
1716	0.1765625
1717	0.16875
1718	0.1609375
1719	0.1296875
1720	0.0984375000000002
1721	0.121875
1722	0.201875
1723	0.18625
1724	0.1384375
1725	0.1384375
1726	-0.0450000000000004
1727	-0.0450000000000004
1728	0.0184375000000001
1729	0.0174999999999998
1730	-0.0293750000000004
1731	0.1140625
1732	0.075
1733	0.12375
1734	0.108125
1735	0.1246875
1736	0.0837499999999998
1737	0.12375
1738	0.179375
1739	0.195
1740	0.3228125
1741	0.299375
1742	0.308125
1743	0.268125
1744	0.1725
1745	0.1725
1746	0.1803125
1747	0.1159375
1748	0.2115625
1749	0.2028125
1750	0.170625
1751	0.090625
1752	0.0349999999999997
1753	-0.0128124999999999
1754	-0.0128124999999999
1755	-0.0128124999999999
1756	-0.0206249999999999
1757	-0.0362500000000001
1758	-0.0762500000000004
1759	-0.0362500000000001
1760	0.0115624999999997
1761	-0.0118750000000003
1762	0.0115624999999997
1763	-0.0128124999999999
1764	0.0193749999999999
1765	0.0037499999999997
1766	0.0515625
1767	-0.0928125
1768	-0.0771875000000002
1769	-0.1259375
1770	-0.0781250000000002
1771	-0.0946875
1772	-0.0225
1773	-0.1103125
1774	-0.1025
1775	-0.0790625
1776	-0.2146875
1777	-0.246875
1778	-0.2634375
1779	-0.255625
1780	-0.24
1781	-0.2478125
1782	-0.2478125
1783	-0.1921875
1784	-0.28
1785	-0.12875
1786	-0.1053125
1787	-0.0175000000000003
1788	-0.00875000000000026
1789	0.00687499999999985
1790	0.00687499999999985
1791	0.118125
1792	0.0937499999999999
1793	0.0859374999999999
1794	0.0693749999999997
1795	0.0284374999999998
1796	0.1396875
1797	0.0918749999999998
1798	0.1240625
1799	0.1396875
1800	0.0840624999999998
1801	0.0528124999999998
1802	0.0284374999999998
1803	0.0528124999999998
1804	0.0762499999999998
1805	0.0449999999999998
1806	0.00499999999999989
1807	0.100625
1808	0.0762499999999998
1809	0.0840624999999998
1810	0.131875
1811	0.0684374999999997
1812	0.0684374999999997
1813	0.1084375
1814	0.19625
1815	0.211875
1816	0.2275
1817	0.2275
1818	0.243125
1819	0.243125
1820	0.2275
1821	0.1153125
1822	0.123125
1823	0.0509374999999999
1824	0.0499999999999999
1825	0.034375
1826	0.05875
1827	0.00312499999999993
1828	0.00312499999999993
1829	-0.0203125
1830	0.00406249999999986
1831	0.0518749999999999
1832	-0.0115625000000003
1833	0.0275
1834	-0.00468750000000007
1835	-0.0125
1836	0.0196875
1837	0.0431249999999999
1838	0.0353124999999999
1839	-0.0125
1840	-0.0525
1841	-0.02125
1842	-0.02125
1843	-0.0446875000000001
1844	-0.1003125
1845	-0.108125
1846	-0.188125
1847	-0.1803125
1848	-0.1725
1849	-0.156875
1850	-0.196875
1851	-0.1890625
1852	-0.148125
1853	-0.1325
1854	-0.1403125
1855	-0.1325
1856	-0.1246875
1857	-0.1559375
1858	-0.1715625
1859	-0.1715625
1860	-0.1559375
1861	-0.1246875
1862	-0.1090625
1863	-0.1325
1864	-0.0925
1865	-0.0378125000000001
1866	-0.0621875000000001
1867	-0.094375
1868	-0.103125
1869	-0.0709375000000001
1870	-0.0865625
1871	-0.11
1872	-0.1821875
1873	-0.134375
1874	-0.0709375000000001
1875	-0.0475000000000001
1876	-0.0475000000000001
1877	-0.0865625
1878	-0.0387500000000001
1879	-0.0709375000000001
1880	-0.0475000000000001
1881	0.000312499999999827
1882	-0.0153125000000001
1883	0.0334375
1884	0.0334375
1885	0.025625
1886	-0.06125
1887	-0.0768750000000001
1888	-0.14125
1889	-0.14125
1890	-0.14125
1891	-0.196875
1892	-0.2603125
1893	-0.2446875
1894	-0.276875
1895	-0.2925
1896	-0.24375
1897	-0.2515625
1898	-0.219375
1899	-0.24375
1900	-0.268125
1901	-0.2671875
1902	-0.2428125
1903	-0.22625
1904	-0.273125
1905	-0.2653125
1906	-0.161875
1907	-0.161875
1908	-0.1375
1909	-0.1853125
1910	-0.1775
1911	-0.1375
1912	-0.0653125000000001
1913	-0.0575000000000002
1914	-0.0165625000000001
1915	-0.0721875000000001
1916	-0.0878125000000001
1917	-0.0878125000000001
1918	0.1278125
1919	0.1190625
1920	0.1590625
1921	0.1190625
1922	0.1903125
1923	0.1903125
1924	0.238125
1925	0.2390625
1926	0.27125
1927	0.295625
1928	0.366875
1929	0.446875
1930	0.4234375
1931	0.446875
1932	0.3825
1933	0.3903125
1934	0.2946875
1935	0.3746875
1936	0.3903125
1937	0.3659375
1938	0.3815625
1939	0.3571875
1940	0.3484375
1941	0.2771875
1942	0.205
1943	0.1971875
1944	0.1728125
1945	0.19625
1946	0.180625
1947	0.1484375
1948	0.0928124999999999
1949	0.165
1950	0.0918749999999998
1951	0.0996874999999999
1952	0.0996874999999999
1953	0.1396875
1954	-0.0203125
1955	0.0196875
1956	-0.0203125
1957	-0.0515625000000002
1958	-0.1071875
1959	-0.115
1960	-0.099375
1961	-0.0281250000000001
1962	-0.0125
1963	-0.0368750000000001
1964	-0.0368750000000001
1965	-0.02125
1966	-0.0134375
1967	-0.0603125
1968	-0.0603125
1969	-0.0603125
1970	-0.0446875000000001
1971	-0.0925
1972	-0.1159375
1973	-0.1071875
1974	-0.170625
1975	-0.14625
1976	-0.1775
1977	-0.1296875
1978	-0.1053125
1979	-0.0809375000000001
1980	-0.0887500000000002
1981	-0.0721875000000001
1982	-0.15125
1983	-0.1903125
1984	-0.1425
1985	-0.1746875
1986	-0.1825
1987	-0.1825
1988	-0.2059375
1989	-0.29375
1990	-0.3259375
1991	-0.4059375
1992	-0.429375
1993	-0.3103125
1994	-0.1990625
1995	-0.126875
1996	-0.1503125
1997	-0.2459375
1998	-0.2859375
1999	-0.2615625
2000	-0.21375
2001	-0.325
2002	-0.2771875
2003	-0.21375
2004	-0.1503125
2005	-0.17375
2006	-0.1015625
2007	-0.1025
2008	-0.0225
2009	0.024375
2010	0.0799999999999998
2011	0.0965625000000001
2012	0.16
2013	0.175625
2014	0.1590625
2015	0.2459375
2016	0.2459375
2017	0.269375
2018	0.325
2019	0.39625
2020	0.2928125
2021	0.2684375
2022	0.3728125
2023	0.420625
2024	0.491875
2025	0.531875
2026	0.51625
2027	0.55625
2028	0.6753125
2029	0.5953125
2030	0.5075
2031	0.5065625
2032	0.4665625
2033	0.4821875
2034	0.514375
2035	0.5221875
2036	0.434375
2037	0.4421875
2038	0.4021875
2039	0.4178125
2040	0.33875
2041	0.37875
2042	0.3465625
2043	0.363125
2044	0.283125
2045	0.2596875
2046	0.2353125
2047	0.1865625
2048	0.163125
2049	0.0596875
2050	0.1171875
2051	0.1571875
2052	0.165
2053	0.149375
2054	0.1328125
2055	0.0928124999999999
2056	0.1728125
2057	0.165
2058	0.0606249999999999
2059	0.0684374999999997
2060	0.0528124999999998
2061	0.0606249999999999
2062	0.1240625
2063	0.1084375
2064	0.020625
2065	0.00499999999999989
2066	0.0293749999999997
2067	0.0303124999999997
2068	0.0303124999999997
2069	0.0390624999999999
2070	-0.0165625000000001
2071	-0.0243750000000001
2072	0.0312499999999998
2073	0.1034375
2074	0.1190625
2075	0.126875
2076	0.1425
2077	0.0868749999999999
2078	0.0468749999999999
2079	0.0312499999999998
2080	-0.00875000000000026
2081	-0.0487500000000003
2082	-0.015625
2083	-0.015625
2084	0.04
2085	0.0634374999999999
2086	-0.0331250000000002
2087	-0.1521875
2088	-0.144375
2089	-0.16
2090	-0.0956250000000001
2091	-0.1746875
2092	-0.19125
2093	-0.1278125
2094	-0.16
2095	-0.215625
2096	-0.255625
2097	-0.2234375
2098	-0.27125
2099	-0.3034375
2100	-0.3346875
2101	-0.3346875
2102	-0.286875
2103	-0.335625
2104	-0.3278125
2105	-0.375625
2106	-0.3365625
2107	-0.3365625
2108	-0.3765625
2109	-0.393125
2110	-0.3921875
2111	-0.4321875
2112	-0.375625
2113	-0.3834375
2114	-0.36
2115	-0.344375
2116	-0.344375
2117	-0.3365625
2118	-0.2975
2119	-0.344375
2120	-0.3921875
2121	-0.3990625
2122	-0.3590625
2123	-0.32
2124	-0.366875
2125	-0.3746875
2126	-0.446875
2127	-0.3834375
2128	-0.3034375
2129	-0.295625
2130	-0.27125
2131	-0.27125
2132	-0.246875
2133	-0.31125
2134	-0.326875
2135	-0.27125
2136	-0.255625
2137	-0.2234375
2138	-0.23125
2139	-0.2225
2140	-0.2615625
2141	-0.17375
2142	-0.1971875
2143	-0.260625
2144	-0.2840625
2145	-0.3553125
2146	-0.3796875
2147	-0.2996875
2148	-0.3084375
2149	-0.2771875
2150	-0.27625
2151	-0.2684375
2152	-0.27625
2153	-0.260625
2154	-0.3075
2155	-0.220625
2156	-0.205
2157	-0.1425
2158	-0.1590625
2159	-0.1346875
2160	-0.0712500000000003
2161	-0.0478125
2162	-0.0321875
2163	-0.0721875000000001
2164	-0.135625
2165	-0.175625
2166	-0.2146875
2167	-0.2146875
2168	-0.15125
2169	-0.1425
2170	-0.0790625
2171	-0.0546875
2172	-0.0225
2173	0.0165625
2174	0.00874999999999981
2175	0.0721874999999998
2176	0.126875
2177	0.0312499999999998
2178	0.0868749999999999
2179	0.1103125
2180	0.13375
2181	0.109375
2182	0.1571875
2183	0.0937499999999999
2184	0.0537499999999999
2185	0.0381249999999999
2186	0.00593749999999982
2187	-0.0731250000000001
2188	-0.0653125000000001
2189	-0.1053125
2190	-0.0818750000000001
2191	-0.1296875
2192	-0.1775
2193	-0.1853125
2194	-0.20875
2195	-0.2721875
2196	-0.304375
2197	-0.2965625
2198	-0.28875
2199	-0.2321875
2200	-0.193125
2201	-0.2165625
2202	-0.1853125
2203	-0.1775
2204	-0.28875
2205	-0.2975
2206	-0.32875
2207	-0.36875
2208	-0.3765625
2209	-0.344375
2210	-0.4321875
2211	-0.5034375
2212	-0.5025
2213	-0.4390625
2214	-0.4546875
2215	-0.446875
2216	-0.4459375
2217	-0.45375
2218	-0.4928125
2219	-0.5171875
2220	-0.525
2221	-0.5171875
2222	-0.509375
2223	-0.509375
2224	-0.4215625
2225	-0.47625
2226	-0.380625
2227	-0.3328125
2228	-0.245
2229	-0.1328125
2230	-0.140625
2231	-0.100625
2232	-0.100625
2233	-0.1240625
2234	-0.0762500000000004
2235	-0.1953125
2236	-0.2509375
2237	-0.1953125
2238	-0.2275
2239	-0.211875
2240	-0.180625
2241	-0.15625
2242	-0.19625
2243	-0.2040625
2244	-0.1884375
2245	-0.3075
2246	-0.2996875
2247	-0.2996875
2248	-0.31625
2249	-0.35625
2250	-0.4040625
2251	-0.4040625
2252	-0.4284375
2253	-0.3484375
2254	-0.309375
2255	-0.269375
2256	-0.2928125
2257	-0.300625
2258	-0.23625
2259	-0.125
2260	-0.205
2261	-0.1815625
2262	-0.2059375
2263	-0.1815625
2264	-0.2128125
2265	-0.380625
2266	-0.3328125
2267	-0.33375
2268	-0.278125
2269	-0.2459375
2270	-0.3171875
2271	-0.2146875
2272	-0.2215625
2273	-0.245
2274	-0.1728125
2275	-0.1728125
2276	-0.1796875
2277	-0.243125
2278	-0.2275
2279	-0.2196875
2280	-0.19625
2281	-0.165
2282	-0.165
2283	-0.17375
2284	-0.1815625
2285	-0.1103125
2286	-0.1025
2287	-0.0790625
2288	-0.0946875
2289	-0.15125
2290	-0.0634375
2291	-0.055625
2292	-0.00875000000000026
2293	0.0078125
2294	0.0312499999999998
2295	-0.0409375000000002
2296	-0.0165625000000001
2297	0.0312499999999998
2298	-0.0234375
2299	-0.11125
2300	-0.1834375
2301	-0.1990625
2302	-0.215625
2303	-0.2234375
2304	-0.2634375
2305	-0.31125
2306	-0.2
2307	-0.2
2308	-0.1853125
2309	-0.2096875
2310	-0.2340625
2311	-0.2340625
2312	-0.2028125
2313	-0.12375
2314	-0.0759375000000001
2315	-0.099375
2316	-0.155
2317	-0.099375
2318	-0.0837500000000001
2319	-0.0837500000000001
2320	-0.059375
2321	-0.0350000000000001
2322	0.00499999999999989
2323	0.0371874999999998
2324	0.0528124999999998
2325	0.125
2326	0.0928124999999999
2327	0.0606249999999999
2328	0.0449999999999998
2329	0.0128124999999999
2330	-0.0906250000000002
2331	-0.0828125000000001
2332	-0.1540625
2333	-0.1940625
2334	-0.0106250000000002
2335	0.0137499999999998
2336	0.1015625
2337	0.1815625
2338	0.1503125
2339	0.1903125
2340	0.206875
2341	0.2225
2342	0.11125
2343	0.0712499999999998
2344	0.00874999999999981
2345	0.0165625
2346	-0.046875
2347	-0.0390625
2348	-0.0634375
2349	-0.1190625
2350	-0.1590625
2351	-0.1278125
2352	-0.1278125
2353	-0.175625
2354	-0.2225
2355	-0.2225
2356	-0.2225
2357	-0.2625
2358	-0.286875
2359	-0.3190625
2360	-0.3346875
2361	-0.438125
2362	-0.4859375
2363	-0.45375
2364	-0.4459375
2365	-0.41375
2366	-0.4371875
2367	-0.4371875
2368	-0.3903125
2369	-0.3903125
2370	-0.5903125
2371	-0.59125
2381	-0.5296875
2382	-0.481875
2383	-0.4575
2384	-0.4653125
2385	-0.4653125
2386	-0.433125
2387	-0.4809375
2388	-0.48875
2389	-0.44
2390	-0.4009375
2391	-0.44
2392	-0.464375
2393	-0.4965625
2394	-0.48875
2395	-0.4321875
2396	-0.393125
2397	-0.3775
2398	-0.3609375
2399	-0.44
2400	-0.3278125
2401	-0.36
2402	-0.32875
2403	-0.344375
2404	-0.304375
2405	-0.28
2406	-0.24875
2407	-0.2878125
2408	-0.264375
2409	-0.295625
2410	-0.2878125
2411	-0.2721875
2412	-0.304375
2413	-0.3434375
2414	-0.35125
2415	-0.3746875
2416	-0.3590625
2417	-0.47125
2418	-0.51125
2419	-0.566875
2420	-0.5434375
2421	-0.5434375
2422	-0.56
2423	-0.56
2424	-0.504375
2425	-0.5365625
2426	-0.5121875
2427	-0.4653125
2428	-0.4653125
2429	-0.4965625
2430	-0.48
2431	-0.52
2432	-0.486875
2433	-0.4225
2434	-0.4059375
2435	-0.3659375
2436	-0.4615625
2437	-0.4059375
2438	-0.4528125
2439	-0.3171875
2440	-0.3571875
2441	-0.3815625
2442	-0.420625
2443	-0.389375
2444	-0.389375
2445	-0.3971875
2446	-0.420625
2447	-0.4440625
2448	-0.451875
2449	-0.4284375
2450	-0.4284375
2451	-0.405
2452	-0.3971875
2453	-0.389375
2454	-0.3415625
2455	-0.318125
2456	-0.3415625
2457	-0.3328125
2458	-0.3396875
2459	-0.3240625
2460	-0.3640625
2461	-0.39625
2462	-0.380625
2463	-0.35625
2464	-0.35625
2465	-0.285
2466	-0.3484375
2467	-0.3171875
2468	-0.389375
2469	-0.4459375
2470	-0.4625
2471	-0.4390625
2472	-0.4634375
2473	-0.5346875
2474	-0.5034375
2475	-0.6390625
2476	-0.6546875
2477	-0.646875
2478	-0.5034375
2479	-0.5190625
2480	-0.558125
2481	-0.5346875
2482	-0.486875
2483	-0.4790625
2484	-0.43125
2485	-0.3834375
2486	-0.3834375
2487	-0.3990625
2488	-0.4146875
2489	-0.406875
2490	-0.446875
2491	-0.406875
2492	-0.3746875
2493	-0.3034375
2494	-0.28
2495	-0.28
2496	-0.295625
2497	-0.286875
2498	-0.3190625
2499	-0.31125
2500	-0.286875
2501	-0.3503125
2502	-0.3346875
2503	-0.4059375
2504	-0.41375
2505	-0.3659375
2506	-0.358125
2507	-0.3025
2508	-0.2946875
2509	-0.23125
2510	-0.2234375
2511	-0.2390625
2512	-0.23125
2513	-0.2390625
2514	-0.3746875
2515	-0.3190625
2516	-0.23125
2517	-0.2078125
2518	-0.2478125
2519	-0.2
2520	-0.255625
2521	-0.3190625
2522	-0.3425
2523	-0.2790625
2524	-0.206875
2525	-0.2225
2526	-0.238125
2527	-0.25375
2528	-0.2459375
2529	-0.3259375
2530	-0.3571875
2531	-0.3171875
2532	-0.2615625
2533	-0.3015625
2534	-0.325
2535	-0.340625
2536	-0.39625
2537	-0.443125
2538	-0.371875
2539	-0.3084375
2540	-0.3084375
2541	-0.371875
2542	-0.3640625
2543	-0.411875
2544	-0.4353125
2545	-0.483125
2546	-0.4196875
2547	-0.411875
2548	-0.3484375
2549	-0.35625
2550	-0.2684375
2551	-0.300625
2552	-0.3728125
2553	-0.3884375
2554	-0.3728125
2555	-0.420625
2556	-0.3571875
2557	-0.285
2558	-0.2771875
2559	-0.3484375
2560	-0.365
2561	-0.349375
2562	-0.349375
2563	-0.3015625
2564	-0.33375
2565	-0.3415625
2566	-0.389375
2567	-0.460625
2568	-0.4928125
2569	-0.4615625
2570	-0.469375
2571	-0.509375
2572	-0.4703125
2573	-0.4
2574	-0.36
2575	-0.4234375
2576	-0.3678125
2577	-0.3521875
2578	-0.344375
2579	-0.384375
2580	-0.3765625
2581	-0.32875
2582	-0.2965625
2583	-0.2165625
2584	-0.1921875
2585	-0.2
2586	-0.19125
2587	-0.1825
2588	-0.1825
2589	-0.0712500000000003
2590	-0.086875
2591	-0.0790625
2592	-0.1346875
2593	-0.1903125
2594	-0.1903125
2595	-0.1025
2596	-0.1503125
2597	-0.0625
2598	-0.0312500000000002
2599	-0.11125
2600	-0.055625
2601	-0.0946875
2602	0.00874999999999981
2603	0.0253124999999998
2604	0.00187499999999963
2605	0.0496874999999999
2606	0.0653125000000001
2607	0.0418749999999999
2608	0.0828125
2609	0.139375
2610	0.0359375
2611	0.1246875
2612	0.1246875
2613	0.1403125
2614	0.188125
2615	0.2515625
2616	0.2671875
2617	0.196875
2618	0.1646875
2619	0.0768749999999998
2620	-0.01875
2621	0.0212499999999998
2622	-0.0109375
2623	-0.0587500000000003
2624	0.0290624999999998
2625	-0.0265625
2626	0.0290624999999998
2627	-0.00218750000000023
2628	0.00562499999999977
2629	0.0290624999999998
2630	0.0290624999999998
2631	-0.0353125000000003
2632	0.0290624999999998
2633	-0.00218750000000023
2634	0.0221875
2635	-0.00906249999999997
2636	-0.0803125
2637	-0.0246875000000002
2638	-0.1046875
2639	-0.0334375
2640	0.0309374999999998
2641	-0.0325000000000002
2642	-0.016875
2643	0.0143749999999998
2644	-0.0734374999999998
2645	-0.1134375
2646	-0.1134375
2647	-0.17
2648	-0.225625
2649	-0.2246875
2650	-0.296875
2651	-0.3125
2652	-0.3359375
2653	-0.3446875
2654	-0.3290625
2655	-0.3125
2656	-0.2490625
2657	-0.2578125
2658	-0.25875
2659	-0.2196875
2660	-0.2675
2661	-0.2996875
2662	-0.29875
2663	-0.29875
2664	-0.2109375
2665	-0.243125
2666	-0.29875
2667	-0.29875
2668	-0.33875
2669	-0.4109375
2670	-0.474375
2671	-0.4353125
2672	-0.27625
2673	-0.205
2674	-0.149375
2675	-0.2371875
2676	-0.3171875
2677	-0.2459375
2678	-0.238125
2679	-0.1903125
2680	-0.11125
2681	-0.1278125
2682	-0.1121875
2683	-0.1678125
2684	-0.16
2685	-0.1921875
2686	-0.175625
2687	-0.1834375
2688	-0.1278125
2689	-0.0487500000000003
2690	-0.0887500000000002
2691	-0.0496875000000002
2692	-0.0575000000000002
2693	-0.0731250000000001
2694	-0.0809375000000001
2695	-0.0809375000000001
2696	0.0224999999999997
2697	0.0146874999999999
2698	0.0537499999999999
2699	0.0849999999999999
2700	0.0449999999999998
2701	0.0771874999999999
2702	0.1640625
2703	0.1484375
2704	0.1396875
2705	0.163125
2706	0.21
2707	0.2021875
2708	0.0509374999999999
2709	0.00312499999999993
2710	0.0196875
2711	0.0831249999999999
2712	0.154375
2713	0.09875
2714	0.0831249999999999
2715	0.0596875
2716	0.0675
2717	0.1953125
2718	0.2353125
2719	0.25875
2720	0.2821875
2721	0.3134375
2722	0.3134375
2723	0.3046875
2724	0.2646875
2725	0.2725
2726	0.336875
2727	0.336875
2728	0.32125
2729	0.3290625
2730	0.2890625
2731	0.305625
2732	0.17
2733	0.2421875
2734	0.1865625
2735	0.21875
2736	0.194375
2737	0.185625
2738	0.114375
2739	0.1778125
2740	0.1621875
2741	0.2021875
2742	0.17875
2743	0.2421875
2744	0.36125
2745	0.3534375
2746	0.3125
2747	0.4090625
2748	0.3934375
2749	0.5534375
2750	0.56125
2751	0.6490625
2752	0.6334375
2753	0.443125
2754	0.39625
2755	0.451875
2756	0.4996875
2757	0.5328125
2758	0.540625
2759	0.5171875
2760	0.549375
2761	0.5015625
2762	0.4059375
2763	0.358125
2764	0.358125
2765	0.326875
2766	0.3590625
2767	0.3990625
2768	0.4146875
2769	0.3346875
2770	0.3025
2771	0.2859375
2772	0.3025
2773	0.3190625
2774	0.39125
2775	0.43125
2776	0.4078125
2777	0.3365625
2778	0.3209375
2779	0.2740625
2780	0.170625
2781	0.2271875
2782	0.1803125
2783	0.0603125
2784	0.1003125
2785	-0.0596874999999999
2786	-0.0353125000000003
2787	-0.131875
2788	-0.11625
2789	-0.0293750000000004
2790	-0.0459375
2791	0.0106249999999999
2792	-0.0206249999999999
2793	-0.0684375000000004
2794	-0.163125
2795	-0.1309375
2796	-0.163125
2797	-0.163125
2798	-0.1075
2799	-0.1153125
2800	-0.1475
2801	-0.1240625
2802	-0.0762500000000004
2803	-0.0684375000000004
2804	-0.0996875000000002
2805	-0.13875
2806	-0.0753125000000001
2807	-0.0978125000000001
2808	-0.1134375
2809	-0.13
2810	-0.1709375
2811	-0.2665625
2812	-0.1796875
2813	-0.1240625
2814	-0.0440625000000001
2815	-0.0596874999999999
2816	-0.0831250000000001
2817	-0.1396875
2818	-0.100625
2819	-0.109375
2820	-0.1259375
2821	-0.1259375
2822	-0.158125
2823	-0.2128125
2824	-0.23625
2825	-0.260625
2826	-0.245
2827	-0.365
2828	-0.405
2829	-0.3415625
2830	-0.3103125
2831	-0.3425
2832	-0.33375
2833	-0.318125
2834	-0.318125
2835	-0.318125
2836	-0.3259375
2837	-0.3103125
2838	-0.3425
2839	-0.3503125
2840	-0.3659375
2841	-0.3425
2842	-0.398125
2843	-0.4146875
2844	-0.3825
2845	-0.3103125
2846	-0.33375
2847	-0.309375
2848	-0.285
2849	-0.285
2850	-0.349375
2851	-0.2946875
2852	-0.255625
2853	-0.27125
2854	-0.2946875
2855	-0.3259375
2856	-0.2615625
2857	-0.25375
2858	-0.2303125
2859	-0.1834375
2860	-0.215625
2861	-0.215625
2862	-0.1034375
2863	-0.0956250000000001
2864	-0.0800000000000001
2865	-0.1365625
2866	-0.113125
2867	-0.0896875000000003
2868	-0.0984375
2869	-0.1140625
2870	-0.1540625
2871	-0.1384375
2872	-0.0906250000000002
2873	-0.10625
2874	-0.14625
2875	-0.1940625
2876	-0.059375
2877	-0.0359375000000001
2878	-0.0671875000000001
2879	-0.00375000000000014
2880	-0.1228125
2881	-0.1784375
2882	-0.1228125
2883	-0.1228125
2884	-0.155
2885	-0.195
2886	-0.0818750000000001
2887	-0.1140625
2888	-0.121875
2889	-0.121875
2890	-0.0818750000000001
2891	0.0137499999999998
2892	-0.0984375
2893	-0.113125
2894	-0.1365625
2895	-0.0565625000000002
2896	-0.00875000000000026
2897	0.0234374999999999
2898	-0.0731250000000001
2899	-0.0653125000000001
2900	-0.00968750000000029
2901	-0.00968750000000029
2902	0.0303124999999997
2903	0.0546874999999999
2904	0.0946874999999999
2905	0.1425
2906	0.1346875
2907	0.166875
2908	0.11125
2909	0.1678125
2910	0.12875
2911	0.1121875
2912	0.0643749999999998
2913	0.113125
2914	0.2321875
2915	0.16875
2916	0.31125
2917	0.2878125
2918	0.2721875
2919	0.2478125
2920	0.2
2921	0.28
2922	0.175625
2923	0.16
2924	0.1921875
2925	0.2234375
2926	0.2234375
2927	0.175625
2928	0.184375
2929	0.16
2930	0.2078125
2931	0.1521875
2932	0.2565625
2933	0.193125
2934	0.2096875
2935	0.210625
2936	0.2271875
2937	0.315
2938	0.2915625
2939	0.2515625
2940	0.24375
2941	0.1725
2942	0.188125
2943	0.1403125
2944	0.188125
2945	0.16375
2946	0.219375
2947	0.259375
2948	0.2515625
2949	0.2515625
2950	0.148125
2951	0.2115625
2952	0.16375
2953	0.1715625
2954	0.1715625
2955	0.188125
2956	0.196875
2957	0.1490625
2958	0.1559375
2959	0.20375
2960	0.1715625
2961	0.1959375
2962	0.2115625
2963	0.275
2964	0.2828125
2965	0.2984375
2966	0.250625
2967	0.26625
2968	0.10625
2969	0.121875
2970	0.0896874999999997
2971	0.0887499999999999
2972	0.0331249999999998
2973	0.00187499999999963
2974	-0.0225
2975	-0.0146875
2976	-0.0703125000000002
2977	-0.0225
2978	0.00187499999999963
2979	0.0662499999999999
2980	0.0340625000000001
2981	0.0896874999999997
2982	0.1853125
2983	0.1696875
2984	0.1140625
2985	0.0984375000000002
2986	0.1628125
2987	0.210625
2988	0.22625
2989	0.241875
2990	0.2496875
2991	0.2409375
2992	0.2565625
2993	0.193125
2994	0.233125
2995	0.1853125
2996	0.1775
2997	0.1053125
2998	0.0731250000000001
2999	-0.0146875
3000	-0.0390625
3001	0.00874999999999981
3002	0.04
3003	-0.0078125
3004	0
3005	0.0156249999999999
3006	0.0390624999999999
3007	0.0312499999999998
3008	0.0146874999999999
3009	-0.0418750000000001
3010	0.0703124999999998
3011	0.1425
3012	0.17375
3013	0.13375
3014	0.0937499999999999
3015	0.100625
3016	0.0771874999999999
3017	-0.0106250000000002
3018	-0.0750000000000001
3019	-0.1071875
3020	-0.0671875000000001
3021	-0.1003125
3022	-0.116875
3023	-0.2046875
3024	-0.2525
3025	-0.276875
3026	-0.276875
3027	-0.3003125
3028	-0.316875
3029	-0.285625
3030	-0.325625
3031	-0.3178125
3032	-0.2934375
3033	-0.2925
3034	-0.276875
3035	-0.2525
3036	-0.2603125
3037	-0.2525
3038	-0.2759375
3039	-0.24375
3040	-0.1959375
3041	-0.20375
3042	-0.2271875
3043	-0.14625
3044	-0.1384375
3045	-0.1775
3046	-0.273125
3047	-0.2975
3048	-0.2575
3049	-0.2496875
3050	-0.18625
3051	-0.2809375
3052	-0.2975
3053	-0.281875
3054	-0.2175
3055	-0.1453125
3056	-0.121875
3057	-0.0740625000000001
3058	-0.0818750000000001
3059	-0.0418750000000001
3060	-0.0262500000000001
3061	-0.0106250000000002
3062	0.00499999999999989
3063	0.0684374999999997
3064	0.0606249999999999
3065	0.0684374999999997
3066	0.0762499999999998
3067	0.100625
3068	0.0684374999999997
3069	0.0440624999999999
3070	0.0928124999999999
3071	0.0928124999999999
3072	0.0693749999999997
3073	0.0693749999999997
3074	0.13375
3075	0.165
3076	0.1171875
3077	0.13375
3078	0.149375
3079	0.0137499999999998
3080	-0.00968750000000029
3081	0.0137499999999998
3082	-0.0262500000000001
3083	0.00593749999999982
3084	0.0546874999999999
3085	0.1025
3086	0.0390624999999999
3087	0.0781249999999999
3088	0.1259375
3089	0.1415625
3090	0.0937499999999999
3091	0.0293749999999997
3092	-0.0184375
3093	-0.0584375
3094	-0.121875
3095	-0.1775
3096	-0.193125
3097	-0.215625
3098	-0.2478125
3099	-0.3034375
3100	-0.1834375
3101	-0.206875
3102	-0.2459375
3103	-0.29375
3104	-0.25375
3105	-0.2215625
3106	-0.3171875
3107	-0.349375
3108	-0.325
3109	-0.380625
3110	-0.4040625
3111	-0.3396875
3112	-0.300625
3113	-0.35625
3114	-0.3084375
3115	-0.2215625
3116	-0.1815625
3117	-0.158125
3118	-0.1190625
3119	-0.1990625
3120	-0.286875
3121	-0.27125
3122	-0.2390625
3123	-0.2234375
3124	-0.175625
3125	-0.1990625
3126	-0.1590625
3127	-0.1346875
3128	-0.1259375
3129	-0.1259375
3130	-0.086875
3131	-0.0234375
3132	-0.015625
3133	-0.0243750000000001
3134	-0.0478125
3135	-0.0946875
3136	-0.1903125
3137	-0.158125
3138	-0.1425
3139	-0.126875
3140	-0.0478125
3141	-0.0643750000000002
3142	-0.0409375000000002
3143	0.00687499999999985
3144	0.0234374999999999
3145	0.0790624999999999
3146	0.126875
3147	0.0712499999999998
3148	0.1278125
3149	0.2
3150	0.2078125
3151	0.2234375
3152	0.1990625
3153	0.175625
3154	0.24
3155	0.2321875
3156	0.2
3157	0.16875
3158	0.175625
3159	0.2078125
3160	0.135625
3161	0.1834375
3162	0.19125
3163	0.1278125
3164	0.135625
3165	0.1434375
3166	0.175625
3167	0.1921875
3168	0.1921875
3169	0.1921875
3170	0.2
3171	0.2790625
3172	0.2546875
3173	0.2225
3174	0.2225
3175	0.2234375
3176	0.1278125
3177	0.104375
3178	0.0496874999999999
3179	0.0818749999999997
3180	0.0331249999999998
3181	0.0165625
3182	-0.0878125000000001
3183	-0.16
3184	-0.2478125
3185	-0.224375
3186	-0.27125
3187	-0.2546875
3188	-0.3015625
3189	-0.29375
3190	-0.3415625
3191	-0.3415625
3192	-0.318125
3193	-0.3503125
3194	-0.389375
3195	-0.3971875
3196	-0.4128125
3197	-0.4528125
3198	-0.445
3199	-0.33375
3200	-0.29375
3201	-0.29375
3202	-0.2684375
3203	-0.300625
3204	-0.3084375
3205	-0.31625
3206	-0.31625
3207	-0.3484375
3208	-0.371875
3209	-0.3475
3210	-0.2675
3211	-0.180625
3212	-0.1484375
3213	-0.0850000000000002
3214	-0.05375
3215	-0.0703125000000002
3216	0.00968749999999963
3217	0.0740624999999999
3218	0.201875
3219	0.2575
3220	0.2896875
3221	0.2575
3222	0.32875
3223	0.3121875
3224	0.39125
3225	0.43125
3226	0.4390625
3227	0.4234375
3228	0.415625
3229	0.43125
3230	0.415625
3231	0.4234375
3232	0.424375
3233	0.4409375
3234	0.4009375
3235	0.3296875
3236	0.273125
3237	0.3053125
3238	0.2721875
3239	0.224375
3240	0.2721875
3241	0.295625
3242	0.35125
3243	0.3834375
3244	0.3834375
3245	0.406875
3246	0.398125
3247	0.3025
3248	0.3415625
3249	0.2859375
3250	0.37375
3251	0.3259375
3252	0.269375
3253	0.189375
3254	0.0615625
3255	0.00593749999999982
3256	-0.0262500000000001
3257	-0.0340625000000001
3258	-0.0984375
3259	-0.161875
3260	-0.2175
3261	-0.1940625
3262	-0.1940625
3263	-0.1784375
3264	-0.201875
3265	-0.1940625
3266	-0.155
3267	-0.18625
3268	-0.179375
3269	-0.20375
3270	-0.259375
3271	-0.228125
3272	-0.1959375
3273	-0.1959375
3274	-0.2203125
3275	-0.228125
3276	-0.24375
3277	-0.2359375
3278	-0.24375
3279	-0.330625
3280	-0.3384375
3281	-0.34625
3282	-0.3540625
3283	-0.330625
3284	-0.2896875
3285	-0.2896875
3286	-0.3853125
3287	-0.3853125
3288	-0.353125
3289	-0.3609375
3290	-0.32875
3291	-0.3365625
3292	-0.3209375
3293	-0.353125
3294	-0.3209375
3295	-0.2975
3296	-0.273125
3297	-0.3053125
3298	-0.36875
3299	-0.3209375
3300	-0.3053125
3301	-0.344375
3302	-0.27125
3303	-0.3190625
3304	-0.3190625
3305	-0.2303125
3306	-0.206875
3307	-0.2625
3308	-0.3025
3309	-0.3425
3310	-0.2859375
3311	-0.238125
3312	-0.2625
3313	-0.2459375
3314	-0.3171875
3315	-0.2059375
3316	-0.1025
3317	-0.0234375
3318	-0.0546875
3319	-0.0625
3320	-0.1825
3321	-0.118125
3322	-0.0946875
3323	-0.0790625
3324	-0.0946875
3325	-0.0546875
3326	0.0409374999999998
3327	0.0799999999999998
3328	0.12
3329	0.1121875
3330	0.0965625000000001
3331	0.0809375000000001
3332	0.1278125
3333	0.104375
3334	0.135625
3335	0.11125
3336	0.11125
3337	0.0878124999999998
3338	0.0624999999999998
3339	0.1103125
3340	0.1503125
3341	0.1415625
3342	0.1425
3343	0.1746875
3344	0.166875
3345	0.15125
3346	0.0878124999999998
3347	0.0634374999999999
3348	0.0556249999999999
3349	-0.0078125
3350	0.0712499999999998
3351	0.0390624999999999
3352	-0.0331250000000002
3353	-0.16
3354	-0.184375
3355	-0.1921875
3356	-0.2
3357	-0.2565625
3358	-0.24875
3359	-0.24875
3360	-0.28875
3361	-0.2165625
3362	-0.3521875
3363	-0.3365625
3364	-0.36875
3365	-0.3921875
3366	-0.4
3367	-0.384375
3368	-0.3921875
3369	-0.3921875
3370	-0.384375
3371	-0.4078125
3372	-0.375625
3373	-0.3365625
3374	-0.3521875
3375	-0.3453125
3376	-0.3775
3377	-0.441875
3378	-0.450625
3379	-0.4028125
3380	-0.315
3381	-0.2828125
3382	-0.268125
3383	-0.2603125
3384	-0.1959375
3385	-0.1803125
3386	-0.2359375
3387	-0.268125
3388	-0.228125
3389	-0.2203125
3390	-0.2125
3391	-0.1325
3392	-0.10125
3393	-0.0856250000000001
3394	-0.0934375000000001
3395	-0.0846875000000001
3396	-0.02125
3397	-0.1490625
3398	-0.1334375
3399	-0.156875
3400	-0.1646875
3401	-0.0934375000000001
3402	-0.1490625
3403	-0.1246875
3404	-0.1725
3405	-0.2115625
3406	-0.2115625
3407	-0.16375
3408	-0.12375
3409	-0.1315625
3410	-0.1628125
3411	-0.1140625
3412	-0.121875
3413	-0.0975000000000003
3414	-0.0818750000000001
3415	-0.20875
3416	-0.2965625
3417	-0.2565625
3418	-0.24
3419	-0.255625
3420	-0.2478125
3421	-0.224375
3422	-0.2
3423	-0.2
3424	-0.2478125
3425	-0.2946875
3426	-0.2946875
3427	-0.3590625
3428	-0.366875
3429	-0.366875
3430	-0.366875
3431	-0.406875
3432	-0.478125
3433	-0.4546875
3434	-0.4146875
3435	-0.3990625
3436	-0.366875
3437	-0.438125
3438	-0.3746875
3439	-0.3990625
3440	-0.406875
3441	-0.3121875
3442	-0.32
3443	-0.3278125
3444	-0.35125
3445	-0.3278125
3446	-0.344375
3447	-0.3765625
3448	-0.4078125
3449	-0.3921875
3450	-0.415625
3451	-0.353125
3452	-0.3609375
3453	-0.4565625
3454	-0.4878125
3455	-0.4634375
3456	-0.5434375
3457	-0.5434375
3458	-0.4390625
3459	-0.446875
3460	-0.3903125
3461	-0.2234375
3462	-0.2234375
3463	-0.166875
3464	-0.1346875
3465	-0.126875
3466	-0.1503125
3467	-0.1659375
3468	-0.0625
3469	-0.0781250000000002
3470	-0.0459375
3471	-0.05375
3472	-0.0703125000000002
3473	-0.0303125000000002
3474	-0.0850000000000002
3475	-0.11625
3476	-0.0928125
3477	-0.1084375
3478	-0.0596874999999999
3479	-0.0909375000000001
3480	-0.1709375
3481	-0.1709375
3482	-0.1075
3483	-0.1075
3484	-0.0675000000000001
3485	-0.0831250000000001
3486	-0.0196875000000001
3487	-0.00312500000000004
3488	0.0125
3489	0.028125
3490	0.04375
3491	0.0428124999999997
3492	0.0662499999999999
3493	0.121875
3494	0.024375
3495	0.0878124999999998
3496	0.0712499999999998
3497	-0.0487500000000003
3498	0.0312499999999998
3499	-0.0331250000000002
3500	0.0224999999999997
3501	0.00687499999999985
3502	0.1425
3503	0.1825
3504	0.0790624999999999
3505	0.1034375
3506	0.0878124999999998
3507	0.0956249999999997
3508	0.0956249999999997
3509	0.0799999999999998
3510	0.0946874999999999
3511	0.1425
3512	0.166875
3513	0.2225
3514	0.1659375
3515	0.165
3516	0.2440625
3517	0.3396875
3518	0.3396875
3519	0.3484375
3520	0.3084375
3521	0.2684375
3522	0.220625
3523	0.19625
3524	0.2840625
3525	0.3640625
3526	0.3640625
3527	0.340625
3528	0.3571875
3529	0.318125
3530	0.326875
3531	0.2634375
3532	0.255625
3533	0.3034375
3534	0.215625
3535	0.2234375
3536	0.2478125
3537	0.335625
3538	0.28
3539	0.2634375
3540	0.27125
3541	0.2625
3542	0.1746875
3543	0.2225
3544	0.2625
3545	0.2459375
3546	0.29375
3547	0.3015625
3548	0.285
3549	0.1815625
3550	0.2215625
3551	0.2059375
3552	0.158125
3553	0.0468749999999999
3554	-0.00875000000000026
3555	-0.0253125000000002
3556	0.0781249999999999
3557	0.1425
3558	0.1190625
3559	0.0878124999999998
3560	0.0878124999999998
3561	0.0234374999999999
3562	0.0390624999999999
3563	0.0546874999999999
3564	0.0468749999999999
3565	0.0224999999999997
3566	-0.000937500000000147
3567	0.0868749999999999
3568	0.0624999999999998
3569	-0.00875000000000026
3570	0.0156249999999999
3571	-0.0312500000000002
3572	-0.1425
3573	-0.2146875
3574	-0.2634375
3575	-0.2790625
3576	-0.286875
3577	-0.318125
3578	-0.3259375
3579	-0.405
3580	-0.4284375
3581	-0.4675
3582	-0.4753125
3583	-0.483125
3584	-0.483125
3585	-0.4753125
3586	-0.4753125
3587	-0.3396875
3588	-0.363125
3589	-0.323125
3590	-0.3778125
3591	-0.41
3592	-0.4421875
3593	-0.514375
3594	-0.5065625
3595	-0.4909375
3596	-0.4265625
3597	-0.443125
3598	-0.4109375
3599	-0.4109375
3600	-0.4353125
3601	-0.3875
3602	-0.3484375
3603	-0.43625
3604	-0.4275
3605	-0.4196875
3606	-0.4040625
3607	-0.3084375
3608	-0.325
3609	-0.260625
3610	-0.23625
3611	-0.180625
3612	-0.149375
3613	-0.0859375
3614	-0.0146875
3615	0.00874999999999981
3616	0.0165625
3617	0.0556249999999999
3618	0.0868749999999999
3619	0.0712499999999998
3620	0.0799999999999998
3621	0.1034375
3622	0.0556249999999999
3623	-0.0878125000000001
3624	-0.0800000000000001
3625	-0.104375
3626	-0.0175000000000003
3627	-0.0253125000000002
3628	-0.0253125000000002
3629	-0.00968750000000029
3630	0.00593749999999982
3631	0.00687499999999985
3632	-0.113125
3633	-0.1209375
3634	-0.153125
3635	-0.1609375
3636	-0.1209375
3637	-0.1921875
3638	-0.2478125
3639	-0.224375
3640	-0.2009375
3641	-0.193125
3642	-0.2253125
3643	-0.2975
3644	-0.233125
3645	-0.273125
3646	-0.2896875
3647	-0.241875
3648	-0.273125
3649	-0.1053125
3650	-0.153125
3651	-0.16875
3652	-0.20875
3653	-0.153125
3654	-0.1765625
3655	-0.1853125
3656	-0.161875
3657	-0.1296875
3658	-0.1375
3659	-0.1140625
3660	-0.1296875
3661	-0.10625
3662	-0.10625
3663	-0.0906250000000002
3664	-0.0906250000000002
3665	-0.00281250000000011
3666	-0.0340625000000001
3667	-0.019375
3668	-0.0515625000000002
3669	-0.0506250000000003
3670	0.0693749999999997
3671	0.0771874999999999
3672	0.0371874999999998
3673	0.0606249999999999
3674	0.0606249999999999
3675	0.0693749999999997
3676	0.0449999999999998
3677	0.0684374999999997
3678	0.0606249999999999
3679	0.0684374999999997
3680	0.0840624999999998
3681	0.0518749999999999
3682	0.0128124999999999
3683	-0.0350000000000001
3684	0.00499999999999989
3685	-0.1628125
3686	-0.1471875
3687	-0.00281250000000011
3688	0.00593749999999982
3689	-0.0418750000000001
3690	-0.0740625000000001
3691	-0.0418750000000001
3692	-0.0740625000000001
3693	-0.1296875
3694	-0.1296875
3695	-0.1053125
3696	-0.0740625000000001
3697	-0.0818750000000001
3698	-0.0818750000000001
3699	-0.00187500000000018
3700	-0.0653125000000001
3701	-0.16875
3702	-0.1375
3703	-0.113125
3704	-0.0409375000000002
3705	-0.0418750000000001
3706	-0.1140625
3707	-0.1140625
3708	-0.1296875
3709	-0.1375
3710	-0.1609375
3711	-0.1765625
3712	-0.215625
3713	-0.19125
3714	-0.2146875
3715	-0.238125
3716	-0.278125
3717	-0.25375
3718	-0.198125
3719	-0.2059375
3720	-0.2459375
3721	-0.29375
3722	-0.3171875
3723	-0.3903125
3724	-0.366875
3725	-0.2946875
3726	-0.3025
3727	-0.3103125
3728	-0.3259375
3729	-0.2459375
3730	-0.1825
3731	-0.206875
3732	-0.19125
3733	-0.19125
3734	-0.246875
3735	-0.3025
3736	-0.2390625
3737	-0.1834375
3738	-0.175625
3739	-0.184375
3740	-0.2165625
3741	-0.224375
3742	-0.2321875
3743	-0.2165625
3744	-0.0653125000000001
3745	-0.00968750000000029
3746	0.0537499999999999
3747	0.0449999999999998
3748	0.171875
3749	0.171875
3750	0.203125
3751	0.1875
3752	0.2909375
3753	0.283125
3754	0.29875
3755	0.2509375
3756	0.25875
3757	0.274375
3758	0.314375
3759	0.25875
3760	0.1953125
3761	0.171875
3762	0.2440625
3763	0.19625
3764	0.23625
3765	0.19625
3766	0.109375
3767	0.1425
3768	0.1678125
3769	0.2321875
3770	0.3034375
3771	0.28
3772	0.20875
3773	0.1296875
3774	0.0984375000000002
3775	0.0671875000000002
3776	0.075
3777	0.0671875000000002
3778	0.115
3779	0.0837499999999998
3780	-0.0509375000000003
3781	-0.00218750000000023
3782	-0.034375
3783	-0.034375
3784	0.00562499999999977
3785	-0.0265625
3786	-0.0265625
3787	-0.01875
3788	-0.1309375
3789	-0.1153125
3790	-0.194375
3791	-0.1709375
3792	-0.21875
3793	-0.1309375
3794	-0.1475
3795	-0.13875
3796	-0.0831250000000001
3797	-0.1240625
3798	-0.2040625
3799	-0.1884375
3800	-0.2440625
3801	-0.27625
3802	-0.180625
3803	-0.189375
3804	-0.2303125
3805	-0.2859375
3806	-0.29375
3807	-0.318125
3808	-0.3025
3809	-0.23125
3810	-0.2225
3811	-0.086875
3812	-0.118125
3813	-0.1015625
3814	-0.19625
3815	-0.125
3816	-0.1415625
3817	-0.2303125
3818	-0.1425
3819	-0.1659375
3820	-0.3084375
3821	-0.331875
3822	-0.3475
3823	-0.2684375
3824	-0.23625
3825	-0.2840625
3826	-0.260625
3827	-0.205
3828	-0.2128125
3829	-0.2684375
3830	-0.2840625
3831	-0.2771875
3832	-0.3171875
3833	-0.3171875
3834	-0.2928125
3835	-0.31625
3836	-0.31625
3837	-0.3475
3838	-0.39625
3839	-0.4284375
3840	-0.371875
3841	-0.39625
3842	-0.31625
3843	-0.2996875
3844	-0.2840625
3845	-0.300625
3846	-0.340625
3847	-0.445
3848	-0.4059375
3849	-0.4225
3850	-0.3834375
3851	-0.4790625
3852	-0.43125
3853	-0.446875
3854	-0.47125
3855	-0.4790625
3856	-0.4878125
3857	-0.4565625
3858	-0.4409375
3859	-0.4809375
3860	-0.513125
3861	-0.4575
3862	-0.433125
3863	-0.52
3864	-0.4721875
3865	-0.4878125
3866	-0.4321875
3867	-0.5103125
3868	-0.446875
3869	-0.3825
3870	-0.4146875
3871	-0.406875
3872	-0.3990625
3873	-0.3590625
3874	-0.35125
3875	-0.31125
3876	-0.3834375
3877	-0.3434375
3878	-0.455625
3879	-0.4721875
3880	-0.4565625
3881	-0.4565625
3882	-0.433125
3883	-0.4321875
3884	-0.47125
3885	-0.4146875
3886	-0.4059375
3887	-0.389375
3888	-0.4215625
3889	-0.3259375
3890	-0.3659375
3891	-0.3346875
3892	-0.2790625
3893	-0.2946875
3894	-0.2234375
3895	-0.1825
3896	-0.2059375
3897	-0.2615625
3898	-0.25375
3899	-0.126875
3900	-0.1903125
3901	-0.1346875
3902	-0.166875
3903	-0.135625
3904	-0.175625
3905	-0.1278125
3906	0.0390624999999999
3907	0.0546874999999999
3908	0.0546874999999999
3909	0.0615625
3910	0.0381249999999999
3911	-0.00187500000000018
3912	0.0537499999999999
3913	0.0693749999999997
3914	0.0381249999999999
3915	0.0468749999999999
3916	0.0234374999999999
3917	-0.0078125
3918	0.0556249999999999
3919	0.0078125
3920	0.00687499999999985
3921	-0.0575000000000002
3922	-0.0740625000000001
3923	-0.0750000000000001
3924	-0.0671875000000001
3925	-0.0750000000000001
3926	-0.0350000000000001
3927	-0.0584375
3928	-0.0662500000000001
3929	-0.0584375
3930	-0.121875
3931	-0.1940625
3932	-0.18625
3933	-0.1540625
3934	-0.2096875
3935	-0.2740625
3936	-0.281875
3937	-0.3375
3938	-0.273125
3939	-0.2096875
3940	-0.193125
3941	-0.313125
3942	-0.3765625
3943	-0.3765625
3944	-0.384375
3945	-0.415625
3946	-0.3521875
3947	-0.3678125
3948	-0.4234375
3949	-0.4634375
3950	-0.4634375
3951	-0.4565625
3952	-0.4565625
3953	-0.4253125
3954	-0.4809375
3955	-0.4809375
3956	-0.4965625
3957	-0.4965625
3958	-0.4965625
3959	-0.464375
3960	-0.4321875
3961	-0.52
3962	-0.56
3963	-0.44
3964	-0.4721875
3965	-0.48
3966	-0.4565625
3967	-0.4409375
3968	-0.4409375
3969	-0.4575
3970	-0.433125
3971	-0.4253125
3972	-0.3940625
3973	-0.38625
3974	-0.4740625
3975	-0.4984375
3976	-0.450625
3977	-0.4340625
3978	-0.521875
3979	-0.4984375
3980	-0.4984375
3981	-0.475
3984	-0.4828125
3985	-0.410625
3986	-0.4184375
3987	-0.441875
3988	-0.4175
3989	-0.4009375
3990	-0.4009375
3991	-0.3053125
3992	-0.2809375
3993	-0.2965625
3994	-0.28875
3995	-0.264375
3996	-0.304375
3997	-0.35125
3998	-0.3434375
3999	-0.455625
4000	-0.415625
4001	-0.3434375
4002	-0.35125
4003	-0.35125
4004	-0.295625
4005	-0.295625
4006	-0.3590625
4007	-0.3190625
4008	-0.3025
4009	-0.318125
4010	-0.318125
4011	-0.318125
4012	-0.41375
4013	-0.29375
4014	-0.25375
4015	-0.269375
4016	-0.21375
4017	-0.198125
4018	-0.1425
4019	-0.0946875
4020	-0.1025
4021	-0.1190625
4022	-0.0721875000000001
4023	-0.0243750000000001
4024	0.0312499999999998
4025	-0.000937500000000147
4026	0.0303124999999997
4027	0.0303124999999997
4028	0.00593749999999982
4029	0.00593749999999982
4030	-0.0175000000000003
4031	-0.0975000000000003
4032	-0.0575000000000002
4033	0.0615625
4034	0.1103125
4035	0.118125
4036	0.118125
4037	0.1259375
4038	0.1103125
4039	0.1025
4040	0.0468749999999999
4041	0.11125
4042	0.126875
4043	0.0712499999999998
4044	0.0390624999999999
4045	0.0781249999999999
4046	0.1346875
4047	0.1190625
4048	0.1034375
4049	-0.000937500000000147
4050	-0.0487500000000003
4051	-0.0243750000000001
4052	0.0078125
4053	0.00874999999999981
4054	0.0565624999999998
4055	-0.00687499999999996
4056	-0.015625
4057	-0.0312500000000002
4058	-0.0312500000000002
4059	0.00874999999999981
4060	-0.0712500000000003
4061	-0.055625
4062	-0.086875
4063	-0.15125
4064	-0.1825
4065	-0.15125
4066	-0.1278125
4067	-0.1121875
4068	-0.1521875
4069	-0.184375
4070	-0.2409375
4071	-0.28
4072	-0.24
4073	-0.2946875
4074	-0.2790625
4075	-0.2703125
4076	-0.2703125
4077	-0.3415625
4078	-0.3015625
4079	-0.2859375
4080	-0.25375
4081	-0.2928125
4082	-0.3728125
4083	-0.3571875
4084	-0.349375
4085	-0.389375
4086	-0.3815625
4087	-0.3659375
4088	-0.4059375
4089	-0.4371875
4090	-0.500625
4091	-0.500625
4092	-0.460625
4093	-0.5084375
4094	-0.53875
4095	-0.6421875
4096	-0.6021875
4097	-0.5934375
4098	-0.5934375
4099	-0.56125
4100	-0.5221875
4101	-0.4978125
4102	-0.465625
4103	-0.3221875
4104	-0.345625
4105	-0.385625
4106	-0.385625
4107	-0.3778125
4108	-0.345625
4109	-0.314375
4110	-0.2978125
4111	-0.3221875
4112	-0.314375
4113	-0.2675
4114	-0.291875
4115	-0.2840625
4116	-0.2684375
4117	-0.2528125
4118	-0.1571875
4119	-0.100625
4120	-0.0528125000000002
4121	0.0349999999999997
4122	0.0984375000000002
4123	0.0271874999999999
4124	-0.0128124999999999
4125	-0.0215625000000002
4126	-0.0459375
4127	-0.05375
4128	-0.1015625
4129	-0.09375
4130	-0.046875
4131	-0.0312500000000002
4132	-0.0234375
4133	0.0321875
4134	0.0799999999999998
4135	0.0643749999999998
4136	0.0887499999999999
4137	0.0253124999999998
4138	-0.0146875
4139	-0.0781250000000002
4140	-0.0390625
4141	-0.0390625
4142	-0.046875
4143	0.0165625
4144	-0.1190625
4145	-0.1434375
4146	-0.1678125
4147	-0.1434375
4148	-0.15125
4149	-0.2225
4150	-0.1746875
4151	-0.1815625
4152	-0.229375
4153	-0.2059375
4154	-0.29375
4155	-0.3659375
4156	-0.380625
4157	-0.4284375
4158	-0.420625
4159	-0.325
4160	-0.3084375
4161	-0.2928125
4162	-0.2684375
4163	-0.2684375
4164	-0.2684375
4165	-0.2840625
4166	-0.2440625
4167	-0.2284375
4168	-0.27625
4169	-0.31625
4170	-0.27625
4171	-0.2528125
4172	-0.3084375
4173	-0.2928125
4174	-0.269375
4175	-0.349375
4176	-0.3015625
4177	-0.25375
4178	-0.198125
4179	-0.238125
4180	-0.2303125
4181	-0.269375
4182	-0.229375
4183	-0.2059375
4184	-0.21375
4185	-0.1503125
4186	-0.1503125
4187	-0.1434375
4188	-0.1278125
4189	-0.1590625
4190	-0.1434375
4191	-0.135625
4192	-0.16875
4193	-0.104375
4194	-0.1678125
4195	-0.224375
4196	-0.2009375
4197	-0.20875
4198	-0.2409375
4199	-0.2175
4200	-0.1940625
4201	-0.170625
4202	-0.195
4203	-0.210625
4204	-0.195
4205	-0.250625
4206	-0.2671875
4207	-0.2671875
4208	-0.24375
4209	-0.1959375
4210	-0.1715625
4211	-0.16375
4212	-0.1471875
4213	-0.2028125
4214	-0.235
4215	-0.26625
4216	-0.2271875
4217	-0.1715625
4218	-0.1715625
4219	-0.1315625
4220	-0.139375
4221	-0.16375
4222	-0.219375
4223	-0.2115625
4224	-0.1959375
4225	-0.1803125
4226	-0.188125
4227	-0.1725
4228	-0.1803125
4229	-0.276875
4230	-0.276875
4231	-0.2846875
4232	-0.316875
4233	-0.3246875
4234	-0.316875
4235	-0.348125
4236	-0.3715625
4237	-0.2915625
4238	-0.2915625
4239	-0.2915625
4240	-0.24375
4241	-0.24375
4242	-0.24375
4243	-0.259375
4244	-0.139375
4245	-0.179375
4246	-0.170625
4247	-0.0984375
4248	-0.115
4249	-0.1228125
4250	-0.130625
4251	-0.115
4252	-0.161875
4253	-0.170625
4254	-0.18625
4255	-0.2496875
4256	-0.2028125
4257	-0.170625
4258	-0.130625
4259	-0.121875
4260	-0.12875
4261	-0.113125
4262	-0.0896875000000003
4263	-0.0418750000000001
4264	0.0859374999999999
4265	0.0859374999999999
4266	0.13375
4267	0.1503125
4268	0.126875
4269	0.11125
4270	0.19125
4271	0.2303125
4272	0.2625
4273	0.15125
4274	0.1034375
4275	0.175625
4276	0.0731250000000001
4277	0.1765625
4278	0.1609375
4279	0.12875
4280	0.024375
4281	0.175625
4282	0.1346875
4283	0.1103125
4284	0.1425
4285	0.1346875
4286	0.1825
4287	0.2225
4288	0.206875
4289	0.19125
4290	0.1990625
4291	0.1990625
4292	0.2165625
4293	0.1696875
4294	0.1296875
4295	0.16875
4296	0.144375
4297	0.1365625
4298	0.113125
4299	0.1140625
4300	0.00968749999999963
4301	0.121875
4302	0.0818749999999997
4303	0.0653125000000001
4304	0.1375
4305	0.1140625
4306	-0.00500000000000012
4307	0.04375
4308	0.0359375
4309	0.0915624999999998
4310	0.0524999999999998
4311	-0.00312500000000004
4312	0.0359375
4313	-0.0431250000000003
4314	-0.0275000000000003
4315	-0.0743750000000003
4316	-0.1134375
4317	-0.2803125
4318	-0.288125
4319	-0.34375
4320	-0.455
4321	-0.38375
4322	-0.439375
4323	-0.495
4324	-0.4559375
4325	-0.5115625
4326	-0.5915625
4327	-0.5603125
4328	-0.585625
4329	-0.57875
4330	-0.5309375
4331	-0.5621875
4332	-0.5621875
4333	-0.514375
4334	-0.3865625
4335	-0.314375
4336	-0.3534375
4337	-0.4734375
4338	-0.36125
4339	-0.36125
4340	-0.3934375
4341	-0.3709375
4342	-0.2440625
4343	-0.2440625
4344	-0.220625
4345	-0.1971875
4346	-0.1728125
4347	-0.1571875
4348	-0.125
4349	-0.1084375
4350	-0.1484375
4351	-0.0450000000000004
4352	0.0428124999999997
4353	0.18625
4354	0.170625
4355	0.250625
4356	0.250625
4357	0.2428125
4358	0.2984375
4359	0.3775
4360	0.393125
4361	0.393125
4362	0.4009375
4363	0.3853125
4364	0.3696875
4365	0.3784375
4366	0.3384375
4367	0.2984375
4368	0.34625
4369	0.3071875
4370	0.1871875
4371	0.0428124999999997
4372	0.0349999999999997
4373	0.0506249999999997
4374	-0.0450000000000004
4375	-0.0684375000000004
4376	-0.0528125000000002
4377	-0.0284375000000001
4378	-0.0518750000000001
4379	-0.1396875
4380	-0.1475
4381	-0.154375
4382	-0.131875
4383	-0.1484375
4384	-0.1884375
4385	-0.2371875
4386	-0.2684375
4387	-0.285
4388	-0.365
4389	-0.349375
4390	-0.29375
4391	-0.33375
4392	-0.318125
4393	-0.3103125
4394	-0.3971875
4395	-0.4596875
4396	-0.4509375
4397	-0.4665625
4398	-0.45
4399	-0.4578125
4400	-0.4734375
4401	-0.4178125
4402	-0.456875
4403	-0.4490625
4404	-0.36125
4405	-0.3378125
4406	-0.2421875
4407	-0.234375
4408	-0.1953125
4409	-0.1709375
4410	-0.1875
4411	-0.1953125
4412	-0.1553125
4413	-0.1953125
4414	-0.2596875
4415	-0.251875
4416	-0.291875
4417	-0.300625
4418	-0.2675
4419	-0.243125
4420	-0.2353125
4421	-0.211875
4422	-0.1728125
4423	-0.1728125
4424	-0.1884375
4425	-0.2440625
4426	-0.251875
4427	-0.2840625
4428	-0.27625
4429	-0.331875
4430	-0.3084375
4431	-0.2771875
4432	-0.278125
4433	-0.2546875
4434	-0.2078125
4435	-0.144375
4436	-0.1365625
4437	-0.1521875
4438	-0.113125
4439	-0.1053125
4440	-0.2565625
4441	-0.28875
4442	-0.3678125
4443	-0.39125
4444	-0.35125
4445	-0.3590625
4446	-0.3746875
4447	-0.3434375
4448	-0.3825
4449	-0.3903125
4450	-0.3503125
4451	-0.278125
4452	-0.2859375
4453	-0.3259375
4454	-0.398125
4455	-0.4146875
4456	-0.3903125
4457	-0.3825
4458	-0.3825
4459	-0.37375
4460	-0.3659375
4461	-0.4459375
4462	-0.429375
4463	-0.4528125
4464	-0.4840625
4465	-0.4675
4466	-0.4196875
4467	-0.443125
4468	-0.4421875
4469	-0.4265625
4470	-0.49
4471	-0.49
4472	-0.434375
4473	-0.4734375
4474	-0.488125
4475	-0.368125
4476	-0.3290625
4477	-0.3446875
4478	-0.2578125
4479	-0.2334375
4480	-0.2734375
4481	-0.29
4482	-0.2978125
4483	-0.2734375
4484	-0.2978125
4485	-0.265625
4486	-0.32125
4487	-0.305625
4488	-0.2734375
4489	-0.3046875
4490	-0.3046875
4491	-0.2715625
4492	-0.2803125
4493	-0.3115625
4494	-0.3428125
4495	-0.3828125
4496	-0.3828125
4497	-0.350625
4498	-0.3915625
4499	-0.399375
4500	-0.3115625
4501	-0.34375
4502	-0.368125
4503	-0.2646875
4504	-0.3203125
4505	-0.328125
4506	-0.34375
4507	-0.368125
4508	-0.439375
4509	-0.50375
4510	-0.496875
4511	-0.6715625
4512	-0.695
4513	-0.6940625
4514	-0.781875
4515	-0.790625
4516	-0.7584375
4517	-0.7653125
4518	-0.7096875
4519	-0.7653125
4520	-0.7175
4521	-0.68625
4522	-0.670625
4523	-0.7428125
4524	-0.7671875
4525	-0.7115625
4526	-0.6403125
4527	-0.66375
4528	-0.6228125
4529	-0.5671875
4530	-0.5115625
4531	-0.4725
4532	-0.44125
4533	-0.4734375
4534	-0.4734375
4535	-0.4890625
4536	-0.5134375
4537	-0.48125
4538	-0.4725
4539	-0.6003125
4540	-0.5603125
4541	-0.5603125
4542	-0.52125
4543	-0.536875
4544	-0.4978125
4545	-0.4353125
4546	-0.443125
4547	-0.411875
4548	-0.3796875
4549	-0.3884375
4550	-0.3484375
4551	-0.3084375
4552	-0.3240625
4553	-0.340625
4554	-0.380625
4555	-0.260625
4556	-0.2928125
4557	-0.1640625
4558	-0.15625
4559	-0.1953125
4560	-0.131875
4561	-0.100625
4562	-0.140625
4563	-0.125
4564	-0.0703125000000002
4565	-0.118125
4566	-0.1103125
4567	-0.1103125
4568	-0.0859375
4569	-0.0859375
4570	-0.0693750000000002
4571	0.0253124999999998
4572	-0.0146875
4573	-0.0390625
4574	0.0078125
4575	0.0156249999999999
4576	0.0234374999999999
4577	0.0556249999999999
4578	0.04
4579	0.0478125
4580	0.0321875
4581	-0.00593750000000015
4582	0.0174999999999998
4583	0.0487499999999996
4584	0.0721874999999998
4585	0.1034375
4586	0.024375
4587	-0.00687499999999996
4588	-0.0234375
4589	0.024375
4590	0.024375
4591	-0.1034375
4592	-0.055625
4593	-0.2390625
4594	-0.2303125
4595	-0.1190625
4596	-0.2059375
4597	-0.2215625
4598	-0.260625
4599	-0.269375
4600	-0.3728125
4601	-0.3328125
4602	-0.35625
4603	-0.4196875
4604	-0.4909375
4605	-0.4109375
4606	-0.4509375
4607	-0.4665625
4608	-0.45875
4609	-0.4353125
4610	-0.5065625
4611	-0.474375
4612	-0.41875
4613	-0.4821875
4614	-0.4665625
4615	-0.49
4616	-0.434375
4617	-0.3153125
4618	-0.3153125
4619	-0.2996875
4620	-0.29875
4621	-0.3065625
4622	-0.2909375
4623	-0.2840625
4624	-0.19625
4625	-0.2040625
4626	-0.19625
4627	-0.180625
4628	-0.2284375
4629	-0.1015625
4630	-0.0781250000000002
4631	-0.1259375
4632	-0.118125
4633	-0.165
4634	-0.1415625
4635	-0.17375
4636	-0.1571875
4637	-0.1415625
4638	-0.1259375
4639	0.0174999999999998
4640	0.0643749999999998
4641	0.0165625
4642	0.024375
4643	0.0165625
4644	0.0643749999999998
4645	0.0409374999999998
4646	0.0487499999999996
4647	0.0331249999999998
4648	-0.046875
4649	0
4650	-0.0078125
4651	0.0234374999999999
4652	0.0078125
4653	-0.0887500000000002
4654	-0.0487500000000003
4655	-0.0321875
4656	-0.0565625000000002
4657	-0.04
4658	-0.015625
4659	-0.0312500000000002
4660	-0.126875
4661	0.0174999999999998
4662	-0.00593750000000015
4663	0.0174999999999998
4664	0.0974999999999999
4665	-0.0146875
4666	-0.0225
4667	-0.0312500000000002
4668	-0.0390625
4669	-0.015625
4670	0.024375
4671	0.0487499999999996
4672	0.024375
4673	0.0478125
4674	0
4675	-0.12
4676	-0.15125
4677	-0.175625
4678	-0.1834375
4679	-0.16
4680	-0.166875
4681	-0.1590625
4682	-0.15125
4683	-0.144375
4684	-0.0887500000000002
4685	-0.0565625000000002
4686	-0.0643750000000002
4687	-0.0878125000000001
4688	-0.0721875000000001
4689	-0.0243750000000001
4690	-0.0956250000000001
4691	-0.0721875000000001
4692	-0.0243750000000001
4693	-0.0253125000000002
4694	0.0459374999999999
4695	0.109375
4696	0.125
4697	-0.0115625000000003
4698	0.0118749999999999
4699	0.0284374999999998
4700	-0.0515625000000002
4701	-0.0428125000000001
4702	0.00499999999999989
4703	-0.0262500000000001
4704	0.0528124999999998
4705	0.0293749999999997
4706	-0.0106250000000002
4707	-0.0428125000000001
4708	-0.0428125000000001
4709	-0.1296875
4710	-0.121875
4711	-0.1375
4712	-0.1453125
4713	-0.0731250000000001
4714	-0.0496875000000002
4715	-0.0653125000000001
4716	-0.0896875000000003
4717	-0.0496875000000002
4718	-0.0887500000000002
4719	-0.1278125
4720	-0.19125
4721	-0.2625
4722	-0.2703125
4723	-0.2615625
4724	-0.229375
4725	-0.285
4726	-0.285
4727	-0.31625
4728	-0.340625
4729	-0.3796875
4730	-0.4596875
4731	-0.403125
4732	-0.4109375
4733	-0.4265625
4734	-0.4021875
4735	-0.4421875
4736	-0.41
4737	-0.434375
4738	-0.3865625
4739	-0.3465625
4740	-0.2821875
4741	-0.2596875
4742	-0.2675
4743	-0.2196875
4744	-0.19625
4745	-0.180625
4746	-0.1796875
4747	-0.1640625
4748	-0.1084375
4749	-0.1640625
4750	-0.203125
4751	-0.1709375
4752	-0.1709375
4753	-0.2265625
4754	-0.203125
4755	-0.21875
4756	-0.203125
4757	-0.171875
4758	-0.1640625
4759	-0.11625
4760	-0.2040625
4761	-0.15625
4762	-0.140625
4763	-0.1171875
4764	-0.165
4765	-0.0859375
4766	-0.0859375
4767	-0.205
4768	-0.1884375
4769	-0.2128125
4770	-0.27625
4771	-0.251875
4772	-0.251875
4773	-0.2353125
4774	-0.3153125
4775	-0.3153125
4776	-0.3953125
4777	-0.41875
4778	-0.4109375
4779	-0.49
4780	-0.425625
4781	-0.4646875
4782	-0.4803125
4783	-0.488125
4784	-0.5359375
4785	-0.54375
4786	-0.488125
4787	-0.5603125
4788	-0.536875
4789	-0.5134375
4790	-0.465625
4791	-0.41875
4792	-0.363125
4793	-0.394375
4794	-0.4021875
4795	-0.363125
4796	-0.2665625
4797	-0.314375
4798	-0.2821875
4799	-0.3378125
4800	-0.2978125
4801	-0.3690625
4802	-0.3290625
4803	-0.345625
4804	-0.3778125
4805	-0.314375
4806	-0.2675
4807	-0.171875
4808	-0.203125
4809	-0.2196875
4810	-0.2353125
4811	-0.3065625
4812	-0.2665625
4813	-0.29
4814	-0.305625
4815	-0.274375
4816	-0.354375
4817	-0.2840625
4818	-0.285
4819	-0.2684375
4820	-0.229375
4821	-0.2459375
4822	-0.2703125
4823	-0.238125
4824	-0.2771875
4825	-0.331875
4826	-0.3075
4827	-0.33875
4828	-0.394375
4829	-0.3465625
4830	-0.21875
4831	-0.3378125
4832	-0.3378125
4833	-0.345625
4834	-0.3621875
4835	-0.314375
4836	-0.314375
4837	-0.2821875
4838	-0.29
4839	-0.194375
4840	-0.1621875
4841	-0.2178125
4842	-0.2959375
4843	-0.4315625
4844	-0.448125
4845	-0.4715625
4846	-0.4959375
4847	-0.4246875
4848	-0.4646875
4849	-0.3290625
4850	-0.3134375
4851	-0.176875
4852	-0.1925
4853	-0.1846875
4854	-0.1690625
4855	-0.2246875
4856	-0.2325
4857	-0.1525
4858	-0.1203125
4859	-0.128125
4860	-0.1446875
4861	-0.0421875
4862	-0.0900000000000001
4863	-0.0743750000000003
4864	-0.0587500000000003
4865	-0.0675000000000001
4866	-0.0753125000000001
4867	-0.0675000000000001
4868	-0.11625
4869	-0.11625
4870	-0.0684375000000004
4871	-0.1153125
4872	-0.1396875
4873	-0.11625
4874	-0.171875
4875	-0.251875
4876	-0.251875
4877	-0.243125
4878	-0.15625
4879	-0.100625
4880	-0.0450000000000004
4881	0.00187499999999963
4882	0.0496874999999999
4883	0.0253124999999998
4884	-0.0615625
4885	-0.17375
4886	-0.13375
4887	-0.2225
4888	-0.19125
4889	-0.1825
4890	-0.158125
4891	-0.0546875
4892	-0.0381250000000002
4893	-0.118125
4894	-0.1659375
4895	-0.1746875
4896	-0.166875
4897	-0.229375
4898	-0.25375
4899	-0.2059375
4900	-0.2528125
4901	-0.220625
4902	-0.3328125
4903	-0.2771875
4904	-0.325
4905	-0.340625
4906	-0.3884375
4907	-0.33375
4908	-0.39625
4909	-0.4109375
4910	-0.3875
4911	-0.3796875
4912	-0.4275
4913	-0.43625
4914	-0.4275
4915	-0.4753125
4916	-0.483125
4917	-0.41875
4918	-0.41875
4919	-0.394375
4920	-0.3553125
4921	-0.283125
4922	-0.2909375
4923	-0.354375
4924	-0.36125
4925	-0.36125
4926	-0.4403125
4927	-0.528125
4928	-0.4403125
4929	-0.4325
4930	-0.4403125
4931	-0.46375
4932	-0.52625
4933	-0.4628125
4934	-0.48625
4935	-0.501875
4936	-0.455
4937	-0.5184375
4938	-0.5496875
4939	-0.581875
4940	-0.5096875
4941	-0.4940625
4942	-0.5096875
4943	-0.541875
4944	-0.5184375
4945	-0.5671875
4946	-0.5740625
4947	-0.581875
4948	-0.56625
4949	-0.541875
4950	-0.5428125
4951	-0.535
4952	-0.575
4953	-0.630625
4954	-0.621875
4955	-0.64625
4956	-0.6384375
4957	-0.695
4958	-0.639375
4959	-0.6140625
4960	-0.6384375
4961	-0.670625
4962	-0.6628125
4963	-0.62375
4964	-0.775
4965	-0.6871875
4966	-0.559375
4967	-0.5428125
4968	-0.4403125
4969	-0.5203125
4970	-0.4646875
4971	-0.4490625
4972	-0.3846875
4973	-0.376875
4974	-0.305625
4975	-0.32125
4976	-0.3446875
4977	-0.3046875
4978	-0.3515625
4979	-0.335
4980	-0.2959375
4981	-0.2959375
4982	-0.328125
4983	-0.248125
4984	-0.168125
4985	-0.1203125
4986	-0.1525
4987	-0.1446875
4988	-0.128125
4989	-0.1359375
4990	-0.2003125
4991	-0.168125
4992	-0.128125
4993	-0.119375
4994	-0.20625
4995	-0.18375
4996	-0.199375
4997	-0.1515625
4998	-0.0959375000000002
4999	-0.10375
5000	-0.0159375000000004
5001	-0.119375
5002	-0.239375
5003	-0.295
5004	-0.2228125
5005	-0.20625
5006	-0.1584375
5007	-0.2296875
5008	-0.2696875
5009	-0.261875
5010	-0.2296875
5011	-0.1584375
5012	-0.1671875
5013	-0.199375
5014	-0.1125
5015	-0.168125
5016	-0.18375
5017	-0.0559375000000002
5018	-0.0481250000000002
5019	-0.0725000000000002
5020	-0.1446875
5021	-0.216875
5022	-0.1525
5023	-0.168125
5024	-0.0325000000000002
5025	-0.10375
5026	-0.150625
5027	-0.1740625
5028	-0.2453125
5029	-0.26875
5030	-0.261875
5031	-0.30875
5032	-0.2375
5033	-0.2609375
5034	-0.3
5035	-0.3
5036	-0.3721875
5037	-0.30875
5038	-0.3165625
5039	-0.2296875
5040	-0.3496875
5041	-0.3428125
5042	-0.430625
5043	-0.3671875
5044	-0.350625
5045	-0.3028125
5046	-0.3828125
5047	-0.4384375
5048	-0.4784375
5049	-0.44625
5050	-0.4940625
5051	-0.4784375
5052	-0.4853125
5053	-0.5653125
5054	-0.5096875
5055	-0.5809375
5056	-0.58875
5057	-0.5478125
5058	-0.58
5059	-0.555625
5060	-0.644375
5061	-0.5965625
5062	-0.54875
5063	-0.58875
5064	-0.541875
5065	-0.5028125
5066	-0.4940625
5067	-0.4871875
5068	-0.4871875
5069	-0.4471875
5070	-0.416875
5071	-0.4325
5072	-0.416875
5073	-0.4803125
5074	-0.4246875
5075	-0.4490625
5076	-0.425625
5077	-0.37
5078	-0.3934375
5079	-0.4334375
5080	-0.505625
5081	-0.5046875
5082	-0.416875
5083	-0.4003125
5084	-0.4315625
5085	-0.3915625
5086	-0.3915625
5087	-0.3428125
5088	-0.2959375
5089	-0.3203125
5090	-0.3603125
5091	-0.2646875
5092	-0.2559375
5093	-0.2890625
5094	-0.3046875
5095	-0.2403125
5096	-0.3584375
5097	-0.2228125
5098	-0.2159375
5099	-0.255
5100	-0.24625
5101	-0.3253125
5102	-0.3575
5103	-0.293125
5104	-0.3409375
5105	-0.444375
5106	-0.475625
5107	-0.46
5108	-0.5303125
5109	-0.466875
5110	-0.5615625
5111	-0.5528125
5112	-0.53625
5113	-0.503125
5114	-0.4796875
5115	-0.351875
5116	-0.33625
5117	-0.4240625
5118	-0.4475
5119	-0.4553125
5120	-0.4553125
5121	-0.5275
5122	-0.511875
5123	-0.505
5124	-0.53625
5125	-0.511875
5126	-0.5196875
5127	-0.5353125
5128	-0.511875
5129	-0.4953125
5130	-0.4553125
5131	-0.3684375
5132	-0.225
5133	-0.320625
5134	-0.35875
5135	-0.2484375
5136	-0.2328125
5137	-0.105
5138	-0.1275
5139	-0.2075
5140	-0.0953125000000001
5141	-0.0718750000000001
5142	-0.0484375000000001
5143	-0.0396874999999999
5144	0.0628124999999997
5145	0.0306249999999999
5146	0.181875
5147	0.1653125
5148	0.1175
5149	0.0209374999999996
5150	0.1009375
5151	-0.0346875000000002
5152	-0.0259375000000006
5153	0.0296874999999999
5154	0.00531249999999961
5155	0.0365624999999998
5156	0.2121875
5157	0.204375
5158	0.1809375
5159	0.1340625
5160	0.1496875
5161	0.1975
5162	0.181875
5163	0.1740625
5164	0.1653125
5165	0.22875
5166	0.1409375
5167	0.0853124999999999
5168	-0.00343749999999998
5169	0.05125
5170	0.0425
5171	0.00249999999999995
5172	-0.0365625000000003
5173	-0.124375
5174	-0.0218750000000003
5175	0.1303125
5176	0.1459375
5177	0.15375
5178	0.15375
5179	0.169375
5180	0.1371875
5181	0.11375
5182	0.0346875
5183	0.146875
5184	0.1790625
5185	0.2590625
5186	0.2278125
5187	0.2678125
5188	0.1975
5189	0.173125
5190	0.1496875
5191	0.1575
5192	0.00531249999999961
5193	-0.00250000000000017
5194	0.0531250000000001
5195	0.0687500000000001
5196	0.1165625
5197	0.0365624999999998
5198	0.0599999999999996
5199	-0.0121875000000002
5200	-0.0278125000000005
5201	-0.1546875
5202	-0.1546875
5203	-0.265937500000001
5204	-0.2571875
5205	-0.3684375
5206	-0.280625
5207	-0.271875
5208	-0.29625
5209	-0.3128125
5210	-0.2971875
5211	-0.369375
5212	-0.4971875
5213	-0.4971875
5214	-0.449375
5215	-0.4971875
5216	-0.489375
5217	-0.441562500000001
5218	-0.4825
5219	-0.6025
5220	-0.6503125
5221	-0.698125
5222	-0.71375
5223	-0.71375
5224	-0.5634375
5225	-0.5946875
5226	-0.5790625
5227	-0.6425
5228	-0.6103125
5229	-0.6103125
5230	-0.665937500000001
5231	-0.63375
5232	-0.7059375
5233	-0.698125
5234	-0.7059375
5235	-0.6971875
5236	-0.6971875
5237	-0.5625
5238	-0.5546875
5239	-0.6728125
5240	-0.649375
5241	-0.5859375
5242	-0.5790625
5243	-0.61125
5244	-0.6034375
5245	-0.587812500000001
5246	-0.675625
5247	-0.7234375
5248	-0.7390625
5249	-0.746875
5250	-0.7703125
5251	-0.6903125
5252	-0.649375
5253	-0.7128125
5254	-0.7128125
5255	-0.6571875
5256	-0.609375
5257	-0.609375
5258	-0.626875
5259	-0.6903125
5260	-0.818125
5261	-0.7634375
5262	-0.7478125
5263	-0.6921875
5264	-0.7390625
5265	-0.69125
5266	-0.675625
5267	-0.6921875
5268	-0.62
5269	-0.515625
5270	-0.475625
5271	-0.46875
5272	-0.4375
5273	-0.453125
5274	-0.4053125
5275	-0.3253125
5276	-0.2696875
5277	-0.2296875
5278	-0.213125
5279	-0.2053125
5280	-0.1496875
5281	-0.0843750000000001
5282	-0.0687500000000001
5283	-0.10875
5284	-0.0853125000000001
5285	-0.0618750000000003
5286	-0.0384375000000003
5287	-0.1096875
5288	-0.1896875
5289	-0.0628125000000004
5290	0.00156249999999969
5291	0.00156249999999969
5292	-0.0150000000000003
5293	0.0259374999999997
5294	0.0346875
5295	0.0425
5296	0.0425
5297	0.0434374999999998
5298	0.0043749999999998
5299	-0.0356250000000002
5300	-0.0356250000000002
5301	-0.0746875000000002
5302	-0.05125
5303	-0.026875
5304	-0.1771875
5305	-0.3675
5306	-0.4309375
5307	-0.4309375
5308	-0.4534375
5309	-0.4378125
5310	-0.5090625
5311	-0.4553125
5312	-0.574375
5313	-0.5978125
5314	-0.6378125
5315	-0.621250000000001
5316	-0.6446875
5317	-0.685625
5318	-0.6690625
5319	-0.5734375
5320	-0.54125
5321	-0.5725
5322	-0.56375
5323	-0.5471875
5324	-0.490625
5325	-0.60875
5326	-0.68875
5327	-0.72
5328	-0.7746875
5329	-0.7990625
5330	-0.815625
5331	-0.72
5332	-0.7278125
5333	-0.704375
5334	-0.7121875
5335	-0.726875
5336	-0.750312500000001
5337	-0.719062500000001
5338	-0.758125
5339	-0.750312500000001
5340	-0.6321875
5341	-0.4975
5342	-0.4096875
5343	-0.433125
5344	-0.4340625
5345	-0.513125
5346	-0.4975
5347	-0.5365625
5348	-0.526875
5349	-0.566875
5350	-0.486875
5351	-0.479062500000001
5352	-0.455625
5353	-0.51125
5354	-0.479062500000001
5355	-0.57375
5356	-0.549375
5357	-0.478125
5358	-0.565
5359	-0.502500000000001
5360	-0.502500000000001
5361	-0.455625
5362	-0.415625
5363	-0.486875
5364	-0.4234375
5365	-0.3678125
5366	-0.39125
5367	-0.374687500000001
5368	-0.2790625
5369	-0.2946875
5370	-0.295625
5371	-0.32
5372	-0.241875
5373	-0.281875
5374	-0.26625
5375	-0.34625
5376	-0.3375
5377	-0.4409375
5378	-0.473125
5379	-0.3940625
5380	-0.4253125
5381	-0.4496875
5382	-0.441875
5383	-0.435
5384	-0.3725
5385	-0.356875
5386	-0.5159375
5387	-0.4525
5388	-0.3490625
5389	-0.356875
5390	-0.3978125
5391	-0.3909375
5392	-0.423125
5393	-0.4709375
5394	-0.4328125
5395	-0.520625
5396	-0.409375
5397	-0.465
5398	-0.31375
5399	-0.2425
5400	-0.2425
5401	-0.3303125
5402	-0.2990625
5403	-0.355625
5404	-0.45125
5405	-0.4834375
5406	-0.4746875
5407	-0.3878125
5408	-0.435625
5409	-0.427812500000001
5410	-0.4434375
5411	-0.426875
5412	-0.41125
5413	-0.3078125
5414	-0.346875
5415	-0.4025
5416	-0.3634375
5417	-0.33125
5418	-0.315625
5419	-0.284375
5420	-0.3565625
5421	-0.373125
5422	-0.3175
5423	-0.42875
5424	-0.5565625
5425	-0.413125
5426	-0.42
5427	-0.38
5428	-0.4121875
5429	-0.426875
5430	-0.4025
5431	-0.3546875
5432	-0.4903125
5433	-0.41125
5434	-0.586875
5435	-0.6503125
5436	-0.6346875
5437	-0.6434375
5438	-0.6190625
5439	-0.6425
5440	-0.586875
5441	-0.578125
5442	-0.555625
5443	-0.5546875
5444	-0.546875
5445	-0.538125
5446	-0.5528125
5447	-0.5771875
5448	-0.6171875
5449	-0.609375
5450	-0.55375
5451	-0.5371875
5452	-0.529375
5453	-0.5771875
5454	-0.6084375
5455	-0.6153125
5456	-0.551875
5457	-0.543125000000001
5458	-0.53625
5459	-0.489375
5460	-0.441562500000001
5461	-0.4815625
5462	-0.449375
5463	-0.520625
5464	-0.4328125
5465	-0.418125
5466	-0.378125
5467	-0.425937500000001
5468	-0.4659375
5469	-0.4659375
5470	-0.4571875
5471	-0.3946875
5472	-0.4190625
5473	-0.4346875
5474	-0.4590625
5475	-0.475625
5476	-0.5
5477	-0.5009375
5478	-0.4765625
5479	-0.493125
5480	-0.484375
5481	-0.493125
5482	-0.4071875
5483	-0.34375
5484	-0.3603125
5485	-0.3671875
5486	-0.4159375
5487	-0.3759375
5488	-0.3515625
5489	-0.3828125
5490	-0.3671875
5491	-0.310625
5492	-0.310625
5493	-0.2940625
5494	-0.2853125
5495	-0.3009375
5496	-0.3565625
5497	-0.3878125
5498	-0.4434375
5499	-0.38
5500	-0.4434375
5501	-0.4590625
5502	-0.5859375
5503	-0.6171875
5504	-0.521562500000001
5505	-0.5928125
5506	-0.6171875
5507	-0.6153125
5508	-0.6465625
5509	-0.5753125
5510	-0.47875
5511	-0.5334375
5512	-0.4534375
5513	-0.4846875
5514	-0.539375000000001
5515	-0.539375000000001
5516	-0.5715625
5517	-0.548125
5518	-0.5559375
5519	-0.5403125
5520	-0.52375
5521	-0.5325
5522	-0.52375
5523	-0.5646875
5524	-0.5646875
5525	-0.51
5526	-0.5021875
5527	-0.47875
5528	-0.5578125
5529	-0.614375
5530	-0.5578125
5531	-0.516875
5532	-0.5246875
5533	-0.485625
5534	-0.3978125
5535	-0.3890625
5536	-0.381250000000001
5537	-0.3646875
5538	-0.31
5539	-0.285625
5540	-0.30125
5541	-0.2621875
5542	-0.2378125
5543	-0.294375
5544	-0.3021875
5545	-0.35
5546	-0.445625
5547	-0.2709375
5548	-0.31875
5549	-0.27875
5550	-0.27
5551	-0.36375
5552	-0.32375
5553	-0.32375
5554	-0.4028125
5555	-0.3384375
5556	-0.2984375
5557	-0.3471875
5558	-0.32375
5559	-0.2828125
5560	-0.250625
5561	-0.273125
5562	-0.3121875
5563	-0.40875
5564	-0.233125
5565	-0.193125
5566	-0.28875
5567	-0.3765625
5568	-0.415625
5569	-0.486875
5570	-0.5590625
5571	-0.575625
5572	-0.5990625
5573	-0.662500000000001
5574	-0.678125
5575	-0.639062500000001
5576	-0.6859375
5577	-0.57375
5578	-0.5971875
5579	-0.589375
5580	-0.53375
5581	-0.5171875
5582	-0.541562500000001
5583	-0.65375
5584	-0.678125
5585	-0.686875
5586	-0.575625
5587	-0.50625
5588	-0.5384375
5589	-0.481875
5590	-0.4740625
5591	-0.537500000000001
5592	-0.5696875
5593	-0.584375
5594	-0.5365625
5595	-0.513125
5596	-0.537500000000001
5597	-0.4915625
5598	-0.515000000000001
5599	-0.4984375
5600	-0.6428125
5601	-0.6671875
5602	-0.6915625
5603	-0.64375
5604	-0.436875
5605	-0.3334375
5606	-0.3490625
5607	-0.3246875
5608	-0.3090625
5609	-0.27
5610	-0.174375
5611	-0.2065625
5612	-0.263125
5613	-0.3665625
5614	-0.343125000000001
5615	-0.2709375
5616	-0.294375
5617	-0.2465625
5618	-0.285625
5619	-0.2846875
5620	-0.259375
5621	-0.2028125
5622	-0.3315625
5623	-0.2740625
5624	-0.22625
5625	-0.3296875
5626	-0.3209375
5627	-0.4009375
5628	-0.464375
5629	-0.4809375
5630	-0.5521875
5631	-0.6
5632	-0.663437500000001
5633	-0.639062500000001
5634	-0.4809375
5635	-0.52
5636	-0.4965625
5637	-0.44
5638	-0.3921875
5639	-0.4321875
5640	-0.5678125
5641	-0.695625
5642	-0.6409375
5643	-0.7053125
5644	-0.6975
5645	-0.6340625
5646	-0.721875
5647	-0.7375
5648	-0.66625
5649	-0.6828125
5650	-0.699375000000001
5651	-0.708125
5652	-0.6525
5653	-0.7246875
5654	-0.67
5655	-0.67875
5656	-0.7040625
5657	-0.760625
5658	-0.7128125
5659	-0.8015625
5660	-0.85625
5661	-0.791875
5662	-0.7840625
5663	-0.6728125
5664	-0.5928125
5665	-0.5528125
5666	-0.585
5667	-0.59375
5668	-0.578125
5669	-0.59375
5670	-0.6015625
5671	-0.6415625
5672	-0.5371875
5673	-0.5771875
5674	-0.609375
5675	-0.4825
5676	-0.506875
5677	-0.4990625
5678	-0.53125
5679	-0.515625
5680	-0.515625
5681	-0.5390625
5682	-0.355625
5683	-0.3790625
5684	-0.4190625
5685	-0.4025
5686	-0.386875
5687	-0.2825
5688	-0.3703125
5689	-0.3703125
5690	-0.2903125
5691	-0.2746875
5692	-0.329375
5693	-0.360625
5694	-0.360625
5695	-0.360625
5696	-0.31375
5697	-0.329375
5698	-0.3146875
5699	-0.4103125
5700	-0.505937500000001
5701	-0.4903125
5702	-0.4590625
5703	-0.4346875
5704	-0.426875
5705	-0.47375
5706	-0.6084375
5707	-0.4971875
5708	-0.59375
5709	-0.618125
5710	-0.5946875
5711	-0.6746875
5712	-0.6825
5713	-0.7059375
5714	-0.729375
5715	-0.71375
5716	-0.7371875
5717	-0.665937500000001
5718	-0.8415625
5719	-0.7859375
5720	-0.6825
5721	-0.706875
5722	-0.75375
5723	-0.8825
5724	-0.8746875
5725	-0.898125
5726	-0.9859375
5727	-0.8815625
5728	-0.7790625
5729	-0.8025
5730	-0.858125
5731	-0.8259375
5732	-0.87375
5733	-0.8825
5734	-0.87375
5735	-0.8259375
5736	-0.786875
5737	-0.7546875
5738	-0.778125
5739	-0.83375
5740	-0.8084375
5741	-0.79375
5742	-0.7703125
5743	-0.7390625
5744	-0.738125
5745	-0.7371875
5746	-0.6571875
5747	-0.6328125
5748	-0.6240625
5749	-0.600625
5750	-0.5284375
5751	-0.49625
5752	-0.505
5753	-0.560625
5754	-0.505
5755	-0.505937500000001
5756	-0.5459375
5757	-0.4659375
5758	-0.3546875
5759	-0.3546875
5760	-0.2746875
5761	-0.2346875
5762	-0.2190625
5763	-0.3234375
5764	-0.315625
5765	-0.244375
5766	-0.22875
5767	-0.204375
5768	-0.18875
5769	-0.1409375
5770	-0.1409375
5771	-0.164375
5772	-0.17125
5773	-0.1634375
5774	-0.1234375
5775	-0.0990625000000003
5776	-0.115625
5777	-0.0834375000000001
5778	-0.107812500000001
5779	-0.1946875
5780	-0.155625
5781	-0.187812500000001
5782	-0.1721875
5783	-0.204375
5784	-0.1409375
5785	-0.187812500000001
5786	-0.1409375
5787	-0.18
5788	-0.2034375
5789	-0.235625
5790	-0.2746875
5791	-0.3059375
5792	-0.385
5793	-0.4171875
5794	-0.4971875
5795	-0.3615625
5796	-0.449375
5797	-0.4815625
5798	-0.441562500000001
5799	-0.441562500000001
5800	-0.5596875
5801	-0.5596875
5802	-0.53625
5803	-0.5371875
5804	-0.4971875
5805	-0.631875
5806	-0.585
5807	-0.521562500000001
5808	-0.521562500000001
5809	-0.545
5810	-0.569375
5811	-0.5625
5812	-0.5790625
5813	-0.5625
5814	-0.5146875
5815	-0.435625
5816	-0.38
5817	-0.324375
5818	-0.42
5819	-0.4190625
5820	-0.4434375
5821	-0.3653125
5822	-0.4209375
5823	-0.3975
5824	-0.2940625
5825	-0.230625
5826	-0.1915625
5827	-0.0637500000000002
5828	-0.0950000000000002
5829	-0.0550000000000004
5830	-0.0237500000000004
5831	-0.1671875
5832	-0.1203125
5833	-0.0968749999999998
5834	-0.1525
5835	-0.1290625
5836	-0.0421875
5837	-0.0587500000000003
5838	-0.12125
5839	-0.145625
5840	-0.1778125
5841	-0.0753125000000001
5842	-0.0831250000000001
5843	-0.1153125
5844	-0.100625
5845	-0.1328125
5846	-0.1171875
5847	-0.0850000000000002
5848	-0.0450000000000004
5849	-0.125
5850	-0.149375
5851	-0.2371875
5852	-0.285
5853	-0.3015625
5854	-0.25375
5855	-0.2625
5856	-0.286875
5857	-0.2790625
5858	-0.3034375
5859	-0.3278125
5860	-0.4078125
5861	-0.415625
5862	-0.4321875
5863	-0.5209375
5864	-0.42625
5865	-0.4984375
5866	-0.4984375
5867	-0.4584375
5868	-0.4584375
5869	-0.4184375
5870	-0.4028125
5871	-0.4184375
5872	-0.410625
5873	-0.3784375
5874	-0.3159375
5875	-0.308125
5876	-0.3315625
5877	-0.3559375
5878	-0.348125
5879	-0.3803125
5880	-0.388125
5881	-0.388125
5882	-0.4115625
5883	-0.4359375
5888	-0.31
5889	-0.2865625
5890	-0.3578125
5891	-0.3021875
5892	-0.3178125
5893	-0.325625
5894	-0.3178125
5895	-0.27
5896	-0.1265625
5897	-0.134375
5898	-0.0621875000000001
5899	0.0021874999999999
5900	-0.0221875
5901	0.0421874999999999
5902	0.074375
5903	0.0109374999999999
5904	0.00312499999999993
5905	-0.02125
5906	0.114375
5907	0.1865625
5908	0.1621875
5909	0.114375
5910	0.114375
5911	0.114375
5912	0.1934375
5913	0.2890625
5914	0.265625
5915	0.265625
5916	0.336875
5917	0.3759375
5918	0.368125
5919	0.4403125
5920	0.648125
5921	0.6403125
5922	0.6403125
5923	0.6325
5924	0.5525
5925	0.52125
5926	0.6159375
5927	0.5925
5928	0.5925
5929	0.5925
5930	0.6090625
5931	0.5534375
5932	0.465625
5933	0.4734375
5934	0.4578125
5935	0.41
5936	0.3778125
5937	0.4578125
5938	0.4178125
5939	0.4578125
5940	0.49875
5941	0.4996875
5942	0.43625
5943	0.3884375
5944	0.3884375
5945	0.4840625
5946	0.460625
5947	0.5084375
5948	0.49375
5949	0.3825
5950	0.3659375
5951	0.398125
5952	0.3903125
5953	0.31125
5954	0.3034375
5955	0.224375
5956	0.1296875
5957	0.161875
5958	0.1775
5959	0.2575
5960	0.321875
5961	0.3775
5962	0.361875
5963	0.3296875
5964	0.3940625
5965	0.4028125
5966	0.4028125
5967	0.4584375
5968	0.3871875
5969	0.3315625
5970	0.3071875
5971	0.299375
5972	0.268125
5973	0.1725
5974	0.156875
5975	0.1246875
5976	0.1159375
5977	0.00562499999999977
5978	0.0543749999999996
5979	0.0387499999999998
5980	0.00749999999999962
5981	-0.0881250000000002
5982	-0.0725000000000002
5983	-0.119375
5984	-0.215
5985	-0.14375
5986	-0.175
5987	-0.175
5988	-0.20625
5989	-0.1584375
5990	-0.0940625000000004
5991	-0.110625
5992	-0.1115625
5993	-0.0793750000000002
5994	-0.0715625000000002
5995	-0.1359375
5996	-0.168125
5997	-0.1603125
5998	-0.208125
5999	-0.0803125
6000	-0.0968749999999998
6001	-0.1134375
6002	-0.105625
6003	-0.0578124999999998
6004	-0.0265625
6005	-0.01875
6006	0.0290624999999998
6007	0.028125
6008	0.0671875000000002
6009	0.170625
6010	0.2096875
6011	0.28875
6012	0.28
6013	0.3971875
6014	0.291875
6015	0.3065625
6016	0.36125
6017	0.3925
6018	0.4559375
6019	0.5028125
6020	0.573125
6021	0.5253125
6022	0.5721875
6023	0.54
6024	0.5790625
6025	0.5859375
6026	0.560625
6027	0.6396875
6028	0.543125
6029	0.494375
6030	0.51
6031	0.51
6032	0.485625
6033	0.4534375
6034	0.4846875
6035	0.3803125
6036	0.36375
6037	0.3715625
6038	0.3471875
6039	0.275
6040	0.290625
6041	0.30625
