12	0.527972027972028
13	0.500699300699301
14	0.55944055944056
15	0.695104895104895
16	0.658741258741259
17	0.640559440559441
18	0.631468531468532
19	0.613286713286713
20	0.703496503496504
21	0.658041958041958
22	0.716783216783217
23	0.816083916083916
24	0.893006993006993
25	0.874825174825175
26	0.942657342657343
27	0.879020979020979
28	0.851748251748252
29	0.996503496503496
30	1.05524475524476
31	1.11398601398601
32	1.19090909090909
33	1.17272727272727
34	1.13636363636364
35	1.29020979020979
36	1.37622377622378
37	1.31748251748252
38	1.41258741258741
39	1.35384615384615
40	1.55314685314685
41	1.5034965034965
42	1.75244755244755
43	1.8020979020979
44	2.04195804195804
45	2.15524475524475
46	1.99230769230769
47	1.85664335664336
48	1.69370629370629
49	1.71188811188811
50	1.77062937062937
51	1.5986013986014
52	1.68461538461538
53	1.68461538461538
54	1.67552447552448
55	1.82937062937063
56	1.87482517482517
57	1.96993006993007
58	1.87482517482517
59	1.82517482517483
60	1.69370629370629
61	1.90629370629371
62	1.81118881118881
63	1.86573426573427
64	2.04685314685315
65	2.03776223776224
66	1.96083916083916
67	1.93356643356643
68	1.92447552447552
69	2.16433566433566
70	2.25034965034965
71	2.16433566433566
72	2.08741258741259
73	2.13706293706294
74	1.0965034965035
75	2.09160839160839
76	2.09160839160839
77	2.20909090909091
78	2.17272727272727
79	2.12307692307692
80	2.11398601398601
81	2.04615384615385
82	2.08671328671329
83	2.15454545454545
84	2.24475524475525
85	2.3986013986014
86	2.48461538461538
87	2.35804195804196
88	2.4034965034965
89	2.41258741258741
90	2.51678321678322
91	2.53496503496504
92	2.45804195804196
93	2.47622377622378
94	2.48531468531469
95	2.40839160839161
96	2.5986013986014
97	2.53986013986014
98	2.72097902097902
99	2.80699300699301
100	2.78881118881119
101	2.53986013986014
102	2.63496503496504
103	2.5944055944056
104	2.60769230769231
105	2.51258741258741
106	2.5034965034965
107	2.73426573426573
108	2.86993006993007
109	2.81118881118881
110	2.88811188811189
111	2.99230769230769
112	2.98321678321678
113	3.01048951048951
114	2.96993006993007
115	2.83426573426573
116	2.73916083916084
117	2.73006993006993
118	2.66223776223776
119	2.53986013986014
120	2.44055944055944
121	2.36363636363636
122	2.28671328671329
123	2.34545454545455
124	2.42237762237762
125	2.49020979020979
126	2.44475524475524
127	2.33146853146853
128	2.25454545454545
129	2.16853146853147
130	2.17762237762238
131	2.41748251748252
132	2.34965034965035
133	2.31328671328671
134	2.14125874125874
135	2.07342657342657
136	2.07342657342657
137	2.15944055944056
138	2.08251748251748
139	2.08251748251748
140	2.07832167832168
141	1.93356643356643
142	1.86573426573427
143	1.55804195804196
144	1.33636363636364
145	1.4041958041958
146	1.25944055944056
147	1.19160839160839
148	1.04685314685315
149	0.96993006993007
150	0.96993006993007
151	1.04685314685315
152	0.988111888111888
153	0.988111888111888
154	1.09230769230769
155	1.12867132867133
156	1.25524475524476
157	1.18741258741259
158	1.33216783216783
159	1.25524475524476
160	1.25524475524476
161	1.17832167832168
162	1.37762237762238
163	1.41398601398601
164	1.34615384615385
165	1.51818181818182
166	1.48181818181818
167	1.26923076923077
168	1.35524475524476
169	1.41398601398601
170	1.33706293706294
171	1.30979020979021
172	1.35034965034965
173	1.39090909090909
174	1.4
175	1.37272727272727
176	1.35454545454545
177	1.41328671328671
178	1.50839160839161
179	1.63496503496504
180	1.71188811188811
181	2.02867132867133
182	1.98811188811189
183	1.96993006993007
184	1.99230769230769
185	1.91538461538462
186	1.91538461538462
187	1.86993006993007
188	1.9965034965035
189	2.00559440559441
190	2.09160839160839
191	2.05524475524475
192	1.96923076923077
193	1.94195804195804
194	1.85594405594406
195	2.00979020979021
196	2.14545454545455
197	2.05944055944056
198	1.75594405594406
199	1.7965034965035
200	1.94125874125874
201	1.92307692307692
202	1.96853146853147
203	2.01818181818182
204	1.98181818181818
205	1.89160839160839
206	1.88251748251748
207	1.98671328671329
208	2.25384615384615
209	2.2993006993007
210	2.27202797202797
211	2.37622377622378
212	2.39440559440559
213	2.41258741258741
214	2.54825174825175
215	2.57552447552448
216	2.48041958041958
217	2.16363636363636
218	2.22237762237762
219	2.32657342657343
220	2.28601398601399
221	2.34475524475524
222	2.42167832167832
223	2.62097902097902
224	2.57132867132867
225	2.56223776223776
226	2.46713286713287
227	2.5986013986014
228	2.54895104895105
229	2.78881118881119
230	3.12377622377622
231	3.04685314685315
232	2.98811188811189
233	2.9972027972028
234	3.05174825174825
235	2.97482517482517
236	2.99300699300699
237	2.98391608391608
238	2.97482517482517
239	2.91608391608392
240	2.78951048951049
241	2.77132867132867
242	2.85734265734266
243	2.74405594405594
244	2.43636363636364
245	2.35944055944056
246	2.24615384615385
247	2.17342657342657
248	2.12797202797203
249	2.04195804195804
250	1.86993006993007
251	1.72937062937063
252	1.88321678321678
253	1.96923076923077
254	1.97832167832168
255	1.96013986013986
256	2.02797202797203
257	1.94195804195804
258	1.94195804195804
259	1.77902097902098
260	1.85594405594406
261	1.76083916083916
262	1.74265734265734
263	1.72447552447552
264	1.72447552447552
265	1.43496503496504
266	1.16783216783217
267	0.986713286713287
268	0.90979020979021
269	0.900699300699301
270	0.90979020979021
271	1.01398601398601
272	0.832867132867133
273	0.651748251748252
274	0.66993006993007
275	0.66993006993007
276	0.679020979020979
277	0.688111888111888
278	0.611188811188811
279	0.733566433566434
280	0.742657342657343
281	0.674825174825175
282	0.756643356643357
283	0.725174825174825
284	0.788811188811189
285	0.865734265734266
286	0.902097902097902
287	0.870629370629371
288	0.63986013986014
289	0.572027972027972
290	0.562937062937063
291	0.427272727272727
292	0.368531468531469
293	0.282517482517483
294	0.187412587412587
295	0.205594405594406
305	0.40979020979021
306	0.400699300699301
307	0.305594405594406
308	0.323776223776224
309	0.305594405594406
310	0.382517482517483
311	0.382517482517483
312	0.382517482517483
313	0.373426573426573
314	0.373426573426573
315	0.287412587412587
316	0.269230769230769
317	0.567832167832168
318	0.644755244755245
319	0.635664335664336
320	0.617482517482518
321	0.626573426573427
322	0.54965034965035
323	0.558741258741259
324	0.617482517482518
325	0.608391608391609
326	0.617482517482518
327	0.59020979020979
328	0.63986013986014
329	0.648951048951049
330	0.725874125874126
331	0.725874125874126
332	0.63986013986014
333	0.658041958041958
334	0.658041958041958
335	0.544755244755245
336	0.612587412587413
337	0.766433566433567
338	0.784615384615385
339	0.744055944055944
340	0.676223776223776
341	0.522377622377623
342	0.685314685314685
343	0.78041958041958
344	0.78951048951049
345	0.893706293706294
346	0.893706293706294
347	1.04755244755245
348	1.02937062937063
349	1.0972027972028
350	1.17412587412587
351	1.26013986013986
352	1.26013986013986
353	0.925174825174825
354	0.906993006993007
355	0.983916083916084
356	0.947552447552448
357	0.843356643356644
358	0.852447552447553
359	0.870629370629371
360	0.820979020979021
361	0.753146853146853
362	0.734965034965035
363	0.793706293706294
364	0.753146853146853
365	0.753146853146853
366	0.762237762237762
367	0.744055944055944
368	0.707692307692308
369	0.671328671328671
370	0.671328671328671
371	0.784615384615385
372	0.793706293706294
373	0.612587412587413
374	0.852447552447553
375	0.852447552447553
376	0.834265734265734
377	0.843356643356644
378	0.775524475524476
379	0.662237762237762
380	0.634965034965035
381	0.567132867132867
382	0.462937062937063
383	0.3
384	0.462937062937063
385	0.404195804195804
386	0.336363636363636
387	0.3
388	0.309090909090909
389	0.404195804195804
390	0.327272727272727
391	0.309090909090909
392	0.309090909090909
393	0.318181818181818
394	0.376923076923077
395	0.426573426573427
396	0.399300699300699
397	0.335664335664336
398	0.344755244755245
399	0.304195804195804
400	0.286013986013986
401	0.295104895104895
402	0.2
403	0.353846153846154
404	0.467132867132867
405	0.503496503496504
406	0.580419580419581
407	0.503496503496504
408	0.571328671328671
409	0.657342657342657
410	0.426573426573427
411	0.408391608391608
412	0.485314685314685
413	0.620979020979021
414	0.611888111888112
415	0.734265734265734
416	0.770629370629371
417	0.874825174825175
418	0.902097902097902
419	0.911188811188811
420	0.843356643356644
421	0.843356643356644
422	0.852447552447553
423	0.861538461538462
424	1.01538461538462
425	0.956643356643357
426	0.965734265734266
427	0.925174825174825
428	0.952447552447553
429	1.05664335664336
430	1.00699300699301
431	0.93006993006993
432	1.02517482517483
433	1.14755244755245
434	1.24265734265734
435	1.31048951048951
436	1.31958041958042
437	1.3965034965035
438	1.43286713286713
439	1.35594405594406
440	1.41468531468531
441	1.48251748251748
442	1.3965034965035
443	1.3965034965035
444	1.25174825174825
445	1.26993006993007
446	1.26083916083916
447	1.40559440559441
448	1.3013986013986
449	1.20629370629371
450	1.09300699300699
451	1.08391608391608
452	1.08391608391608
453	1.07482517482517
454	1.06573426573427
455	1.07482517482517
456	1.07482517482517
457	1.11538461538462
458	1.04265734265734
459	1.13776223776224
460	1.03356643356643
461	1.1013986013986
462	1.1013986013986
463	1.13286713286713
464	1.08741258741259
465	1.06923076923077
466	1.06013986013986
467	1.13706293706294
468	1.12797202797203
469	0.983216783216783
470	0.974125874125874
471	0.983216783216783
472	1.13706293706294
473	1.13706293706294
474	1.11888111888112
475	1.03286713286713
476	1.03286713286713
477	0.824475524475525
478	0.883216783216783
479	0.892307692307692
480	0.951048951048951
481	1.00979020979021
482	1.01888111888112
483	0.855944055944056
484	0.828671328671329
485	0.896503496503496
486	1.06853146853147
487	0.982517482517483
488	0.973426573426573
489	0.982517482517483
490	1.05034965034965
491	1.10909090909091
492	1.0048951048951
493	0.964335664335665
494	1.0958041958042
495	0.964335664335665
496	0.923776223776224
497	0.846853146853147
498	0.819580419580419
499	0.878321678321678
500	0.923776223776224
501	1.01888111888112
502	0.991608391608392
503	0.941958041958042
504	0.883216783216783
505	0.951048951048951
506	0.941958041958042
507	0.865034965034965
508	0.788111888111888
509	0.702097902097902
510	0.693006993006993
511	0.711188811188811
512	0.729370629370629
513	0.756643356643357
514	0.756643356643357
515	0.729370629370629
516	0.643356643356644
517	0.507692307692308
518	0.575524475524475
519	0.593706293706294
520	0.716083916083916
521	0.598601398601399
522	0.462937062937063
523	0.462937062937063
524	0.453846153846154
525	0.358741258741259
526	0.3
527	0.232167832167832
528	0.49020979020979
529	0.653146853146853
530	0.625874125874126
531	0.594405594405594
532	0.671328671328671
533	0.662237762237762
534	0.834265734265734
535	0.744055944055944
536	0.744055944055944
537	0.63986013986014
538	0.667132867132867
539	0.734965034965035
540	0.725874125874126
541	0.734965034965035
542	0.753146853146853
543	0.753146853146853
544	0.725874125874126
545	0.744055944055944
546	0.771328671328671
547	0.78041958041958
548	0.667132867132867
549	0.734965034965035
550	0.753146853146853
551	0.857342657342657
552	0.893706293706294
553	0.875524475524476
554	0.78951048951049
555	0.839160839160839
556	0.866433566433566
557	0.848251748251748
558	0.848251748251748
559	0.802797202797203
560	0.757342657342657
561	0.788811188811189
562	0.847552447552448
563	0.906293706293707
564	0.67972027972028
565	0.756643356643357
566	0.747552447552448
567	0.892307692307692
568	0.828671328671329
569	0.801398601398601
570	0.62937062937063
571	0.547552447552448
572	0.52027972027972
573	0.461538461538462
574	0.452447552447553
575	0.339160839160839
576	0.302797202797203
577	0.180419580419581
578	0.116783216783217
579	0.044055944055944
580	-0.0783216783216782
581	-0.0965034965034963
582	-0.11048951048951
583	-0.0972027972027973
584	-0.106293706293706
585	-0.183216783216783
586	-0.296503496503496
587	-0.246853146853147
588	-0.197202797202797
589	-0.188111888111888
590	-0.12027972027972
591	0.0426573426573429
592	0.0832167832167832
593	0.114685314685315
594	0.114685314685315
595	0.178321678321678
596	0.273426573426574
597	0.241958041958042
598	0.183216783216783
599	0.115384615384616
600	0.102097902097902
601	0.00699300699300731
602	-0.0153846153846156
603	-0.169230769230769
604	-0.16013986013986
605	-0.0923076923076924
606	0.00279720279720275
607	0.0573426573426574
608	0.152447552447553
609	0.143356643356644
610	0.106993006993007
611	0.202097902097902
612	0.247552447552448
613	0.274825174825175
614	0.446853146853147
615	0.492307692307692
616	0.555944055944056
617	0.669230769230769
618	0.628671328671329
619	0.741958041958042
620	0.855244755244755
621	0.846153846153846
622	0.864335664335664
623	0.701398601398601
624	0.624475524475525
625	0.615384615384616
626	0.547552447552448
627	0.402797202797203
628	0.23986013986014
629	0.389510489510489
630	0.420979020979021
631	0.461538461538462
632	0.375524475524476
633	0.33006993006993
634	0.257342657342657
635	0.239160839160839
636	0.220979020979021
637	0.211888111888112
638	0.184615384615385
639	0.211888111888112
640	0.180419580419581
641	0.148951048951049
642	0.0447552447552451
643	0.0265734265734268
644	-0.0321678321678318
645	0.0629370629370631
646	0.0811188811188812
647	0.00419580419580434
648	-0.0776223776223774
649	0.0853146853146856
650	-0.0321678321678318
651	-0.000699300699300576
652	-0.0279720279720277
653	-0.0734265734265731
654	-0.0552447552447553
655	-0.218181818181818
656	-0.313286713286713
657	-0.286013986013986
658	-0.313286713286713
659	-0.276923076923077
660	-0.227272727272727
661	-0.0643356643356641
662	0.0307692307692309
663	-0.0279720279720277
664	0.0762237762237763
665	-0.0958041958041955
666	-0.0594405594405594
667	-0.127272727272727
668	-0.0412587412587411
669	-0.0139860139860137
670	0.00419580419580434
671	0.0132867132867134
672	0.108391608391609
673	0.0223776223776226
674	0.0132867132867134
675	0.207692307692308
676	0.266433566433566
677	0.270629370629371
678	0.374825174825175
679	0.451748251748252
680	0.397202797202798
681	0.283916083916084
682	0.446853146853147
683	0.523776223776224
684	0.632867132867133
685	0.497202797202797
686	0.46993006993007
687	0.447552447552448
688	0.560839160839161
689	0.511188811188811
690	0.52937062937063
691	0.52027972027972
692	0.556643356643357
693	0.633566433566434
694	0.651748251748252
695	0.665034965034965
696	0.633566433566434
697	0.47972027972028
698	0.402797202797203
699	0.411888111888112
700	0.344055944055944
701	0.344055944055944
702	0.285314685314685
703	0.321678321678322
704	0.272027972027972
705	0.262937062937063
706	0.376223776223776
707	0.434965034965035
708	0.312587412587413
709	0.358041958041958
710	0.471328671328671
711	0.335664335664336
712	0.286013986013986
713	0.263636363636364
714	0.204895104895105
715	0.164335664335664
716	0.237062937062937
717	0.341258741258741
718	0.205594405594406
720	0.214685314685315
721	0.246153846153846
722	0.237062937062937
723	0.227972027972028
724	0.141958041958042
725	0.295804195804196
726	0.268531468531469
727	0.295804195804196
728	0.277622377622378
729	0.182517482517483
730	0.204895104895105
731	0.25034965034965
732	0.241258741258741
733	0.386013986013986
734	0.34965034965035
735	0.494405594405594
736	0.494405594405594
737	0.512587412587413
738	0.435664335664336
739	0.485314685314685
740	0.562237762237762
741	0.607692307692308
742	0.702797202797203
743	0.671328671328671
744	0.698601398601399
745	0.621678321678322
746	0.544755244755245
747	0.431468531468532
748	0.431468531468532
749	0.395104895104895
750	0.34965034965035
751	0.340559440559441
752	0.322377622377623
753	0.331468531468532
754	0.408391608391608
755	0.485314685314685
756	0.399300699300699
757	0.304195804195804
758	0.381118881118881
759	0.335664335664336
760	0.335664335664336
761	0.172727272727273
762	0.295104895104895
763	0.295104895104895
764	0.313286713286713
765	0.331468531468532
766	0.404195804195804
767	0.318181818181818
768	0.404195804195804
769	0.25034965034965
770	0.281818181818182
771	0.245454545454545
772	0.2
773	0.127272727272727
774	0.158741258741259
775	0.181118881118881
776	0.113286713286713
777	0.0496503496503498
778	-0.122377622377622
779	-0.131468531468531
780	-0.113286713286713
781	-0.140559440559441
782	-0.0727272727272728
783	-0.0545454545454545
784	-0.0727272727272728
785	-0.0454545454545454
786	-0.0181818181818181
787	0
788	0
789	-0.104195804195804
790	-0.226573426573427
791	-0.312587412587413
792	-0.321678321678322
793	-0.330769230769231
797	-0.376223776223776
799	-0.421678321678322
800	-0.430769230769231
801	-0.430769230769231
805	-0.43986013986014
826	-0.430769230769231
827	-0.430769230769231
828	-0.448951048951049
829	-0.412587412587412
830	-0.385314685314685
831	-0.367132867132867
832	-0.367132867132867
853	-0.430769230769231
854	-0.299300699300699
855	-0.299300699300699
856	-0.231468531468531
857	-0.29020979020979
858	-0.317482517482517
859	-0.308391608391608
860	-0.231468531468531
861	-0.272027972027972
862	-0.226573426573427
863	-0.226573426573427
864	-0.131468531468531
865	-0.0272727272727273
866	-0.0727272727272728
867	-0.0321678321678318
868	-0.0139860139860137
869	-0.0503496503496501
870	-0.132167832167832
871	-0.104895104895105
872	-0.037062937062937
873	0.0853146853146856
874	0.121678321678322
875	0.0944055944055944
876	0.207692307692308
877	0.207692307692308
878	0.162237762237762
879	0.248251748251748
880	0.306993006993007
881	0.306993006993007
882	0.239160839160839
883	0.284615384615384
884	0.225874125874126
885	0.0629370629370631
886	0.194405594405594
887	0.135664335664336
888	0.153846153846154
889	0.104195804195805
890	0.181118881118881
891	0.212587412587413
892	0.230769230769231
893	0.23986013986014
894	0.267132867132867
895	0.294405594405594
896	0.217482517482518
897	0.244755244755245
898	0.0727272727272728
899	0.0545454545454546
900	-0.0132867132867133
901	-0.117482517482517
902	-0.00419580419580412
903	-0.0265734265734267
904	0.0321678321678323
905	0.0867132867132868
906	0.168531468531469
907	0.408391608391608
908	0.34965034965035
909	0.295104895104895
910	0.308391608391609
911	0.299300699300699
912	0.176923076923077
913	0.14965034965035
914	0.167832167832168
915	0.0363636363636364
916	-0.0405594405594405
917	-0.0405594405594405
918	-0.0496503496503494
919	-0.0860139860139859
920	-0.0818181818181818
921	-0.0727272727272728
922	-0.140559440559441
923	-0.131468531468531
924	-0.131468531468531
925	0.0720279720279722
926	-0.127272727272727
927	-0.167832167832168
928	-0.204195804195804
929	-0.145454545454545
930	-0.0867132867132865
931	-0.141258741258741
932	-0.123076923076923
933	-0.195804195804196
934	-0.241258741258741
935	-0.259440559440559
936	-0.200699300699301
937	-0.173426573426573
938	-0.25034965034965
939	-0.241258741258741
940	-0.204895104895105
941	-0.177622377622378
942	-0.186713286713287
943	-0.444755244755245
944	-0.472027972027972
945	-0.512587412587412
954	-0.303496503496503
956	-0.267132867132867
957	-0.181118881118881
958	-0.140559440559441
959	-0.0545454545454545
960	-0.0454545454545454
961	-0.285314685314685
962	-0.153846153846154
963	-0.126573426573426
964	-0.167132867132867
970	0.0055944055944056
971	0.0055944055944056
973	-0.0398601398601398
974	-0.058041958041958
975	-0.00839160839160846
976	-0.103496503496504
977	-0.0538461538461539
978	-0.0811188811188811
979	0.0139860139860142
980	0.136363636363636
981	0.222377622377622
982	0.308391608391609
983	0.308391608391609
984	0.29020979020979
985	0.376223776223776
986	0.412587412587413
987	0.525874125874126
988	0.63006993006993
989	0.648251748251748
990	0.498601398601399
991	0.498601398601399
992	0.448951048951049
993	0.421678321678322
994	0.381118881118881
995	0.286013986013986
996	0.276923076923077
997	0.304195804195804
998	0.2
999	0.163636363636364
1000	0.154545454545455
1001	0.154545454545455
1002	0.154545454545455
1003	0.0867132867132868
1004	0.113986013986014
1005	0.0685314685314685
1006	0.000699300699300798
1007	0.104895104895105
1008	0.209090909090909
1009	0.168531468531469
1010	0.177622377622378
1011	0.159440559440559
1012	0.123076923076923
1013	-0.00839160839160846
1014	0.00979020979020984
1015	-0.058041958041958
1054	-0.0944055944055944
1055	-0.103496503496504
1061	-0.121678321678322
1062	-0.13986013986014
1063	-0.130769230769231
1064	-0.167132867132867
1065	-0.203496503496503
1066	-0.23986013986014
1067	-0.23986013986014
1178	-0.13986013986014
1179	-0.130769230769231
1180	-0.112587412587412
1181	-0.112587412587412
1182	-0.103496503496504
1183	-0.0538461538461539
1184	-0.0811188811188811
1185	-0.0902097902097903
1186	-0.0902097902097903
1187	-0.0629370629370628
1188	-0.13986013986014
1189	-0.148951048951049
1190	-0.13986013986014
1192	-0.167132867132867
1193	-0.167132867132867
1194	-0.0944055944055944
1195	-0.0853146853146853
1196	-0.0762237762237761
1197	0.000699300699300798
1198	-0.067132867132867
1263	-0.303496503496503
1264	-0.294405594405594
1265	-0.235664335664336
1266	-0.285314685314685
1267	-0.221678321678322
1268	-0.23986013986014
1269	-0.258041958041958
1270	-0.267132867132867
1271	-0.294405594405594
1272	-0.267132867132867
1273	-0.221678321678322
1277	-0.172027972027972
1278	-0.181118881118881
1279	-0.172027972027972
1280	-0.181118881118881
1281	-0.104195804195804
1282	-0.19020979020979
1283	-0.181118881118881
1284	-0.153846153846154
1285	-0.135664335664336
1286	-0.144755244755245
1287	-0.108391608391608
1288	-0.0993006993006993
1289	-0.0720279720279721
1290	-0.00419580419580412
1291	-0.00419580419580412
1292	0.00489510489510492
1293	0.0230769230769231
1294	0.136363636363636
1295	0.118181818181818
1296	0.0776223776223778
1297	0.159440559440559
1298	0.177622377622378
1299	0.0419580419580421
1300	0.0825174825174825
1301	-0.0216783216783217
1309	-0.121678321678322
1310	-0.0993006993006993
1311	-0.181118881118881
1312	-0.312587412587413
1349	-0.0489510489510488
1350	-0.067132867132867
1351	-0.0853146853146853
1352	-0.103496503496504
1353	-0.121678321678322
1359	-0.185314685314685
1365	-0.162937062937063
1366	-0.248951048951049
1367	-0.248951048951049
1368	-0.285314685314685
1369	-0.276223776223776
1370	-0.267132867132867
1371	-0.221678321678322
1372	-0.230769230769231
1373	-0.258041958041958
1374	-0.258041958041958
1383	-0.303496503496503
1387	-0.348951048951049
1388	-0.376223776223776
1389	-0.358041958041958
1390	-0.358041958041958
1391	-0.136363636363636
1392	-0.1
1393	-0.118181818181818
1394	-0.258741258741259
1395	-0.326573426573426
1396	-0.29020979020979
1397	-0.235664335664336
1398	-0.244755244755245
1399	-0.19020979020979
1400	-0.135664335664336
1401	-0.203496503496503
1402	-0.135664335664336
1403	-0.181118881118881
1404	-0.226573426573427
1405	-0.186013986013986
1406	-0.113986013986014
1407	-0.15034965034965
1408	-0.159440559440559
1409	-0.159440559440559
1410	-0.204895104895105
1411	-0.213986013986014
1412	-0.141258741258741
1413	-0.168531468531468
1414	-0.0825174825174821
1415	-0.0916083916083914
1416	-0.100699300699301
1417	-0.0237762237762238
1418	-0.00559440559440527
1419	-0.0916083916083914
1420	-0.0825174825174821
1421	-0.141258741258741
1422	-0.104895104895105
1423	-0.145454545454545
1424	-0.1
1425	-0.0909090909090908
1426	-0.0636363636363637
1427	-0.230769230769231
1428	-0.23986013986014
1429	-0.267132867132867
1430	-0.221678321678322
1431	-0.181118881118881
1432	-0.226573426573427
1433	-0.281118881118881
1434	-0.267832167832168
1435	-0.2
1436	-0.190909090909091
1437	-0.276923076923077
1438	-0.362937062937063
1439	-0.344755244755245
1440	-0.118181818181818
1441	-0.167832167832168
1442	-0.248951048951049
1443	-0.144755244755245
1444	-0.0405594405594405
1445	-0.108391608391608
1446	-0.0811188811188811
1447	-0.0902097902097903
1448	-0.0993006993006993
1449	-0.0629370629370628
1450	-0.167132867132867
1451	-0.185314685314685
1452	-0.194405594405594
1514	-0.394405594405594
1515	-0.381118881118881
1516	-0.417482517482518
1517	-0.39020979020979
1518	-0.335664335664336
1519	-0.299300699300699
1520	-0.281118881118881
1521	-0.281118881118881
1522	-0.235664335664336
1523	-0.262937062937063
1524	-0.281118881118881
1525	-0.262937062937063
1526	-0.235664335664336
1527	-0.0818181818181818
1528	-0.122377622377622
1529	-0.19020979020979
1530	-0.19020979020979
1531	-0.19020979020979
1532	-0.104195804195804
1533	-0.0678321678321678
1534	-0.0587412587412587
1535	0.00909090909090904
1536	0.0769230769230771
1537	0.0496503496503498
1538	0.0174825174825175
1539	-0.000699300699300576
1540	-0.000699300699300576
1541	-0.00979020979020961
1542	-0.132167832167832
1543	-0.0958041958041955
1544	-0.0503496503496501
1545	-0.1
1546	-0.0636363636363637
1547	-0.0951048951048949
1548	-0.172027972027972
1559	-0.058041958041958
1560	-0.0398601398601398
1561	-0.067132867132867
1562	-0.121678321678322
1585	-0.067132867132867
1586	-0.0853146853146853
1587	-0.00839160839160846
1588	0.0139860139860142
1589	0.118181818181818
1590	0.0818181818181818
1591	0.0727272727272728
1592	0.0818181818181818
1593	0.0818181818181818
1594	0.0636363636363636
1595	0.0363636363636364
1596	0.058741258741259
1597	0.0223776223776226
1598	0.0405594405594407
1599	0.0902097902097903
1600	0.0720279720279722
1601	0.0265734265734268
1602	-0.0048951048951047
1603	0.0538461538461539
1604	0.0447552447552451
1605	0.103496503496504
1606	0.0853146853146856
1607	0.103496503496504
1608	0.0944055944055944
1609	0.130769230769231
1610	0.13986013986014
1611	0.0944055944055944
1612	0.103496503496504
1613	0.103496503496504
1614	0.0216783216783216
1615	-0.0825174825174821
1616	-0.236363636363636
1617	-0.263636363636364
1618	-0.331468531468532
1619	-0.386013986013986
1620	-0.367832167832168
1621	-0.485314685314685
1622	-0.458041958041958
1623	-0.448951048951049
1678	-0.167132867132867
1681	-0.0853146853146853
1682	-0.0853146853146853
1683	-0.0762237762237761
1684	-0.0307692307692308
1685	-0.0398601398601398
1686	-0.0307692307692308
1687	0.0237762237762238
1688	0.0419580419580421
1689	0.0419580419580421
1690	0.0510489510489511
1691	0.0510489510489511
1730	0.214685314685315
1731	0.205594405594406
1732	0.196503496503497
1733	0.255244755244755
1734	0.237062937062937
1735	0.20979020979021
1736	0.105594405594406
1737	0.114685314685315
1738	0.105594405594406
1739	0.0916083916083916
1740	0.0734265734265734
1741	-0.0307692307692308
1742	0.0055944055944056
1743	-0.0307692307692308
1744	-0.0307692307692308
1745	-0.0216783216783217
1746	-0.0216783216783217
1747	-0.0489510489510488
1748	-0.0398601398601398
1749	-0.0216783216783217
1750	-0.0216783216783217
1751	-0.0216783216783217
1752	-0.0307692307692308
1753	-0.0307692307692308
1754	-0.0489510489510488
1755	-0.0174825174825175
1756	-0.0447552447552447
1757	0.0321678321678323
1758	0.0139860139860142
1759	0.0139860139860142
1760	-0.0447552447552447
1761	-0.112587412587412
1762	-0.103496503496504
1763	-0.0762237762237761
1764	-0.112587412587412
1770	-0.0398601398601398
1771	0.0825174825174825
1772	0.0825174825174825
1773	-0.00349650349650343
1774	-0.0489510489510488
1777	0.0601398601398603
1778	0.0146853146853148
1779	0.0419580419580421
1784	0.0510489510489511
1785	0.0510489510489511
1786	0.0510489510489511
1787	0.0601398601398603
1788	0.0692307692307692
1789	0.0692307692307692
1790	0.0692307692307692
1829	-0.412587412587412
1842	-0.130769230769231
1843	-0.058041958041958
1844	-0.067132867132867
1846	-0.0125874125874125
1847	0.027972027972028
1848	0.0370629370629371
1849	-0.0307692307692308
1852	0.0552447552447551
1853	0.0734265734265734
1854	0.0370629370629371
1855	0.0734265734265734
1856	0.177622377622378
1857	0.177622377622378
1858	0.195804195804196
1859	0.281818181818182
1860	0.263636363636364
1861	0.15034965034965
1862	0.218181818181818
1863	0.145454545454545
1864	0.127272727272727
1865	0.0594405594405595
1866	0.0503496503496503
1867	0.0321678321678323
1868	0.0594405594405595
1869	0.172727272727273
1870	0.163636363636364
1871	0.227272727272727
1872	0.254545454545455
1873	0.281818181818182
1874	0.254545454545455
1875	0.177622377622378
1876	0.15034965034965
1877	0.209090909090909
1878	0.0370629370629371
1879	0.132167832167832
1880	0.104895104895105
1881	0.0867132867132868
1882	-0.0265734265734267
1883	0.000699300699300798
1884	0.0188811188811189
1885	-0.0489510489510488
1886	0.0461538461538461
1887	0.0370629370629371
1888	-0.0307692307692308
1889	0.0552447552447551
1890	0.0734265734265734
1891	0.0825174825174825
1892	-0.0216783216783217
1893	0.0055944055944056
1894	0.0734265734265734
1895	-0.0489510489510488
1896	-0.0398601398601398
1897	0.0776223776223778
1898	0.000699300699300798
1899	-0.0489510489510488
1900	-0.058041958041958
1901	-0.067132867132867
1902	-0.00839160839160846
1903	-0.0720279720279721
1904	0.0727272727272728
1905	0.0545454545454546
1906	0.131468531468532
1907	0.113286713286713
1908	0.113286713286713
1909	0.199300699300699
1910	0.208391608391609
1911	0.235664335664336
1912	0.244755244755245
1913	0.167832167832168
1914	0.176923076923077
1915	0.0727272727272728
1916	0.0454545454545455
1917	0.131468531468532
1918	0.113286713286713
1919	0.0951048951048953
1920	0.108391608391609
1921	0.194405594405594
1922	0.185314685314685
1923	0.212587412587413
1924	0.0902097902097903
1925	-0.0412587412587411
1926	-0.0503496503496501
1927	-0.0503496503496501
1928	-0.0321678321678318
1929	-0.0321678321678318
1930	-0.127272727272727
1931	-0.0727272727272728
1932	-0.0727272727272728
1933	-0.172027972027972
1934	-0.181118881118881
1935	-0.135664335664336
1936	-0.126573426573426
1937	-0.135664335664336
1938	-0.212587412587413
1939	-0.0902097902097903
1944	-0.272027972027972
1945	-0.376223776223776
1946	-0.348951048951049
1947	-0.385314685314685
1948	-0.421678321678322
1949	-0.421678321678322
1950	-0.344755244755245
1951	-0.24055944055944
1952	-0.186013986013986
1953	-0.253846153846154
1954	-0.217482517482518
1955	-0.19020979020979
1956	-0.212587412587413
1957	-0.212587412587413
1968	-0.194405594405594
1969	-0.176223776223776
1970	-0.167132867132867
1971	-0.194405594405594
1972	-0.203496503496503
1973	0
1974	-0.0545454545454545
1975	-0.0727272727272728
1976	0
1977	-0.00909090909090904
1978	0.0363636363636364
1979	0.0860139860139861
1980	-0.0496503496503494
1981	0.0545454545454546
1982	0.0363636363636364
1983	0.0727272727272728
1984	0.127272727272727
1985	0.172727272727273
1986	0.113986013986014
1987	0.0776223776223778
1988	0.0867132867132868
1989	0.0958041958041959
1990	0.104895104895105
1991	0.000699300699300798
1992	0.00979020979020984
1993	-0.0762237762237761
1994	-0.0944055944055944
1995	0.0685314685314685
1996	0.163636363636364
1997	0.24965034965035
1998	0.276923076923077
1999	0.295104895104895
2000	0.399300699300699
2001	0.426573426573427
2002	0.444755244755245
2003	0.453846153846154
2004	0.34965034965035
2005	0.340559440559441
2006	0.34965034965035
2007	0.376923076923077
2008	0.404195804195804
2009	0.20979020979021
2010	0.291608391608392
2011	0.423076923076923
2012	0.441258741258741
2013	0.468531468531469
2014	0.382517482517483
2016	0.323776223776224
2018	0.332867132867133
2019	0.323776223776224
2020	0.287412587412587
2021	0.278321678321678
2022	0.278321678321678
2083	-0.385314685314685
2084	-0.448951048951049
2085	-0.421678321678322
2086	-0.448951048951049
2087	-0.399300699300699
2088	-0.34965034965035
2089	-0.462937062937063
2090	-0.417482517482518
2091	-0.381118881118881
2092	-0.476223776223776
2093	-0.417482517482518
2094	-0.408391608391608
2095	-0.444755244755245
2096	-0.53986013986014
2097	-0.548951048951049
2098	-0.503496503496503
2099	-0.512587412587412
2100	-0.530769230769231
2101	-0.512587412587412
2102	-0.485314685314685
2103	-0.39020979020979
2104	-0.39020979020979
2105	-0.231468531468531
2106	-0.213286713286713
2107	-0.262937062937063
2108	-0.253846153846154
2109	-0.299300699300699
2110	-0.344755244755245
2235	-0.312587412587413
2236	-0.294405594405594
2286	-0.248951048951049
2287	-0.294405594405594
2288	-0.33986013986014
2289	-0.376223776223776
2350	-0.29020979020979
2351	-0.308391608391608
2352	-0.326573426573426
2353	-0.372027972027972
2354	-0.326573426573426
2355	-0.412587412587412
2357	-0.385314685314685
2358	-0.412587412587412
2359	-0.403496503496503
2363	-0.472027972027972
2364	-0.517482517482517
2365	-0.608391608391608
2366	-0.595104895104895
2367	-0.64055944055944
2368	-0.645454545454545
2369	-0.672727272727273
2370	-0.672727272727273
2371	-0.727272727272727
2372	-0.736363636363636
2373	-0.736363636363636
2374	-0.7
2375	-0.654545454545455
2376	-0.618181818181818
2377	-0.654545454545455
2378	-0.618181818181818
2379	-0.64055944055944
2380	-0.653846153846154
2381	-0.694405594405594
2382	-0.658041958041958
2383	-0.621678321678322
2384	-0.603496503496503
2385	-0.567132867132867
2391	-0.494405594405594
2392	-0.485314685314685
2395	-0.399300699300699
2396	-0.399300699300699
2397	-0.358741258741259
2398	-0.34965034965035
2399	-0.43986013986014
2400	-0.430769230769231
2401	-0.394405594405594
2415	-0.285314685314685
2416	-0.321678321678322
2417	-0.367132867132867
2418	-0.376223776223776
2419	-0.430769230769231
2420	-0.43986013986014
2421	-0.344755244755245
2422	-0.344755244755245
2423	-0.467132867132867
2424	-0.412587412587412
2425	-0.421678321678322
2426	-0.362937062937063
2427	-0.412587412587412
2428	-0.295104895104895
2429	-0.331468531468532
2430	-0.272727272727273
2431	-0.34965034965035
2432	-0.322377622377622
2433	-0.372027972027972
2434	-0.267832167832168
2435	-0.24055944055944
2436	-0.213286713286713
2437	-0.167832167832168
2438	-0.262937062937063
2439	-0.0503496503496501
2440	-0.0594405594405594
2441	-0.023076923076923
2442	-0.0727272727272728
2443	-0.14965034965035
2444	-0.131468531468531
2445	-0.0909090909090908
2446	-0.0636363636363637
2447	-0.0818181818181818
2448	-0.0818181818181818
2449	-0.136363636363636
2450	-0.131468531468531
2451	-0.199300699300699
2452	-0.181118881118881
2453	-0.0587412587412587
2454	-0.0405594405594405
2455	-0.0223776223776223
2456	0.0727272727272728
2457	-0.0496503496503494
2458	-0.0678321678321678
2459	-0.0496503496503494
2460	-0.0951048951048949
2461	-0.104195804195804
2462	-0.0818181818181818
2463	-0.0321678321678318
2464	-0.231468531468531
2465	-0.258741258741259
2466	-0.267832167832168
2467	-0.381118881118881
2468	-0.417482517482518
2469	-0.435664335664336
2470	-0.576223776223776
2471	-0.508391608391608
2472	-0.508391608391608
2473	-0.508391608391608
2474	-0.336363636363636
2475	-0.508391608391608
2476	-0.517482517482517
2477	-0.526573426573426
2478	-0.526573426573426
2479	-0.449650349650349
2480	-0.467832167832168
2481	-0.526573426573426
2482	-0.553846153846154
2483	-0.517482517482517
2484	-0.49020979020979
2485	-0.462937062937063
2486	-0.453846153846154
2487	-0.444755244755245
2488	-0.281818181818182
2489	-0.367832167832168
2490	-0.376923076923077
2491	-0.376923076923077
2492	-0.376923076923077
2493	-0.358741258741259
2494	-0.340559440559441
2495	-0.313286713286713
2496	-0.340559440559441
2497	-0.340559440559441
2498	-0.43986013986014
2500	-0.367132867132867
2501	-0.321678321678322
2502	-0.285314685314685
2503	-0.267132867132867
2504	-0.276223776223776
2505	-0.330769230769231
2506	-0.303496503496503
2507	-0.348951048951049
2508	-0.421678321678322
2509	-0.39020979020979
2536	-0.253846153846154
2537	-0.167832167832168
2538	-0.226573426573427
2539	-0.226573426573427
2540	-0.113286713286713
2541	-0.0405594405594405
2542	0.0363636363636364
2543	-0.0132867132867133
2544	0.0594405594405595
2545	0.0776223776223778
2546	0.286013986013986
2547	0.295104895104895
2548	0.381118881118881
2549	0.417482517482518
2550	0.444755244755245
2551	0.435664335664336
2552	0.467132867132867
2553	0.448951048951049
2554	0.458041958041958
2555	0.485314685314685
2556	0.503496503496504
2557	0.498601398601399
2558	0.326573426573427
2559	0.317482517482518
2560	0.231468531468532
2561	0.240559440559441
2562	0.118181818181818
2563	0.0909090909090911
2564	0.109090909090909
2565	0.136363636363636
2566	0.136363636363636
2567	0.145454545454545
2568	0.154545454545455
2569	0.136363636363636
2570	0.0909090909090911
2571	0.0454545454545455
2580	-0.348951048951049
2600	-0.385314685314685
2601	-0.344755244755245
2602	-0.344755244755245
2603	-0.344755244755245
2604	-0.372027972027972
2605	-0.344755244755245
2606	-0.190909090909091
2607	-0.145454545454545
2608	-0.109090909090909
2609	-0.0139860139860137
2610	0.0496503496503498
2611	0.0769230769230771
2612	0.199300699300699
2613	0.162937062937063
2614	0.0678321678321681
2615	0.0993006993006995
2616	-0.0454545454545454
2617	-0.0727272727272728
2618	-0.0818181818181818
2619	-0.118181818181818
2620	-0.308391608391608
2621	-0.335664335664336
2622	-0.344755244755245
2623	-0.267832167832168
2624	-0.24055944055944
2625	-0.213286713286713
2626	-0.186013986013986
2627	-0.113286713286713
2628	-0.0587412587412587
2629	-0.0769230769230769
2630	-0.0587412587412587
2631	0.0139860139860142
2632	-0.0902097902097903
2633	-0.117482517482517
2634	-0.104195804195804
2635	-0.172027972027972
2636	-0.267132867132867
2639	-0.248951048951049
2640	-0.172027972027972
2641	-0.0454545454545454
2642	-0.208391608391608
2643	-0.244755244755245
2644	-0.176923076923077
2645	-0.312587412587413
2646	-0.330769230769231
2647	-0.312587412587413
2648	-0.312587412587413
2649	-0.23986013986014
2650	-0.144755244755245
2651	-0.194405594405594
2652	-0.203496503496503
2653	-0.167132867132867
2654	-0.167132867132867
2655	-0.13986013986014
2656	-0.0538461538461539
2657	-0.0629370629370628
2658	-0.0993006993006993
2659	-0.203496503496503
2660	-0.221678321678322
2661	-0.248951048951049
2662	-0.172027972027972
2663	-0.235664335664336
2664	-0.253846153846154
2665	-0.226573426573427
2666	-0.285314685314685
2667	-0.276223776223776
2668	-0.230769230769231
2669	-0.117482517482517
2670	-0.117482517482517
2671	-0.153846153846154
2672	0.0181818181818182
2673	0.0272727272727274
2674	0.0363636363636364
2675	-0.0405594405594405
2676	-0.0993006993006993
2677	-0.167132867132867
2678	-0.167132867132867
2679	-0.167132867132867
2680	-0.221678321678322
2681	-0.230769230769231
2682	-0.23986013986014
2683	-0.122377622377622
2684	-0.19020979020979
2685	-0.199300699300699
2686	-0.276223776223776
2687	-0.33986013986014
2688	-0.272027972027972
2689	-0.281118881118881
2690	-0.281118881118881
2691	-0.299300699300699
2692	-0.249650349650349
2693	-0.249650349650349
2694	-0.145454545454545
2695	-0.145454545454545
2696	-0.163636363636364
2697	-0.172727272727273
2698	-0.046153846153846
2699	-0.046153846153846
2700	0.0125874125874128
2701	0.184615384615385
2702	0.184615384615385
2703	0.193706293706294
2704	0.365734265734266
2705	0.393006993006993
2706	0.370629370629371
2707	0.397902097902098
2708	0.406993006993007
2709	0.416083916083916
2710	0.416083916083916
2711	0.37972027972028
2712	0.542657342657343
2713	0.601398601398601
2714	0.646853146853147
2715	0.674125874125874
2716	0.615384615384616
2717	0.674125874125874
2718	0.665034965034965
2719	0.502097902097902
2720	0.533566433566434
2721	0.524475524475525
2722	0.542657342657343
2723	0.683216783216783
2724	0.615384615384616
2725	0.624475524475525
2726	0.651748251748252
2727	0.633566433566434
2728	0.525174825174825
2729	0.561538461538462
2730	0.466433566433566
2731	0.475524475524476
2732	0.484615384615385
2733	0.502797202797203
2734	0.29020979020979
2735	0.394405594405595
2736	0.308391608391609
2737	0.136363636363636
2738	0.163636363636364
2739	0.136363636363636
2740	0.0139860139860142
2741	-0.00419580419580412
2742	0.0363636363636364
2743	0.0454545454545455
2744	0.0454545454545455
2745	0.0363636363636364
2746	0.0272727272727274
2747	0.158741258741259
2748	-0.00419580419580412
2749	-0.130769230769231
2750	-0.13986013986014
2751	-0.130769230769231
2752	-0.121678321678322
2754	0.0867132867132868
2755	0.0867132867132868
2756	0.0552447552447551
2757	0.141258741258741
2758	0.132167832167832
2759	0.0643356643356644
2760	0.0643356643356644
2761	0.0552447552447551
2762	0.113986013986014
2763	0.159440559440559
2764	0.159440559440559
2765	0.15034965034965
2766	0.177622377622378
2767	0.263636363636364
2768	0.245454545454545
2769	0.245454545454545
2770	0.313286713286713
2771	0.272727272727273
2772	0.281818181818182
2773	0.3
2774	0.367832167832168
2775	0.376923076923077
2776	0.309090909090909
2777	0.241258741258741
2778	0.191608391608392
2779	0.20979020979021
2833	-0.303496503496503
2834	-0.294405594405594
2835	-0.281118881118881
2836	-0.29020979020979
2837	-0.295104895104895
2838	-0.331468531468532
2839	-0.331468531468532
2840	-0.34965034965035
2841	-0.340559440559441
2842	-0.340559440559441
2843	-0.417482517482518
2844	-0.462937062937063
2845	-0.340559440559441
2846	-0.322377622377622
2847	-0.295104895104895
2848	-0.331468531468532
2849	-0.313286713286713
2850	-0.476223776223776
2851	-0.448951048951049
2855	-0.353846153846154
2856	-0.344755244755245
2857	-0.335664335664336
2860	-0.358041958041958
2861	-0.330769230769231
2862	-0.33986013986014
2863	-0.29020979020979
2864	-0.308391608391608
2865	-0.367132867132867
2866	-0.403496503496503
2867	-0.458041958041958
2868	-0.503496503496503
2876	-0.33986013986014
2877	-0.281118881118881
2878	-0.272027972027972
2879	-0.262937062937063
2880	-0.253846153846154
2881	-0.330769230769231
2882	-0.321678321678322
2883	-0.321678321678322
2884	-0.285314685314685
2885	-0.285314685314685
2886	-0.285314685314685
2887	-0.294405594405594
2888	-0.294405594405594
2889	-0.303496503496503
2890	-0.248951048951049
3029	-0.148951048951049
3030	-0.13986013986014
3031	-0.0944055944055944
3032	-0.13986013986014
3042	-0.303496503496503
3047	-0.312587412587413
3048	-0.294405594405594
3396	-0.0853146853146853
3397	-0.0853146853146853
3398	0.000699300699300798
3399	0.027972027972028
3400	0.0055944055944056
3401	0.0237762237762238
3402	0.15034965034965
3403	0.15034965034965
3404	0.141258741258741
3405	0.0958041958041959
3406	0.0685314685314685
3407	0.154545454545455
3408	0.145454545454545
3409	0.0685314685314685
3410	0.0412587412587414
3411	0.0412587412587414
3412	-0.0356643356643356
3413	-0.0265734265734267
3414	-0.103496503496504
3415	-0.148951048951049
3418	-0.185314685314685
3426	-0.185314685314685
3427	-0.167132867132867
3428	-0.0993006993006993
3429	-0.185314685314685
3430	-0.108391608391608
3431	-0.135664335664336
3432	-0.194405594405594
3433	-0.117482517482517
3434	-0.203496503496503
3435	-0.230769230769231
3436	-0.217482517482518
3437	-0.199300699300699
3442	-0.317482517482517
3443	-0.412587412587412
3444	-0.43986013986014
3445	-0.448951048951049
3446	-0.430769230769231
3447	-0.458041958041958
3448	-0.494405594405594
3449	-0.521678321678322
3450	-0.521678321678322
3451	-0.399300699300699
3452	-0.372027972027972
3453	-0.372027972027972
3454	-0.430769230769231
3455	-0.394405594405594
3456	-0.24055944055944
3457	-0.222377622377622
3458	-0.195104895104895
3459	-0.109090909090909
3460	-0.118181818181818
3461	-0.109090909090909
3462	-0.113286713286713
3463	-0.113286713286713
3464	-0.0769230769230769
3465	-0.0587412587412587
3466	-0.185314685314685
3467	-0.148951048951049
3468	-0.121678321678322
3470	-0.0944055944055944
3471	-0.00839160839160846
3472	-0.0125874125874125
3473	0.0055944055944056
3474	-0.0125874125874125
3475	0.0734265734265734
3476	0.100699300699301
3477	0.223076923076923
3478	0.114685314685315
3479	0.114685314685315
3480	0.20979020979021
3481	0.237062937062937
3482	0.246153846153846
3483	0.273426573426574
3484	0.291608391608392
3485	0.300699300699301
3486	0.291608391608392
3487	0.169230769230769
3488	0.114685314685315
3489	0.132867132867133
3490	0.105594405594406
3491	0.0328671328671328
3537	-0.130769230769231
3538	-0.13986013986014
3539	-0.148951048951049
3540	-0.0629370629370628
3541	-0.0629370629370628
3542	-0.0538461538461539
3543	-0.0447552447552447
3544	-0.0538461538461539
3545	-0.0356643356643356
3546	-0.0447552447552447
3547	-0.0538461538461539
3548	-0.0811188811188811
3549	-0.0587412587412587
3550	-0.00909090909090904
3551	0.0769230769230771
3552	0.104195804195805
3553	0.0678321678321681
3554	-0.0181818181818181
3555	0.135664335664336
3556	0.0405594405594407
3557	-0.0454545454545454
3558	-0.0363636363636364
3559	0
3560	-0.00419580419580412
3561	0.00489510489510492
3562	0.109090909090909
3563	0.0503496503496503
3564	0.0685314685314685
3565	0.0685314685314685
3566	0.0685314685314685
3567	-0.0265734265734267
3568	-0.0720279720279721
3569	-0.0993006993006993
3570	-0.203496503496503
3571	-0.176223776223776
3572	-0.221678321678322
3573	-0.153846153846154
3574	-0.126573426573426
3575	-0.126573426573426
3577	-0.203496503496503
3578	-0.194405594405594
3579	-0.194405594405594
3580	-0.23986013986014
3581	-0.285314685314685
3582	-0.172027972027972
3583	-0.153846153846154
3584	-0.0496503496503494
3585	-0.108391608391608
3586	-0.13986013986014
3606	0.0328671328671328
3607	0.0328671328671328
3608	0.195804195804196
3609	0.0825174825174825
3610	0.0825174825174825
3611	0.15034965034965
3612	0.141258741258741
3613	0.0916083916083916
3614	0.0916083916083916
3615	0.0916083916083916
3616	0.309090909090909
3617	0.499300699300699
3618	0.462937062937063
3619	0.530769230769231
3620	0.481118881118881
3621	0.472027972027972
3622	0.548951048951049
3623	0.53986013986014
3624	0.598601398601399
3625	0.607692307692308
3626	0.553146853146853
3627	0.507692307692308
3628	0.453146853146853
3629	0.33986013986014
3630	0.253846153846154
3631	0.226573426573427
3632	0.226573426573427
3633	0.208391608391609
3634	0.172027972027972
3635	0.144755244755245
3636	0.153846153846154
3637	0.153846153846154
3638	0.172027972027972
3639	0.19020979020979
3640	0.122377622377623
3641	0.113286713286713
3642	0.0181818181818182
3643	0.0272727272727274
3644	-0.181118881118881
3645	-0.203496503496503
3646	-0.221678321678322
3647	-0.267132867132867
3648	-0.208391608391608
3649	-0.262937062937063
3650	-0.272027972027972
3651	-0.281118881118881
3680	-0.303496503496503
3681	-0.33986013986014
3682	-0.244755244755245
3683	-0.276223776223776
3686	-0.248951048951049
3687	-0.230769230769231
3688	-0.221678321678322
3694	-0.067132867132867
3695	-0.067132867132867
3696	-0.103496503496504
3698	-0.112587412587412
3699	-0.158041958041958
3700	-0.185314685314685
3701	-0.148951048951049
3702	-0.13986013986014
3703	-0.0720279720279721
3706	-0.148951048951049
3709	-0.121678321678322
3710	-0.0944055944055944
3711	-0.0489510489510488
3712	-0.0398601398601398
3713	-0.0125874125874125
3714	0.0328671328671328
3715	0.0237762237762238
3785	-0.230769230769231
3786	-0.248951048951049
3787	-0.230769230769231
3788	-0.221678321678322
3789	-0.267132867132867
3790	-0.285314685314685
3791	-0.0769230769230769
3792	-0.113286713286713
3793	-0.14965034965035
3794	-0.195104895104895
3795	-0.186013986013986
3796	-0.321678321678322
3797	-0.321678321678322
3800	-0.23986013986014
3801	-0.230769230769231
3803	-0.230769230769231
3804	-0.285314685314685
3807	-0.258041958041958
3808	-0.267132867132867
3809	-0.276223776223776
3810	-0.276223776223776
3825	-0.158041958041958
3826	-0.0356643356643356
3828	-0.0489510489510488
3829	0.0237762237762238
3830	0.0510489510489511
3831	0.0601398601398603
3832	0.0783216783216784
3833	0.164335664335664
3834	0.182517482517483
3835	0.20979020979021
3836	0.169230769230769
3837	0.205594405594406
3838	0.423076923076923
3839	0.382517482517483
3840	0.482517482517483
3841	0.50979020979021
3842	0.518881118881119
3843	0.46013986013986
3844	0.546153846153846
3845	0.527972027972028
3846	0.672727272727273
3847	0.645454545454546
3848	0.654545454545455
3849	0.627272727272727
3850	0.590909090909091
3851	0.618181818181818
3852	0.695104895104895
3853	0.686013986013986
3854	0.658741258741259
3855	0.735664335664336
3856	0.726573426573427
3857	0.794405594405594
3858	0.825874125874126
3859	0.875524475524476
3860	1.07482517482517
3861	1.07482517482517
3862	0.97972027972028
3863	0.925174825174825
3864	0.775524475524476
3865	0.766433566433567
3866	0.757342657342657
3867	0.825174825174825
3868	0.942657342657343
3869	0.856643356643357
3870	0.82937062937063
3871	0.82937062937063
3872	0.82937062937063
3873	0.811188811188811
3874	0.639160839160839
3875	0.620979020979021
3876	0.593706293706294
3877	0.652447552447553
3878	0.702097902097902
3879	0.665734265734266
3880	0.552447552447553
3881	0.57972027972028
3882	0.425874125874126
3883	0.53006993006993
3884	0.53006993006993
3885	0.557342657342657
3886	0.602797202797203
3887	0.602797202797203
3888	0.444055944055944
3889	0.348951048951049
3890	0.348951048951049
3891	0.244755244755245
3892	0.131468531468532
3893	0.0545454545454546
3894	-0.0629370629370628
3917	-0.167132867132867
3918	-0.221678321678322
3920	-0.217482517482518
3921	-0.29020979020979
3922	-0.335664335664336
3923	-0.295104895104895
3924	-0.222377622377622
3925	-0.204195804195804
3926	-0.176923076923077
3927	-0.167832167832168
3928	-0.167832167832168
3929	-0.023076923076923
3930	0.0356643356643358
3931	0.0174825174825175
3932	0.0174825174825175
3933	0.0447552447552451
3934	0.103496503496504
3935	0.0447552447552451
3936	0.207692307692308
3937	0.320979020979021
3938	0.348251748251748
3939	0.320979020979021
3940	0.370629370629371
3941	0.406993006993007
3942	0.320979020979021
3943	0.262237762237762
3944	0.225874125874126
3945	0.216783216783217
3946	0.198601398601399
3947	0.225874125874126
3948	0.180419580419581
3949	0.239160839160839
3950	0.411188811188811
3951	0.365734265734266
3952	0.320279720279721
3953	0.0804195804195806
3954	0.0986013986013985
3955	0.107692307692308
3956	-0.0188811188811187
3957	-0.000699300699300576
3958	-0.046153846153846
3959	-0.0188811188811187
3960	-0.0279720279720277
3961	0.0398601398601399
3962	0.0895104895104897
3963	0.0804195804195806
3964	0.0895104895104897
3965	-0.0825174825174821
3966	-0.132167832167832
3967	-0.104895104895105
3968	-0.0958041958041955
3969	-0.132167832167832
3970	-0.181818181818182
3971	-0.172727272727273
3972	-0.326573426573426
3973	-0.403496503496503
3974	-0.394405594405594
3975	-0.367132867132867
3981	-0.340559440559441
3982	-0.340559440559441
3983	-0.331468531468532
3984	-0.286013986013986
3985	-0.362937062937063
3988	-0.285314685314685
3989	-0.267132867132867
3990	-0.230769230769231
3991	-0.0496503496503494
3992	-0.0587412587412587
3993	-0.0678321678321678
3994	-0.0132867132867133
3995	-0.0538461538461539
3996	-0.0629370629370628
3997	-0.112587412587412
4001	-0.0398601398601398
4002	-0.0398601398601398
4003	-0.058041958041958
4004	0.0370629370629371
4005	0.0734265734265734
4006	0.209090909090909
4007	0.209090909090909
4008	0.218181818181818
4009	0.313286713286713
4010	0.322377622377623
4011	0.267832167832168
4012	0.267832167832168
4013	0.34965034965035
4014	0.453846153846154
4015	0.508391608391609
4016	0.526573426573427
4017	0.141958041958042
4018	0.227972027972028
4019	0.295804195804196
4020	0.286713286713287
4021	0.25944055944056
4022	0.25944055944056
4023	0.25944055944056
4024	0.173426573426573
4025	0.173426573426573
4026	0.182517482517483
4028	0.0692307692307692
4029	0.182517482517483
4030	0.200699300699301
4031	0.20979020979021
4032	0.277622377622378
4033	0.25944055944056
4034	0.25034965034965
4035	0.195804195804196
4036	0.177622377622378
4037	0.0370629370629371
4038	0.0188811188811189
4039	0.027972027972028
4040	-0.058041958041958
4041	-0.0762237762237761
4051	-0.358041958041958
4052	-0.281118881118881
4053	-0.308391608391608
4054	-0.385314685314685
4055	-0.412587412587412
4056	-0.430769230769231
4095	-0.648951048951049
4096	-0.630769230769231
4097	-0.553846153846154
4098	-0.413286713286713
4099	-0.367832167832168
4100	-0.353846153846154
4101	-0.317482517482517
4102	-0.308391608391608
4103	-0.308391608391608
4104	-0.272027972027972
4105	-0.281118881118881
4106	-0.244755244755245
4107	-0.299300699300699
4108	-0.308391608391608
4109	-0.362937062937063
4110	-0.290909090909091
4111	-0.223076923076923
4112	-0.268531468531469
4113	-0.313986013986014
4114	-0.313986013986014
4115	-0.332167832167832
4116	-0.436363636363636
4117	-0.454545454545454
4118	-0.509090909090909
4119	-0.359440559440559
4120	-0.341258741258741
4121	-0.313986013986014
4122	-0.268531468531469
4123	-0.286713286713286
4124	-0.290909090909091
4125	-0.254545454545455
4126	-0.236363636363636
4127	-0.304195804195804
4128	-0.276923076923077
4129	-0.308391608391608
4130	-0.222377622377622
4131	-0.394405594405594
4132	-0.222377622377622
4133	-0.262937062937063
4134	-0.348951048951049
4135	-0.348951048951049
4136	-0.348951048951049
4137	-0.358041958041958
4138	-0.281118881118881
4139	-0.317482517482517
4140	-0.326573426573426
4141	-0.326573426573426
4142	-0.317482517482517
4143	-0.253846153846154
4144	-0.299300699300699
4145	-0.272027972027972
4146	-0.294405594405594
4150	-0.248951048951049
4151	-0.248951048951049
4152	-0.248951048951049
4153	-0.248951048951049
4154	-0.135664335664336
4155	-0.212587412587413
4156	-0.203496503496503
4157	-0.126573426573426
4158	-0.144755244755245
4159	-0.144755244755245
4160	-0.144755244755245
4161	-0.108391608391608
4162	-0.126573426573426
4163	-0.153846153846154
4164	-0.126573426573426
4165	-0.0496503496503494
4166	-0.194405594405594
4167	-0.176223776223776
4169	-0.203496503496503
4170	-0.203496503496503
4171	-0.230769230769231
4172	-0.221678321678322
4173	-0.23986013986014
4178	-0.303496503496503
4179	-0.303496503496503
4180	-0.162937062937063
4181	-0.126573426573426
4183	-0.212587412587413
4184	-0.203496503496503
4185	-0.230769230769231
4246	-0.758041958041958
4247	-0.73986013986014
4248	-0.721678321678322
4249	-0.758041958041958
4250	-0.758041958041958
4251	-0.672027972027972
4252	-0.567832167832168
4253	-0.54965034965035
4254	-0.522377622377622
4255	-0.562937062937063
4256	-0.585314685314685
4261	-0.381118881118881
4262	-0.308391608391608
4263	-0.109090909090909
4264	-0.0454545454545454
4265	0
4266	0.258041958041958
4267	0.221678321678322
4268	0.19020979020979
4269	0.19020979020979
4270	0.19020979020979
4271	0.267132867132867
4272	0.294405594405594
4273	0.330769230769231
4274	0.425874125874126
4275	0.498601398601399
4276	0.544055944055944
4277	0.558041958041958
4278	0.422377622377623
4279	0.467832167832168
4280	0.495104895104895
4281	0.581118881118881
4282	0.522377622377623
4283	0.54965034965035
4284	0.54965034965035
4285	0.586013986013986
4286	0.586013986013986
4287	0.445454545454546
4288	0.386713286713287
4289	0.404895104895105
4290	0.386713286713287
4291	0.35034965034965
4292	0.332167832167832
4293	0.341258741258741
4294	0.286713286713287
4295	0.241258741258741
4296	0.241258741258741
4297	0.0692307692307692
4298	0.155244755244755
4344	-0.648951048951049
4345	-0.612587412587413
4346	-0.594405594405594
4347	-0.594405594405594
4348	-0.399300699300699
4349	-0.381118881118881
4350	-0.295104895104895
4351	-0.295104895104895
4352	-0.286013986013986
4353	-0.127272727272727
4354	0.0132867132867134
4355	0.104195804195805
4356	0.0951048951048953
4357	0.14965034965035
4358	0.176923076923077
4359	0.253846153846154
4360	0.226573426573427
4361	0.19020979020979
4362	0.199300699300699
4363	0.258041958041958
4364	0.230769230769231
4365	0.28041958041958
4366	0.262237762237762
4367	0.176223776223776
4368	0.112587412587413
4369	0.0489510489510492
4370	-0.0279720279720277
4371	-0.00979020979020961
4372	-0.0685314685314682
4373	-0.113986013986014
4374	-0.141258741258741
4375	-0.186713286713287
4376	-0.245454545454545
4377	-0.304195804195804
4378	-0.267832167832168
4379	-0.286013986013986
4380	-0.385314685314685
4381	-0.29020979020979
4382	-0.272027972027972
4383	-0.217482517482518
4384	-0.294405594405594
4421	-0.0762237762237761
4422	-0.0398601398601398
4423	0.000699300699300798
4424	-0.0356643356643356
4425	-0.13986013986014
4427	-0.148951048951049
4428	-0.176223776223776
4429	-0.194405594405594
4430	-0.117482517482517
4431	-0.0769230769230769
4432	-0.19020979020979
4433	-0.294405594405594
4434	-0.267132867132867
4435	-0.276223776223776
4436	-0.267132867132867
4437	-0.230769230769231
4445	-0.208391608391608
4446	-0.281118881118881
4447	-0.335664335664336
4448	-0.335664335664336
4449	-0.362937062937063
4450	-0.286013986013986
4451	-0.286013986013986
4452	-0.295104895104895
4453	-0.295104895104895
4454	-0.331468531468532
4455	-0.272727272727273
4456	-0.290909090909091
4457	-0.395104895104895
4458	-0.431468531468531
4459	-0.49020979020979
4460	-0.453846153846154
4461	-0.444755244755245
4462	-0.472027972027972
4463	-0.603496503496503
4464	-0.612587412587413
4465	-0.73986013986014
4516	0.0874125874125876
4517	0.114685314685315
4518	0.105594405594406
4520	0.187412587412587
4521	0.151048951048951
4526	0.132867132867133
4527	0.132867132867133
4528	0.114685314685315
4529	0.146153846153846
4530	0.146153846153846
4531	0.232167832167832
4532	0.204895104895105
4533	0.141258741258741
4534	0.0776223776223778
4535	-0.0447552447552447
4536	-0.13986013986014
4537	-0.13986013986014
4538	-0.0811188811188811
4539	-0.185314685314685
4540	-0.258041958041958
4541	-0.285314685314685
4542	-0.330769230769231
4543	-0.330769230769231
4544	-0.367132867132867
4545	-0.394405594405594
4546	-0.430769230769231
4547	-0.467132867132867
4551	-0.395104895104895
4552	-0.472027972027972
4553	-0.558041958041958
4554	-0.548951048951049
4555	-0.567132867132867
4575	-0.412587412587412
4576	-0.403496503496503
4577	-0.43986013986014
4578	-0.376223776223776
4579	-0.281118881118881
4580	-0.272027972027972
4581	-0.299300699300699
4582	-0.29020979020979
4583	-0.272027972027972
4584	-0.253846153846154
4585	-0.167832167832168
4586	-0.167832167832168
4587	-0.244755244755245
4588	-0.176923076923077
4589	-0.222377622377622
4590	-0.231468531468531
4591	-0.204195804195804
4592	-0.231468531468531
4593	-0.222377622377622
4594	-0.222377622377622
4595	-0.231468531468531
4596	-0.267832167832168
4597	-0.286013986013986
4598	-0.408391608391608
4599	-0.399300699300699
4600	-0.313286713286713
4601	-0.322377622377622
4602	-0.399300699300699
4603	-0.462937062937063
4604	-0.472027972027972
4605	-0.453846153846154
4606	-0.462937062937063
4607	-0.376923076923077
4608	-0.417482517482518
4609	-0.408391608391608
4612	-0.448951048951049
4613	-0.317482517482517
4614	-0.335664335664336
4742	-0.458041958041958
4743	-0.381118881118881
4744	-0.39020979020979
4745	-0.399300699300699
4746	-0.417482517482518
4747	-0.476223776223776
4757	-0.385314685314685
4758	-0.330769230769231
4759	-0.348951048951049
4760	-0.394405594405594
4761	-0.412587412587412
4762	-0.421678321678322
4763	-0.43986013986014
4802	0.0783216783216784
4803	0.0783216783216784
4804	0.0692307692307692
4805	0.0692307692307692
4806	0.218881118881119
4807	0.132867132867133
4808	0.141958041958042
4809	0.114685314685315
4810	0.164335664335664
4811	0.177622377622378
4812	0.168531468531469
4813	0.15034965034965
4814	0.227272727272727
4815	0.209090909090909
4816	0.154545454545455
4817	0.109090909090909
4818	0.0545454545454546
4819	-0.0454545454545454
4820	-0.023076923076923
4821	0.0174825174825175
4822	-0.0776223776223774
4823	0.0762237762237763
4824	0.153146853146853
4825	0.144055944055944
4826	0.144055944055944
4827	0.144055944055944
4828	0.211888111888112
4829	0.193706293706294
4830	0.107692307692308
4831	0.125874125874126
4832	0.116783216783217
4833	0.116783216783217
4834	-0.141258741258741
4835	-0.177622377622378
4836	-0.159440559440559
4837	-0.168531468531468
4838	-0.195804195804196
4839	-0.186713286713287
4840	-0.177622377622378
4841	-0.159440559440559
4842	-0.245454545454545
4843	-0.218181818181818
4844	-0.276923076923077
4845	-0.249650349650349
4846	-0.235664335664336
4847	-0.230769230769231
4848	-0.221678321678322
4849	-0.203496503496503
4850	-0.221678321678322
4851	-0.185314685314685
4852	-0.130769230769231
4853	-0.0853146853146853
4854	-0.0398601398601398
4855	0.0601398601398603
4891	-0.303496503496503
4892	-0.321678321678322
4893	-0.272027972027972
4894	-0.127272727272727
4895	-0.118181818181818
4896	-0.118181818181818
4897	-0.109090909090909
4898	-0.127272727272727
4899	-0.0594405594405594
4900	0.0811188811188812
4901	0.0132867132867134
4902	-0.0636363636363637
4903	-0.1
4904	-0.118181818181818
4905	-0.0818181818181818
4906	-0.0272727272727273
4907	0.0860139860139861
4908	0.0769230769230771
4909	0.144755244755245
4910	0.172027972027972
4911	0.0181818181818182
4912	-0.135664335664336
4913	-0.144755244755245
4914	-0.144755244755245
4915	-0.135664335664336
4916	-0.135664335664336
4917	-0.167132867132867
4918	-0.158041958041958
4919	-0.0265734265734267
4920	-0.0538461538461539
4921	-0.0993006993006993
4922	-0.221678321678322
4923	-0.248951048951049
4924	-0.258041958041958
4925	-0.19020979020979
4926	-0.0951048951048949
4927	-0.162937062937063
4928	-0.0587412587412587
4929	-0.181118881118881
4930	-0.285314685314685
4931	-0.330769230769231
4932	-0.348951048951049
4933	-0.262937062937063
4934	-0.244755244755245
4935	-0.330769230769231
4939	-0.358041958041958
4940	-0.348951048951049
4941	-0.33986013986014
4942	-0.253846153846154
4943	-0.299300699300699
4944	-0.253846153846154
4945	-0.348951048951049
4946	-0.385314685314685
4947	-0.308391608391608
4948	-0.317482517482517
4949	-0.335664335664336
4950	-0.372027972027972
4951	-0.494405594405594
4952	-0.494405594405594
4953	-0.512587412587412
4954	-0.512587412587412
5004	-0.648951048951049
5005	-0.648951048951049
5006	-0.630769230769231
5007	-0.621678321678322
5008	-0.612587412587413
5009	-0.667132867132867
5010	-0.648951048951049
5011	-0.630769230769231
5012	-0.626573426573427
5013	-0.626573426573427
5014	-0.748951048951049
5015	-0.758041958041958
5016	-0.748951048951049
5019	-0.767132867132867
5024	-0.648951048951049
5025	-0.594405594405594
5026	-0.521678321678322
5027	-0.512587412587412
5028	-0.467132867132867
5031	-0.494405594405594
5032	-0.530769230769231
5033	-0.558041958041958
5034	-0.585314685314685
5052	-0.662937062937063
5053	-0.699300699300699
5054	-0.69020979020979
5055	-0.721678321678322
5056	-0.567832167832168
5057	-0.626573426573427
5058	-0.644755244755245
5059	-0.681118881118881
5076	-0.712587412587413
5077	-0.748951048951049
5078	-0.821678321678322
5079	-0.812587412587413
5080	-0.803496503496503
5081	-0.83986013986014
5082	-0.803496503496503
5083	-0.785314685314685
5121	-0.43986013986014
5122	-0.485314685314685
5123	-0.548951048951049
5124	-0.576223776223776
5125	-0.612587412587413
5126	-0.504195804195804
5127	-0.431468531468531
5128	-0.44055944055944
5129	-0.44055944055944
5130	-0.44055944055944
5131	-0.404195804195804
5132	-0.404195804195804
5133	-0.309090909090909
5134	-0.204895104895105
5135	-0.304195804195804
5136	-0.227272727272727
5137	-0.267832167832168
5138	-0.249650349650349
5139	-0.0867132867132865
5140	0.0671328671328673
5141	0.0762237762237763
5142	0.121678321678322
5143	0.194405594405594
5144	0.181118881118881
5145	0.14965034965035
5146	0.0363636363636364
5147	0.0181818181818182
5148	0.104195804195805
5149	0.122377622377623
5150	0.0769230769230771
5151	0.0769230769230771
5152	-0.0181818181818181
5153	-0.0272727272727273
5154	-0.140559440559441
5155	-0.186013986013986
5156	-0.24055944055944
5157	-0.317482517482517
5158	-0.29020979020979
5159	-0.208391608391608
5160	-0.181118881118881
5161	-0.162937062937063
5162	-0.212587412587413
5163	-0.203496503496503
5164	-0.185314685314685
5165	-0.148951048951049
5166	-0.121678321678322
5167	-0.0853146853146853
5168	0.0188811188811189
5169	-0.0762237762237761
5170	-0.176223776223776
5171	-0.0993006993006993
5172	-0.212587412587413
5173	-0.230769230769231
5174	-0.126573426573426
5175	-0.230769230769231
5177	-0.258041958041958
5178	-0.312587412587413
5179	-0.321678321678322
5180	-0.394405594405594
5181	-0.43986013986014
5182	-0.43986013986014
5183	-0.467132867132867
5184	-0.476223776223776
5185	-0.435664335664336
5186	-0.381118881118881
5187	-0.353846153846154
5188	-0.286013986013986
5189	-0.263636363636364
5190	-0.141258741258741
5191	-0.132167832167832
5192	-0.0867132867132865
5193	-0.0776223776223774
5194	-0.0594405594405594
5195	-0.0594405594405594
5196	-0.0776223776223774
5197	-0.0958041958041955
5198	-0.154545454545455
5199	-0.136363636363636
5200	-0.154545454545455
5201	-0.172727272727273
5202	-0.218181818181818
5203	-0.218181818181818
5204	-0.254545454545455
5205	-0.263636363636364
5206	-0.331468531468532
5207	-0.462937062937063
5208	-0.472027972027972
5209	-0.44055944055944
5210	-0.467832167832168
5211	-0.535664335664336
5212	-0.504195804195804
5213	-0.685314685314685
5214	-0.703496503496504
5215	-0.617482517482517
5216	-0.513286713286713
5217	-0.576923076923077
5218	-0.586013986013986
5219	-0.613286713286713
5220	-0.69020979020979
5221	-0.69020979020979
5222	-0.622377622377622
5223	-0.545454545454545
5224	-0.631468531468531
5225	-0.681118881118881
5226	-0.667832167832168
5227	-0.658741258741259
5228	-0.731468531468531
5229	-0.654545454545455
5230	-0.663636363636364
5231	-0.595804195804196
5232	-0.555244755244755
5233	-0.555244755244755
5234	-0.582517482517482
5235	-0.532867132867133
5236	-0.532867132867133
5237	-0.569230769230769
5238	-0.551048951048951
5239	-0.587412587412587
5240	-0.492307692307692
5241	-0.565034965034965
5242	-0.415384615384615
5243	-0.216083916083916
5244	-0.0167832167832169
5245	-0.066433566433566
5246	-0.134265734265734
5247	-0.184615384615384
5248	-0.166433566433566
5249	-0.148251748251748
5250	-0.13006993006993
5251	-0.234265734265734
5252	-0.274825174825175
5253	-0.229370629370629
5254	-0.22027972027972
5255	-0.26993006993007
5256	-0.229370629370629
5257	-0.297202797202797
5258	-0.41958041958042
5259	-0.46013986013986
5260	-0.441958041958042
5261	-0.423776223776224
5262	-0.464335664335664
5263	-0.491608391608391
5264	-0.251748251748252
5265	-0.383216783216783
5266	-0.465034965034965
5267	-0.496503496503496
5268	-0.518881118881119
5269	-0.500699300699301
5270	-0.518881118881119
5271	-0.604895104895105
5272	-0.65034965034965
5273	-0.546153846153846
5274	-0.582517482517482
5275	-0.609790209790209
5276	-0.741258741258741
5277	-0.704895104895105
5278	-0.713986013986014
5279	-0.836363636363636
5280	-0.94965034965035
5281	-0.986013986013986
5282	-0.9
5283	-0.849650349650349
5284	-0.935664335664336
5285	-0.935664335664336
5286	-0.926573426573426
5287	-0.935664335664336
5288	-0.935664335664336
5289	-0.881118881118881
5290	-0.858741258741259
5291	-0.84055944055944
5292	-0.872027972027972
5293	-0.89020979020979
5294	-0.835664335664336
5295	-0.872027972027972
5296	-0.555244755244755
5297	-0.428671328671329
5298	-0.523776223776224
5299	-0.51048951048951
5300	-0.673426573426573
5301	-0.655244755244755
5302	-0.505594405594405
5303	-0.437762237762238
5304	-0.41958041958042
5305	-0.428671328671329
5306	-0.333566433566433
5307	-0.342657342657343
5308	-0.306293706293706
5309	-0.306293706293706
5310	-0.242657342657342
5311	-0.174825174825175
5312	-0.193006993006993
5313	-0.147552447552447
5314	-0.129370629370629
5315	-0.188111888111888
5316	-0.142657342657343
5317	-0.079020979020979
5318	-0.0202797202797202
5319	-0.0202797202797202
5320	0.0160839160839161
5321	0.0706293706293708
5322	0.0979020979020984
5323	0.22027972027972
5324	0.211188811188811
5325	0.147552447552448
5326	0.193006993006993
5327	0.174825174825175
5328	0.328671328671329
5329	0.323776223776224
5330	0.296503496503496
5331	0.373426573426573
5332	0.151748251748252
5333	0.0342657342657344
5334	0.0657342657342657
5335	0.156643356643357
5336	0.12937062937063
5337	0.147552447552448
5338	0.111188811188811
5339	0.0251748251748254
5340	0.0342657342657344
5341	0.0160839160839161
5342	-0.0881118881118883
5343	-0.133566433566433
5344	-0.0657342657342657
5345	-0.0930069930069928
5346	-0.0615384615384615
5347	-0.0748251748251749
5348	-0.0426573426573427
5349	-0.0244755244755244
5350	-0.0832167832167832
5351	-0.0286713286713287
5352	-0.114685314685315
5353	-0.123776223776224
5354	-0.304895104895105
5355	-0.341258741258741
5356	-0.386713286713287
5357	-0.269230769230769
5358	-0.265034965034965
5359	-0.341958041958042
5360	-0.16993006993007
5361	-0.0657342657342657
5362	-0.0748251748251749
5363	-0.0748251748251749
5364	-0.224475524475525
5365	-0.133566433566433
5366	-0.106293706293706
5367	-0.165034965034965
5368	-0.265034965034965
5369	-0.328671328671329
5370	-0.283216783216783
5371	-0.265034965034965
5372	-0.296503496503496
5373	-0.323776223776224
5374	-0.355244755244755
5375	-0.287412587412587
5376	-0.341958041958042
5377	-0.341958041958042
5378	-0.160839160839161
5379	-0.133566433566433
5380	-0.142657342657343
5381	-0.142657342657343
5382	-0.21958041958042
5383	-0.179020979020979
5384	-0.224475524475525
5385	-0.229370629370629
5386	-0.256643356643356
5387	-0.302097902097902
5388	-0.383916083916084
5389	-0.343356643356643
5390	-0.316083916083916
5391	-0.202797202797202
5392	-0.248251748251748
5393	-0.257342657342657
5394	-0.279720279720279
5395	-0.239160839160839
5396	-0.42027972027972
5397	-0.411188811188811
5398	-0.488111888111888
5399	-0.438461538461538
5400	-0.479020979020979
5401	-0.51048951048951
5402	-0.492307692307692
5403	-0.483216783216783
5404	-0.487412587412587
5405	-0.423776223776224
5406	-0.455244755244755
5407	-0.514685314685315
5408	-0.351748251748252
5409	-0.247552447552448
5410	-0.13006993006993
5411	-0.13006993006993
5412	-0.139160839160839
5413	-0.102797202797202
5414	-0.216083916083916
5415	-0.161538461538461
5416	-0.0888111888111884
5417	-0.156643356643356
5418	-0.156643356643356
5419	-0.233566433566434
5420	-0.288111888111888
5421	-0.346853146853147
5422	-0.374125874125874
5423	-0.365034965034965
5424	-0.197202797202797
5425	-0.197202797202797
5426	-0.0748251748251749
5427	-0.0839160839160837
5428	-0.0566433566433564
5429	-0.201398601398601
5430	-0.21048951048951
5431	-0.278321678321678
5432	-0.26013986013986
5433	-0.305594405594406
5434	-0.237762237762238
5435	-0.21048951048951
5436	-0.142657342657343
5437	-0.142657342657343
5438	-0.16993006993007
5439	-0.0930069930069928
5440	0.137762237762238
5441	0.137762237762238
5442	0.178321678321678
5443	0.124475524475525
5444	0.00699300699300731
5445	-0.0426573426573427
5446	-0.101398601398601
5447	-0.169230769230769
5448	-0.123776223776224
5449	-0.105594405594406
5450	-0.0692307692307692
5451	-0.0874125874125873
5452	-0.191608391608392
5453	-0.155244755244755
5454	-0.118881118881119
5455	-0.0419580419580419
5456	0.0580419580419582
5457	0.171328671328671
5458	0.18951048951049
5459	0.153146853146853
5460	0.00349650349650377
5461	-0.0237762237762238
5462	0.034965034965035
5463	-0.0328671328671328
5464	0.175524475524475
5465	0.175524475524475
5466	0.184615384615385
5467	0.111888111888112
5468	0.17972027972028
5469	0.148251748251748
5470	0.148251748251748
5471	0.225174825174826
5472	0.225174825174826
5473	0.197902097902098
5474	0.274825174825175
5475	0.161538461538462
5476	-0.105594405594406
5477	-0.16013986013986
5478	-0.151048951048951
5479	-0.0741258741258741
5480	-0.11048951048951
5481	-0.165034965034965
5482	-0.165034965034965
5483	-0.0202797202797202
5484	0.0748251748251749
5485	0.160839160839161
5486	0.093006993006993
5487	0.188111888111888
5488	0.197202797202798
5489	0.274125874125874
5490	0.255944055944056
5491	0.215384615384616
5492	0.188111888111888
5493	0.120279720279721
5494	0.283216783216783
5495	0.423776223776223
5496	0.505594405594405
5497	0.569230769230769
5498	0.424475524475525
5499	0.587412587412588
5500	0.442657342657343
5501	0.406293706293706
5502	0.474125874125874
5503	0.51958041958042
5504	0.451748251748252
5505	0.528671328671329
5506	0.669230769230769
5507	0.56993006993007
5508	0.624475524475525
5509	0.642657342657343
5510	0.602097902097902
5511	0.656643356643357
5512	0.72027972027972
5513	0.756643356643357
5514	0.725174825174825
5515	0.725174825174825
5516	0.838461538461538
5517	0.847552447552448
5518	0.77972027972028
5519	0.684615384615385
5520	0.743356643356644
5521	0.725174825174825
5522	0.743356643356644
5523	0.761538461538462
5524	0.838461538461538
5525	0.752447552447553
5526	0.811188811188811
5527	0.802097902097902
5528	0.793006993006993
5529	0.815384615384616
5530	0.625174825174825
5531	0.484615384615385
5532	0.547552447552448
5533	0.511188811188811
5534	0.533566433566434
5535	0.334265734265734
5536	0.334265734265734
5537	0.388811188811189
5538	0.434265734265734
5539	0.52937062937063
5540	0.483916083916084
5541	0.388811188811189
5542	0.216783216783217
5543	0.207692307692308
5544	0.0762237762237763
5545	0.162237762237762
5546	0.134965034965035
5547	0.197902097902098
5548	0.170629370629371
5549	0.143356643356644
5550	0.26993006993007
5551	0.183916083916084
5552	0.116083916083916
5553	0.143356643356644
5554	0.0979020979020984
5555	0.193006993006993
5556	-0.0244755244755244
5557	-0.155944055944056
5558	-0.0972027972027973
5559	-0.151748251748252
5560	-0.197202797202797
5561	-0.129370629370629
5562	-0.224475524475525
5563	-0.251748251748252
5564	-0.233566433566434
5565	-0.165734265734265
5566	-0.183916083916084
5567	-0.165734265734265
5568	-0.179020979020979
5569	-0.201398601398601
5570	-0.241958041958042
5571	-0.079020979020979
5572	-0.0699300699300698
5573	-0.106293706293706
5574	-0.21048951048951
5575	-0.246853146853147
5576	-0.192307692307692
5577	-0.079020979020979
5578	-0.079020979020979
5579	-0.0202797202797202
5580	0.0160839160839161
5581	-0.0881118881118883
5582	-0.133566433566433
5583	-0.174125874125874
5584	-0.292307692307692
5585	-0.31048951048951
5586	-0.482517482517482
5587	-0.446153846153846
5588	-0.369230769230769
5589	-0.36013986013986
5590	-0.323776223776224
5591	-0.468531468531468
5592	-0.395804195804196
5593	-0.377622377622377
5594	-0.5
5595	-0.567832167832168
5596	-0.558741258741259
5597	-0.626573426573427
5598	-0.608391608391608
5599	-0.59020979020979
5600	-0.635664335664336
5601	-0.658041958041958
5602	-0.621678321678322
5603	-0.553846153846154
5604	-0.648951048951049
5605	-0.667132867132867
5606	-0.667132867132867
5608	-0.73986013986014
5609	-0.794405594405594
5610	-0.776223776223776
5611	-0.73986013986014
5612	-0.681118881118881
5613	-0.726573426573427
5614	-0.64055944055944
5615	-0.631468531468531
5616	-0.581818181818182
5617	-0.545454545454545
5618	-0.527272727272727
5619	-0.576923076923077
5620	-0.449650349650349
5621	-0.354545454545454
5622	-0.372727272727273
5623	-0.454545454545454
5624	-0.54055944055944
5625	-0.563636363636363
5626	-0.486713286713286
5627	-0.504895104895105
5628	-0.504895104895105
5629	-0.45944055944056
5630	-0.432167832167832
5631	-0.432167832167832
5632	-0.481818181818182
5633	-0.481818181818182
5634	-0.413986013986014
5635	-0.373426573426573
5636	-0.391608391608391
5637	-0.559440559440559
5638	-0.527972027972028
5639	-0.500699300699301
5640	-0.346853146853147
5641	-0.365034965034965
5642	-0.374125874125874
5643	-0.211188811188811
5644	-0.156643356643356
5645	-0.0657342657342657
5646	-0.0475524475524474
5647	-0.0475524475524474
5648	-0.115384615384615
5649	-0.115384615384615
5650	-0.21048951048951
5651	-0.265034965034965
5652	-0.332867132867133
5653	-0.46013986013986
5654	-0.46013986013986
5655	-0.496503496503496
5656	-0.532867132867133
5657	-0.496503496503496
5658	-0.478321678321678
5659	-0.374125874125874
5660	-0.383216783216783
5661	-0.341958041958042
5662	-0.4006993006993
5663	-0.355244755244755
5664	-0.346153846153846
5665	-0.26013986013986
5666	-0.192307692307692
5667	-0.0111888111888112
5668	0.00699300699300731
5669	0.0657342657342657
5670	0.12937062937063
5671	0.0797202797202798
5672	0.125174825174825
5673	0.455944055944056
5674	0.415384615384616
5675	0.388111888111889
5676	0.347552447552448
5677	0.356643356643357
5678	0.252447552447552
5679	0.175524475524475
5680	0.188811188811189
5681	0.174825174825175
5682	0.111188811188811
5683	0.0160839160839161
5684	-0.0111888111888112
5685	0.00699300699300731
5686	0.188111888111888
5687	0.156643356643357
5688	0.414685314685315
5689	0.523776223776224
5690	0.551048951048951
5691	0.605594405594406
5692	0.623776223776224
5693	0.501398601398601
5694	0.501398601398601
5695	0.433566433566434
5696	0.496503496503496
5697	0.623076923076923
5698	0.681818181818182
5699	0.618181818181818
5700	0.676923076923077
5701	0.554545454545454
5702	0.495804195804196
5703	0.296503496503496
5704	0.346153846153846
5705	0.296503496503496
5706	0.296503496503496
5707	0.287412587412587
5708	0.481818181818182
5709	0.291608391608392
5710	0.377622377622377
5711	0.386713286713286
5712	0.323076923076923
5713	0.323076923076923
5714	0.436363636363637
5715	0.35034965034965
5716	0.291608391608392
5717	0.214685314685315
5718	0.187412587412587
5719	0.205594405594406
5720	0.16013986013986
5721	0.0874125874125875
5722	0.0104895104895106
5723	0.0286713286713285
5724	-0.134265734265734
5725	-0.134265734265734
5726	-0.125174825174825
5727	-0.143356643356643
5728	-0.216083916083916
5729	0.0237762237762236
5730	-0.0216783216783218
5731	-0.0356643356643354
5732	0.0370629370629372
5733	-0.134965034965035
5734	-0.125874125874126
5735	-0.0713286713286712
5736	-0.120979020979021
5737	-0.193706293706293
5738	-0.257342657342657
5739	-0.239160839160839
5740	-0.202797202797202
5741	-0.23006993006993
5742	-0.325174825174825
5743	-0.162237762237762
5744	-0.356643356643356
5745	-0.329370629370629
5746	-0.397202797202797
5747	-0.446853146853147
5748	-0.505594405594405
5749	-0.41958041958042
5750	-0.487412587412587
5751	-0.514685314685315
5752	-0.437762237762238
5753	-0.383216783216783
5754	-0.251748251748252
5755	-0.215384615384616
5756	-0.102097902097902
5757	-0.0293706293706293
5758	-0.102097902097902
5759	-0.138461538461538
5760	-0.224475524475525
5761	-0.242657342657342
5762	-0.165734265734265
5763	-0.0300699300699296
5764	0.00629370629370651
5765	-0.260839160839161
5766	-0.183916083916084
5767	-0.151748251748252
5768	-0.332867132867133
5769	-0.305594405594406
5770	-0.391608391608391
5771	-0.16993006993007
5772	-0.197202797202797
5773	-0.142657342657343
5774	-0.16993006993007
5775	-0.142657342657343
5776	-0.246853146853147
5777	-0.197202797202797
5778	-0.179020979020979
5779	-0.351048951048951
5780	-0.369230769230769
5781	-0.418881118881119
5782	-0.418881118881119
5783	-0.369230769230769
5784	-0.323776223776224
5785	-0.314685314685315
5786	-0.351048951048951
5787	-0.255944055944056
5788	-0.21048951048951
5789	-0.192307692307692
5790	-0.232867132867133
5791	-0.251048951048951
5792	-0.251048951048951
5793	-0.278321678321678
5794	-0.327972027972028
5795	-0.3006993006993
5796	-0.337062937062937
5797	-0.3006993006993
5798	-0.282517482517482
5799	-0.4
5800	-0.390909090909091
5801	-0.277622377622377
5802	-0.182517482517482
5803	-0.0783216783216782
5804	0.00769230769230766
5805	-0.037762237762238
5806	0.0300699300699301
5807	-0.227972027972028
5808	-0.16013986013986
5809	-0.123776223776224
5810	-0.0419580419580419
5811	-0.0328671328671328
5812	-0.00559440559440527
5813	0.0307692307692309
5814	0.0398601398601399
5815	0.0762237762237763
5816	0.112587412587413
5817	0.103496503496504
5818	0.248251748251748
5819	0.284615384615384
5820	0.211888111888112
5821	0.0713286713286716
5822	0.166433566433567
5823	0.107692307692308
5824	-0.0643356643356641
5825	-0.100699300699301
5826	-0.164335664335664
5827	-0.218881118881119
5828	-0.173426573426573
5829	-0.195804195804196
5830	-0.0916083916083914
5831	-0.155244755244755
5832	-0.100699300699301
5833	-0.127972027972028
5834	-0.213986013986014
5835	-0.232167832167832
5836	-0.146153846153846
5837	-0.213986013986014
5838	-0.358741258741259
5839	-0.376923076923077
5840	-0.39020979020979
5841	-0.209090909090909
5842	-0.295104895104895
5843	-0.267832167832168
5844	-0.353846153846154
5845	-0.326573426573426
5846	-0.267832167832168
5847	-0.258741258741259
5848	-0.172727272727273
5849	-0.231468531468531
5850	-0.154545454545455
5851	-0.154545454545455
5852	-0.0594405594405594
5853	0.0265734265734268
5854	-0.0818181818181818
5855	-0.140559440559441
5856	0.0272727272727274
5857	0.0909090909090911
5858	0.0412587412587414
5859	-0.00839160839160846
5860	0.0958041958041959
5861	0.15034965034965
5862	0.290909090909091
5863	0.363636363636364
5864	0.295804195804196
5865	0.286713286713287
5866	0.227972027972028
5867	0.300699300699301
5868	0.282517482517483
5869	0.300699300699301
5870	0.30979020979021
5871	0.327972027972028
5872	0.296503496503497
5873	0.373426573426573
5874	0.418881118881119
5875	0.378321678321678
5876	0.351048951048951
5877	0.455244755244755
5878	0.568531468531469
5879	0.568531468531469
5880	0.663636363636364
5881	0.645454545454546
5882	0.632167832167832
5883	0.613986013986014
5884	0.50979020979021
5885	0.473426573426573
5886	0.378321678321678
5887	0.504895104895105
5888	0.477622377622378
5889	0.490909090909091
5890	0.427272727272727
5891	0.4
5892	0.25944055944056
5893	0.268531468531469
5894	0.241258741258741
5895	0.223076923076923
5896	0.204895104895105
5897	0.263636363636364
5898	0.15034965034965
5899	0.113986013986014
5900	0.0958041958041959
5901	0.181818181818182
5902	0.181818181818182
5903	0.163636363636364
5904	0.190909090909091
5905	0.190909090909091
5906	0.172727272727273
5907	0.190909090909091
5908	0.127272727272727
5909	0.0230769230769231
5910	0.0230769230769231
5911	0.00489510489510492
5912	0.0230769230769231
5913	-0.13986013986014
5914	-0.13986013986014
5915	-0.148951048951049
5916	-0.0811188811188811
5917	0.0454545454545455
5918	0.0181818181818182
5919	-0.00909090909090904
5920	0.162937062937063
5921	0.230769230769231
5922	0.221678321678322
5923	0.0678321678321681
5924	0.058741258741259
5925	0.0272727272727274
5926	-0.0132867132867133
5927	0.0139860139860142
5928	0.127272727272727
5929	0.321678321678322
5930	0.407692307692308
5931	0.493706293706294
5932	0.502797202797203
5933	0.416783216783217
5934	0.520979020979021
5935	0.625174825174825
5936	0.647552447552448
5937	0.638461538461539
5938	0.697202797202797
5939	0.706293706293707
5940	0.706293706293707
5941	0.697202797202797
5942	0.706293706293707
5943	0.697202797202797
5944	0.76993006993007
5945	0.883216783216783
5946	0.810489510489511
5947	0.792307692307692
5948	0.823776223776224
5949	0.755944055944056
5950	0.660839160839161
5951	0.778321678321678
5952	0.633566433566434
5953	0.461538461538462
5954	0.547552447552448
5955	0.624475524475525
5956	0.443356643356644
5957	0.393706293706294
5958	0.411888111888112
5959	0.402797202797203
5960	0.353146853146853
5961	0.334965034965035
5962	0.344055944055944
5963	0.420979020979021
5964	0.448251748251748
5965	0.217482517482518
5966	0.0951048951048953
5967	0.104195804195805
5968	0.162937062937063
5969	0.248951048951049
5970	0.307692307692308
5971	0.230769230769231
5972	0.199300699300699
5973	0.0951048951048953
5974	0.0951048951048953
5975	0.0678321678321681
5976	0.0314685314685317
5977	0.0902097902097903
5978	0.0993006993006995
5979	0.167132867132867
5980	0.167132867132867
5981	0.185314685314685
5982	0.258041958041958
5983	0.353146853146853
5984	0.321678321678322
5985	0.484615384615385
5986	0.493706293706294
5987	0.403496503496504
5988	0.421678321678322
5989	0.476223776223776
5990	0.372027972027972
5991	0.340559440559441
5992	0.367832167832168
5993	0.386013986013986
5994	0.481118881118881
5995	0.526573426573427
5996	0.535664335664336
5997	0.562937062937063
5998	0.658041958041958
5999	0.581118881118881
6000	0.504195804195804
6001	0.540559440559441
6002	0.69020979020979
6003	0.622377622377623
6004	0.563636363636364
6005	0.504895104895105
6006	0.378321678321678
6007	0.387412587412587
6008	0.414685314685315
6009	0.46013986013986
