14	0.722039309587948
15	0.79118028534371
16	0.784695201037613
17	0.77431906614786
18	0.754863813229572
19	0.81362865409558
20	0.811034620373142
21	0.876284545545246
22	0.864611393794273
23	0.850344208320862
24	0.996408260999701
25	0.974358974358974
26	0.961388805746782
27	1.1778908510426
28	1.2496258605208
29	1.24573480993714
30	1.30320263394193
31	1.37493764342013
32	1.36845255911404
33	1.66447171505537
34	1.81183278459543
35	1.94752070238452
36	1.99850344208321
37	2.07283248528385
38	1.99072134091589
39	1.99461239149955
40	2.20073830190562
41	2.27895839568991
42	2.19684725132196
43	2.11862715753766
44	2.18517409957099
45	2.19036216701586
46	2.11214207323157
47	2.10825102264791
48	2.1277062755662
49	2.05208021550434
50	1.82001396787389
51	1.74049685722837
52	1.73919984036716
53	1.74309089095081
54	1.75217000897935
55	1.68821710066846
56	1.68302903322359
57	1.61129402374539
58	1.61388805746782
59	1.61648209119026
60	1.53955901426719
61	1.62815524294124
62	1.70896937044797
63	1.56290531776913
64	1.48598224084605
65	1.47949715653996
66	1.47949715653996
67	1.46004190362167
68	1.45096278559314
69	1.20333233562806
70	1.18258006584855
71	1.03911004689215
72	1.13030030928864
73	1.29581961488576
74	1.12471315973261
75	1.1212211912601
76	0.992018357777113
77	0.989424324054675
78	1.07283248528385
79	1.07931756958994
80	1.09358475506335
81	1.08450563703482
82	1.07412950214507
83	1.07542651900629
84	1.07412950214507
85	1.14327047790083
86	1.1994412850444
87	1.41594333034022
88	1.41334929661778
89	1.47081712062257
90	1.5243938940437
91	1.58445575177093
92	1.58056470118727
93	1.65229971066547
94	1.64711164322059
95	1.86750473910007
96	1.86361368851641
97	1.86361368851641
98	2.01356879177891
99	1.99800458944428
100	2.05936346403272
101	2.12591040606605
102	2.11423725431508
103	2.02823505936346
104	2.02693804250224
105	2.04639329542053
106	1.98114337024843
107	1.91589344507632
108	1.76723535867505
109	1.60431008680036
110	1.60301306993914
111	1.61728025541255
112	1.53257507732216
113	1.52090192557119
114	1.44786989923177
115	1.51960490870997
116	1.43749376434201
117	1.33722438391699
118	1.50404070637534
119	1.59004290132695
120	1.59133991818817
121	1.58744886760451
122	1.54035717848947
123	1.38002594033722
124	1.3852140077821
125	1.39948119325551
126	1.3536865210017
127	1.29232764641325
128	1.29621869699691
129	1.21929562007383
130	1.22837473810236
131	1.00409059163923
132	0.929761548438591
133	0.863214606405268
134	0.708071435697895
135	0.727526688616183
136	0.576274568492467
137	0.517509727626459
138	0.539559014267186
139	0.568093385214008
140	0.577172503242542
141	0.583657587548638
142	0.570687418936446
143	0.568093385214008
144	0.571984435797665
145	0.506734510625561
146	0.502843460041904
147	0.569390402075227
148	0.654095580165619
149	0.592736705577173
150	0.599221789883268
151	0.531377830988726
152	0.607003891050584
153	0.712461338920483
154	0.558615185074329
155	0.482989125012471
156	0.486880175596129
157	0.50114736106954
158	0.502444377930759
159	0.525790681432705
160	0.512820512820513
161	0.505038411653198
162	0.575476404270179
163	0.575476404270179
164	0.576773421131398
165	0.570288336825302
166	0.558615185074329
167	0.563803252519206
168	0.630350194552529
169	0.632944228274968
170	0.781602314676245
171	0.841664172403472
172	0.844258206125911
173	0.837773121819815
174	0.914696198742891
175	0.82869400379128
176	0.820911902623965
177	0.807941734011773
178	0.9734610396089
179	1.03611693105857
180	1.10266387309189
181	1.10136685623067
182	1.1169310585653
183	1.04389903222588
184	1.04000798164222
185	1.11822807542652
186	1.16921081512521
187	1.23705477401975
188	1.15234959592936
189	1.15105257906814
190	1.37793075925372
191	1.44966576873192
192	1.44058665070338
193	1.43280454953607
194	1.49935149156939
195	1.57368053477003
196	1.64671256110945
197	1.56719545046393
198	1.48119325551232
199	1.47211413748379
200	1.47341115434501
201	1.49027237354086
202	1.64411852738701
203	1.64930659483189
204	1.6570886959992
205	1.65060361169311
206	1.5918387708271
207	1.51621271076524
208	1.66487079716652
209	1.80834081612292
210	1.72622967175496
211	2.03003092886361
212	2.10046892148059
213	2.09009278659084
214	2.13718447570588
215	2.06804349995011
216	1.99371445674948
217	2.21929562007383
218	2.21281053576773
219	2.29492168013569
220	2.30010974758056
221	2.3091888656091
222	2.39389404369949
223	2.54514616382321
224	2.55292826499052
225	2.55552229871296
226	2.31826798363763
227	2.32345605108251
228	2.38611194253218
229	2.30529781502544
230	2.302703781303
231	2.13588745884466
232	2.302703781303
233	2.47081712062257
234	2.48378728923476
235	2.63503940935848
236	2.70936845255911
237	2.78240047889853
238	2.70418038511424
239	2.9232764641325
240	2.97296218696997
241	3.03172702783598
242	2.94313079916193
243	2.88047490771226
244	2.81003691509528
245	2.87917789085104
246	2.88695999201836
247	2.58575276863215
248	2.5961289035219
249	2.53736406265589
250	2.34031727027836
251	2.42631946522997
252	2.58146263593734
253	2.35717848947421
254	2.35069340516811
255	2.34161428713958
256	2.33383218597226
257	2.29881273071935
258	2.1592337623466
259	1.9167913798264
260	1.99241743988826
261	2.04340017958695
262	2.3472014366956
263	2.26249625860521
264	2.18816721540457
265	2.2689813429113
266	2.50104759054175
267	2.35628055472414
268	2.34590441983438
269	2.18557318168213
270	2.25990222488277
271	2.25860520802155
272	2.18557318168213
273	2.10865010475905
274	2.03172702783598
275	1.8048488476504
276	2.06155841564402
277	1.99371445674948
278	2.05247929761548
279	2.12421430709368
280	1.89474209318567
281	2.11643220592637
282	2.19984036715554
283	2.19205826598823
284	2.16871196248628
285	2.14147460840068
286	2.27197445874489
287	2.1807841963484
288	2.09997006884166
289	2.09089095081313
290	2.02564102564103
291	1.96817320163624
292	1.90162625960291
293	1.84545545245934
294	1.84804948618178
295	2.01875685922379
296	1.94053676543949
297	1.87528684026739
298	1.58186171804849
299	1.59353486979946
300	1.60909907213409
301	1.46562905317769
302	1.24264192357578
303	1.25172104160431
304	1.18776813329343
305	1.26080015963284
306	1.16960989723636
307	1.10176593834181
308	1.09268682031328
309	1.10046892148059
310	1.08879576972962
311	1.08620173600718
312	0.790182580065849
313	0.881372842462337
314	0.821310984735109
315	0.750872992118128
316	0.842063254514616
317	0.540856031128405
318	0.467824004788985
319	0.47690312281752
320	0.502843460041904
321	0.527486780405068
322	0.372343609697695
323	0.376234660281353
324	0.466127905816622
325	0.556021151351891
326	0.543050982739699
327	0.535268881572384
328	0.531377830988726
329	0.54175396587848
330	0.537862915294822
331	0.382719744587449
332	0.394392896338422
335	0.377531677142572
336	0.45315773720443
337	0.447969669759553
338	0.677441883667565
339	0.670956799361469
340	0.663174698194153
341	0.578469520103761
342	0.595330739299611
343	0.518407662376534
344	0.517110645515315
345	0.740097775117231
346	0.829991020652499
347	0.839070138681034
348	0.758256011174299
349	0.673550833083907
350	0.908211114436795
351	0.880973760351192
352	0.7962685822608
353	0.805347700289335
354	0.789783497954704
355	0.783298413648608
356	0.695999201835778
357	0.785892447371047
358	0.807941734011773
359	0.893943928963384
360	0.811832784595431
361	0.882270777212411
362	0.886161827796069
363	0.890052878379727
364	0.965678938441584
365	0.947520702384516
366	1.09747580564701
367	1.23446074029732
368	1.29452259802454
369	1.31008680035917
370	1.31916591838771
371	1.31138381722039
372	1.22797565599122
373	1.22278758854634
374	0.990721340915894
375	0.994612391499551
376	1.07283248528385
377	1.1614287139579
378	1.15234959592936
379	1.14975556220692
380	1.15624064651302
381	0.915095280854036
382	0.829093085902424
383	0.890451960490871
384	1.03911004689215
385	1.10435997206425
386	0.868402673850145
387	0.87618477501746
388	0.885263893045994
389	0.885263893045994
390	0.89174897735209
391	0.899531078519405
392	0.979048189164921
393	0.893045994213309
394	0.869699690711364
395	0.692507233363265
396	0.697695300808141
397	0.536067045794672
398	0.761648209119026
399	0.825601117429911
400	0.727925770727327
401	0.881771924573481
402	0.718846652698793
403	0.658784794971566
404	0.588346802354585
405	0.56370348199142
406	0.634141474608401
407	0.61857727227377
408	0.608201137384017
409	0.606904120522798
410	0.609498154245236
411	0.614686221690113
412	0.669560011972463
413	0.672154045694902
414	0.676045096278559
415	0.754265190062856
416	0.759453257507732
417	0.776314476703582
418	0.793175695899431
419	0.730519804449766
420	0.583158734909708
421	0.600019954105557
422	0.612990122717749
423	0.629851341913599
424	0.701586351391799
425	0.702883368253018
426	0.70028933453058
427	0.766836276563903
428	0.770727327147561
429	0.773321360869999
430	0.791479596927068
431	0.886560909907213
432	0.885263893045994
433	0.904719145964282
434	0.761249127007882
435	0.69210815125212
436	0.715454454754066
437	0.57976653696498
438	0.670956799361469
439	0.597924773022049
440	0.603112840466926
441	0.623865110246433
442	0.559912201935548
443	0.497256310485882
444	0.505038411653198
445	0.561209218796768
446	0.623865110246433
447	0.750473910006984
448	0.699491170308291
449	0.681332934251222
450	0.823505936346403
451	0.738800758256011
452	0.870597625461439
453	0.942332634939639
454	0.930659483188666
455	1.04818916492068
456	1.04818916492068
457	1.03781303003093
458	1.03003092886361
459	1.0157637433902
460	1.17220393095879
461	1.16701586351392
462	1.33123815224983
463	1.32864411852739
464	1.24653297415943
465	1.30010974758056
466	1.37054774019755
467	1.36665668961389
468	1.42282749675746
469	1.49845355681932
470	1.42153047989624
471	1.56110944826898
472	1.5559213808241
473	1.63025042402474
474	1.55462436396289
475	1.55203033024045
476	1.62635937344109
477	1.62895340716352
478	1.6276563903023
479	1.79058166217699
480	1.87528684026739
481	1.80744288137284
482	1.90641524493665
483	1.83597725231966
484	1.75516312481293
485	1.69639828394692
486	1.55292826499052
487	1.55681931557418
488	1.49156939040208
489	1.48249027237354
490	1.47341115434501
491	1.5581163324354
492	1.54903721440686
493	1.47859922178988
494	1.48508430609598
495	1.64022747680335
496	1.41205227975656
497	1.41724034720144
498	1.25301805846553
499	1.18128304898733
500	1.3364262196947
501	1.28544347999601
502	1.21111443679537
503	1.14067644417839
504	1.07931756958994
505	0.998503442083209
506	0.998503442083209
507	0.853736406265589
508	0.843360271375836
509	0.749575975256909
510	0.746981941534471
511	0.741793874089594
512	0.668761847750175
513	0.666167814027736
514	0.745684924673252
515	0.65968272972164
516	0.584056669659782
517	0.594432804549536
518	0.503242542153048
519	0.505836575875486
520	0.507133592736706
521	0.505836575875486
522	0.57238351790881
523	0.648009577970668
524	0.724932654893744
525	0.657088695999202
526	0.739199840367156
527	0.523994811932555
528	0.521400778210117
529	0.513618677042802
530	0.50064850843061
531	0.348099371445675
532	0.337723236555921
533	0.337723236555921
534	0.490272373540856
535	0.470817120622568
536	0.318267983637633
537	0.314376933053976
538	0.316970966776414
539	0.313079916192757
540	0.322159034221291
541	0.326050084804949
542	0.322159034221291
543	0.332535169111045
544	0.345505337723237
545	0.42761648209119
546	0.402973161728026
547	0.48378728923476
548	0.478599221789883
549	0.46822308690013
550	0.367953706475107
551	0.301406764441784
552	0.281951511523496
553	0.278060460939838
554	0.208919485184077
555	0.21929562007383
556	0.294921680135688
557	0.302703781303003
558	0.319565000498853
559	0.250424024743091
561	0.241344906714557
562	0.23615683926968
563	0.250424024743091
564	0.249127007881872
565	0.242641923575776
566	0.245235957298214
567	0.23615683926968
568	0.21929562007383
569	0.29232764641325
575	0.175197046792378
576	0.17130599620872
577	0.162226878180186
578	0.170008979347501
579	0.15574179387409
580	0.149256709567994
583	0.18687019854335
584	0.185573181682131
585	0.188167215404569
586	0.190761249127008
587	0.180385114237254
588	0.262496258605208
589	0.271575376633742
590	0.258605208021551
591	0.149256709567994
592	0.211912601017659
593	0.259004290132695
594	0.183378230070837
595	0.244737104659284
596	0.315175097276265
597	0.319066147859922
598	0.244737104659284
599	0.221390801157338
600	0.272373540856031
601	0.363563803252519
602	0.424922677840966
603	0.424922677840966
604	0.441783897036816
605	0.428813728424624
606	0.593036017160531
607	0.590441983438092
608	0.750773221590342
609	0.755961289035219
610	0.982839469220792
611	0.8981342911304
612	0.878679038212112
613	0.784894742093186
614	0.756360371146364
615	0.899830390102764
616	0.90631547440886
617	1.05367654394892
618	1.12800558714956
619	0.972862416442183
620	0.975456450164621
621	0.975456450164621
622	0.962486281552429
623	0.968971365858525
624	0.88945425521301
625	0.966377332136087
626	0.972862416442183
627	1.07442881372842
628	0.932255811633244
629	1.02733712461339
630	1.16432205926369
631	1.10296318467525
632	0.960790182580066
633	0.965978250024943
634	0.975057368053477
635	0.98673051980445
636	0.944826898134291
637	0.938341813828195
638	0.956500049885264
639	0.961688117330141
640	1.03861119425322
641	0.966876184775018
642	0.820812132096179
643	0.924972563104859
644	0.76334430809139
645	0.772423426119924
646	0.768532375536267
647	0.760750274368951
648	0.83507931756959
649	0.848049486181782
650	0.872692806544947
651	0.812630948817719
652	0.880474907712262
653	0.812630948817719
654	0.740895939339519
655	0.744786989923177
656	0.819116033123815
657	0.909009278659084
658	1.05507333133792
659	1.04599421330939
660	1.12032325651003
661	1.03691509528085
662	1.03172702783598
663	0.952209917190462
664	0.952209917190462
665	0.798363763344308
666	0.653596727526689
667	0.641923575775716
668	0.640626558914497
669	0.545545245934351
670	0.54813927965679
671	0.54813927965679
672	0.549436296518009
673	0.565000498852639
674	0.562406465130201
675	0.568891549436297
676	0.490671455652
677	0.424124513618677
678	0.567594532575078
679	0.486780405068343
680	0.498453556819316
681	0.490671455652
682	0.270278359772523
683	0.365359672752669
684	0.284545545245934
685	0.294921680135688
686	0.29103062955203
687	0.438391699092088
688	0.356280554724135
689	0.361468622169011
690	0.428015564202335
691	0.442282749675746
692	0.434500648508431
693	0.357577571585354
694	0.241344906714557
699	0.229671754963584
700	0.305297815025442
701	0.288436595829592
702	0.29103062955203
703	0.306594831886661
704	0.300109747580565
705	0.297515713858126
706	0.281951511523496
707	0.274169410356181
708	0.262496258605208
709	0.252120123715454
710	0.160929861318966
711	0.168711962486282
712	0.176494063653597
713	0.232664870797167
715	0.146662675845555
716	0.222288735907413
717	0.29921181283049
718	0.231367853935947
719	0.235258904519605
720	0.185573181682131
721	0.159632844457747
722	0.164820911902624
776	0.110346203731418
777	0.187269280654495
778	0.174299112042303
779	0.17948717948718
780	0.161328943430111
781	0.157437892846453
782	0.158734909707672
783	0.144467724234261
784	0.13020053876085
785	0.196747480794173
786	0.183777312181981
787	0.254215304798962
788	0.431407762147062
789	0.581362865409558
790	0.564501646213709
791	0.568392696797366
792	0.586550932854435
793	0.603412152050284
794	0.604709168911504
795	0.677741195250923
796	0.559313578768832
797	0.653097874887758
798	0.664771026638731
799	0.655691908610197
800	0.655691908610197
801	0.655691908610197
802	0.57876883168712
803	0.641424723136785
804	0.627157537663374
805	0.682031327945725
806	0.593435099271675
807	0.61807841963484
808	0.614187369051182
809	0.599920183577771
810	0.577870896937045
811	0.494462735707872
812	0.418836675646014
813	0.343210615584157
814	0.330240446971965
815	0.405866507033822
816	0.417539658784795
817	0.408460540756261
818	0.486680634540557
819	0.734311084505637
820	0.739499151950514
821	0.643120822109149
822	0.489274668262995
823	0.400678439588946
824	0.2338621171306
825	0.0722338621171307
826	0.067045794672254
827	0.0592636935049387
828	0.0488875586151852
829	0.134889753566796
830	0.123216601815824
831	0.125810635538262
832	0.194552529182879
833	0.0981741993415145
834	0.111144367953707
835	0.128005587149556
836	0.10595630050883
837	0.107253317370049
838	0.0523795270876984
839	-0.0206524992517211
840	-0.00768233063952894
841	-0.00508829691709067
842	-0.028434600419036
843	-0.0310286341414745
860	-0.133492966177791
861	-0.13478998303901
862	-0.133492966177791
863	-0.125710865010476
864	-0.123116831288037
873	-0.282649905217999
874	-0.311184276164821
875	-0.313778309887259
876	-0.333233562805547
877	-0.341015663972862
878	-0.315075326748478
879	-0.322857427915794
880	-0.318966377332136
881	-0.325451461638232
883	-0.309887259303602
884	-0.24074628354784
885	-0.231667165519306
886	-0.0531776913099871
887	0.0133692507233363
888	0.00558714955602113
889	0.00169609897236356
890	-0.060959792477302
891	0.0302304699191858
892	-0.0661478599221788
893	-0.128803751371845
894	-0.0937842961189264
895	-0.233363264491669
898	-0.213908011573381
899	-0.217799062157039
900	-0.213908011573381
901	-0.151252120123715
902	-0.12790581662177
903	-0.126608799760551
904	-0.125311782899331
905	-0.11104459742592
906	-0.185373640626559
907	-0.160730320263394
908	-0.121819814426818
916	-0.0232465329741594
917	0.0355183078918487
918	0.0251421730020953
919	-0.00468921480594631
920	-0.0647510725331736
921	-0.0777212411453655
932	0.0299311583358276
933	0.106854235258904
934	0.0273371246133893
935	0.0208520403072933
936	0.0299311583358276
946	0.0549735608101367
947	0.0536765439489175
948	0.0549735608101367
949	-0.0167614486680633
950	0.0130699391399781
951	-0.00379128005587137
1004	-0.0932854434799959
1005	-0.10236456150853
1011	-0.138681033622668
1012	-0.127007881871695
1072	-0.16721540456949
1073	-0.168512421430709
1074	-0.162027337124613
1075	-0.162027337124613
1076	-0.169809438291929
1077	-0.15165120223486
1078	-0.13608699990023
1079	-0.137384016761449
1080	-0.177591539459244
1081	-0.152948219096079
1082	-0.187967674348997
1083	-0.197046792377532
1084	-0.113638631148359
1085	-0.11234161428714
1086	-0.107153546842263
1087	-0.0786191758954404
1088	-0.00947820013967859
1089	-0.0276364361967474
1090	0.0272373540856031
1091	-0.0509827396986929
1092	-0.151252120123715
1093	-0.173301406764442
1094	-0.178489474209318
1095	-0.194053676543949
1096	-0.200538760850045
1097	-0.218696996907114
1098	-0.213508929462237
1099	-0.22388506435199
1100	-0.0907911802853436
1101	-0.234261199241744
1102	-0.261498553327347
1103	-0.163823206624763
1104	-0.0674448767833982
1105	-0.0622568093385212
1110	-0.304699191858725
1111	-0.334530579666766
1112	-0.249825401576374
1113	-0.248528384715155
1114	-0.183278459543051
1115	-0.0998702983138782
1116	-0.111942532175995
1117	-0.124912700788187
1118	-0.0937842961189264
1119	-0.00907911802853412
1120	-0.0116731517509727
1121	-0.00259403372243838
1122	-0.0298313878080414
1123	0.126608799760551
1124	0.0367155542252819
1125	0.0548737902823506
1126	-0.00259403372243838
1127	-0.0207522697795071
1128	0.0885962286740498
1129	0.0898932455352689
1130	0.106754464731118
1131	0.143070936845256
1132	0.158635139179886
1133	0.171605307792078
1134	0.15215005487379
1135	0.174199341514517
1136	0.00478898533373262
1137	0.00868003591739008
1138	0.0255412551132397
1139	-0.0068841664172401
1140	-0.0980744288137283
1141	-0.0263394193355282
1142	-0.0406066048089393
1143	-0.0198543350294322
1144	-0.0328245036416241
1145	-0.133093884066647
1146	-0.217799062157039
1147	-0.189264691210216
1336	-0.160730320263394
1337	-0.15165120223486
1338	-0.158136286540956
1339	-0.156839269679737
1340	-0.154245235957298
1341	-0.13608699990023
1342	-0.0358176194752069
1343	-0.0760251421730022
1344	-0.0656490072832483
1345	-0.0760251421730022
1346	-0.0760251421730022
1347	-0.0799161927566597
1460	-0.10236456150853
1461	-0.0267385014466727
1462	-0.123116831288037
1463	-0.130898932455353
1464	-0.132195949316572
1465	-0.139978050483887
1466	-0.173700488875586
1467	-0.181482590042901
1468	-0.168512421430709
1469	-0.187967674348997
1470	-0.191858724932655
1471	-0.190561708071436
1472	-0.197046792377532
1473	-0.186670657487778
1474	-0.19964082609997
1475	-0.114935648009578
1476	-0.191858724932655
1477	-0.220393095879477
1478	-0.194452758655093
1479	-0.189264691210216
1730	-0.26449166916093
1731	-0.261897635438491
1732	-0.24763044996508
1733	-0.242442382520203
1734	-0.235957298214107
1735	-0.243739399381423
1736	-0.260600618577272
1737	-0.268382719744587
1915	-0.169809438291929
1916	-0.154245235957298
1917	-0.160730320263394
1918	-0.222987129601915
1919	-0.230769230769231
1920	-0.252818517409957
1967	-0.282649905217999
1968	-0.286540955801656
1969	-0.302105158136286
1970	-0.305996208719944
1971	-0.300808141275067
1973	-0.269679736605806
1974	-0.114536565898433
1975	-0.0440985732814525
1976	-0.106754464731118
1977	-0.110645515314776
1978	-0.19145964282151
1979	-0.187568592237853
1980	-0.113239549037214
1981	-0.20832086201736
1982	-0.20832086201736
1983	-0.207023845156141
1984	-0.276164820911902
1985	-0.293026040107752
1986	-0.299511124413848
1987	-0.201835777711264
1988	-0.207023845156141
1989	-0.218696996907114
1990	-0.19275665968273
1991	-0.245036416242642
1992	-0.234660281352888
1993	-0.219096079018258
1999	-0.0954803950912899
2000	-0.18407662376534
2121	-0.114935648009578
2122	-0.121420732315674
2123	-0.122717749176893
2124	-0.140875985233962
2125	-0.135687917789085
2126	-0.220393095879477
2127	-0.220393095879477
2128	-0.19964082609997
2129	-0.202234859822408
2130	-0.185373640626559
2131	-0.180185573181682
2132	-0.108450563703482
2133	-0.107153546842263
2134	-0.122717749176893
2135	-0.134390900927866
2136	-0.181482590042901
2137	-0.178888556320463
2138	-0.154245235957298
2139	-0.143869101067544
2140	-0.0578669061159334
2141	-0.0578669061159334
2142	-0.0513818218098373
2143	-0.116631746981941
2239	-0.31248129302604
2240	-0.304699191858725
2241	-0.324154444777013
2242	-0.329342512221889
2243	-0.352688815723835
2244	-0.373441085503342
2245	-0.385114237254315
2246	-0.39289633842163
2247	-0.398084405866507
2248	-0.319864312082211
2249	-0.377332136087
2250	-0.39289633842163
2256	-0.357876883168712
2257	-0.350094782001397
2258	-0.260201536466128
2259	-0.258904519604909
2260	-0.304699191858725
2261	-0.315075326748478
2267	-0.298214107552629
2268	-0.283946922079218
2269	-0.196647710266387
2270	-0.251521500548738
2349	-0.115334730120722
2350	0.0449965080315277
2351	0.105058365758755
2352	0.185872493265489
2353	0.235558216102963
2354	0.24204330040906
2355	0.230370148658087
2356	0.330639529083109
2357	0.366956001197246
2358	0.385114237254315
2359	0.306894143470019
2360	0.3055971266088
2361	0.280953806245635
2362	0.338421630250424
2363	0.355282849446274
2364	0.347500748278959
2365	0.348797765140178
2366	0.360470916891151
2367	0.353985832585054
2368	0.343609697695301
2369	0.337124613389205
2370	0.287438890551731
2371	0.245535268881572
2372	0.250723336326449
2373	0.113738401676145
2374	0.129302604010775
2375	0.13838172203931
2376	0.0886959992018358
2377	0.0951810835079318
2378	0.102963184675247
2379	0.104260201536466
2380	0.101666167814028
2381	0.0653496956998904
2382	0.113738401676145
2383	0.0839070138681035
2384	0.0553726429212812
2385	0.0372144068642124
2386	-0.11922578070438
2540	-0.316372343609698
2541	-0.34490671455652
2543	-0.341015663972862
2544	-0.351391798862616
2545	-0.353985832585054
2546	-0.274468721939539
2547	-0.261498553327347
2548	-0.242043300409059
2549	-0.22388506435199
2550	-0.230370148658086
2551	-0.22388506435199
2552	-0.213508929462237
2553	-0.304699191858725
2554	-0.311184276164821
2555	-0.304699191858725
2556	-0.294323056968971
2557	-0.324154444777013
2558	-0.351391798862616
2559	-0.350094782001397
2587	-0.226479098074429
2588	-0.148259004290133
2589	-0.146961987428913
2590	-0.137882869400379
2591	-0.132694801955502
2592	-0.132694801955502
2593	-0.122318667065749
2594	-0.0220492866407263
2595	-0.00389105058365735
2596	-0.033722438391699
2597	-0.0311284046692606
2598	-0.0259403372243838
2599	-0.0142671854734111
2600	0.0496857228374739
2601	0.0367155542252819
2602	0.00947820013967871
2603	-0.00738301905617078
2604	-0.0151651202234859
2605	-0.0255412551132395
2606	-0.11284046692607
2607	-0.114137483787289
2608	-0.142671854734111
2609	-0.155642023346303
2610	-0.201436695600119
2650	-0.369550034919685
2651	-0.364361967474808
2652	-0.361767933752369
2653	-0.350094782001397
2654	-0.331936545944328
2655	-0.34490671455652
2656	-0.377332136087
2657	-0.379926169809438
2658	-0.277062755661977
2659	-0.257607502743689
2660	-0.221291030629552
2665	-0.290432006385314
2666	-0.308590242442382
2667	-0.32804549536067
2668	-0.338421630250424
2669	-0.251122418437593
2670	-0.175496358375736
2671	-0.163823206624763
2672	-0.179387408959393
2673	-0.245934350992717
2727	-0.190162625960291
2728	-0.212211912601018
2729	-0.200538760850045
2730	-0.210914895739798
2731	-0.299511124413848
2732	-0.177192457348099
2733	-0.20832086201736
2734	-0.210914895739798
2735	-0.209617878878579
2736	-0.148259004290133
2737	-0.141773919984037
2738	-0.0570687418936444
2739	-0.0674448767833982
2740	-0.0739299610894941
2741	-0.093385214007782
2742	-0.0635538261997406
2743	-0.0531776913099871
2744	0.0367155542252819
2745	0.0276364361967476
2746	0.0289334530579666
2747	0.0496857228374739
2748	-0.027237354085603
2749	-0.111942532175995
2750	-0.0885962286740496
2751	-0.102863414147461
2752	-0.100269380425022
2753	-0.131397785094283
2754	-0.0881971465629054
2755	-0.102464332036316
2756	-0.237753167714257
2757	-0.253317370048887
2758	-0.252020353187668
2759	-0.241644218297915
2760	-0.254614386910107
2761	-0.309488177192457
2762	-0.3055971266088
2764	-0.348797765140178
2765	-0.387708270976753
2766	-0.224782999102065
2767	-0.235159133991819
2768	-0.317270278359772
2769	-0.303003092886361
2770	-0.293923974857827
2771	-0.202733712461339
2772	-0.264092587049785
2773	-0.278359772523196
2777	-0.389005287837973
2778	-0.386411254115534
2779	-0.401975456450165
2842	-0.303402174997506
2855	-0.321560411054574
2856	-0.299511124413848
2857	-0.304699191858725
2858	-0.299511124413848
2859	-0.291729023246533
2860	-0.290432006385314
2861	-0.287837972662875
2928	-0.108849645814626
2929	-0.0868003591738998
2930	-0.108849645814626
2931	-0.101067544647311
2932	-0.124413848149257
2933	-0.124413848149257
2934	-0.146463134789983
2935	-0.158136286540956
2936	-0.130499850344208
2937	-0.130499850344208
2938	-0.118826698593235
2939	-0.121420732315674
2940	-0.125311782899331
2941	-0.126608799760551
2942	-0.118826698593235
2943	-0.120123715454455
2944	-0.138281951511524
2945	-0.1434700189564
2946	-0.0743290432006384
2947	-0.0743290432006384
2948	-0.147361069540058
2949	-0.1434700189564
2950	-0.1434700189564
2951	-0.14476703581762
2952	-0.182380524792976
2953	-0.113239549037214
2954	-0.0885962286740496
2955	0.00518806744487688
2956	0.00518806744487688
2957	0.00778210116731537
2958	0.00259403372243849
2959	-0.0872992118128304
2960	-0.0872992118128304
2961	-0.1434700189564
2962	-0.24763044996508
2963	-0.278758854634341
2966	-0.281352888356779
2967	-0.300808141275067
2968	-0.305996208719944
2969	-0.296917090691409
2970	-0.263194652299711
2971	-0.164222288735907
2972	-0.213908011573381
2973	-0.238551331936546
2974	-0.23206624763045
2975	-0.252818517409957
2976	-0.199241743988826
2977	-0.209617878878579
2978	-0.22518208121321
2979	-0.236855232964182
2980	-0.25631048588247
2981	-0.236855232964182
2982	-0.315075326748478
2983	-0.325451461638232
2984	-0.333233562805547
2985	-0.382520203531877
2986	-0.401975456450165
2987	-0.413648608201137
2988	-0.404569490172603
3224	-0.250224483687519
3225	-0.226878180185573
3226	-0.21650204529582
3227	-0.21650204529582
3228	-0.194452758655093
3229	-0.212610994712162
3230	-0.202234859822408
3231	-0.220393095879477
3232	-0.086002194951611
3233	-0.0730320263394193
3234	-0.052279756559912
3235	-0.0354185373640625
3236	-0.0470916891150354
3237	0.0428015564202334
3238	0.0376134889753568
3239	0.0691409757557617
3240	0.142173002095181
3241	0.124014766038113
3242	0.191858724932655
3243	0.195749775516312
3244	0.195749775516312
3245	0.374239249725631
3246	0.394991519505138
3247	0.299910206524993
3248	0.299910206524993
3249	0.222987129601916
3250	0.210016960989724
3251	0.212610994712162
3252	0.204828893544847
3253	0.204828893544847
3254	0.109747580564701
3255	0.117529681732017
3256	0.057467824004789
3257	-0.0678439588945425
3258	-0.0600618577272273
3259	-0.131796867205427
3260	-0.203531876683628
3261	-0.219096079018258
3262	-0.224284146463135
3263	-0.255412551132395
3264	-0.24763044996508
3265	-0.235957298214107
3266	-0.222987129601915
3267	-0.187967674348997
3462	-0.255412551132395
3463	-0.259303601716053
3464	-0.285243938940437
3465	-0.273570787189464
3466	-0.268382719744587
3467	-0.272273770328245
3468	-0.283946922079218
3469	-0.282649905217999
3470	-0.308590242442382
3471	-0.31248129302604
3472	-0.161229172902325
3473	-0.16771425720842
3474	-0.165120223485982
3475	-0.158635139179886
3476	-0.234261199241744
3477	-0.222588047490771
3478	-0.216102963184675
3479	-0.229073131796867
3480	-0.229073131796867
3481	-0.238152249825402
3482	-0.322857427915794
3483	-0.339718647111643
3486	-0.322857427915794
3487	-0.342312680834082
3526	-0.333233562805547
3527	-0.342312680834082
3528	-0.329342512221889
3529	-0.337124613389205
3530	-0.36047091689115
3531	-0.364361967474808
3669	-0.189264691210216
3670	-0.197046792377532
3671	-0.207422927267285
3672	-0.219096079018258
3673	-0.221690112740696
3674	-0.121420732315674
3675	-0.122717749176893
3676	-0.118826698593235
3677	-0.116232664870797
3678	-0.16721540456949
3679	-0.174997505736805
3681	-0.139978050483887
3682	-0.0876982939239749
3683	-0.0812132096178788
3684	-0.146463134789983
3687	-0.158136286540956
3694	-0.190561708071436
3695	-0.116232664870797
3696	-0.131796867205427
3697	-0.11104459742592
3698	-0.0172603013069937
3699	-0.0470916891150354
3700	0.0337224383916991
3701	0.0415045395590143
3702	0.00219495161129413
3703	-0.0578669061159334
3704	0.00738301905617089
3705	-0.0682430410056869
3706	-0.0578669061159334
3707	0.0125710865010477
3708	0.0255412551132397
3709	0.0281352888356782
3710	0.034620373141774
3711	0.0255412551132397
3712	0.0216502045295821
3713	0.00997705277860939
3714	0.00868003591739008
3715	-0.0172603013069937
3716	0.00219495161129413
3717	-0.118826698593235
3718	-0.0419036216701585
3719	-0.104559513119824
3720	-0.107153546842263
3721	-0.105856529981044
3722	-0.11104459742592
3723	-0.0535767734211312
3724	-0.0509827396986929
3725	0.0285343709468224
3726	0.0376134889753568
3727	0.11972463334331
3728	0.0544747081712063
3729	0.300808141275068
3730	0.221291030629552
3731	0.163823206624763
3732	0.165120223485982
3733	0.161229172902325
3734	0.0635538261997407
3735	0.0817120622568095
3736	0.145664970567694
3737	0.172004389903223
3738	0.239848348797765
3739	0.238551331936546
3740	0.156440187568592
3741	0.14476703581762
3742	0.121420732315674
3743	0.0600618577272274
3744	0.0457946722538163
3745	0.136984934650304
3746	0.0522797565599122
3747	0.063952908310885
3748	0.0548737902823506
3749	0.121420732315674
3750	0.0941833782300709
3751	0.118826698593236
3752	0.0825102264790982
3753	0.0656490072832485
3754	-0.0791180285343709
3755	-0.0203531876683627
3756	-0.0307293225581162
3757	0.0474907712261801
3758	0.0500848049486184
3759	-0.0752269779507133
3760	-0.0856031128404668
3761	-0.158635139179886
3762	-0.125810635538262
3763	-0.136186770428015
3764	-0.16083009079118
3765	-0.421430709368453
3766	-0.446074029731617
3767	-0.408061458645116
3768	-0.381722039309588
3769	-0.406365359672753
3770	-0.411553427117629
3771	-0.335927367055772
3772	-0.471615284844857
3773	-0.516112940237454
3775	-0.523895041404769
3776	-0.465130200538761
3777	-0.445674947620473
3778	-0.359672752668862
3779	-0.368751870697396
3780	-0.370048887558615
3781	-0.46642721739998
3782	-0.448268981342911
3783	-0.459942133093884
3784	-0.376533971864711
3785	-0.280155642023346
3786	-0.263294422827497
3787	-0.0260401077521699
3788	0.012870398084406
3789	0.0543749376434204
3790	0.124812930260401
3791	0.131298014566497
3792	0.197844956599821
3793	0.115733812231867
3794	0.111842761648209
3795	0.113139778509428
3796	0.118327845954305
3797	0.128703980844059
3798	0.0686421231168313
3799	-0.0251421730020951
3800	-0.0108749875286838
3801	0.0176593834181387
3802	0.106255612092188
3803	0.0591639229771528
3804	0.0393095879477203
3805	0.0678439588945428
3806	0.0950813129801457
3807	0.100269380425023
3808	0.10416043100868
3809	0.117130599620872
3810	0.128803751371845
3811	0.0583657587548639
3812	-0.00169609897236345
3813	-0.0432006385313778
3814	-0.117529681732016
3815	-0.142173002095181
3816	-0.1434700189564
3817	-0.147361069540058
3818	-0.172004389903223
3819	-0.13658585253916
3820	-0.231667165519306
3836	-0.347500748278958
3837	-0.352688815723835
3854	-0.315075326748478
3858	-0.298214107552629
3859	-0.286540955801656
3860	-0.260600618577272
3861	-0.187568592237853
3862	-0.259303601716053
3867	-0.174598423625661
3868	-0.263194652299711
3869	-0.259303601716053
3879	-0.283946922079218
3880	-0.273570787189464
3881	-0.276164820911902
3882	-0.106754464731118
3883	-0.11972463334331
3884	-0.059662775616083
3885	-0.115833582759653
3886	-0.179387408959393
3887	-0.181981442681832
3888	-0.188466526987928
3889	-0.179387408959393
3890	-0.243340317270278
3891	-0.222588047490771
3892	-0.210914895739798
3893	-0.205726828294922
3894	-0.302105158136286
3896	-0.320263394193355
3897	-0.318966377332136
3898	-0.335827596527986
3899	-0.333233562805547
3900	-0.369550034919685
3901	-0.370847051780904
3902	-0.284844856829293
3905	-0.353985832585054
3906	-0.339718647111643
3907	-0.338421630250424
3908	-0.341015663972862
3909	-0.335827596527986
3911	-0.351391798862616
3912	-0.337124613389205
3913	-0.326748478499451
3914	-0.31248129302604
3929	-0.190561708071436
3930	-0.189264691210216
3931	-0.191858724932655
3940	-0.143869101067544
3951	-0.120522797565599
3952	-0.143869101067544
3962	-0.0228474508630151
3963	-0.139978050483887
3964	-0.141275067345106
3966	-0.106255612092188
3967	-0.0893943928963383
3968	-0.0332235857527685
3969	-0.111443679537065
3970	-0.110146662675845
3971	-0.139978050483887
3972	-0.149057168512421
3973	-0.133492966177791
3974	-0.142572084206325
3975	-0.130898932455353
4127	-0.26449166916093
4128	-0.243739399381423
4129	-0.270976753467026
4130	-0.263194652299711
4131	-0.217399980045894
4132	-0.239449266686621
4156	-0.453856130898932
4157	-0.479796468123316
4158	-0.482390501845754
4229	-0.311184276164821
4358	-0.443479996009179
4359	-0.280554724134491
4360	-0.267584555522299
4361	-0.241644218297915
4362	-0.172503242542153
4363	-0.0929861318966376
4364	-0.0865010475905417
4365	-0.0890950813129801
4366	-0.094283148757857
4367	-0.0852040307293227
4368	0.00209518108350815
4369	-0.005686920083807
4370	-0.0566696597825003
4371	0.0163623665569193
4372	0.0085802653896041
4373	0.0371146363364263
4374	0.0371146363364263
4375	-0.123216601815823
4376	-0.134889753566796
4377	-0.301706076025142
4378	-0.328943430110745
4379	-0.239050184575476
4380	-0.215703881073531
4381	-0.21700089793475
4382	-0.264092587049785
4383	-0.247231367853936
4384	-0.24074628354784
4385	-0.317669360470917
4471	-0.242442382520203
4475	-0.299511124413848
4476	-0.308590242442382
4477	-0.236855232964182
4478	-0.200538760850045
4479	-0.168113339319565
4480	-0.174598423625661
4481	-0.195350693405168
4482	-0.188865609099072
4483	-0.111942532175995
4484	-0.222588047490771
4485	-0.337124613389205
4486	-0.352688815723835
4575	-0.305996208719944
4576	-0.230370148658086
4577	-0.24074628354784
4578	-0.175496358375736
4579	-0.174199341514516
4580	-0.189763543849147
4581	-0.197545645016462
4582	-0.21700089793475
4583	-0.1284046692607
4584	0.0410056869200841
4585	0.0423027037813031
4586	0.0669460241444679
4587	0.0799161927566598
4588	-0.000897934750074825
4589	0.159433303402175
4590	0.145166117928764
4591	0.245435498353787
4592	0.206524992517211
4593	0.313279457248329
4594	0.258405666965978
4595	0.178888556320463
4596	0.181482590042902
4597	0.172403472014367
4598	0.0902923276464134
4599	0.0915893445076328
4600	0.0864012770627558
4601	0.0825102264790982
4602	-0.0881971465629054
4603	-0.0726329442282749
4604	-0.0817120622568093
4605	-0.0946822308690012
4606	-0.0920881971465628
4607	0.00429013269480194
4608	-0.000897934750074825
4609	0.0198543350294325
4610	0.0315274867804052
4611	-0.0402075226977949
4612	-0.0402075226977949
4613	-0.0453955901426717
4614	-0.133991818816721
4615	-0.0804150453955901
4616	-0.103761348897536
4617	-0.106355382619974
4618	-0.093385214007782
4619	-0.16901127406964
4620	-0.316372343609698
4663	-0.286540955801656
4774	-0.21650204529582
4776	-0.289134989524095
4777	-0.295620073830191
4778	-0.311184276164821
4779	-0.320263394193355
4780	-0.311184276164821
4781	-0.289134989524095
4786	-0.303402174997506
4787	-0.299511124413848
4788	-0.295620073830191
4789	-0.283946922079218
4790	-0.294323056968971
4791	-0.205726828294922
4792	-0.195350693405168
4795	-0.242442382520203
4796	-0.239848348797765
4797	-0.250224483687519
4798	-0.194053676543949
4799	-0.187568592237853
4800	-0.196647710266387
4801	-0.217399980045894
4802	-0.253716452160032
4803	-0.255013469021251
4804	-0.266686620772224
4805	-0.192357577571585
4806	-0.119325551232166
4807	-0.205327746183777
4808	-0.286141873690512
4809	-0.28873590741295
4810	-0.36047091689115
4811	-0.351391798862616
4815	-0.273570787189464
4816	-0.183677541654195
4817	-0.199241743988826
4818	-0.181083507931757
4819	-0.172004389903223
4820	0.0483887059762547
4821	0.050982739698693
4822	0.050982739698693
4823	0.0380125710865011
4824	0.0289334530579666
4825	0.0354185373640628
4826	0.0380125710865011
4827	-0.0440985732814525
4828	-0.0415045395590141
4829	-0.0440985732814525
4830	-0.132694801955502
4831	-0.181083507931757
4832	-0.194053676543949
4833	-0.204429811433702
4834	-0.272273770328245
4835	-0.181083507931757
4836	-0.268382719744587
4837	-0.276164820911902
4838	-0.282649905217999
4839	-0.31248129302604
4840	-0.365658984336027
4841	-0.374738102364561
4843	-0.381223186670658
4848	-0.325052379527088
4849	-0.245535268881572
4850	-0.254614386910107
4851	-0.300009977052778
4852	-0.389903222588048
4853	-0.38601217200439
4854	-0.393794273171705
4855	-0.243839169909209
4856	-0.47331138381722
4857	-0.501845754764043
4860	-0.426219694702185
4861	-0.453457048787788
4862	-0.370048887558615
4863	-0.287937743190661
4864	-0.220093784296119
4865	-0.227875885463434
4866	-0.222687818018557
4867	-0.226578868602215
4868	-0.208420632545146
4869	-0.216202733712461
4870	-0.227875885463434
4871	-0.308690012970168
4872	-0.278858625162127
4873	-0.265888456549935
4874	-0.216601815823606
4875	-0.175097276264591
4876	-0.127107652399481
4877	-0.192357577571585
4878	-0.116731517509728
4879	-0.206624763044996
4880	-0.115434500648508
4881	-0.120622568093385
4882	-0.0553726429212811
4883	-0.0514815923376235
4884	-0.193654594432805
4885	-0.258904519604909
4886	-0.238152249825402
4887	-0.219994013768333
4888	-0.212211912601018
4889	-0.22518208121321
4890	-0.22388506435199
4892	-0.286540955801656
4893	-0.263194652299711
4894	-0.24763044996508
4895	-0.248927466826299
4912	-0.346203731417739
4913	-0.353985832585054
4941	-0.335827596527986
4942	-0.307293225581163
4943	-0.300808141275067
4944	-0.295620073830191
4986	-0.395091290032924
4987	-0.306495061358875
4988	-0.355781702085204
4989	-0.341514516611793
4990	-0.371345904419834
4991	-0.363563803252519
4992	-0.439189863314377
4993	-0.424922677840966
4994	-0.349296617779108
4995	-0.277561608300908
4996	-0.15394592437394
4997	-0.197146562905318
4998	-0.280554724134491
4999	-0.287039808440587
5000	-0.271475606105956
5001	-0.266287538661079
5002	-0.344507632445376
5003	-0.389903222588048
5004	-0.354883767335129
5005	-0.263294422827497
5006	-0.173401177292228
5007	-0.108151252120124
5008	-0.11463633642622
5009	-0.109448268981343
5010	-0.105557218397685
5011	-0.150054873790282
5012	-0.144866806345405
5013	-0.144866806345405
5014	-0.146163823206625
5015	-0.226977950713359
5016	-0.13708470517809
5017	-0.202334630350194
5018	-0.112441384814925
5019	-0.00179586950014943
5020	-0.0540756260600619
5021	-0.0320263394193356
5022	-0.141374837872892
5023	-0.146562905317769
5024	-0.137483787289235
5025	-0.0372144068642124
5026	-0.0372144068642124
5027	-0.034620373141774
5028	-0.0398084405866508
5029	-0.0644517609498154
5030	-0.132295719844358
5031	-0.209218796767435
5032	-0.308191160331238
5033	-0.352289733612691
5034	-0.279257707273271
5035	-0.293524892746682
5036	-0.296118926469121
5037	-0.157836974957597
5038	-0.13838172203931
5039	-0.113738401676145
5040	-0.103362266786391
5041	-0.0579666766437195
5042	-0.149156939040207
5043	-0.224782999102065
5044	-0.257208420632545
5045	-0.277960690412052
5046	-0.252020353187668
5047	-0.254614386910107
5048	-0.268881572383518
5049	-0.28185174099571
5050	-0.352289733612691
5051	-0.367853935947321
5052	-0.456450164621371
5053	-0.462935248927467
5058	-0.411054574478699
5068	-0.466826299511124
5069	-0.435697894841864
5070	-0.40975755761748
5071	-0.403272473311384
5072	-0.403272473311384
5074	-0.386411254115534
5075	-0.366956001197246
5076	-0.36047091689115
5082	-0.356579866307493
5083	-0.36047091689115
5084	-0.378629152948219
5085	-0.417539658784795
5086	-0.403272473311384
5087	-0.398084405866507
5088	-0.379926169809438
5089	-0.365658984336027
5090	-0.357876883168712
5091	-0.368253018058465
5092	-0.363064950613589
5093	-0.370847051780904
5099	-0.390302304699192
5210	-0.708071435697895
5211	-0.485084306095979
5212	-0.479896238651102
5213	-0.473411154345006
5214	-0.482490272373541
5215	-0.469520103761349
5216	-0.459143968871595
5217	-0.517908809737603
5218	-0.589643819215804
5219	-0.550733313379227
5220	-0.536466127905817
5221	-0.502743689514118
5222	-0.467724234261199
5223	-0.517409957098673
5225	-0.527786091988426
5226	-0.428813728424623
5227	-0.470318267983638
5228	-0.421929562007383
5229	-0.33852140077821
5230	-0.402474309089095
5231	-0.407662376533972
5232	-0.406365359672753
5233	-0.420632545146164
5234	-0.437493764342013
5235	-0.446572882370547
5236	-0.478998303901027
5237	-0.480295320762247
5238	-0.464731118427616
5239	-0.480295320762247
5240	-0.486780405068343
5241	-0.368352788586252
5242	-0.352788586251621
5243	-0.407662376533972
5244	-0.398583258505437
5245	-0.403771325950314
5246	-0.476803352289734
5252	-0.590042901326948
5253	-0.592636935049386
5254	-0.584854833882071
5255	-0.57058764840866
5256	-0.560211513518906
5257	-0.561508530380126
5258	-0.57058764840866
5259	-0.58615185074329
5260	-0.552429412351591
5261	-0.555023446074029
5318	-0.746981941534471
5319	-0.749575975256909
5320	-0.739199840367155
5321	-0.765140177591539
5326	-0.805347700289334
5327	-0.802753666566896
5328	-0.826099970068841
5329	-0.832585054374937
5330	-0.852040307293226
5331	-0.764741095480395
5332	-0.771226179786491
5333	-0.709867305198044
5334	-0.728025541255113
5335	-0.688715953307393
5336	-0.678339818417639
5337	-0.660181582360571
5338	-0.679636835278859
5339	-0.615683926967973
5340	-0.568592237852938
5341	-0.516312481293026
5342	-0.440686421231168
5343	-0.508530380125711
5344	-0.472213908011573
5345	-0.483887059762546
5346	-0.530978748877581
5347	-0.53357278260002
5348	-0.601416741494562
5349	-0.489474209318567
5350	-0.498553327347101
5351	-0.466127905816621
5352	-0.519305597126609
5353	-0.633842163025042
5354	-0.715953307392996
5355	-0.732814526588845
5356	-0.839568991319964
5357	-0.683128803751372
5358	-0.737603511922578
5359	-0.729821410755263
5360	-0.658485483388207
5361	-0.65329741594333
5362	-0.590641524493664
5363	-0.511124413848149
5364	-0.522797565599122
5365	-0.359872293724434
5366	-0.435498353786292
5367	-0.529282649905218
5368	-0.222887359074129
5369	-0.211214207323156
5370	-0.18916492068243
5371	-0.155442482290731
5372	-0.164521600319266
5373	-0.0694402873391198
5374	-0.0370148658086398
5375	-0.0685423525890452
5376	-0.0542751671156338
5377	-0.111742991120423
5378	-0.107851940536765
5379	-0.111742991120423
5380	-0.106554923675546
5381	-0.0922877382021348
5382	-0.0166616781402769
5383	-0.0922877382021348
5384	-0.105257906814327
5385	-0.148458545345705
5386	-0.239648807742193
5387	-0.270777212411453
5388	-0.24483687518707
5389	-0.138082410455951
5390	-0.125112241843759
5391	-0.0365160131697093
5392	0.0049885263893048
5393	-0.137184475705876
5394	-0.0252419435298812
5395	-0.0304300109747582
5396	-0.0304300109747582
5397	0.0555721839768535
5398	-0.0943829192856429
5399	-0.154444777012871
5400	-0.142771625261898
5401	-0.209318567295221
5402	-0.21061558415644
5403	-0.188566297515714
5404	-0.406365359672753
5405	-0.504040706375337
5406	-0.500149655791679
5407	-0.575775715853537
5408	-0.556320462935249
5411	-0.587448867604509
5413	-0.550733313379227
5414	-0.574079616881173
5415	-0.495859523096877
5416	-0.498453556819315
5417	-0.45136186770428
5418	-0.512720742292727
5419	-0.411154345006485
5420	-0.318667065748778
5421	-0.323855133193654
5422	-0.224882769629851
5423	-0.228773820213509
5424	-0.0788187169510126
5425	-0.221889653796268
5426	-0.246532974159433
5427	-0.324753067943729
5428	-0.268582260800159
5429	-0.28414646313479
5430	-0.35588147261299
5431	-0.348099371445675
5432	-0.353287438890552
5433	-0.417240347201437
5434	-0.399082111144368
5435	-0.396488077421929
5436	-0.371844757058765
5437	-0.310485882470318
5438	-0.258206125910406
5439	-0.269879277661379
5440	-0.363663573780305
5441	-0.362366556919086
5442	-0.361069540057867
5443	-0.380524792976155
5444	-0.393494961588347
5445	-0.169210815125212
5446	-0.166616781402773
5447	-0.209817419934151
5448	-0.192956200738302
5449	-0.21929562007383
5450	-0.192058265988227
5451	-0.300109747580564
5452	-0.284545545245934
5453	-0.313478998303901
5454	-0.312181981442682
5455	-0.325152150054874
5456	-0.325152150054874
5457	-0.17130599620872
5458	-0.240446971964482
5459	-0.125910406066048
5460	-0.274568492467325
5461	-0.223984834879776
5462	-0.221390801157338
5463	-0.0805148159233762
5464	-0.147061757956699
5465	-0.132794572483288
5466	-0.115933353287439
5467	-0.117230370148658
5468	-0.0662476304499648
5469	-0.0986730519804448
5470	-0.105158136286541
5471	-0.0256410256410255
5472	-0.0282350593634639
5473	-0.153546842262795
5474	-0.175995211014666
5475	-0.164322059263694
5476	-0.135787688316871
5477	0.0936845255911405
5478	0.0923875087299213
5479	0.114436795370648
5480	0.115733812231867
5481	-0.0484884765040405
5482	-0.0549735608101365
5483	0.0625561209218797
5484	0.0638531377830991
5485	0.037912800558715
5486	0.0392098174199342
5487	0.0560710366157839
5488	0.0327247331138383
5489	0.0158635139179888
5490	0.0901925571186271
5491	0.0979746582859422
5492	-0.016561907612491
5493	-0.202833482989125
5494	-0.214506634740098
5495	-0.292726728524394
5496	-0.260301306993914
5497	-0.24992517210416
5498	-0.0960790182580065
5499	-0.191160331238152
5500	-0.205427516711563
5501	-0.252120123715454
5502	-0.280654494662277
5503	-0.293624663274468
5504	-0.354983537862915
5505	-0.343310386111942
5506	-0.354983537862915
5507	-0.439688715953307
5508	-0.447470817120622
5509	-0.455252918287938
5510	-0.503242542153048
5511	-0.440586650703382
5512	-0.475606105956301
5513	-0.690811134390901
5514	-0.625561209218797
5515	-0.54863813229572
5516	-0.544747081712062
5517	-0.522697795071336
5518	-0.430210515813629
5519	-0.534770028933453
5520	-0.534770028933453
5521	-0.502344607402973
5522	-0.585752768632146
5523	-0.612990122717749
5524	-0.614287139578968
5525	-0.606505038411653
5526	-0.692507233363264
5528	-0.701586351391799
5529	-0.708071435697895
5530	-0.726229671754963
5531	-0.67654394891749
5532	-0.646313478998304
5533	-0.655392597026838
5534	-0.785892447371046
5537	-0.721041604310087
5538	-0.713259503142772
5539	-0.709368452559114
5540	-0.631148358774818
5541	-0.62725730819116
5542	-0.618178190162626
5543	-0.618178190162626
5544	-0.632445375636037
5545	-0.649306594831886
5546	-0.633742392497256
5547	-0.711962486281552
5548	-0.651900628554325
5549	-0.57108650104759
5550	-0.651900628554325
5551	-0.702484286141874
5552	-0.560311284046692
5553	-0.651501546443181
5554	-0.673550833083907
5555	-0.690412052279757
5556	-0.695600119724633
5557	-0.799760550733314
5558	-0.78808739898234
5559	-0.751770926868203
5560	-0.751770926868203
5561	-0.732315673949915
5562	-0.711563404170408
5563	-0.699890252419435
5564	-0.599620871994413
5565	-0.597026838271974
5566	-0.514915693904021
5567	-0.498054474708171
5568	-0.576274568492467
5569	-0.607402973161728
5570	-0.654095580165619
5571	-0.639828394692208
5572	-0.624264192357578
5573	-0.746582859423326
5574	-0.669659782500249
5575	-0.690412052279757
5576	-0.720243440087798
5577	-0.722837473810237
5578	-0.715055372642921
5579	-0.71764940636536
5580	-0.693006086002195
5581	-0.583657587548638
5582	-0.562905317769131
5583	-0.546044098573281
5584	-0.577571585353686
5585	-0.653197645415544
5586	-0.670058864611394
5587	-0.709368452559114
5588	-0.749575975256909
5594	-0.775516312481293
5595	-0.708969370447969
5596	-0.695999201835778
5597	-0.712860421031627
5598	-0.70767235358675
5599	-0.718048488476504
5619	-0.913000099770528
5620	-0.868502444377931
5621	-0.734111543450065
5622	-0.627357078718946
5623	-0.568592237852938
5624	-0.642921281053577
5625	-0.632545146163823
5626	-0.562107153546842
5627	-0.499451262097176
5628	-0.588047490771226
5629	-0.508530380125711
5630	-0.586750473910007
5631	-0.694801955502345
5632	-0.623066946024144
5633	-0.632146064052678
5634	-0.651601316970966
5635	-0.555222987129601
5636	-0.478299910206525
5637	-0.423825202035319
5638	-0.264790980744288
5639	-0.114835877481792
5640	-0.0236456150853035
5641	-0.0301306993913997
5642	0.0610595630050885
5643	0.0869999002294723
5644	0.0753267484784996
5645	0.0256410256410258
5646	0.125910406066048
5647	0.0489873291429712
5648	0.127207422927267
5649	0.0217499750573682
5650	0.0217499750573682
5651	0.0671455652000403
5652	0.0502843460041906
5653	0.0969769530080817
5654	0.142372543150753
5655	0.0183577771126411
5656	-0.0274368951411752
5657	-0.0732315673949913
5658	-0.142372543150753
5659	-0.0395091290032923
5660	-0.0200538760850046
5661	-0.0187568592237852
5662	-0.074927666367355
5663	-0.185573181682131
5664	-0.192058265988227
5665	-0.276763444078619
5666	-0.316970966776414
5667	-0.297515713858126
5668	-0.404270178589244
5669	-0.44447770128704
5670	-0.462635937344108
5671	-0.583657587548638
5672	-0.594033722438392
5673	-0.608300907911803
5674	-0.758256011174299
5675	-0.820911902623965
5677	-0.778110346203731
5678	-0.76384316073032
5679	-0.701187269280655
5680	-0.734909707672354
5681	-0.75695899431308
5682	-0.853337324154445
5683	-0.848149256709568
5685	-0.840367155542253
5686	-0.781602314676244
5687	-0.716352389504141
5688	-0.729322558116332
5689	-0.759153945924374
5690	-0.719844357976654
5691	-0.717250324254215
5692	-0.749675745784695
5693	-0.856430210515813
5694	-0.857727227377033
5695	-1.06086002194952
5696	-1.0530779207822
5697	-1.04918687019854
5698	-1.04010775217001
5699	-0.970068841664172
5700	-0.988227077721241
5701	-0.984336027137584
5702	-0.975256909109049
5703	-0.825301805846553
5704	-0.717250324254215
5705	-0.632545146163823
5706	-0.598822707772124
5707	-0.575476404270178
5708	-0.571585353686521
5709	-0.486880175596129
5710	-0.475207023845156
5711	-0.621271076523995
5712	-0.626459143968872
5713	-0.636835278858625
5714	-0.630350194552529
5715	-0.681332934251222
5716	-0.431108450563703
5717	-0.397386012172004
5718	-0.375336725531278
5719	-0.418138281951511
5720	-0.278559313578769
5721	-0.308789783497954
5722	-0.345505337723236
5723	-0.401676144866806
5724	-0.36276563903023
5725	-0.338122318667066
5726	-0.376134889753567
5727	-0.396887159533074
5728	-0.360570687418936
5729	-0.35408560311284
5730	-0.292726728524394
5731	-0.238252020353188
5732	-0.225281851740996
5733	-0.256410256410256
5734	-0.171705078319864
5735	-0.198942432405467
5736	-0.0882969170906911
5737	-0.0921879676743489
5738	-0.051980444976554
5739	-0.178589244737104
5740	-0.256809338521401
5741	-0.288336825301806
5742	-0.164322059263694
5743	-0.168213109847351
5744	-0.234760051880674
5745	-0.256809338521401
5746	-0.185074329043201
5747	-0.20193554823905
5748	-0.122418437593535
5749	-0.132794572483288
5750	-0.253816222687818
5751	-0.179487179487179
5752	-0.248628155242941
5753	-0.268083408161229
5754	-0.286241644218298
5755	-0.233063952908311
5756	-0.303501945525292
5757	-0.317769130998703
5758	-0.312581063553826
5759	-0.337224383916991
5760	-0.265489374438791
5761	-0.256410256410256
5762	-0.103861119425322
5763	-0.099970068841664
5764	-0.105158136286541
5765	-0.10645515314776
5766	-0.176893145764741
5767	-0.182081213209618
5768	-0.160031926568891
5769	-0.103861119425322
5770	-0.19505138182181
5771	-0.204130499850344
5772	-0.31477601516512
5773	-0.327746183777312
5774	-0.29103062955203
5775	-0.294921680135688
5776	-0.292327646413249
5777	-0.287139578968373
5778	-0.443579766536965
5779	-0.448767833981842
5780	-0.453955901426718
5781	-0.440985732814527
5782	-0.514017759153946
5783	-0.528284944627357
5784	-0.593534869799461
5785	-0.676943031028634
5786	-0.597425920383119
5787	-0.674348997306195
5834	-0.714556520003991
5835	-0.73141773919984
5836	-0.73141773919984
5837	-0.668761847750175
5838	-0.789783497954704
5839	-0.793674548538362
5840	-0.776813329342512
5841	-0.771625261897635
5842	-0.749575975256909
5843	-0.708071435697895
5844	-0.688616182779607
5845	-0.644517609498154
5846	-0.627656390302304
5847	-0.625062356579866
5848	-0.574079616881173
5849	-0.643220592636935
5850	-0.554624363962885
5851	-0.506634740097775
5852	-0.523495959293624
5853	-0.500149655791679
5854	-0.476803352289734
5855	-0.471615284844857
5856	-0.52130100768233
5857	-0.512221889653796
5858	-0.496657687319166
5859	-0.465529282649905
5860	-0.411054574478699
5980	-0.304699191858725
5981	-0.22388506435199
5982	-0.313778309887259
5983	-0.317669360470917
5984	-0.32804549536067
5985	-0.270577671355882
5986	-0.284844856829293
5987	-0.303003092886361
5988	-0.309488177192457
5989	-0.223485982240846
5990	-0.141374837872892
5991	-0.0605607103661578
5992	-0.0436994911703084
5993	-0.0242442382520203
5994	0.00169609897236356
5995	0.0876982939239752
5996	0.181482590042902
5997	0.124014766038113
5998	0.229472213908012
5999	0.235957298214108
6000	0.229472213908012
6001	0.241145365658984
6002	0.237254315075327
6003	0.263194652299711
6004	0.302105158136287
6005	0.316372343609698
6006	0.251122418437594
6007	0.251122418437594
6008	0.264092587049786
6009	0.206624763044997
6010	0.143968871595331
6011	0.154345006485084
6012	0.0877980644517611
6013	0.0653496956998904
6014	0.101666167814028
6015	0.253816222687818
6016	0.271974458744887
6017	0.214506634740098
6018	0.490671455652
6019	0.593534869799461
6020	0.855432505237953
6021	1.02743689514118
6022	1.09917190461938
6023	1.18776813329343
6024	1.19425321759952
6025	1.12900329242742
6026	1.07023845156141
6027	1.0049885263893
6028	1.02833482989125
6029	1.03352289733613
6030	1.04260201536466
6031	0.978649107053776
6032	0.912102165020453
6033	0.922478299910207
6034	0.854634341015664
6035	0.877980644517609
6036	0.907812032325651
6037	0.933752369550035
6038	0.889254714157438
6039	0.897036815324753
6040	0.903521899630849
6041	0.913898034520603
6042	0.919086101965479
6043	0.929462236855233
6044	0.948917489773521
6045	0.952808540357179
6046	0.959293624663275
6047	0.96707572583059
6048	0.973560810136686
6049	0.980045894442782
6050	0.989125012471316
6051	0.921281053576773
6052	0.856031128404669
6053	0.863813229571984
6054	0.642123116831288
