2	-0.0204618029968067
3	-0.0295996069761729
4	-0.0200442151805453
5	-0.0243920412675019
6	-0.0174404323262098
7	-0.0117907148120855
8	0.00515843773028735
9	0.0164578727585359
10	0.0460083517563252
11	0.0599115696389093
12	0.0881601572095308
13	0.0890198968312454
14	0.0772783099975435
15	0.0798820928518791
16	0.0855318103660034
17	0.0894374846475067
18	0.0876934414148857
19	0.111594202898551
20	0.124195529353967
21	0.138098747236551
22	0.1759027266028
23	0.211102923114714
24	0.220658314910341
25	0.244559076394006
26	0.284107098992876
27	0.313657577990666
28	0.318865143699337
29	0.341464013755834
30	0.366666666666667
31	0.366224514861213
32	0.374478015229673
33	0.382731515598133
34	0.397936624907885
35	0.431834929992631
36	0.40054040776222
37	0.420093343158929
38	0.414443625644804
39	0.401400147383935
40	0.374453451240481
41	0.409653647752395
42	0.420953082780643
43	0.422254974207811
44	0.41225743060673
45	0.42051093097519
46	0.396168017686072
47	0.369221321542618
48	0.36617538688283
49	0.336182756079587
50	0.367035126504544
51	0.379636452959961
52	0.390935887988209
53	0.403537214443625
54	0.392237779415377
55	0.367894866126259
56	0.363547040039302
57	0.347899778924097
58	0.308351756325227
59	0.292704495210022
60	0.275755342667649
61	0.248808646524195
62	0.216212232866617
63	0.19361336281012
64	0.167968558093834
65	0.161876688774257
66	0.155784819454679
67	0.147089167280766
68	0.149692950135102
69	0.147948906902481
70	0.180545320560059
71	0.15099484156227
72	0.169688037337263
73	0.174895603045934
74	0.188405797101449
75	0.211839842790469
76	0.274428887251289
77	0.285286170474085
78	0.286588061901253
79	0.30093343158929
80	0.34527143208057
81	0.362220584622942
82	0.356570867108818
83	0.36352247605011
84	0.354826823876197
85	0.378727585359862
86	0.375681650700074
87	0.38002947678703
88	0.372635716040285
89	0.401326455416359
90	0.404372390076148
91	0.436968803733726
92	0.442618521247851
93	0.487816261360845
94	0.526062392532547
95	0.538663718987964
96	0.588209285187914
97	0.639056742815033
98	0.663399656104151
99	0.657749938590027
100	0.691648243674773
101	0.699901744043232
102	0.694252026529108
103	0.712503070498649
104	0.732498157700811
105	0.743797592729059
106	0.708155244411692
107	0.748145418816016
108	0.783787767133382
109	0.789437484647507
110	0.792483419307295
111	0.790739376074674
112	0.778138049619258
113	0.747285679194301
114	0.740334070253009
115	0.759027266028003
116	0.791623679685581
117	0.815524441169246
118	0.811176615082289
119	0.832473593711619
120	0.816826332596414
121	0.788577745025792
122	0.777720461802997
123	0.77337263571604
124	0.769466961434537
125	0.751215917464996
126	0.765561287153034
127	0.737312699582412
128	0.734266764922623
129	0.716015720953083
130	0.71731761238025
131	0.683419307295505
132	0.66951608941292
133	0.621272414640137
134	0.609972979611889
135	0.626922132154262
136	0.632571849668386
137	0.599975436010808
138	0.586072218128224
139	0.543478260869565
140	0.508278064357651
141	0.494374846475067
142	0.479169737165315
143	0.487865389339229
144	0.455268975681651
145	0.449619258167526
146	0.456570867108818
147	0.459174649963154
148	0.430926062392533
149	0.47656595431098
150	0.452223041021862
151	0.472218128224023
152	0.427020388111029
153	0.404863669859985
154	0.424858757062147
155	0.436158192090395
156	0.465708671088185
157	0.472660280029477
158	0.48960943257185
159	0.52090395480226
160	0.553500368459838
161	0.57870302137067
162	0.614345369688037
163	0.638246131171702
164	0.652591500859739
165	0.665192827315156
166	0.648243674772783
167	0.672144436256448
168	0.690395480225989
169	0.697347089167281
170	0.741242937853107
171	0.756890198968312
172	0.75819209039548
173	0.780790960451977
174	0.795996069761729
175	0.831196266273643
176	0.882043723900761
177	0.931589290100712
178	0.935494964382215
179	0.945492507983296
180	0.961139769098502
181	0.955490051584377
182	0.944632768361582
183	0.950282485875706
184	0.978531073446328
185	0.981577008106116
186	1.02112503070499
187	1.06936870547777
188	1.06197494473102
189	1.1054286416114
190	1.13497912060919
191	1.1319331859494
192	1.08803733726357
193	1.10368459837878
194	1.13888479489069
195	1.12323753377548
196	1.14018668631786
197	1.13149103414394
198	1.08889707688529
199	1.07585359862442
200	1.07541144681896
201	1.06845983787767
202	1.11495946941783
203	1.12191107835913
204	1.12191107835913
205	1.161459100958
206	1.15580938344387
207	1.17840825350037
208	1.161459100958
209	1.18840579710145
210	1.1997052321297
211	1.13711618766888
212	1.12581675264063
213	1.11147138295259
214	1.11277327437976
215	1.13537214443626
216	1.1536231884058
217	1.16752640628838
218	1.17317612380251
219	1.18707934168509
220	1.23097519037092
221	1.22272169000246
222	1.24401866863179
223	1.20316875460575
224	1.22706951608941
225	1.19142716777205
226	1.15622697126013
227	1.13753377548514
228	1.15448292802751
229	1.17838368951118
230	1.15578481945468
231	1.17013018914272
232	1.13883566691231
233	1.13883566691231
234	1.13709162367969
235	1.17794153770572
236	1.16099238516335
237	1.19228690739376
238	1.15404077622206
239	1.17533775485139
240	1.19533284205355
241	1.18142962417096
242	1.19098501596659
243	1.17403586342422
244	1.16403831982314
245	1.15404077622206
246	1.13274379759273
247	1.17924342913289
248	1.14274134119381
249	1.15838860230901
250	1.19403095062638
251	1.15883075411447
252	1.14622942765905
253	1.12363055760255
254	1.17057234094817
255	1.13797592729059
256	1.13667403586342
257	1.14492753623188
258	1.09538197003193
259	1.12363055760255
260	1.12623434045689
261	1.15013510194056
262	1.11753868828298
263	1.12839597150577
264	1.14708916728077
265	1.1683861459101
266	1.20358634242201
267	1.23878653893392
268	1.24443625644805
269	1.26268730041759
270	1.27833456153279
271	1.25008597396217
272	1.21183984279047
273	1.21488577745026
274	1.21358388602309
275	1.22358142962417
276	1.19272905919921
277	1.18142962417096
278	1.14448538442643
279	1.15013510194056
280	1.13448784082535
281	1.1075411446819
282	1.10189142716777
283	1.07624662245149
284	1.0771063620732
285	1.08015229673299
286	1.06885286170474
287	1.07754851387865
288	1.07494473102432
289	1.04234831736674
290	1.02974699091132
291	1.01974944731024
292	0.971947924342913
293	0.979341685089658
294	0.983689511176615
295	0.95978874969295
296	0.89894374846475
297	0.86764922623434
298	0.919798575288627
299	0.90719724883321
300	0.910243183492999
301	0.834193072955048
302	0.776394006386637
303	0.746843527388848
304	0.71424711373127
305	0.670351265045443
306	0.654704003930238
307	0.627757307786784
308	0.652100221075902
309	0.65340211250307
310	0.633407025300909
311	0.593859002702039
312	0.588209285187914
313	0.605158437730287
314	0.605158437730287
315	0.585163350528126
316	0.594718742323753
317	0.616015720953083
318	0.646008351756325
319	0.670351265045443
320	0.650798329648735
321	0.648194546794399
322	0.662539916482436
323	0.655588307541144
324	0.662539916482436
325	0.672537460083517
326	0.64993859002702
327	0.666887742569393
328	0.692532547285679
329	0.68948661262589
330	0.685138786538934
331	0.733382461311717
332	0.742937853107345
333	0.731638418079096
334	0.686440677966101
335	0.692090395480226
336	0.740334070253009
337	0.757283222795382
338	0.778580201424711
339	0.790321788258413
340	0.818570375829034
341	0.845517071972488
342	0.84421518054532
343	0.87376565954311
344	0.876369442397445
345	0.92331122574306
346	0.920265291083272
347	0.937214443625645
348	0.985458118398428
349	0.979808400884303
350	1.00110537951363
351	1.04500122819946
352	1.04369933677229
353	1.02240235814296
354	1.00154753131909
355	0.973298943748465
356	0.994595922377794
357	0.994595922377794
358	0.994595922377794
359	1.010243183493
360	1.02328666175387
361	1.03588798820928
362	1.04283959715058
363	1.06369442397445
364	1.09194301154507
365	1.10714812085483
366	1.10454433800049
367	1.05585851142225
368	1.05281257676247
369	1.0397690985016
370	1.03542127241464
371	1.01847211987227
372	1.04411692458855
373	1.04541881601572
374	1.05281257676247
375	1.0171702284451
376	1.03542127241464
377	1.02412183738639
378	1.07627118644068
379	1.07192336035372
380	1.09452223041022
381	1.05367231638418
382	1.07192336035372
383	1.05497420781135
384	1.02932940309506
385	1.03063129452223
386	1.01977401129943
387	1.00152296732989
388	1.01977401129943
389	1.02802751166789
390	1.01802996806681
391	1.02672562024073
392	1.01282240235814
393	1.00282485875706
394	0.990223532301646
395	1.00282485875706
396	0.971530336526652
397	0.971530336526652
398	0.9828297715549
399	0.957184966838614
400	0.927634487840825
401	0.885040530582166
402	0.918938835666912
403	0.913289118152788
404	0.915892901007123
405	0.927634487840825
406	0.933284205354949
407	0.923286661753869
408	0.865487595185458
409	0.890690248096291
410	0.883296487349545
411	0.878948661262589
412	0.840260378285434
413	0.847211987226725
414	0.812011790714812
415	0.770719724883321
416	0.753770572340948
417	0.735519528371407
418	0.6816261360845
419	0.693367722918202
420	0.67816261360845
421	0.649914026037828
422	0.628617047408499
423	0.655563743551952
424	0.590370916236797
425	0.574723655121592
426	0.602972242692213
427	0.624269221321543
428	0.651215917464996
429	0.673814787521493
430	0.661213461066077
431	0.612527634487841
432	0.655121591746499
433	0.687718005404077
434	0.700319331859494
435	0.689019896831245
436	0.709014984033407
437	0.723360353721444
438	0.699459592237779
439	0.725104396954065
440	0.696855809383444
441	0.725546548759518
442	0.711643330876934
443	0.786833701793171
444	0.791181527880128
445	0.808130680422501
446	0.836379267993122
447	0.863325964136575
448	0.858978138049619
449	0.817686072218128
450	0.811594202898551
451	0.82463768115942
452	0.792041267501842
453	0.813338246131171
454	0.847236551215917
455	0.869835421272415
456	0.865487595185458
457	0.882436747727831
458	0.926332596413657
459	0.902431834929992
460	0.963276836158192
461	0.9563252272169
462	0.946327683615819
463	0.936330140014738
464	0.9563252272169
465	0.98761974944731
466	1.03586342422009
467	1.04411692458855
468	1.04802259887006
469	1.02412183738639
470	0.992827315155981
471	1.00847457627119
472	1.03802505526898
473	1.0210759027266
474	1.05192827315156
475	1.03932694669614
476	1.09017440432326
477	1.05757799066568
478	1.08278064357652
479	1.03323507737657
480	1.05713583886023
481	1.03018914271678
482	0.997592729059199
483	0.98629329403095
484	0.990641120117907
485	1.01063620732007
486	1.01368214197986
487	1.01498403340703
488	1.08712846966347
489	1.07582903463522
490	1.06713338246131
491	1.08147875214935
492	1.08843036109064
493	1.09233603537214
494	1.08408253500368
495	1.09798575288627
496	1.0623434045689
497	1.04104642593957
498	1.07364283959715
499	1.09059199213952
500	1.06104151314173
501	1.04148857774503
502	1.00845001228199
503	0.984107098992876
504	0.968459837877671
505	0.937165315647261
506	0.922819945959223
507	0.913264554163596
508	0.853721444362564
509	0.865020879390813
510	0.815475313190862
511	0.808081552444117
512	0.76418570375829
513	0.744190616556128
514	0.744190616556128
515	0.755490051584377
516	0.722893637926799
517	0.752444116924588
518	0.763743551952837
519	0.768091378039794
520	0.786342422009334
521	0.821984770326701
522	0.823286661753868
523	0.830238270695161
524	0.78894620486367
525	0.783296487349545
526	0.771137312699582
527	0.74114468189634
528	0.753746008351756
529	0.773741095553918
530	0.778088921640874
531	0.732449029722427
532	0.755047899778924
533	0.75765168263326
534	0.740702530090886
535	0.708106116433309
536	0.729403095062638
537	0.72810120363547
538	0.689855072463768
539	0.6885531810366
540	0.658560550233358
541	0.66551215917465
542	0.651166789486612
543	0.659862441660525
544	0.682903463522476
545	0.652910832719233
546	0.642913289118153
547	0.637263571604028
548	0.624220093343159
549	0.622918201915991
550	0.594669614345369
551	0.556423483173667
552	0.527732743797592
553	0.448636698599853
554	0.430385654630312
555	0.400393023827069
556	0.355195283714075
557	0.338246131171702
558	0.308695652173913
559	0.269147629575043
560	0.22090395480226
561	0.210906411201179
562	0.216556128715303
563	0.201351019405551
564	0.191795627609924
565	0.152247605011054
566	0.15659543109801
567	0.120953082780643
568	0.122254974207811
569	0.115303365266519
570	0.13355440923606
571	0.130950626381724
572	0.153549496438221
573	0.139204126750184
574	0.170498648980594
575	0.178752149349054
576	0.181798084008843
577	0.187005649717514
578	0.16005895357406
579	0.167452714320805
580	0.161802996806681
581	0.177450257921886
582	0.181798084008843
583	0.179194301154507
584	0.184844018668632
585	0.182240235814296
586	0.18788995332842
587	0.227880127732744
588	0.227880127732744
589	0.270474084991402
590	0.274821911078359
591	0.279169737165315
592	0.287423237533775
593	0.30307049864898
594	0.31132399901744
595	0.332178825841317
596	0.353475804470646
597	0.352173913043478
598	0.349127978383689
599	0.347383935151068
600	0.364333087693441
601	0.379980348808647
602	0.358683370179317
603	0.385630066322771
604	0.339130434782609
605	0.330434782608696
606	0.323483173667404
607	0.367821174158683
608	0.344780152296733
609	0.344780152296733
610	0.366936870547777
611	0.348685826578236
612	0.378236305576025
613	0.371284696634734
614	0.408228936379268
615	0.420830262834684
616	0.432129697862933
617	0.446032915745517
618	0.452542372881356
619	0.449496438221567
620	0.46644559076394
621	0.492090395480226
622	0.503389830508474
623	0.485998526160648
624	0.528592483419307
625	0.524244657332351
626	0.524244657332351
627	0.582485875706215
628	0.584229918938835
629	0.559027266028003
630	0.609874723655121
631	0.62596413657578
632	0.624662245148612
633	0.672905919921395
634	0.658560550233358
635	0.674207811348563
636	0.704200442151805
637	0.712896094325718
638	0.702898550724638
639	0.723753377548514
640	0.748956030459347
641	0.774600835175632
642	0.756349791206091
643	0.766347334807173
644	0.753746008351756
645	0.7493981822648
646	0.723753377548514
647	0.73635470400393
648	0.712453942520265
649	0.725497420781135
650	0.702898550724638
651	0.702898550724638
652	0.704200442151805
653	0.68029968066814
654	0.707688528617047
655	0.718987963645296
656	0.72463768115942
657	0.761581920903955
658	0.748538442643085
659	0.756791943011545
660	0.73289118152788
661	0.73289118152788
662	0.748538442643085
663	0.72463768115942
664	0.712896094325718
665	0.725497420781135
666	0.674649963154016
667	0.669000245639892
668	0.67204618029968
669	0.650749201670351
670	0.680741832473593
671	0.683787767133382
672	0.654237288135593
673	0.612945222304102
674	0.642937853107345
675	0.624686809137804
676	0.603831982313928
677	0.625128960943257
678	0.640334070253009
679	0.605133873741095
680	0.60253009088676
681	0.609481699828052
682	0.556448047162859
683	0.549496438221567
684	0.562539916482436
685	0.53994104642594
686	0.569933677229182
687	0.556890198968312
688	0.529943502824859
689	0.544288872512896
690	0.512994350282486
691	0.538639154998772
692	0.511692458855318
693	0.475190370916237
694	0.486931957749938
695	0.469982805207565
696	0.503881110292311
697	0.488233849177106
698	0.474330631294522
699	0.454777695897814
700	0.452173913043478
701	0.423483173667404
702	0.420437239007615
703	0.399140260378285
704	0.413485630066322
705	0.380889216408745
706	0.359592237779415
707	0.339597150577254
708	0.336551215917465
709	0.327855563743552
710	0.325251780889216
711	0.292655367231638
712	0.305256693687055
713	0.290911323999017
714	0.272660280029477
715	0.280913780397936
716	0.317858020142471
717	0.302210759027266
718	0.296561041513141
719	0.288307541144682
720	0.283959715057725
721	0.292655367231638
722	0.301351019405551
723	0.284401866863178
724	0.280054040776222
725	0.282657823630557
726	0.282215671825104
727	0.245713583886023
728	0.259616801768607
729	0.263964627855564
730	0.259616801768607
731	0.242667649226234
732	0.204421518054532
733	0.230926062392532
734	0.265266519282731
735	0.28960943257185
736	0.289167280766396
737	0.274821911078359
738	0.257872758535986
739	0.260034389584868
740	0.261336281012036
741	0.273937607467453
742	0.310439695406534
743	0.307393760746745
744	0.309997543601081
745	0.305649717514124
746	0.306509457135838
747	0.317808892164087
748	0.35605502333579
749	0.359100957995578
750	0.31650700073692
751	0.325202652910833
752	0.305207565708671
753	0.31650700073692
754	0.325202652910833
755	0.317808892164087
756	0.306067305330386
757	0.309113239990174
758	0.306951608941292
759	0.313903217882584
760	0.346499631540162
761	0.329550478997789
762	0.268263325964136
763	0.279562760992385
764	0.251314173421764
765	0.228273151559813
766	0.215671825104397
767	0.182633259641366
768	0.191328911815279
769	0.156128715303365
770	0.137877671333825
771	0.126578236305576
772	0.107885040530582
773	0.121788258413166
774	0.0765905183001718
775	0.0952837140751658
776	0.0826823876197492
777	0.0700810611643329
778	0.0605256693687053
779	0.0518300171947924
780	0.0131417342176368
781	-0.00120363547040059
782	-0.0324981577008108
783	-0.0450994841562271
784	-0.0746499631540164
785	-0.102898550724638
786	-0.0959469417833456
787	-0.10159665929747
788	-0.108990420044215
789	-0.15418816015721
790	-0.17243920412675
791	-0.150700073691968
792	-0.193294030950627
793	-0.206337509211496
794	-0.19373618275608
795	-0.223286661753869
796	-0.283271923360354
797	-0.297617293048391
798	-0.275018422991894
799	-0.27762220584623
800	-0.285875706214689
801	-0.270228445099484
802	-0.275878162613609
803	-0.281527880127733
804	-0.29587324981577
805	-0.304568901989683
806	-0.30891672807664
807	-0.335003684598379
808	-0.362392532547286
809	-0.401940555146156
810	-0.406288381233112
811	-0.423237533775485
812	-0.410194055514616
813	-0.394546794399411
814	-0.420191599115696
815	-0.428445099484156
816	-0.418005404077622
817	-0.43235077376566
818	-0.443650208793908
819	-0.466691230655859
820	-0.505379513633014
821	-0.505379513633014
822	-0.512331122574306
823	-0.527978383689511
824	-0.573618275607959
825	-0.572316384180791
826	-0.571014492753623
827	-0.594055514615574
828	-0.602751166789487
829	-0.621444362564481
830	-0.627094080078605
831	-0.605797101449276
832	-0.607098992876443
833	-0.621444362564481
834	-0.654040776222058
835	-0.637091623679686
836	-0.618398427904692
837	-0.605354949643822
838	-0.576664210267748
839	-0.582313927781872
840	-0.591009579955785
841	-0.609260623925326
842	-0.634045689019897
843	-0.623605993613363
844	-0.639253254728568
845	-0.647948906902481
846	-0.640997297961189
847	-0.635347580447065
848	-0.654040776222058
849	-0.685335298452469
850	-0.689683124539425
851	-0.708376320314419
852	-0.705772537460084
853	-0.71012036354704
854	-0.707516580692705
855	-0.697519037091624
856	-0.707516580692705
857	-0.693171211004667
858	-0.707516580692705
859	-0.724907885040531
860	-0.717514124293785
861	-0.730557602554655
862	-0.734905428641612
863	-0.734905428641612
864	-0.736207320068779
865	-0.720560058953574
866	-0.763596168017686
867	-0.792286907393761
868	-0.79533284205355
869	-0.792286907393761
870	-0.78228936379268
871	-0.840972733971997
872	-0.837926799312208
873	-0.866617538688283
874	-0.904003930238271
875	-0.902702038811103
876	-0.921395234586097
877	-0.924441169245886
878	-0.944436256448047
879	-0.987914517317612
880	-0.98921640874478
881	-0.999213952345861
882	-1.0018177352002
883	-0.971382952591501
884	-0.968337017931712
885	-0.965733235077377
886	-0.990076148366495
887	-0.988774256939327
888	-1.00311962662736
889	-1.01311717022845
890	-1.01267501842299
891	-1.0283222795382
892	-1.0439695406534
893	-1.0322279538197
894	-1.01788258413166
895	-0.991795627609924
896	-0.967452714320806
897	-0.953107344632768
898	-0.977450257921887
899	-0.97310243183493
900	-0.955711127487104
901	-0.975706214689266
902	-0.961360845001228
903	-0.975706214689266
904	-0.972660280029477
905	-0.950921149594694
906	-0.963964627855564
907	-0.963964627855564
908	-0.963964627855564
909	-0.963964627855564
910	-0.933529845246868
911	-0.946573323507738
912	-0.960918693195775
913	-0.959616801768607
914	-0.94527143208057
915	-0.942225497420781
916	-0.927880127732744
917	-0.917882584131663
918	-0.883099975436011
919	-0.881798084008843
920	-0.893539670842545
921	-0.912232866617539
922	-0.917882584131663
923	-0.936575779906657
924	-0.910488823384918
925	-0.881798084008843
926	-0.886145910095799
927	-0.867452714320806
928	-0.879194301154508
929	-0.880496192581675
930	-0.889191844755588
931	-0.87310243183493
932	-0.888749692950135
933	-0.890051584377303
934	-0.872660280029477
935	-0.867010562515353
936	-0.870056497175141
937	-0.861360845001228
938	-0.867010562515353
939	-0.868754605747973
940	-0.868754605747973
941	-0.868754605747973
942	-0.842667649226234
943	-0.829624170965365
944	-0.819626627364284
945	-0.815278801277328
946	-0.808327192336035
947	-0.805281257676247
948	-0.796585605502334
949	-0.794841562269713
950	-0.783099975436011
951	-0.771800540407762
952	-0.758757062146893
953	-0.731368214197986
954	-0.735716040284942
955	-0.719626627364284
956	-0.710930975190371
957	-0.702235323016458
958	-0.729624170965365
959	-0.738319823139278
960	-0.752665192827315
961	-0.753967084254483
962	-0.740923605993614
963	-0.750921149594694
964	-0.746573323507738
965	-0.753967084254483
966	-0.753967084254483
967	-0.743969540653402
968	-0.758314910341439
969	-0.775706214689266
970	-0.780054040776222
971	-0.794399410464259
972	-0.791353475804471
973	-0.788307541144682
974	-0.779611888970769
975	-0.78960943257185
976	-0.78960943257185
977	-0.770916236796856
978	-0.77656595431098
979	-0.763522476050111
980	-0.773520019651191
981	-0.75352493244903
982	-0.746131171702284
983	-0.721788258413167
984	-0.721788258413167
985	-0.721788258413167
986	-0.726136084500123
987	-0.736133628101204
988	-0.74048145418816
989	-0.743085237042496
990	-0.751780889216409
991	-0.757430606730533
992	-0.77177597641857
993	-0.78481945467944
994	-0.792213215426185
995	-0.796561041513142
996	-0.780913780397937
997	-0.773520019651191
998	-0.767870302137067
999	-0.750478997789241
1000	-0.756128715303365
1001	-0.750478997789241
1002	-0.751780889216409
1003	-0.76177843281749
1004	-0.73569147629575
1005	-0.73569147629575
1006	-0.73569147629575
1007	-0.747433063129452
1008	-0.720044215180546
1009	-0.720486366985999
1010	-0.724834193072955
1011	-0.71744043232621
1012	-0.727437975927291
1013	-0.733087693441415
1014	-0.728739867354458
1015	-0.720044215180546
1016	-0.70439695406534
1017	-0.714394497666421
1018	-0.720044215180546
1019	-0.753082780643576
1020	-0.774821911078359
1021	-0.774821911078359
1022	-0.779169737165316
1023	-0.767428150331614
1024	-0.767428150331614
1025	-0.763080324244657
1026	-0.77177597641857
1027	-0.78481945467944
1028	-0.789167280766397
1029	-0.802210759027266
1030	-0.79786293294031
1031	-0.793515106853353
1032	-0.809162367968558
1033	-0.822205846229428
1034	-0.814812085482682
1035	-0.830901498403341
1036	-0.796118889707689
1037	-0.798722672562024
1038	-0.794374846475068
1039	-0.801768607221813
1040	-0.806116433308769
1041	-0.787423237533776
1042	-0.791771063620732
1043	-0.810464259395726
1044	-0.807418324735937
1047	-0.830459346597888
1048	-0.834807172684844
1049	-0.839154998771801
1050	-0.834807172684844
1051	-0.824809629083763
1055	-0.856546303119627
1056	-0.856546303119627
1057	-0.873937607467453
1058	-0.872635716040285
1059	-0.881331368214198
1060	-0.891328911815279
1061	-0.891328911815279
1062	-0.885679194301154
1063	-0.890027020388111
1064	-0.884377302873987
1065	-0.897420781134856
1066	-0.924809629083763
1067	-0.92915745517072
1068	-0.932203389830508
1069	-0.923507737656595
1070	-0.932203389830508
1071	-0.937853107344633
1072	-0.914812085482682
1073	-0.910464259395726
1074	-0.922205846229428
1075	-0.927855563743552
1076	-0.949594694178335
1077	-0.959592237779415
1078	-0.963940063866372
1079	-0.955244411692459
1080	-0.945246868091378
1081	-0.946548759518546
1082	-0.936551215917465
1083	-0.927855563743552
1084	-0.939597150577254
1085	-0.922205846229428
1086	-0.94394497666421
1087	-0.962638172439204
1088	-0.958290346352248
1089	-0.952640628838123
1090	-0.952640628838123
1091	-0.972635716040285
1092	-0.968287889953328
1093	-0.981331368214198
1094	-0.991328911815279
1095	-0.973937607467453
1096	-0.960894129206583
1097	-0.986981085728322
1243	-0.86524195529354
1244	-0.869589781380496
1252	-0.882633259641366
1253	-0.878285433554409
1254	-0.873937607467453
1255	-0.876983542127242
1256	-0.876983542127242
1257	-0.888725128960943
1258	-0.8930729550479
1259	-0.901768607221813
1260	-0.8930729550479
1261	-0.911766150822894
1262	-0.911766150822894
1263	-0.939154998771801
1264	-0.943502824858757
1265	-0.939154998771801
1266	-0.943502824858757
1268	-0.934807172684844
1269	-0.937853107344633
1270	-0.943502824858757
1608	-0.778285433554409
1609	-0.76524195529354
1610	-0.768287889953328
1611	-0.763940063866372
1612	-0.755244411692459
1613	-0.746548759518546
1614	-0.75219847703267
1615	-0.760894129206583
1616	-0.75219847703267
1617	-0.760894129206583
1618	-0.743502824858757
1619	-0.730459346597887
1620	-0.730459346597887
1622	-0.726111520510931
1623	-0.690027020388111
1624	-0.711766150822894
1625	-0.730459346597887
1626	-0.730459346597887
1627	-0.730459346597887
1628	-0.724809629083763
1629	-0.71611397690985
1630	-0.734807172684844
1631	-0.726111520510931
5363	-1.31306804225006
5805	-1.06524195529354
5806	-1.04220093343159
5807	-1.02915745517072
5808	-1.03350528125768
5809	-1.02480962908376
5810	-1.03045934659789
5811	-1.03480717268484
5812	-1.02176369442397
5870	-0.32915745517072
5871	-0.317415868337018
5872	-0.301768607221813
5873	-0.303070498648981
5874	-0.275681650700074
5875	-0.272635716040285
5876	-0.268287889953328
5877	-0.268287889953328
5878	-0.268287889953328
5879	-0.291328911815279
5880	-0.295676737902235
5881	-0.273937607467453
5886	-0.256546303119627
5887	-0.25219847703267
6018	0.210660771309261
6019	0.653082780643576
6020	0.670474084991402
6021	1.14505035617784
6022	1.64831736674036
6023	2.13028739867354
6024	2.15463031196266
6025	2.17462539916482
6026	2.17897322525178
6027	2.17897322525178
6028	2.19331859493982
6029	2.19766642102677
6030	2.20201424711373
6031	2.21070989928764
6032	2.22375337754851
6033	2.22375337754851
6034	2.22810120363547
6035	2.22810120363547
6036	2.24984033407025
6037	2.27157946450504
6038	2.30201424711373
6039	2.31070989928764
6040	2.31810366003439
