28	0.227799227799228
29	0.227799227799228
30	0.227799227799228
31	0.227799227799228
32	0.299227799227799
33	0.299227799227799
34	0.370656370656371
35	0.415057915057915
36	0.361003861003861
37	0.388030888030888
38	0.388030888030888
39	0.361003861003861
40	0.557915057915058
41	0.567567567567568
42	0.567567567567568
43	0.693050193050193
44	0.666023166023166
45	0.693050193050193
46	0.666023166023166
47	0.666023166023166
48	0.693050193050193
49	0.594594594594595
50	0.523166023166023
51	0.55019305019305
52	0.55019305019305
53	0.631274131274131
54	0.631274131274131
55	0.461389961389962
56	0.461389961389962
57	0.38996138996139
58	0.461389961389962
59	0.434362934362934
60	0.434362934362934
61	0.451737451737452
62	0.451737451737452
63	0.370656370656371
64	0.326254826254826
65	0.326254826254826
66	0.397683397683398
67	0.370656370656371
68	0.299227799227799
69	0.343629343629344
70	0.361003861003861
71	0.262548262548263
72	0.361003861003861
73	0.575289575289575
74	0.584942084942085
75	0.656370656370657
76	0.513513513513513
77	0.557915057915058
78	0.646718146718147
79	0.592664092664093
80	0.592664092664093
81	0.592664092664093
82	0.61969111969112
83	0.521235521235521
84	0.521235521235521
85	0.44980694980695
86	0.575289575289575
87	0.548262548262548
88	0.494208494208494
89	0.637065637065637
90	0.637065637065637
91	0.735521235521236
92	0.708494208494209
93	0.681467181467181
94	0.61003861003861
95	0.637065637065637
96	0.708494208494209
97	0.833976833976834
98	0.708494208494209
99	0.762548262548263
100	0.806949806949807
101	0.806949806949807
102	0.735521235521236
103	0.735521235521236
104	0.708494208494209
105	0.735521235521236
106	0.646718146718147
107	0.718146718146718
108	0.673745173745174
109	0.459459459459459
110	0.432432432432432
111	0.503861003861004
112	0.575289575289575
113	0.575289575289575
114	0.486486486486487
115	0.469111969111969
116	0.567567567567568
117	0.638996138996139
118	0.710424710424711
119	0.808880308880309
120	0.754826254826255
121	0.754826254826255
122	0.683397683397684
123	0.638996138996139
124	0.693050193050193
125	0.55019305019305
126	0.55019305019305
127	0.478764478764479
128	0.505791505791506
129	0.604247104247104
130	0.675675675675676
131	0.675675675675676
132	0.675675675675676
133	0.747104247104247
134	0.872586872586873
135	0.872586872586873
137	0.944015444015444
138	0.916988416988417
139	1.08687258687259
163	1.51544401544402
164	1.51544401544402
165	1.51544401544402
166	1.44401544401544
167	1.51544401544402
168	1.41698841698842
169	1.27413127413127
170	1.2027027027027
171	1.27413127413127
172	1.27413127413127
177	1.51544401544402
178	1.6042471042471
179	1.57722007722008
180	1.55019305019305
181	1.59459459459459
182	1.61196911196911
183	1.51351351351351
184	1.51351351351351
185	1.72779922779923
186	1.6023166023166
187	1.7007722007722
188	1.503861003861
189	1.45945945945946
190	1.55791505791506
191	1.55791505791506
192	1.45945945945946
193	1.45945945945946
194	1.43243243243243
195	1.43243243243243
196	1.37837837837838
197	1.09266409266409
198	1.23552123552124
199	1.23552123552124
200	1.27992277992278
201	1.22586872586873
202	1.34169884169884
203	1.34169884169884
204	1.41312741312741
205	1.43050193050193
206	1.43050193050193
207	1.35907335907336
208	1.21621621621622
209	1.18918918918919
210	1.03667953667954
211	1.06370656370656
212	1.06370656370656
213	0.920849420849421
214	0.832046332046332
215	0.930501930501931
216	0.957528957528958
217	0.913127413127413
218	0.967181467181467
219	0.994208494208494
220	1.03861003861004
221	0.895752895752896
222	1.02123552123552
223	0.994208494208494
224	1.04826254826255
225	1.07528957528958
226	1.003861003861
227	1.14671814671815
228	1.24517374517375
229	1.21814671814672
230	1.34362934362934
231	1.41505791505791
232	1.34362934362934
233	1.34362934362934
234	1.2007722007722
235	1.08494208494209
236	1.08494208494209
237	1.13899613899614
238	1.06756756756757
239	0.996138996138996
240	0.969111969111969
241	0.969111969111969
242	0.969111969111969
243	0.969111969111969
244	0.969111969111969
245	0.924710424710425
246	1.05019305019305
247	0.951737451737452
248	0.996138996138996
249	0.996138996138996
250	0.996138996138996
251	0.924710424710425
252	0.853281853281853
253	0.996138996138996
254	0.942084942084942
255	1.01351351351351
256	0.969111969111969
257	0.942084942084942
258	1.01351351351351
259	0.942084942084942
260	0.915057915057915
261	0.95945945945946
262	0.932432432432433
263	0.762548262548263
264	0.735521235521236
265	0.762548262548263
266	0.691119691119691
267	0.664092664092664
268	0.646718146718147
269	0.646718146718147
270	0.646718146718147
271	0.718146718146718
272	0.816602316602317
273	0.816602316602317
274	0.745173745173745
275	0.816602316602317
276	0.799227799227799
277	0.853281853281853
278	0.853281853281853
279	0.897683397683398
280	0.897683397683398
281	0.897683397683398
282	0.853281853281853
283	0.88030888030888
284	0.808880308880309
285	0.835907335907336
286	0.88030888030888
287	0.853281853281853
288	0.853281853281853
289	0.666023166023166
290	0.764478764478765
291	0.693050193050193
292	0.693050193050193
293	0.72007722007722
294	0.648648648648649
295	0.747104247104247
296	0.774131274131274
297	0.72972972972973
313	0.631274131274131
314	0.675675675675676
315	0.631274131274131
316	0.631274131274131
317	0.774131274131274
318	0.774131274131274
319	0.872586872586873
320	0.872586872586873
321	0.872586872586873
322	0.801158301158301
325	0.801158301158301
326	0.72972972972973
327	0.702702702702703
328	0.702702702702703
329	0.648648648648649
330	0.55019305019305
331	0.424710424710425
332	0.469111969111969
333	0.442084942084942
334	0.442084942084942
335	0.442084942084942
336	0.513513513513513
337	0.415057915057915
338	0.361003861003861
339	0.361003861003861
340	0.503861003861004
341	0.415057915057915
342	0.343629343629344
343	0.272200772200772
344	0.146718146718147
345	0.146718146718147
346	0.11969111969112
347	0.11969111969112
348	0.11969111969112
349	0.272200772200772
350	0.343629343629344
351	0.316602316602317
352	0.388030888030888
353	0.262548262548263
354	0.262548262548263
355	0.191119691119691
356	0.191119691119691
357	0.191119691119691
358	0.218146718146718
359	0.218146718146718
360	0.218146718146718
361	0.316602316602317
362	0.28957528957529
363	0.361003861003861
364	0.432432432432432
365	0.486486486486487
366	0.540540540540541
367	0.496138996138996
368	0.523166023166023
369	0.621621621621622
370	0.621621621621622
371	0.764478764478765
372	0.978764478764479
373	1.00579150579151
374	1.1042471042471
375	1.24710424710425
376	1.27413127413127
377	1.27413127413127
378	1.27413127413127
379	1.31853281853282
380	1.41698841698842
381	1.51544401544402
384	1.58687258687259
385	1.51544401544402
387	1.65830115830116
388	1.67567567567568
389	1.65830115830116
390	1.65830115830116
391	1.65830115830116
392	1.72972972972973
393	1.77413127413127
394	1.77413127413127
395	1.74710424710425
396	1.74710424710425
397	1.67567567567568
398	1.67567567567568
399	1.67567567567568
400	1.55019305019305
401	1.47876447876448
402	1.47876447876448
403	1.47876447876448
404	1.45173745173745
405	1.52316602316602
406	1.496138996139
407	1.35328185328185
408	1.13899613899614
409	1.15637065637066
410	1.08494208494209
411	0.915057915057915
412	0.843629343629344
413	0.843629343629344
414	0.843629343629344
415	0.799227799227799
416	0.799227799227799
417	0.799227799227799
418	0.727799227799228
419	0.727799227799228
420	0.826254826254826
421	0.897683397683398
422	0.62934362934363
423	0.683397683397684
424	0.808880308880309
425	0.808880308880309
426	0.951737451737452
427	0.924710424710425
428	0.853281853281853
429	0.88030888030888
430	0.951737451737452
431	1.26447876447876
432	1.38030888030888
433	1.38030888030888
434	1.40733590733591
435	1.40733590733591
436	1.46138996138996
437	1.53281853281853
438	1.67567567567568
439	1.64864864864865
440	1.64864864864865
441	1.55019305019305
442	1.55019305019305
443	1.76447876447876
444	1.69305019305019
445	1.74710424710425
446	1.81853281853282
447	1.98841698841699
448	2.03281853281853
449	2.05019305019305
450	2.12162162162162
451	2.19305019305019
452	2.12162162162162
453	2.12162162162162
454	2.33590733590734
455	2.23745173745174
456	2.19305019305019
457	2.26447876447876
458	2.31853281853282
459	2.38996138996139
460	2.22007722007722
461	2.40733590733591
462	2.40733590733591
463	2.57722007722008
464	2.64864864864865
465	2.64864864864865
466	2.62162162162162
467	2.40733590733591
468	2.23745173745174
469	2.38030888030888
470	2.45173745173745
471	2.47876447876448
472	2.50579150579151
473	2.43436293436293
474	2.36293436293436
475	2.36293436293436
476	2.30888030888031
477	2.30888030888031
478	2.33590733590734
479	2.16602316602317
480	2.23745173745174
481	2.16602316602317
482	2.09459459459459
483	1.996138996139
484	1.95173745173745
485	1.93436293436293
486	1.86293436293436
487	1.79150579150579
488	1.79150579150579
489	1.79150579150579
490	1.64864864864865
491	1.67567567567568
492	1.74710424710425
493	1.6042471042471
494	1.67567567567568
495	1.57722007722008
496	1.6042471042471
497	1.34555984555985
498	1.2027027027027
499	1.13127413127413
500	1.13127413127413
501	1.05984555984556
502	1.15830115830116
503	1.08687258687259
529	1.48841698841699
530	1.41698841698842
531	1.44401544401544
532	1.44401544401544
533	1.48841698841699
534	1.46138996138996
535	1.38996138996139
536	1.31853281853282
537	1.31853281853282
538	1.17567567567568
539	1.24710424710425
540	1.1042471042471
541	1.07722007722008
542	1.02316602316602
543	1.02316602316602
544	1.09459459459459
545	1.23745173745174
546	1.16602316602317
547	1.06756756756757
548	1.06756756756757
549	1.11196911196911
550	1.06756756756757
551	1.13899613899614
552	1.06756756756757
553	1.11196911196911
554	1.04054054054054
555	1.04054054054054
556	0.853281853281853
557	0.853281853281853
558	0.951737451737452
559	1.05019305019305
560	0.934362934362934
561	0.808880308880309
562	0.781853281853282
563	0.710424710424711
564	0.737451737451738
565	0.934362934362934
566	0.951737451737452
567	0.897683397683398
568	1.01351351351351
569	0.969111969111969
570	0.95945945945946
571	0.851351351351352
572	0.868725868725869
573	0.868725868725869
574	0.868725868725869
575	0.743243243243243
576	0.716216216216216
577	0.689189189189189
578	0.743243243243243
579	0.787644787644788
580	0.859073359073359
581	0.716216216216216
582	0.832046332046332
583	1.09073359073359
584	1.20656370656371
585	1.23359073359073
586	1.44787644787645
587	1.46525096525097
588	1.46525096525097
589	1.39382239382239
590	1.39382239382239
591	1.32239382239382
592	1.36679536679537
593	1.38416988416988
594	1.38416988416988
595	1.31274131274131
596	1.31274131274131
597	1.36679536679537
598	1.60810810810811
599	1.60810810810811
600	1.50965250965251
601	1.2953667953668
602	1.34942084942085
603	1.30501930501931
604	1.18918918918919
605	1.05405405405405
606	1.09073359073359
607	1.17181467181467
608	1.1988416988417
609	1.27027027027027
610	1.35907335907336
611	1.41312741312741
612	1.38610038610039
613	1.44015444015444
614	1.48455598455598
615	1.41312741312741
616	1.36872586872587
617	1.58301158301158
618	1.44015444015444
619	1.25289575289575
620	1.20849420849421
621	1.15444015444015
622	0.886100386100386
623	0.868725868725869
624	0.868725868725869
625	1.03861003861004
626	1.08301158301158
627	1.05598455598456
628	0.984555984555985
629	0.984555984555985
630	0.913127413127413
631	0.984555984555985
632	1.02895752895753
633	1.07335907335907
634	0.930501930501931
635	0.903474903474904
636	0.859073359073359
637	0.805019305019305
638	0.733590733590734
639	0.805019305019305
640	0.849420849420849
641	0.957528957528958
642	0.957528957528958
643	1.05598455598456
644	0.984555984555985
645	0.886100386100386
646	0.797297297297297
647	0.868725868725869
648	1.06563706563707
649	1.13706563706564
650	1.09266409266409
651	1.19111969111969
652	1.06563706563707
653	0.824324324324324
654	0.851351351351352
655	0.878378378378379
656	0.895752895752896
657	0.895752895752896
658	0.94980694980695
659	1.11969111969112
660	1.19111969111969
661	1.11969111969112
662	1.11969111969112
663	1.14671814671815
664	1.17374517374517
665	1.22779922779923
666	1.22779922779923
667	1.22779922779923
668	1.32625482625483
669	1.25482625482625
670	1.18339768339768
671	1.18339768339768
672	1.25482625482625
673	1.30888030888031
674	1.30888030888031
675	1.33590733590734
676	1.29150579150579
677	1.31853281853282
678	1.28185328185328
679	1.21042471042471
680	1.23745173745174
681	1.38030888030888
682	1.35328185328185
683	1.28185328185328
684	1.11196911196911
685	1.11196911196911
686	1.11196911196911
687	1.01351351351351
688	1.13899613899614
689	1.13899613899614
690	1.11196911196911
691	1.04054054054054
692	0.996138996138996
693	0.951737451737452
694	1.09459459459459
695	0.951737451737452
696	1.06756756756757
697	1.04054054054054
698	1.13899613899614
699	1.15637065637066
700	1.05791505791506
701	0.986486486486487
702	0.986486486486487
703	1.05791505791506
704	1.03088803088803
705	1.1023166023166
706	1.07528957528958
707	1.21814671814672
708	1.14671814671815
709	1.14671814671815
710	1.16409266409266
711	1.06563706563707
712	1.13706563706564
713	1.15444015444015
714	1.30694980694981
715	1.27992277992278
716	1.32432432432432
717	1.20849420849421
718	1.23552123552124
719	1.30694980694981
720	1.40540540540541
721	1.33397683397683
722	1.40540540540541
723	1.503861003861
724	1.47683397683398
725	1.503861003861
726	1.6023166023166
727	1.6023166023166
728	1.62934362934363
729	1.53088803088803
730	1.36100386100386
731	1.30694980694981
732	1.16409266409266
733	1.09266409266409
734	0.922779922779923
735	0.878378378378379
736	0.976833976833977
737	1.02123552123552
738	0.994208494208494
739	0.797297297297297
740	0.752895752895753
741	0.708494208494209
742	0.735521235521236
743	0.61969111969112
744	0.691119691119691
745	0.691119691119691
746	0.816602316602317
747	0.915057915057915
748	0.843629343629344
749	0.826254826254826
750	0.683397683397684
751	0.710424710424711
752	0.638996138996139
753	0.683397683397684
754	0.656370656370657
755	0.62934362934363
756	0.745173745173745
757	0.745173745173745
758	0.745173745173745
759	0.745173745173745
760	0.673745173745174
761	0.888030888030888
762	0.816602316602317
763	0.816602316602317
764	0.816602316602317
765	1.12934362934363
766	1.12934362934363
767	1.08494208494209
768	1.11196911196911
769	1.11196911196911
770	1.13899613899614
771	1.11196911196911
772	1.01351351351351
773	1.04054054054054
774	1.06756756756757
775	1.09459459459459
776	1.21042471042471
777	1.28185328185328
778	1.32625482625483
779	1.32625482625483
780	1.25482625482625
781	1.32625482625483
782	1.25482625482625
783	1.2992277992278
784	1.2992277992278
785	1.2992277992278
786	1.32625482625483
787	1.2992277992278
788	1.27220077220077
789	1.2007722007722
790	1.2007722007722
791	1.15637065637066
792	1.05791505791506
793	1.05791505791506
794	1.003861003861
795	0.932432432432433
796	0.932432432432433
797	0.78957528957529
798	0.78957528957529
799	0.861003861003861
800	1.14671814671815
801	0.833976833976834
802	0.976833976833977
803	1.07528957528958
804	1.14671814671815
805	1.14671814671815
806	1.14671814671815
807	1.24517374517375
808	1.27220077220077
809	1.2007722007722
810	1.27220077220077
811	1.37065637065637
812	1.25482625482625
813	1.32625482625483
814	1.32625482625483
815	1.27220077220077
816	1.24517374517375
817	1.09266409266409
818	1.02123552123552
819	0.905405405405406
820	0.851351351351352
821	0.895752895752896
822	0.868725868725869
823	0.895752895752896
824	0.967181467181467
825	1.01158301158301
826	0.984555984555985
827	0.930501930501931
828	0.814671814671815
829	0.886100386100386
830	0.841698841698842
831	0.787644787644788
832	0.760617760617761
833	0.750965250965251
834	0.795366795366796
835	0.812741312741313
836	0.401544401544402
837	0.598455598455599
838	0.554054054054054
839	0.455598455598456
840	0.312741312741313
841	0.428571428571429
842	0.401544401544402
843	0.303088803088803
844	0.347490347490347
845	0.32046332046332
846	0.239382239382239
847	0.140926640926641
848	0.086872586872587
849	0.0598455598455601
850	-0.0115830115830116
851	0.0154440154440154
852	0.0598455598455601
853	0.140926640926641
854	0.131274131274131
855	0.0772200772200771
856	0.131274131274131
857	0.086872586872587
858	0.131274131274131
859	0.0772200772200771
860	0.175675675675676
861	0.158301158301158
862	0.283783783783784
863	0.409266409266409
864	0.480694980694981
865	0.409266409266409
866	0.382239382239382
867	0.409266409266409
868	0.463320463320464
869	0.347490347490347
870	0.303088803088803
871	0.214285714285714
872	0.33976833976834
873	0.268339768339768
874	0.196911196911197
875	0.268339768339768
876	0.285714285714286
877	0.268339768339768
878	0.241312741312741
879	0.187258687258687
880	0.0521235521235521
881	-0.00193050193050182
882	0.0791505791505793
883	0.106177606177606
884	0.16023166023166
885	0.0173745173745172
886	0.115830115830116
887	0.258687258687259
888	0.268339768339768
889	0.482625482625483
890	0.492277992277992
891	0.492277992277992
892	0.536679536679537
893	0.482625482625483
894	0.411196911196911
895	0.536679536679537
896	0.393822393822394
897	0.393822393822394
898	0.268339768339768
899	0.115830115830116
900	0.0444015444015444
901	0.16023166023166
902	0.187258687258687
903	0.258687258687259
904	0.303088803088803
905	0.428571428571429
906	0.374517374517374
907	0.374517374517374
908	0.249034749034749
909	0.150579150579151
910	0.0965250965250963
911	0.0694980694980694
912	0.0250965250965252
913	-0.0733590733590732
914	0.0521235521235521
915	0.16023166023166
916	0.241312741312741
917	0.214285714285714
918	0.115830115830116
919	0.204633204633204
920	0.177606177606177
921	0.0791505791505793
922	-0.0463320463320462
923	-0.0907335907335909
924	-0.0193050193050193
925	-0.189189189189189
926	-0.27992277992278
927	-0.27992277992278
928	-0.351351351351352
929	-0.225868725868726
930	-0.198841698841699
931	-0.351351351351352
932	-0.289575289575289
933	-0.343629343629344
934	-0.289575289575289
935	-0.137065637065637
936	-0.038610038610039
937	-0.11003861003861
938	-0.11003861003861
939	-0.198841698841699
940	-0.297297297297297
941	-0.297297297297297
942	-0.27027027027027
943	-0.297297297297297
944	-0.297297297297297
945	-0.324324324324325
946	-0.297297297297297
947	-0.368725868725869
948	-0.368725868725869
949	-0.368725868725869
950	-0.44015444015444
951	-0.395752895752896
952	-0.413127413127413
953	-0.305019305019305
954	-0.206563706563707
955	-0.322393822393822
956	-0.349420849420849
957	-0.349420849420849
958	-0.332046332046332
959	-0.359073359073359
960	-0.43050193050193
961	-0.332046332046332
962	-0.241312741312741
963	-0.241312741312741
964	-0.241312741312741
965	-0.312741312741313
966	-0.312741312741313
967	-0.231660231660232
1033	-0.0694980694980695
1034	-0.0694980694980695
1035	-0.0424710424710425
1056	-0.177606177606178
1057	-0.177606177606178
1058	-0.123552123552124
1059	-0.052123552123552
1060	-0.0791505791505791
1061	-0.106177606177606
1062	-0.177606177606178
1068	-0.0694980694980695
1069	-0.0424710424710425
1070	0.0559845559845562
1071	0.028957528957529
1072	0.0830115830115831
1073	0.154440154440154
1074	0.127413127413128
1075	0.198841698841699
1076	0.225868725868726
1077	0.171814671814672
1078	0.243243243243243
1079	0.260617760617761
1080	0.287644787644788
1081	0.287644787644788
1082	0.144787644787645
1083	0.0637065637065636
1084	0.0907335907335907
1085	0.162162162162162
1086	0.135135135135135
1087	0.216216216216216
1088	0.27027027027027
1089	0.27992277992278
1090	0.405405405405405
1091	0.378378378378378
1092	0.333976833976834
1093	0.333976833976834
1094	0.306949806949807
1095	0.306949806949807
1096	0.306949806949807
1097	0.235521235521236
1098	0.306949806949807
1099	0.405405405405405
1100	0.44980694980695
1101	0.395752895752896
1102	0.467181467181467
1103	0.467181467181467
1104	0.324324324324324
1105	0.252895752895753
1106	0.181467181467181
1107	0.208494208494209
1108	0.27027027027027
1109	0.198841698841699
1110	0.341698841698842
1111	0.297297297297297
1112	0.324324324324324
1113	0.378378378378378
1114	0.297297297297297
1115	0.27992277992278
1116	0.225868725868726
1117	0.297297297297297
1118	0.44015444015444
1119	0.467181467181467
1120	0.44015444015444
1121	0.494208494208494
1122	0.664092664092664
1123	0.735521235521236
1124	0.735521235521236
1125	0.637065637065637
1126	0.61003861003861
1127	0.61003861003861
1128	0.61003861003861
1129	0.654440154440154
1130	0.681467181467181
1131	0.583011583011583
1132	0.583011583011583
1133	0.61003861003861
1134	0.511583011583012
1135	0.538610038610039
1136	0.467181467181467
1137	0.521235521235521
1138	0.422779922779923
1139	0.422779922779923
1140	0.368725868725869
1141	0.341698841698842
1142	0.287644787644788
1143	0.287644787644788
1144	0.297297297297297
1145	0.27027027027027
1146	0.181467181467181
1147	0.127413127413128
1148	0.127413127413128
1149	0.127413127413128
1150	0.137065637065637
1151	0.181467181467181
1152	0.181467181467181
1153	0.11003861003861
1252	0.0926640926640927
1263	-0.0694980694980695
1264	-0.123552123552124
1265	-0.0791505791505791
1266	-0.177606177606178
1267	-0.177606177606178
1268	-0.177606177606178
1269	-0.177606177606178
1270	-0.231660231660232
1271	-0.231660231660232
1272	-0.258687258687259
1292	-0.0154440154440153
1297	-0.204633204633205
1298	-0.204633204633205
1300	-0.123552123552124
1305	-0.150579150579151
1306	-0.0965250965250966
1307	-0.123552123552124
1308	-0.0965250965250966
1309	-0.0965250965250966
1310	-0.0694980694980695
1311	-0.0694980694980695
1312	-0.0154440154440153
1313	0.0559845559845562
1314	0.00193050193050204
1315	-0.106177606177606
1318	-0.258687258687259
1319	-0.214285714285714
1320	-0.16023166023166
1321	-0.231660231660232
1322	-0.258687258687259
1323	-0.258687258687259
1324	-0.285714285714286
1325	-0.268339768339768
1326	-0.376447876447876
1327	-0.447876447876448
1372	-0.474903474903475
1373	-0.420849420849421
1374	-0.393822393822394
1375	-0.268339768339768
1376	-0.268339768339768
1381	-0.33976833976834
1382	-0.241312741312741
1383	-0.241312741312741
1384	-0.322393822393822
1385	-0.295366795366795
1386	-0.366795366795367
1387	-0.285714285714286
1388	-0.33976833976834
1389	-0.223938223938224
1390	-0.295366795366795
1391	-0.214285714285714
1392	-0.16023166023166
1393	-0.187258687258687
1394	-0.214285714285714
1395	-0.241312741312741
1396	-0.258687258687259
1397	-0.177606177606178
1398	-0.285714285714286
1399	-0.312741312741313
1403	-0.393822393822394
1404	-0.33976833976834
1405	-0.285714285714286
1410	-0.393822393822394
1412	-0.393822393822394
1413	-0.393822393822394
1414	-0.393822393822394
1415	-0.420849420849421
1416	-0.447876447876448
1622	-0.393822393822394
1623	-0.33976833976834
1930	-0.501930501930502
1932	-0.393822393822394
1933	-0.474903474903475
1934	-0.457528957528957
1935	-0.484555984555984
1936	-0.403474903474903
1937	-0.43050193050193
1938	-0.457528957528957
1939	-0.484555984555984
1940	-0.555984555984556
2033	-0.150579150579151
2034	-0.106177606177606
2035	-0.0965250965250966
2036	-0.123552123552124
2037	-0.123552123552124
2043	-0.258687258687259
2044	-0.258687258687259
2045	-0.204633204633205
2046	-0.0617760617760617
2047	0.0637065637065636
2048	0.162162162162162
2049	0.0637065637065636
2050	-0.0444015444015445
2051	0.00965250965250963
2052	-0.0444015444015445
2053	-0.0444015444015445
2054	-0.0173745173745175
2055	0.0366795366795365
2056	0.0193050193050194
2057	-0.0347490347490348
2058	-0.133204633204633
2059	-0.133204633204633
2060	-0.133204633204633
2061	-0.0617760617760617
2062	-0.115830115830116
2063	-0.115830115830116
2064	0.00965250965250963
2065	0.0637065637065636
2066	-0.0347490347490348
2067	0.0366795366795365
2068	-0.0347490347490348
2069	-0.052123552123552
2070	-0.0965250965250966
2071	-0.123552123552124
2072	-0.204633204633205
2077	-0.123552123552124
2078	-0.0965250965250966
2081	-0.133204633204633
2207	-0.204633204633205
2208	-0.231660231660232
2209	-0.231660231660232
2210	-0.258687258687259
2211	-0.258687258687259
2212	-0.231660231660232
2213	-0.214285714285714
2214	-0.214285714285714
2215	-0.214285714285714
2216	-0.241312741312741
2217	-0.214285714285714
2218	-0.258687258687259
2219	-0.231660231660232
2220	-0.258687258687259
2323	-0.33976833976834
2324	-0.33976833976834
2325	-0.241312741312741
2326	-0.133204633204633
2327	-0.133204633204633
2328	-0.0888030888030887
2329	-0.0617760617760617
2330	-0.0617760617760617
2331	-0.0617760617760617
2332	-0.0444015444015445
2333	-0.0444015444015445
2334	-0.0173745173745175
2335	0.0810810810810811
2336	0.108108108108108
2337	0.108108108108108
2338	0.287644787644788
2339	0.135135135135135
2340	0.189189189189189
2341	0.216216216216216
2342	0.0637065637065636
2343	0.0637065637065636
2344	0.108108108108108
2345	0.189189189189189
2346	0.0907335907335907
2347	0.0193050193050194
2348	0.0193050193050194
2349	0.0193050193050194
2350	0.0193050193050194
2351	0.0193050193050194
2352	0.0463320463320464
2353	0.0193050193050194
2354	-0.0888030888030887
2355	-0.0888030888030887
2356	-0.16023166023166
2357	-0.214285714285714
2358	-0.231660231660232
2360	-0.285714285714286
2453	-0.0694980694980695
2454	-0.123552123552124
2455	-0.123552123552124
2456	-0.231660231660232
2457	-0.231660231660232
2458	-0.231660231660232
2459	-0.285714285714286
2460	-0.285714285714286
2520	-0.258687258687259
2521	-0.214285714285714
2522	-0.106177606177606
2523	-0.052123552123552
2524	-0.052123552123552
2525	-0.106177606177606
2526	-0.00772200772200771
2527	-0.00772200772200771
2528	-0.0347490347490348
2529	-0.0347490347490348
2530	0.135135135135135
2531	0.0637065637065636
2532	0.0366795366795365
2533	0.0366795366795365
2534	-0.0173745173745175
2535	-0.0444015444015445
2536	-0.0714285714285715
2537	-0.0173745173745175
2538	0.0540540540540541
2539	0.0540540540540541
2540	0.108108108108108
2541	0.0366795366795365
2542	-0.052123552123552
2543	-0.187258687258687
2544	-0.214285714285714
2545	-0.187258687258687
2546	-0.0617760617760617
2547	0.0366795366795365
2548	0.0637065637065636
2549	0.0637065637065636
2550	0.0907335907335907
2551	0.233590733590734
2552	0.179536679536679
2553	0.027027027027027
2554	-0.027027027027027
2555	0
2556	-0.0714285714285715
2557	-0.16023166023166
2558	-0.204633204633205
2559	-0.133204633204633
2560	-0.133204633204633
2561	-0.106177606177606
2562	-0.204633204633205
2563	-0.204633204633205
2564	-0.231660231660232
2565	-0.177606177606178
3223	0.281853281853282
3224	0.254826254826255
3225	0.227799227799228
3226	0.200772200772201
3227	0.272200772200772
3228	0.299227799227799
3229	0.227799227799228
3230	0.254826254826255
3231	0.299227799227799
3232	0.272200772200772
3233	0.200772200772201
3234	0.11969111969112
3235	0.11969111969112
3236	0.11969111969112
3243	-0.0154440154440153
3244	-0.0154440154440153
3245	-0.0154440154440153
3246	-0.0694980694980695
3247	-0.0154440154440153
3248	-0.0154440154440153
3249	0.0559845559845562
3250	0.00193050193050204
3251	0.00193050193050204
3252	0.0463320463320464
3253	-0.0694980694980695
3254	-0.025096525096525
3255	-0.025096525096525
3256	-0.123552123552124
3257	-0.123552123552124
3258	-0.258687258687259
3276	-0.258687258687259
3277	-0.258687258687259
3613	-0.474903474903475
3614	-0.420849420849421
3797	-0.223938223938224
3798	-0.196911196911197
3799	-0.125482625482626
3800	-0.17953667953668
3801	-0.17953667953668
3802	-0.027027027027027
3803	-0.027027027027027
3804	0
3805	0
3806	0.152509652509653
3807	0
3808	-0.027027027027027
3809	-0.0984555984555985
3810	-0.152509652509653
3811	-0.268339768339768
3812	-0.241312741312741
3813	-0.214285714285714
3814	-0.16023166023166
3815	-0.133204633204633
3816	-0.231660231660232
3817	-0.285714285714286
3884	-0.177606177606178
3891	-0.204633204633205
3895	-0.285714285714286
4087	-0.231660231660232
4088	-0.258687258687259
4089	-0.106177606177606
4090	-0.115830115830116
4091	-0.142857142857143
4092	-0.223938223938224
4093	-0.223938223938224
4094	-0.196911196911197
4095	-0.223938223938224
4096	-0.196911196911197
4097	-0.241312741312741
4098	-0.366795366795367
4099	-0.223938223938224
4100	-0.196911196911197
4101	-0.142857142857143
4102	-0.223938223938224
4103	-0.295366795366795
4104	-0.214285714285714
4105	-0.241312741312741
4106	-0.187258687258687
4107	-0.177606177606178
4108	-0.177606177606178
4109	-0.123552123552124
4110	-0.150579150579151
4111	-0.025096525096525
4112	-0.0791505791505791
4113	-0.150579150579151
4114	-0.177606177606178
4115	-0.285714285714286
4116	-0.231660231660232
4117	-0.16023166023166
4118	-0.231660231660232
4119	-0.33976833976834
4120	-0.366795366795367
4121	-0.420849420849421
4372	-1.12355212355212
4373	-1.0965250965251
4374	-1.04247104247104
4375	-0.988416988416989
4376	-0.907335907335907
4377	-0.862934362934363
4378	-0.862934362934363
4379	-0.862934362934363
4380	-0.835907335907336
4381	-0.862934362934363
4382	-0.818532818532818
4383	-0.88996138996139
4384	-1.04247104247104
4385	-1.12355212355212
4386	-0.998069498069498
4387	-0.944015444015444
4388	-0.944015444015444
4389	-0.862934362934363
4393	-0.853281853281853
4397	-0.853281853281853
4398	-0.88030888030888
4399	-0.907335907335907
4400	-0.826254826254826
4403	-0.718146718146718
4404	-0.538610038610039
4405	-0.583011583011583
4406	-0.538610038610039
4407	-0.501930501930502
4408	-0.474903474903475
4409	-0.501930501930502
4410	-0.43050193050193
4411	-0.332046332046332
4412	-0.332046332046332
4413	-0.403474903474903
4414	-0.349420849420849
4415	-0.376447876447876
4416	-0.223938223938224
4417	-0.250965250965251
4418	-0.295366795366795
4419	-0.295366795366795
4420	-0.241312741312741
4421	-0.187258687258687
4422	-0.231660231660232
4423	-0.231660231660232
4424	-0.204633204633205
4425	-0.187258687258687
4426	-0.187258687258687
4427	-0.142857142857143
4428	-0.16988416988417
4429	-0.322393822393822
4430	-0.322393822393822
4431	-0.295366795366795
4432	-0.16988416988417
4433	-0.142857142857143
4434	-0.196911196911197
4435	-0.16988416988417
4436	-0.0984555984555985
4437	-0.0984555984555985
4438	-0.125482625482626
4439	-0.16988416988417
4440	-0.16988416988417
4441	-0.125482625482626
4442	-0.16988416988417
4443	-0.196911196911197
4444	-0.295366795366795
4445	-0.268339768339768
4446	-0.33976833976834
4448	-0.393822393822394
4449	-0.447876447876448
4450	-0.528957528957529
4451	-0.555984555984556
4464	-0.664092664092664
4465	-0.583011583011583
4466	-0.501930501930502
4467	-0.501930501930502
4552	-0.0965250965250966
4556	-0.177606177606178
4557	-0.177606177606178
4558	-0.0791505791505791
4559	-0.0617760617760617
4560	-0.133204633204633
4561	-0.187258687258687
4562	-0.133204633204633
4563	-0.231660231660232
4564	-0.285714285714286
4565	-0.420849420849421
4566	-0.376447876447876
4567	-0.43050193050193
4568	-0.457528957528957
4569	-0.528957528957529
4570	-0.501930501930502
4571	-0.501930501930502
4572	-0.403474903474903
4573	-0.403474903474903
4574	-0.376447876447876
4575	-0.376447876447876
4576	-0.332046332046332
4577	-0.305019305019305
4578	-0.305019305019305
4579	-0.332046332046332
4580	-0.305019305019305
4581	-0.376447876447876
4582	-0.393822393822394
4593	-0.501930501930502
4594	-0.528957528957529
4598	-0.583011583011583
4599	-0.484555984555984
4600	-0.359073359073359
4601	-0.277992277992278
4602	-0.349420849420849
4603	-0.322393822393822
4604	-0.349420849420849
4605	-0.349420849420849
4606	-0.349420849420849
4607	-0.349420849420849
4608	-0.447876447876448
4609	-0.420849420849421
4610	-0.447876447876448
4611	-0.447876447876448
4613	-0.393822393822394
4614	-0.420849420849421
4615	-0.393822393822394
4616	-0.322393822393822
4617	-0.223938223938224
4618	-0.17953667953668
4619	-0.152509652509653
4620	-0.196911196911197
4621	-0.142857142857143
4622	-0.196911196911197
4623	-0.268339768339768
4624	-0.33976833976834
4625	-0.366795366795367
4626	-0.447876447876448
4627	-0.376447876447876
4628	-0.447876447876448
4629	-0.474903474903475
4645	-0.61003861003861
4646	-0.583011583011583
4647	-0.61003861003861
4648	-0.664092664092664
4707	-0.366795366795367
4708	-0.393822393822394
4709	-0.393822393822394
4726	-0.177606177606178
4727	-0.231660231660232
4728	-0.150579150579151
4729	-0.231660231660232
4730	-0.231660231660232
4731	-0.285714285714286
4732	-0.312741312741313
4734	-0.241312741312741
4735	-0.258687258687259
4736	-0.285714285714286
4737	-0.241312741312741
4738	-0.285714285714286
4739	-0.312741312741313
4747	-0.528957528957529
4748	-0.555984555984556
4749	-0.637065637065637
4758	-0.88030888030888
4759	-0.88030888030888
4760	-0.853281853281853
4888	-0.853281853281853
4895	-0.718146718146718
4896	-0.61969111969112
4897	-0.565637065637066
4898	-0.592664092664092
4899	-0.565637065637066
4900	-0.565637065637066
4901	-0.511583011583011
4902	-0.413127413127413
4903	-0.511583011583011
4904	-0.61003861003861
4905	-0.528957528957529
4906	-0.474903474903475
4907	-0.376447876447876
4908	-0.277992277992278
4909	-0.332046332046332
4910	-0.305019305019305
4911	-0.277992277992278
4912	-0.43050193050193
4913	-0.403474903474903
4914	-0.474903474903475
4915	-0.501930501930502
4916	-0.447876447876448
4917	-0.349420849420849
4918	-0.241312741312741
4919	-0.268339768339768
4920	-0.241312741312741
4921	-0.196911196911197
4922	-0.295366795366795
4923	-0.322393822393822
4928	-0.393822393822394
4929	-0.420849420849421
4930	-0.376447876447876
5058	-0.0694980694980695
5059	-0.0965250965250966
5060	-0.025096525096525
5061	0.00193050193050204
5062	0.0733590733590734
5063	0.0733590733590734
5064	0.0463320463320464
5065	-0.0347490347490348
5066	-0.0617760617760617
5067	-0.00772200772200771
5068	0.0907335907335907
5069	0.0637065637065636
5070	-0.0347490347490348
5071	-0.16023166023166
5072	-0.285714285714286
5073	-0.204633204633205
5074	-0.231660231660232
5075	-0.0791505791505791
5076	-0.0347490347490348
5077	-0.00772200772200771
5078	-0.00772200772200771
5079	-0.00772200772200771
5080	-0.0347490347490348
5081	0.0540540540540541
5082	0.0540540540540541
5083	0.0810810810810811
5084	-0.0444015444015445
5085	-0.0173745173745175
5086	-0.0173745173745175
5087	0.0540540540540541
5088	0.125482625482625
5089	0.0714285714285714
5090	-0.0540540540540542
5091	-0.027027027027027
5092	-0.027027027027027
5093	-0.0540540540540542
5094	-0.223938223938224
5095	-0.322393822393822
5096	-0.420849420849421
5097	-0.376447876447876
5098	-0.349420849420849
5099	-0.250965250965251
5100	-0.223938223938224
5101	-0.16988416988417
5102	-0.125482625482626
5103	-0.0810810810810811
5104	-0.17953667953668
5105	-0.125482625482626
5106	-0.0540540540540542
5107	0.0984555984555984
5108	0.0984555984555984
5109	0.16988416988417
5110	0.258687258687259
5111	0.133204633204633
5112	0.0347490347490349
5113	0.0617760617760619
5114	0.187258687258687
5115	0.258687258687259
5116	0.33011583011583
5117	0.285714285714286
5118	0.384169884169884
5119	0.384169884169884
5120	0.411196911196911
5121	0.33976833976834
5122	0.312741312741313
5123	0.214285714285714
5124	0.115830115830116
5125	0.16988416988417
5126	0.16023166023166
5127	0.16023166023166
5128	0.133204633204633
5129	0.187258687258687
5130	0.214285714285714
5131	0.268339768339768
5132	0.268339768339768
5133	0.196911196911197
5134	0.125482625482625
5135	-0.027027027027027
5136	-0.0810810810810811
5137	-0.0540540540540542
5138	-0.0984555984555985
5139	-0.142857142857143
5140	-0.16988416988417
5141	-0.223938223938224
5142	-0.295366795366795
5143	-0.447876447876448
5144	-0.447876447876448
5173	-0.204633204633205
5174	-0.16023166023166
5175	-0.187258687258687
5176	-0.258687258687259
5177	-0.204633204633205
5230	-0.528957528957529
5231	-0.637065637065637
5232	-0.691119691119691
5234	-0.745173745173745
5235	-0.745173745173745
5236	-0.799227799227799
5254	-1.21428571428571
5255	-1.22393822393822
5256	-1.25096525096525
5257	-1.27799227799228
5258	-1.15250965250965
5259	-1.12548262548263
5260	-1.08108108108108
5261	-1.02702702702703
5262	-1.0984555984556
5263	-1
5264	-1.05405405405405
5265	-1.15250965250965
5266	-1.0984555984556
5267	-0.945945945945946
5268	-1
5269	-1.02702702702703
5270	-1.04440154440154
5271	-0.918918918918919
5272	-0.972972972972973
5273	-0.874517374517375
5274	-0.874517374517375
5275	-0.901544401544402
5276	-0.793436293436294
5277	-0.793436293436294
5278	-0.640926640926641
5279	-0.586872586872587
5280	-0.532818532818533
5281	-0.650579150579151
5282	-0.596525096525097
5283	-0.498069498069498
5284	-0.498069498069498
5285	-0.552123552123552
5286	-0.694980694980695
5287	-0.776061776061776
5288	-0.749034749034749
5289	-0.694980694980695
5290	-0.909266409266409
5291	-1.03474903474903
5292	-0.936293436293436
5293	-0.990347490347491
5294	-1.08880308880309
5295	-1.14285714285714
5296	-1.08880308880309
5297	-1.11583011583012
5298	-1.04440154440154
5299	-1.08880308880309
5300	-1.13320463320463
5301	-1.13320463320463
5302	-1.21428571428571
5303	-1.31274131274131
5304	-1.23166023166023
5305	-1.2046332046332
5306	-1.33976833976834
5311	-1.47490347490348
5312	-1.61003861003861
5313	-1.71814671814672
5314	-1.82625482625483
5315	-1.88030888030888
5316	-1.78185328185328
5317	-1.74517374517374
5318	-1.82625482625483
5335	-1.66409266409266
5336	-1.77220077220077
5341	-1.69111969111969
5342	-1.52895752895753
5343	-1.55598455598456
5344	-1.44787644787645
5345	-1.39382239382239
5346	-1.18725868725869
5348	-1.0965250965251
5349	-0.988416988416989
5350	-0.88030888030888
5351	-0.853281853281853
5355	-0.934362934362934
5356	-0.826254826254826
5357	-0.88030888030888
5358	-0.853281853281853
5359	-0.88030888030888
5360	-0.853281853281853
5361	-0.88030888030888
5362	-0.88030888030888
5363	-0.808880308880309
5364	-0.998069498069498
5365	-1.17760617760618
5366	-1.23166023166023
5367	-1.08880308880309
5368	-1.04440154440154
5369	-1.1969111969112
5370	-1.26833976833977
5371	-1.24131274131274
5372	-1.16023166023166
5373	-1.13320463320463
5374	-1.16023166023166
5375	-1.10617760617761
5376	-1.16023166023166
5377	-1.13320463320463
5378	-1.08880308880309
5379	-1.14285714285714
5380	-1.22393822393822
5381	-1.24324324324324
5382	-1.503861003861
5383	-1.61196911196911
5384	-1.65637065637066
5385	-1.71042471042471
5386	-1.97104247104247
5387	-2.02509652509652
5388	-1.9980694980695
5389	-1.84555984555985
5390	-1.74710424710425
5391	-1.69305019305019
5392	-1.66602316602317
5393	-1.66602316602317
5394	-1.59459459459459
5395	-1.67567567567568
5396	-1.82818532818533
5397	-1.8011583011583
5398	-1.72972972972973
5399	-1.8011583011583
5400	-1.59459459459459
5401	-1.51351351351351
5402	-1.41505791505792
5403	-1.55791505791506
5404	-1.6023166023166
5405	-1.49420849420849
5406	-1.52123552123552
5407	-1.56563706563707
5408	-1.51158301158301
5409	-1.57528957528958
5410	-1.54826254826255
5411	-1.68339768339768
5412	-1.58494208494209
5413	-1.62934362934363
5414	-1.75482625482625
5415	-1.65637065637066
5416	-1.503861003861
5417	-1.51158301158301
5418	-1.34942084942085
5419	-1.37644787644788
5420	-1.4034749034749
5421	-1.37644787644788
5422	-1.21428571428571
5423	-1.18725868725869
5424	-1.2953667953668
5425	-1.31274131274131
5432	-1.15057915057915
5433	-1.12355212355212
5434	-1.06949806949807
5435	-0.971042471042471
5436	-0.988416988416989
5437	-0.862934362934363
5438	-0.961389961389961
5439	-0.961389961389961
5440	-0.862934362934363
5441	-0.88996138996139
5442	-0.862934362934363
5443	-0.774131274131274
5444	-0.828185328185328
5445	-0.872586872586873
5446	-0.926640926640927
5447	-0.818532818532818
5448	-0.916988416988417
5449	-0.88996138996139
5450	-0.693050193050193
5451	-0.638996138996139
5452	-0.71042471042471
5453	-0.666023166023166
5454	-0.638996138996139
5455	-0.503861003861004
5456	-0.513513513513514
5457	-0.432432432432432
5458	-0.459459459459459
5459	-0.486486486486487
5460	-0.459459459459459
5461	-0.442084942084942
5462	-0.496138996138996
5463	-0.532818532818533
5464	-0.496138996138996
5465	-0.523166023166023
5466	-0.424710424710425
5467	-0.496138996138996
5468	-0.55019305019305
5469	-0.577220077220077
5470	-0.658301158301158
5471	-0.756756756756757
5472	-0.712355212355213
5473	-0.810810810810811
5474	-0.837837837837838
5475	-0.783783783783784
5476	-0.810810810810811
5477	-0.837837837837838
5478	-0.766409266409266
5479	-0.909266409266409
5480	-0.837837837837838
5481	-0.810810810810811
5482	-0.702702702702703
5483	-0.702702702702703
5484	-0.648648648648649
5485	-0.604247104247104
5486	-0.675675675675676
5487	-0.801158301158301
5488	-0.801158301158301
5489	-0.747104247104247
5490	-0.675675675675676
5491	-0.783783783783784
5492	-0.774131274131274
5493	-0.801158301158301
5494	-0.774131274131274
5495	-0.693050193050193
5496	-0.638996138996139
5497	-0.611969111969112
5498	-0.611969111969112
5499	-0.629343629343629
5500	-0.629343629343629
5501	-0.656370656370656
5502	-0.727799227799228
5503	-0.700772200772201
5504	-0.718146718146718
5505	-0.646718146718147
5506	-0.718146718146718
5507	-0.799227799227799
5511	-0.853281853281853
5519	-0.691119691119691
5520	-0.664092664092664
5530	-0.808880308880309
5531	-0.971042471042471
5532	-0.971042471042471
5533	-1.01544401544402
5534	-0.988416988416989
5535	-1.01544401544402
5536	-0.988416988416989
5537	-0.934362934362934
5538	-0.934362934362934
5539	-0.934362934362934
5540	-0.934362934362934
5550	-0.727799227799228
5551	-0.727799227799228
5552	-0.826254826254826
5553	-0.826254826254826
5554	-0.826254826254826
5572	-0.33976833976834
5573	-0.322393822393822
5574	-0.322393822393822
5575	-0.457528957528957
5576	-0.484555984555984
5577	-0.484555984555984
5578	-0.43050193050193
5579	-0.413127413127413
5580	-0.386100386100386
5581	-0.494208494208494
5582	-0.548262548262548
5583	-0.700772200772201
5584	-0.673745173745173
5585	-0.602316602316602
5586	-0.799227799227799
5590	-0.826254826254826
5591	-0.727799227799228
5592	-0.71042471042471
5593	-0.737451737451737
5594	-0.791505791505791
5595	-0.764478764478765
5596	-0.638996138996139
5597	-0.683397683397683
5598	-0.656370656370656
5599	-0.540540540540541
5600	-0.693050193050193
5601	-0.774131274131274
5602	-0.899613899613899
5603	-0.882239382239382
5604	-0.936293436293436
5605	-0.990347490347491
5606	-1.08880308880309
5607	-1.16988416988417
5608	-1.1969111969112
5609	-1.1969111969112
5610	-1.16988416988417
5611	-1.06177606177606
5612	-1.01737451737452
5613	-0.990347490347491
5614	-0.990347490347491
5615	-0.936293436293436
5616	-0.990347490347491
5617	-0.909266409266409
5618	-0.909266409266409
5619	-0.810810810810811
5620	-0.667953667953668
5621	-0.766409266409266
5622	-0.73938223938224
5623	-0.847490347490348
5624	-0.749034749034749
5625	-0.731660231660232
5626	-0.731660231660232
5627	-0.83011583011583
5628	-0.83011583011583
5629	-0.884169884169884
5630	-0.893822393822394
5631	-0.83976833976834
5632	-0.992277992277992
5633	-0.992277992277992
5634	-1.07335907335907
5635	-1.18918918918919
5636	-1.14478764478764
5637	-1.09073359073359
5638	-1.11776061776062
5639	-1.06370656370656
5640	-0.982625482625483
5641	-1.13513513513514
5642	-1.06370656370656
5643	-1.04633204633205
5644	-1.1988416988417
5645	-1.27027027027027
5646	-1.2972972972973
5647	-1.2972972972973
5648	-1.3957528957529
5649	-1.53088803088803
5650	-1.45945945945946
5651	-1.56756756756757
5652	-1.54054054054054
5653	-1.56756756756757
5654	-1.54054054054054
5655	-1.55791505791506
5656	-1.75482625482625
5657	-1.65637065637066
5658	-1.6023166023166
5659	-1.36872586872587
5660	-1.52123552123552
5661	-1.46718146718147
5662	-1.52123552123552
5663	-1.49420849420849
5664	-1.61969111969112
5665	-1.56563706563707
5666	-1.5019305019305
5667	-1.58301158301158
5668	-1.43050193050193
5669	-1.30501930501931
5670	-1.25096525096525
5671	-1.27799227799228
5672	-1.26833976833977
5673	-1.26833976833977
5674	-1.26833976833977
5675	-1.33976833976834
5676	-1.44787644787645
5677	-1.36679536679537
5680	-1.39382239382239
5681	-1.33976833976834
5682	-1.39382239382239
5683	-1.32239382239382
5684	-1.16988416988417
5685	-1.03474903474903
5686	-1.08880308880309
5687	-1.07915057915058
5688	-0.980694980694981
5689	-0.980694980694981
5690	-1.06177606177606
5691	-1.14285714285714
5692	-1.11583011583012
5693	-1.14285714285714
5694	-1.25096525096525
5695	-1.43050193050193
5696	-1.45752895752896
5697	-1.45752895752896
5698	-1.61003861003861
5699	-1.63706563706564
5700	-1.61003861003861
5701	-1.66409266409266
5702	-1.71814671814672
5703	-1.63706563706564
5709	-1.67374517374517
5710	-1.67374517374517
5711	-1.503861003861
5712	-1.42277992277992
5713	-1.44980694980695
5714	-1.44980694980695
5715	-1.46718146718147
5716	-1.46718146718147
5717	-1.62934362934363
5718	-1.57528957528958
5719	-1.6023166023166
5720	-1.67374517374517
5721	-1.75482625482625
5722	-1.77220077220077
5723	-1.7992277992278
5727	-1.71814671814672
5728	-1.67374517374517
5729	-1.71814671814672
5730	-1.61003861003861
5731	-1.5019305019305
5732	-1.44787644787645
5771	-1.31274131274131
5772	-1.16023166023166
5773	-1.16023166023166
5774	-1.16023166023166
5775	-1.10617760617761
5776	-1.18725868725869
5777	-1.0965250965251
5778	-1.0965250965251
5779	-1.06949806949807
5780	-0.934362934362934
5781	-0.961389961389961
5782	-1.01544401544402
5783	-0.88030888030888
5784	-0.934362934362934
5785	-0.934362934362934
5786	-0.907335907335907
5787	-0.934362934362934
5788	-0.862934362934363
5789	-0.818532818532818
5790	-0.818532818532818
5791	-0.916988416988417
5792	-0.88996138996139
5793	-0.808880308880309
5794	-0.781853281853282
5795	-0.754826254826255
5796	-0.629343629343629
5797	-0.575289575289575
5798	-0.656370656370656
5799	-0.638996138996139
5800	-0.540540540540541
5801	-0.594594594594595
5802	-0.486486486486487
5803	-0.432432432432432
5804	-0.486486486486487
5805	-0.432432432432432
5806	-0.575289575289575
5807	-0.575289575289575
5808	-0.700772200772201
5809	-0.646718146718147
5810	-0.61969111969112
5811	-0.592664092664092
5812	-0.511583011583011
5813	-0.484555984555984
5814	-0.43050193050193
5815	-0.359073359073359
5816	-0.332046332046332
5817	-0.206563706563707
5818	-0.125482625482626
5819	-0.206563706563707
5820	-0.152509652509653
5821	-0.0810810810810811
5822	-0.108108108108108
5823	-0.135135135135135
5824	-0.206563706563707
5825	-0.250965250965251
5826	-0.277992277992278
5827	-0.359073359073359
5828	-0.359073359073359
5829	-0.314671814671815
5830	-0.341698841698842
5831	-0.252895752895753
5832	-0.378378378378378
5833	-0.486486486486487
5834	-0.405405405405405
5835	-0.44980694980695
5836	-0.521235521235521
5837	-0.503861003861004
5838	-0.575289575289575
5839	-0.646718146718147
5840	-0.646718146718147
5841	-0.826254826254826
5842	-0.88030888030888
5951	0.200772200772201
5952	0.200772200772201
5953	0.200772200772201
5954	0.200772200772201
5955	0.326254826254826
5956	0.424710424710425
5957	0.326254826254826
5958	0.326254826254826
5959	0.370656370656371
5960	0.343629343629344
5961	0.316602316602317
5962	0.388030888030888
5963	0.388030888030888
5964	0.388030888030888
5965	0.333976833976834
5966	0.28957528957529
5967	0.262548262548263
5968	0.306949806949807
5969	0.306949806949807
5970	0.208494208494209
5971	0.208494208494209
5972	0.235521235521236
5973	0.235521235521236
5974	0.235521235521236
5975	0.262548262548263
5976	0.28957528957529
5977	0.181467181467181
5978	0.0463320463320464
5979	0.0193050193050194
5980	-0.00772200772200771
5981	0.0907335907335907
5982	-0.0347490347490348
5983	0.00965250965250963
5984	-0.0714285714285715
5985	0
5986	-0.152509652509653
5987	-0.366795366795367
5988	-0.295366795366795
5989	-0.322393822393822
5990	-0.322393822393822
5991	-0.393822393822394
6010	0.00193050193050204
6011	0.0907335907335907
6012	0.162162162162162
6013	0.27027027027027
6014	0.61969111969112
6015	0.878378378378379
6016	1.32432432432432
6017	2.0019305019305
6018	7.08687258687259
6019	11.469111969112
6020	12.3262548262548
6021	17.5366795366795
6022	24.6756756756757
6023	29.8301158301158
6024	30.0965250965251
6025	30.0965250965251
6026	30.2123552123552
6027	30.2123552123552
6028	30.2741312741313
6029	30.2992277992278
6030	30.2992277992278
6031	30.2992277992278
6032	30.2277992277992
6033	30.2277992277992
6034	30.2277992277992
6035	30.1563706563707
6036	30.1563706563707
6037	30.1563706563707
6038	30.1563706563707
6039	30.1563706563707
6040	30.2104247104247
6041	30.1389961389961
6042	30.0945945945946
6043	30.0945945945946
6044	30.0945945945946
6045	30.1486486486486
6046	30.0057915057915
6047	29.9169884169884
6048	29.8455598455598
6049	29.8455598455598
6050	29.6312741312741
6051	29.3996138996139
6052	29.007722007722
6053	28.2586872586873
6054	23.2277992277992
6055	18.8281853281853
6056	17.980694980695
6057	12.6988416988417
6058	5.64092664092664
6059	0.486486486486487
