75	-0.295512820512821
76	-0.180769230769231
77	-0.133333333333333
78	-0.0096153846153848
79	0.0474358974358973
80	0.133333333333334
81	0.0948717948717948
82	0.190384615384615
83	0.180769230769231
84	0.114102564102564
85	0.123717948717949
86	0.0852564102564102
87	0.151923076923077
88	0.171153846153846
89	0.123717948717949
90	0.104487179487179
91	0.133333333333334
92	0.142948717948718
93	0.123717948717949
94	0.162179487179487
95	0.171794871794872
96	0.0762820512820512
97	0.0762820512820512
98	0.0474358974358973
99	-0.0384615384615388
100	-0.0192307692307694
101	-0.0192307692307694
102	-0.0384615384615388
103	-0.0384615384615388
104	-0.0576923076923079
105	-0.133974358974359
106	-0.191025641025641
107	-0.11474358974359
108	-0.133974358974359
109	-0.286538461538462
110	-0.353205128205128
111	-0.458333333333334
213	-0.468589743589744
214	-0.43974358974359
215	-0.391666666666667
216	-0.391666666666667
217	-0.467948717948718
218	-0.325
219	-0.363461538461539
220	-0.363461538461539
221	-0.373076923076923
222	-0.363461538461539
223	-0.353846153846154
224	-0.162820512820513
225	-0.201282051282052
226	-0.182051282051282
227	-0.133974358974359
228	-0.11474358974359
229	-0.0673076923076923
230	0.0288461538461536
231	-0.0282051282051284
232	0.000641025641025417
233	-0.0371794871794873
234	-0.00833333333333364
235	-0.0371794871794873
236	-0.0948717948717951
237	-0.046794871794872
238	-0.0461538461538462
239	-0.217948717948718
240	-0.237179487179487
241	-0.294871794871795
242	-0.28525641025641
243	-0.228205128205128
244	-0.257051282051282
245	-0.133333333333333
246	-0.181410256410257
247	0.0282051282051279
248	-0.0480769230769234
249	-0.133974358974359
250	-0.182051282051282
251	-0.182051282051282
252	-0.182051282051282
253	-0.162820512820513
254	-0.362820512820513
255	-0.353205128205128
256	-0.333974358974359
257	-0.333974358974359
258	-0.228846153846154
259	-0.248076923076923
260	-0.400641025641026
261	-0.391025641025641
262	-0.391025641025641
263	-0.31474358974359
264	-0.105128205128206
265	-0.181410256410257
266	-0.200641025641026
267	-0.172435897435898
268	-0.144230769230769
269	-0.201923076923077
270	-0.182692307692308
271	-0.144230769230769
272	-0.134615384615385
273	-0.163461538461539
274	-0.173076923076923
275	-0.134615384615385
276	-0.105769230769231
277	-0.0769230769230771
278	-0.000641025641025639
279	-0.0576923076923079
280	-0.095512820512821
281	-0.105128205128206
282	-0.105128205128206
283	-0.248076923076923
284	-0.248076923076923
285	-0.276923076923077
286	-0.248076923076923
287	-0.143589743589744
288	-0.162820512820513
289	-0.210897435897436
290	-0.220512820512821
291	-0.210897435897436
292	-0.220512820512821
293	-0.162820512820513
294	-0.248717948717949
295	-0.22948717948718
296	-0.210256410256411
297	-0.200641025641026
298	-0.191025641025641
299	-0.191025641025641
300	-0.362179487179488
301	-0.323717948717949
316	-0.28525641025641
914	-0.621794871794872
915	-0.583974358974359
916	-0.641025641025641
917	-0.67948717948718
918	-0.689102564102564
919	-0.622435897435898
920	-0.593589743589744
921	-0.478846153846154
922	-0.535897435897436
923	-0.535897435897436
924	-0.45
925	-0.497435897435898
926	-0.440384615384615
927	-0.392307692307692
928	-0.401923076923077
929	-0.440384615384615
930	-0.469230769230769
931	-0.35448717948718
932	-0.35448717948718
933	-0.258974358974359
934	-0.249358974358975
935	-0.23974358974359
936	-0.230128205128205
937	-0.220512820512821
938	-0.201282051282052
939	-0.162820512820513
940	-0.162820512820513
941	-0.143589743589744
942	-0.133974358974359
943	-0.133974358974359
944	-0.11474358974359
945	-0.124358974358975
946	-0.210256410256411
947	-0.325
948	-0.315384615384615
949	-0.276923076923077
950	-0.324358974358975
951	-0.391025641025641
952	-0.400641025641026
953	-0.362179487179488
954	-0.266666666666667
955	-0.333333333333333
956	-0.362179487179488
958	-0.323717948717949
959	-0.352564102564103
1016	-0.371794871794872
1034	-0.41025641025641
1035	-0.41025641025641
1093	-0.323717948717949
1094	-0.180128205128205
1095	-0.0660256410256412
1096	-0.0756410256410258
1097	-0.0185897435897439
1098	0.0480769230769229
1099	0.0384615384615383
1100	0.0192307692307693
1101	0.0955128205128203
1102	0.142948717948718
1103	0.104487179487179
1104	0.0666666666666667
1105	0.0852564102564102
1106	0.151923076923077
1107	0.275641025641025
1108	0.266025641025641
1109	0.180128205128205
1110	0.17051282051282
1111	0.0749999999999997
1112	0.18974358974359
1113	0.114102564102564
1114	0.171153846153846
1115	0.0852564102564102
1116	0.132692307692308
1117	0.123076923076923
1118	0.199358974358974
1119	0.303846153846154
1120	0.313461538461538
1121	0.237179487179487
1122	0.217948717948718
1123	0.227564102564102
1124	0.28525641025641
1125	0.246794871794872
1126	0.313461538461538
1127	0.294230769230769
1128	0.332692307692308
1129	0.266025641025641
1130	0.218589743589743
1131	0.104487179487179
1132	0.161538461538461
1133	0.180769230769231
1134	0.219230769230769
1135	0.228846153846154
1136	0.305128205128205
1137	0.305128205128205
1138	0.29551282051282
1139	0.31474358974359
1140	0.31474358974359
1141	0.372435897435897
1142	0.325
1143	0.191666666666666
1144	0.201282051282051
1145	0.267948717948718
1146	0.248717948717949
1147	0.316025641025641
1148	0.325641025641026
1149	0.306410256410256
1150	0.287179487179487
1151	0.468589743589743
1152	0.45
1153	0.440384615384615
1154	0.383333333333334
1155	0.231410256410256
1156	0.269230769230769
1157	0.269230769230769
1158	0.201923076923077
1159	0.221153846153846
1160	0.192307692307692
1161	0.221153846153846
1162	0.144871794871795
1163	0.154487179487179
1164	0.154487179487179
1165	0.125641025641025
1166	0.116025641025641
1167	0.0967948717948717
1168	0.0205128205128203
1169	-0.0557692307692309
1170	-0.141666666666667
1171	-0.160897435897436
1172	-0.256410256410257
1176	-0.228205128205128
1177	-0.199358974358975
1178	-0.266025641025641
1179	-0.30448717948718
1180	-0.28525641025641
1264	-0.30448717948718
1267	-0.275641025641026
1268	-0.208333333333334
1269	-0.256410256410257
1270	-0.237820512820513
1271	-0.190384615384615
1272	-0.190384615384615
1273	-0.2
1274	-0.209615384615385
1275	-0.276282051282052
1276	-0.237820512820513
1277	-0.208974358974359
1278	-0.151923076923077
1279	-0.10448717948718
1280	-0.0378205128205131
1281	-0.0474358974358975
1282	-0.0378205128205131
1283	-0.0474358974358975
1284	-0.0570512820512822
1285	-0.0666666666666668
1286	0.0762820512820512
1287	0.0570512820512818
1288	0.0474358974358973
1289	0.171794871794872
1290	0.162179487179487
1291	0.162179487179487
1292	0.142948717948718
1293	0.190384615384615
1294	0.133333333333334
1295	0.0570512820512818
1296	0.0955128205128203
1297	0.0288461538461536
1298	0.0192307692307693
1299	0.114102564102564
1300	0.152564102564103
1301	0.162179487179487
1302	0.123717948717949
1303	0.0378205128205125
1304	0.0371794871794873
1305	0.0275641025641027
1306	0.0275641025641027
1307	-0.00128205128205128
1308	0.0275641025641027
1309	0.103846153846154
1310	0.17051282051282
1311	0.256410256410256
1312	0.217948717948718
1313	0.17051282051282
1314	0.0365384615384614
1315	-0.058974358974359
1316	-0.144871794871795
1317	0.0743589743589741
1318	0.0743589743589741
1319	0.0743589743589741
1320	0.112179487179487
1321	0.131410256410256
1322	-0.05
1323	0.0166666666666666
1324	-0.00256410256410278
1325	-0.0980769230769234
1326	-0.0980769230769234
1327	-0.0884615384615388
1328	-0.0506410256410261
1329	-0.0980769230769234
1330	-0.0314102564102567
1331	-0.0410256410256413
1332	-0.0891025641025642
1333	-0.175
1334	-0.184615384615385
1335	-0.327564102564103
1336	-0.403846153846154
1337	-0.308333333333334
1338	-0.269871794871795
1339	-0.26025641025641
1340	-0.298076923076923
1341	-0.25
1342	-0.278205128205128
1343	-0.325641025641026
1344	-0.364102564102564
1345	-0.507051282051282
1346	-0.573717948717949
1347	-0.53525641025641
1348	-0.477564102564103
1349	-0.430128205128205
1350	-0.296153846153846
1351	-0.325
1352	-0.334615384615385
1354	-0.458333333333334
1355	-0.506410256410257
1378	-0.323717948717949
1379	-0.294871794871795
1380	-0.256410256410257
1381	-0.256410256410257
1382	-0.18974358974359
1383	-0.30448717948718
1384	-0.352564102564103
1385	-0.352564102564103
1388	-0.362179487179488
1389	-0.381410256410257
1391	-0.314102564102564
1392	-0.247435897435897
1393	-0.208974358974359
1394	-0.208974358974359
1395	-0.218589743589744
1396	-0.218589743589744
1397	-0.257051282051282
1398	-0.180769230769231
1399	-0.209615384615385
1400	-0.228846153846154
1401	-0.162179487179488
1402	-0.171794871794872
1403	-0.124358974358975
1404	-0.143589743589744
1405	-0.22948717948718
1406	-0.219871794871795
1407	-0.286538461538462
1408	-0.267307692307692
1409	-0.276923076923077
1410	-0.362820512820513
1411	-0.333974358974359
1412	-0.238461538461539
1413	-0.248076923076923
1414	-0.343589743589744
1415	-0.382051282051282
1416	-0.420512820512821
1417	-0.287179487179487
1418	-0.334615384615385
1419	-0.334615384615385
1420	-0.248717948717949
1421	-0.305769230769231
1422	-0.219871794871795
1423	-0.200641025641026
1424	-0.228846153846154
1425	-0.162179487179488
1426	-0.171794871794872
1427	-0.228846153846154
1428	-0.276282051282052
1429	-0.31474358974359
1430	-0.248076923076923
1431	-0.238461538461539
1432	-0.142948717948718
1433	-0.0948717948717951
1434	-0.190384615384615
1435	-0.161538461538462
1436	-0.103846153846154
1437	-0.160897435897436
1438	-0.180128205128205
1439	-0.266025641025641
1440	-0.275641025641026
1441	-0.18974358974359
1442	-0.180128205128205
1443	-0.103846153846154
1444	-0.123076923076923
1445	-0.0942307692307693
1446	-0.199358974358975
1447	-0.218589743589744
1563	-0.477564102564103
1564	-0.506410256410257
1565	-0.525641025641026
1566	-0.468589743589744
1567	-0.430128205128205
1568	-0.478205128205128
1569	-0.449358974358975
1570	-0.373076923076923
1571	-0.258333333333334
1572	-0.286538461538462
1573	-0.257692307692308
1574	-0.171794871794872
1575	-0.191025641025641
1576	-0.219871794871795
1577	-0.191025641025641
1578	-0.162179487179488
1579	-0.248076923076923
1580	-0.257692307692308
1581	-0.2
1582	-0.219230769230769
1583	-0.152564102564103
1584	-0.191025641025641
1585	-0.257051282051282
1586	-0.30448717948718
1587	-0.323717948717949
1588	-0.314102564102564
1589	-0.314102564102564
1590	-0.342948717948718
1591	-0.342948717948718
1592	-0.323717948717949
1593	-0.266025641025641
1594	-0.180128205128205
1595	-0.18974358974359
1596	-0.208974358974359
1597	-0.218589743589744
1598	-0.256410256410257
1707	-0.314102564102564
1708	-0.314102564102564
1712	-0.294871794871795
1713	-0.151923076923077
1714	-0.0756410256410258
1715	0.0576923076923076
1716	0.0673076923076922
1717	0.000641025641025417
1718	-0.00897435897435916
1719	0.0294871794871794
1720	0.000641025641025417
1721	0.0294871794871794
1722	0.0294871794871794
1723	0.0769230769230768
1724	0.153205128205128
1725	0.133974358974359
1726	0.191025641025641
1727	0.181410256410256
1728	0.171794871794872
1729	0.171794871794872
1730	0.305128205128205
1731	0.276282051282051
1732	0.180769230769231
1733	0.237820512820512
1734	0.228205128205128
1735	0.247435897435897
1736	0.257051282051282
1737	0.266666666666667
1738	0.266666666666667
1739	0.238461538461538
1740	0.171794871794872
1741	0.257692307692308
1742	0.105128205128205
1743	0.0673076923076922
1744	0.124358974358974
1745	0.0955128205128203
1746	0.0762820512820512
1747	0.0474358974358973
1748	-0.0673076923076923
1749	-0.171794871794872
1750	-0.209615384615385
1751	-0.342948717948718
1752	-0.342948717948718
1753	-0.333333333333333
1754	-0.285897435897436
1755	-0.228846153846154
1756	-0.162179487179488
1757	-0.11474358974359
1758	-0.133974358974359
1759	-0.172435897435898
1760	-0.191666666666667
1761	-0.191666666666667
1762	-0.191666666666667
1763	-0.220512820512821
1764	-0.220512820512821
1765	-0.191666666666667
1766	-0.277564102564103
1767	-0.220512820512821
1768	-0.23974358974359
1769	-0.325641025641026
1770	-0.335256410256411
1771	-0.344871794871795
1772	-0.297435897435898
1773	-0.307051282051282
1774	-0.164102564102564
1775	-0.15448717948718
1776	-0.116025641025641
1777	-0.13525641025641
1778	-0.106410256410257
1779	-0.15448717948718
1780	-0.230769230769231
1781	-0.211538461538462
1782	-0.201923076923077
1783	-0.230769230769231
1784	-0.116025641025641
1785	-0.183333333333333
1786	-0.135897435897436
1787	0.0641025641025639
1788	0.00641025641025617
1789	-0.0512820512820515
1790	-0.117948717948718
1791	-0.165384615384616
1792	-0.00320512820512842
1793	-0.0314102564102567
1794	-0.0410256410256413
1795	-0.0884615384615388
1796	0.0166666666666666
1797	-0.0121794871794876
1798	-0.0884615384615388
1799	-0.0596153846153846
1800	-0.107051282051282
1801	-0.126282051282051
1802	-0.183333333333333
1803	-0.230769230769231
1804	-0.230769230769231
1805	-0.211538461538462
1806	-0.182692307692308
1807	-0.153846153846154
1808	-0.201282051282052
1809	-0.115384615384615
1810	-0.248717948717949
1811	-0.239102564102564
1812	-0.219871794871795
1813	-0.267307692307692
1814	-0.286538461538462
1815	-0.257692307692308
1816	-0.171794871794872
1817	-0.181410256410257
1818	-0.171794871794872
1819	-0.095512820512821
1820	-0.0762820512820516
1821	-0.0378205128205131
1822	-0.0948717948717951
1823	-0.294871794871795
1824	-0.198717948717949
1825	-0.141025641025641
1826	-0.0647435897435898
1827	-0.0935897435897438
1831	-0.141025641025641
1918	-0.342948717948718
1919	-0.342948717948718
1920	-0.209615384615385
1921	-0.219230769230769
1922	-0.190384615384615
1923	-0.228846153846154
1924	-0.248076923076923
1925	-0.257692307692308
1926	-0.248076923076923
1927	-0.286538461538462
1928	-0.353846153846154
1929	-0.373076923076923
1930	-0.306410256410257
1931	-0.353846153846154
1932	-0.410897435897436
1933	-0.487179487179487
1934	-0.391666666666667
1935	-0.344230769230769
1936	-0.334615384615385
1937	-0.239102564102564
1938	-0.334615384615385
1939	-0.230128205128205
1940	-0.220512820512821
1941	-0.248717948717949
1942	-0.267948717948718
1943	-0.258333333333334
1944	-0.344230769230769
1945	-0.325
1946	-0.258333333333334
1947	-0.258333333333334
1948	-0.334615384615385
1949	-0.391666666666667
1950	-0.401282051282052
1951	-0.420512820512821
1952	-0.363461538461539
1953	-0.353846153846154
1954	-0.363461538461539
1955	-0.344871794871795
1956	-0.468589743589744
1957	-0.373076923076923
1958	-0.411538461538462
1959	-0.363461538461539
1960	-0.363461538461539
1961	-0.316025641025641
1962	-0.268589743589744
1963	-0.230128205128205
1964	-0.210897435897436
1965	-0.182051282051282
1966	-0.22948717948718
1967	-0.191666666666667
1968	-0.230128205128205
1969	-0.230128205128205
1970	-0.296794871794872
1971	-0.401923076923077
1972	-0.335256410256411
1973	-0.421153846153846
1974	-0.401923076923077
1975	-0.420512820512821
1976	-0.401282051282052
1977	-0.430128205128205
1978	-0.410897435897436
1979	-0.411538461538462
1980	-0.344871794871795
1981	-0.373717948717949
1982	-0.440384615384615
1983	-0.401923076923077
1984	-0.401923076923077
1985	-0.344871794871795
1986	-0.230128205128205
1987	-0.182051282051282
1988	-0.315384615384615
1989	-0.277564102564103
1990	-0.315384615384615
1991	-0.362820512820513
1992	-0.353205128205128
1993	-0.458333333333334
1994	-0.315384615384615
1995	-0.334615384615385
1996	-0.267948717948718
1997	-0.315384615384615
1998	-0.296153846153846
1999	-0.325
2000	-0.325
2001	-0.210897435897436
2002	-0.210897435897436
2003	-0.239102564102564
2004	-0.210256410256411
2005	-0.162820512820513
2006	-0.182051282051282
2007	0.0371794871794873
2008	0.0179487179487181
2009	-0.00128205128205128
2010	0.0083333333333333
2011	-0.0493589743589744
2012	-0.00192307692307714
2013	0.0839743589743587
2014	0.0743589743589741
2015	0.017307692307692
2016	-0.030128205128205
2017	0.0083333333333333
2018	-0.00128205128205128
2019	-0.0108974358974359
2020	0.0083333333333333
2021	-0.0583333333333336
2022	-0.0487179487179488
2023	-0.0967948717948719
2024	-0.0205128205128204
2025	-0.0583333333333336
2026	-0.0871794871794873
2027	0.0653846153846152
2028	0.141666666666666
2029	0.180128205128205
2030	0.332692307692308
2031	0.351923076923077
2032	0.275641025641025
2033	0.342307692307692
2034	0.303846153846154
2035	0.437179487179487
2036	0.466025641025641
2037	0.351923076923077
2038	0.408974358974359
2039	0.456410256410256
2040	0.475641025641025
2041	0.475641025641025
2042	0.48525641025641
2043	0.314102564102564
2044	0.257051282051282
2045	0.285897435897436
2046	0.305128205128205
2047	0.31474358974359
2048	0.286538461538461
2049	0.276923076923077
2050	0.296153846153846
2051	0.372435897435897
2052	0.362820512820513
2053	0.343589743589743
2054	0.343589743589743
2055	0.391025641025641
2056	0.362179487179487
2057	0.457692307692308
2058	0.333333333333333
2059	0.409615384615384
2060	0.342948717948718
2061	0.352564102564103
2062	0.381410256410256
2063	0.381410256410256
2064	0.29551282051282
2065	0.285897435897436
2066	0.0955128205128203
2067	0.0474358974358973
2068	0.0474358974358973
2069	-0.0480769230769234
2070	-0.105128205128206
2071	-0.238461538461539
2072	-0.238461538461539
2073	-0.181410256410257
2074	-0.238461538461539
2075	-0.305128205128205
2076	-0.295512820512821
2077	-0.295512820512821
2078	-0.238461538461539
2079	-0.257692307692308
2080	-0.248076923076923
2081	-0.171794871794872
2082	-0.143589743589744
2083	-0.191025641025641
2084	-0.210256410256411
2085	-0.219871794871795
2086	-0.239102564102564
2087	-0.296153846153846
2088	-0.334615384615385
2089	-0.230128205128205
2090	-0.210897435897436
2091	-0.23974358974359
2092	-0.220512820512821
2093	-0.296794871794872
2094	-0.248717948717949
2095	-0.325
2096	-0.315384615384615
2097	-0.305769230769231
2098	-0.162820512820513
2099	-0.22948717948718
2100	-0.22948717948718
2101	-0.219871794871795
2102	-0.296153846153846
2103	-0.200641025641026
2104	-0.171794871794872
2105	-0.171794871794872
2106	-0.0762820512820516
2107	-0.0858974358974361
2108	-0.0192307692307694
2109	-0.0762820512820516
2110	-0.105128205128206
2111	-0.095512820512821
2112	-0.105128205128206
2113	-0.142948717948718
2114	-0.152564102564103
2115	-0.133333333333333
2116	-0.0666666666666668
2117	-0.123717948717949
2118	-0.180769230769231
2119	-0.151923076923077
2120	0.000641025641025417
2121	-0.0564102564102567
2122	-0.046794871794872
2123	-0.0275641025641028
2124	0.0205128205128203
2125	-0.0935897435897438
2126	-0.0935897435897438
2127	-0.112179487179487
2128	-0.0455128205128208
2129	-0.035897435897436
2130	-0.0262820512820514
2131	0.012179487179487
2132	0.0307692307692308
2133	0.0115384615384615
2134	-0.169871794871795
2166	-0.246794871794872
2167	-0.275641025641026
2168	-0.151282051282052
2169	-0.180128205128205
2170	-0.0750000000000002
2171	-0.0564102564102567
2172	-0.0852564102564105
2173	-0.10448717948718
2174	-0.0852564102564105
2175	-0.0852564102564105
2176	0.0576923076923076
2177	0.0480769230769229
2178	0.01025641025641
2179	-0.0282051282051284
2180	-0.0858974358974361
2181	-0.0762820512820516
2182	-0.181410256410257
2183	-0.181410256410257
2184	-0.162179487179488
2185	-0.200641025641026
2186	-0.22948717948718
2187	-0.296153846153846
2188	-0.315384615384615
2189	-0.239102564102564
2190	-0.315384615384615
2191	-0.325
2192	-0.219871794871795
2193	-0.105128205128206
2194	-0.11474358974359
2195	-0.133974358974359
2196	-0.0576923076923079
2197	-0.133974358974359
2198	-0.172435897435898
2199	-0.182051282051282
2200	-0.182051282051282
2201	-0.363461538461539
2202	-0.449358974358975
2203	-0.430128205128205
2204	-0.496794871794872
2205	-0.410897435897436
2206	-0.477564102564103
2210	-0.42948717948718
2211	-0.419871794871795
2213	-0.419871794871795
2214	-0.42948717948718
2215	-0.343589743589744
2216	-0.362179487179488
2217	-0.381410256410257
2218	-0.342948717948718
2219	-0.352564102564103
2220	-0.352564102564103
2221	-0.352564102564103
2222	-0.323717948717949
2223	-0.30448717948718
2224	-0.256410256410257
2225	-0.266025641025641
2226	-0.218589743589744
2227	-0.142307692307692
2228	-0.171153846153846
2229	-0.180769230769231
2230	-0.142307692307692
2231	-0.151923076923077
2232	-0.123076923076923
2233	-0.0942307692307693
2234	-0.0846153846153848
2235	-0.0653846153846155
2236	-0.0653846153846155
2237	-0.112820512820513
2238	-0.0461538461538462
2239	-0.026923076923077
2240	-0.0173076923076924
2241	-0.0173076923076924
2242	0.0205128205128203
2243	0.0397435897435895
2244	0.0685897435897435
2245	0.078205128205128
2246	0.0685897435897435
2247	0.0397435897435895
2248	0.116025641025641
2249	0.030128205128205
2250	-0.00833333333333364
2251	-0.0557692307692309
2252	-0.0179487179487182
2253	-0.00833333333333364
2254	-0.00833333333333364
2255	-0.00833333333333364
2256	0.058333333333333
2257	0.087179487179487
2258	0.0679487179487177
2259	0.134615384615384
2260	0.115384615384615
2261	0.144230769230769
2262	0.182692307692308
2263	0.125641025641025
2264	0.13525641025641
2265	0.0685897435897435
2266	0.0493589743589742
2267	0.078205128205128
2268	0.13525641025641
2269	0.0397435897435895
2270	0.0397435897435895
2271	0.0397435897435895
2272	0.0397435897435895
2273	0.0493589743589742
2274	0.0679487179487177
2275	0.058333333333333
2276	-0.0660256410256412
2277	-0.142307692307692
2278	-0.199358974358975
2279	-0.161538461538462
2280	-0.171153846153846
2281	-0.133333333333333
2282	-0.181410256410257
2283	-0.171794871794872
2284	-0.267307692307692
2285	-0.343589743589744
2286	-0.31474358974359
2287	-0.343589743589744
2288	-0.353205128205128
2289	-0.353205128205128
2290	-0.353205128205128
2291	-0.286538461538462
2292	-0.391666666666667
2293	-0.258333333333334
2294	-0.248717948717949
2295	-0.305769230769231
2296	-0.239102564102564
2297	-0.315384615384615
2298	-0.391666666666667
2299	-0.401282051282052
2300	-0.487179487179487
2301	-0.506410256410257
2302	-0.43974358974359
2303	-0.458974358974359
2304	-0.487820512820513
2305	-0.392307692307692
2306	-0.296794871794872
2307	-0.344871794871795
2308	-0.249358974358975
2309	-0.23974358974359
2310	-0.277564102564103
2311	-0.296794871794872
2312	-0.191666666666667
2313	-0.182051282051282
2314	-0.172435897435898
2315	-0.22948717948718
2316	-0.267948717948718
2317	-0.325
2318	-0.333974358974359
2319	-0.285897435897436
2320	-0.257051282051282
2321	-0.218589743589744
2322	-0.208974358974359
2323	-0.199358974358975
2324	-0.170512820512821
2325	-0.208974358974359
2326	-0.208974358974359
2327	-0.132692307692308
2328	-0.113461538461539
2329	-0.266025641025641
2330	-0.246794871794872
2331	-0.246794871794872
2359	-0.18974358974359
2360	-0.0942307692307693
2361	-0.0557692307692309
2362	-0.0750000000000002
2363	-0.160897435897436
2364	-0.0371794871794873
2365	-0.0179487179487182
2366	0.0391025641025639
2367	0.115384615384615
2368	0.144230769230769
2369	0.134615384615384
2370	0.23974358974359
2371	0.210897435897436
2372	0.191666666666666
2373	0.267948717948718
2374	0.277564102564103
2375	0.267948717948718
2376	0.201282051282051
2377	0.210897435897436
2378	0.0679487179487177
2379	0.0294871794871794
2380	0.0487179487179484
2381	0.0391025641025639
2382	0.0961538461538461
2383	0.0480769230769229
2384	0.0480769230769229
2385	0.0384615384615383
2386	-0.0378205128205131
2387	-0.0666666666666668
2388	-0.0282051282051284
2389	0.0480769230769229
2390	0.0762820512820512
2391	0.0378205128205125
2392	0.0762820512820512
2393	0.0378205128205125
2394	-0.0769230769230771
2395	-0.0865384615384617
2396	-0.239102564102564
2397	-0.248717948717949
2398	-0.219871794871795
2399	-0.276923076923077
2400	-0.391025641025641
2401	-0.400641025641026
2474	-0.266025641025641
2475	-0.266025641025641
2478	-0.28525641025641
2479	-0.294871794871795
2480	-0.294871794871795
2481	-0.314102564102564
2482	-0.257051282051282
2483	-0.276282051282052
2484	-0.31474358974359
2485	-0.295512820512821
2486	-0.219230769230769
2487	-0.22948717948718
2488	-0.134615384615385
2489	-0.125
2490	-0.182051282051282
2491	-0.239102564102564
2492	-0.239102564102564
2493	-0.239102564102564
2494	-0.210897435897436
2495	-0.344230769230769
2496	-0.306410256410257
2497	-0.287179487179487
2498	-0.287179487179487
2499	-0.382051282051282
2500	-0.42948717948718
2501	-0.419871794871795
2502	-0.381410256410257
2503	-0.400641025641026
2504	-0.400641025641026
2505	-0.419871794871795
2506	-0.400641025641026
2507	-0.362179487179488
2508	-0.31474358974359
2509	-0.305128205128205
2510	-0.371794871794872
2511	-0.371794871794872
2512	-0.371794871794872
2513	-0.371794871794872
2543	-0.30448717948718
2546	-0.247435897435897
2547	-0.161538461538462
2548	-0.161538461538462
2549	-0.171153846153846
2550	-0.161538461538462
2551	0.0294871794871794
2552	0.0294871794871794
2553	0.01025641025641
2554	0.0294871794871794
2555	0.162820512820513
2556	0.162820512820513
2557	0.21025641025641
2558	0.191025641025641
2559	0.276923076923077
2560	0.219871794871795
2561	0.248717948717949
2562	0.315384615384615
2563	0.305769230769231
2564	0.296153846153846
2565	0.325
2566	0.344230769230769
2567	0.230128205128205
2568	0.249358974358974
2569	0.258974358974359
2570	0.278205128205128
2571	0.287820512820513
2572	0.316025641025641
2573	0.258974358974359
2574	0.296794871794872
2575	0.43974358974359
2576	0.516025641025641
2577	0.611538461538461
2578	0.744871794871795
2579	0.658974358974359
2580	0.649358974358974
2581	0.630128205128205
2582	0.525641025641025
2583	0.449358974358974
2584	0.525641025641025
2585	0.658974358974359
2586	0.668589743589743
2587	0.601923076923077
2588	0.65
2589	0.65
2590	0.602564102564102
2591	0.54551282051282
2592	0.602564102564102
2593	0.54551282051282
2594	0.516666666666667
2595	0.430769230769231
2596	0.458974358974359
2597	0.468589743589743
2598	0.430769230769231
2599	0.364102564102564
2600	0.383333333333334
2601	0.401923076923077
2602	0.382692307692308
2603	0.373076923076923
2604	0.373076923076923
2605	0.382692307692308
2606	0.373076923076923
2607	0.373076923076923
2608	0.373076923076923
2609	0.43974358974359
2610	0.421153846153846
2611	0.297435897435897
2612	0.221153846153846
2613	0.0974358974358973
2614	-0.0166666666666667
2615	0.0596153846153845
2616	0.0307692307692308
2617	0.173717948717949
2618	0.230769230769231
2619	0.221153846153846
2620	0.125641025641025
2621	-0.026923076923077
2622	0.00128205128205106
2623	-0.0942307692307693
2624	-0.142307692307692
2625	-0.132692307692308
2626	-0.161538461538462
2627	-0.237820512820513
2628	-0.30448717948718
2629	-0.218589743589744
2630	-0.18974358974359
2631	-0.151282051282052
2633	-0.0653846153846155
2634	0.0391025641025639
2635	0.0198717948717947
2636	-0.0185897435897439
2637	-0.0564102564102567
2638	-0.0275641025641028
2639	0.115384615384615
2640	0.191666666666666
2641	0.325
2642	0.372435897435897
2643	0.448717948717948
2644	0.391666666666666
2645	0.305769230769231
2646	0.353205128205128
2647	0.391025641025641
2648	0.391025641025641
2649	0.391025641025641
2650	0.391025641025641
2651	0.391025641025641
2652	0.419871794871795
2653	0.286538461538461
2654	0.286538461538461
2655	0.305769230769231
2656	0.382051282051282
2657	0.401282051282051
2658	0.334615384615384
2659	0.42051282051282
2660	0.430128205128205
2661	0.430128205128205
2662	0.582692307692308
2663	0.573076923076923
2664	0.696794871794872
2665	0.62051282051282
2666	0.610897435897436
2667	0.582051282051282
2668	0.772435897435897
2669	0.648717948717948
2670	0.525
2671	0.525
2672	0.544230769230769
2673	0.582051282051282
2674	0.600641025641025
2675	0.448076923076923
2676	0.352564102564103
2677	0.161538461538461
2678	0.133333333333334
2679	0.0666666666666667
2680	0.142948717948718
2681	0.2
2682	0.0948717948717948
2683	0.104487179487179
2684	0.0948717948717948
2685	0.0948717948717948
2686	0.123076923076923
2687	0.160897435897436
2688	0.122435897435897
2689	0.103205128205128
2690	0.112820512820513
2691	0.0839743589743587
2692	-0.00192307692307714
2693	0.0269230769230766
2694	0.0653846153846152
2695	0.0083333333333333
2696	0.0371794871794873
2697	0.0564102564102564
2698	-0.125
2699	-0.105769230769231
2700	-0.248717948717949
2701	-0.258333333333334
2702	-0.22948717948718
2703	-0.210256410256411
2704	-0.41025641025641
2708	-0.42948717948718
2760	-0.208333333333334
2761	-0.0935897435897438
2762	-0.00769230769230778
2763	-0.0647435897435898
2764	0.0403846153846154
2765	0.078205128205128
2766	0.0878205128205125
2767	0.078205128205128
2768	0.0878205128205125
2769	0.164102564102564
2770	0.164102564102564
2771	0.154487179487179
2772	0.144871794871795
2773	0.192307692307692
2774	0.210897435897436
2775	0.210897435897436
2776	0.182051282051282
2777	0.296153846153846
2778	0.267307692307692
2779	0.353205128205128
2780	0.372435897435897
2781	0.353205128205128
2782	0.381410256410256
2783	0.371794871794872
2784	0.362179487179487
2785	0.238461538461538
2786	0.267307692307692
2787	0.324358974358974
2788	0.333974358974359
2789	0.353205128205128
2790	0.333974358974359
2791	0.31474358974359
2792	0.248076923076923
2793	0.267307692307692
2794	0.333974358974359
2795	0.324358974358974
2796	0.171794871794872
2797	0.142948717948718
2798	0.0762820512820512
2799	0.152564102564103
2800	0.0282051282051279
2801	-0.019871794871795
2802	-0.019871794871795
2803	-0.0871794871794873
2804	-0.0205128205128204
2805	-0.0397435897435898
2806	-0.030128205128205
2807	-0.058974358974359
2808	-0.030128205128205
2809	-0.0775641025641027
2810	-0.125
2811	-0.134615384615385
2812	-0.125
2813	-0.258333333333334
2814	-0.201282051282052
2815	-0.287179487179487
2816	-0.287179487179487
2817	-0.258333333333334
2818	-0.305769230769231
2819	-0.305769230769231
2820	-0.239102564102564
2821	-0.210256410256411
2822	-0.143589743589744
2823	-0.181410256410257
2824	-0.210256410256411
2825	-0.0865384615384617
2826	-0.0576923076923079
2827	-0.0384615384615388
2828	0.0378205128205125
2829	-0.0384615384615388
2830	-0.11474358974359
2831	-0.248076923076923
2832	-0.228846153846154
2833	-0.276282051282052
2834	-0.266666666666667
2835	-0.333333333333333
2836	-0.247435897435897
2837	-0.237179487179487
2838	-0.227564102564103
2839	-0.189102564102564
2848	-0.323717948717949
2849	-0.276282051282052
2850	-0.314102564102564
2851	-0.342948717948718
2852	-0.285897435897436
2853	-0.305128205128205
2854	-0.305128205128205
2855	-0.228846153846154
2856	-0.285897435897436
2857	-0.285897435897436
2858	-0.314102564102564
2859	-0.323717948717949
2860	-0.314102564102564
2866	-0.41025641025641
2867	-0.353205128205128
2868	-0.210256410256411
2869	-0.219871794871795
2870	-0.239102564102564
2871	-0.239102564102564
2872	-0.325
2873	-0.353846153846154
2874	-0.373076923076923
2875	-0.220512820512821
2876	-0.144230769230769
2877	-0.153846153846154
2878	-0.0961538461538463
2879	0.0282051282051279
2880	0.0282051282051279
2881	0.190384615384615
2882	0.2
2883	0.257051282051282
2884	0.248076923076923
2885	0.21025641025641
2886	0.219871794871795
2887	0.305769230769231
2888	0.258333333333333
2889	0.267948717948718
2890	0.344230769230769
2891	0.287179487179487
2892	0.296794871794872
2893	0.334615384615384
2894	0.448717948717948
2895	0.515384615384615
2896	0.534615384615384
2897	0.515384615384615
2898	0.582051282051282
2899	0.573076923076923
2900	0.477564102564102
2901	0.516025641025641
2902	0.468589743589743
2903	0.421153846153846
2904	0.325641025641026
2905	0.344871794871795
2906	0.440384615384615
2907	0.430769230769231
2908	0.478846153846154
2909	0.488461538461538
2910	0.631410256410256
2911	0.574358974358974
2912	0.488461538461538
2913	0.536538461538461
2914	0.450641025641026
2915	0.46025641025641
2916	0.489102564102564
2917	0.375
2918	0.375
2919	0.298717948717949
2920	0.393589743589744
2921	0.47948717948718
2922	0.46025641025641
2923	0.450641025641026
2924	0.441025641025641
2925	0.441025641025641
2926	0.374358974358974
2927	0.374358974358974
2928	0.383974358974359
2929	0.326923076923077
2930	0.222435897435897
2931	0.155769230769231
2932	0.146153846153846
2933	0.155769230769231
2934	0.117948717948718
2935	0.0891025641025639
2936	0.0891025641025639
2937	0.0891025641025639
2938	0.146153846153846
2939	0.146153846153846
2940	0.146153846153846
2941	0.146153846153846
2942	0.0410256410256409
2943	0.0410256410256409
2944	0.0217948717948716
2945	0.0217948717948716
2946	-0.0352564102564104
2950	-0.0352564102564104
2951	-0.0737179487179489
2952	-0.0647435897435898
2953	-0.0743589743589745
2954	-0.0839743589743591
2955	-0.0743589743589745
2956	0.0115384615384615
2957	-0.026923076923077
2958	-0.0365384615384615
2959	-0.0839743589743591
2960	-0.0743589743589745
2961	-0.122435897435898
2962	-0.0942307692307693
2963	-0.0942307692307693
2964	-0.113461538461539
2965	-0.0942307692307693
2966	-0.103846153846154
2967	-0.0371794871794873
2968	-0.0179487179487182
2969	0.00128205128205106
2970	0.0108974358974356
2971	-0.0365384615384615
2972	0.0967948717948717
2973	0.0967948717948717
2974	0.173076923076923
2975	0.173076923076923
2976	0.106410256410256
2977	0.0775641025641023
2978	0.0967948717948717
2979	0.173076923076923
2980	0.182692307692308
2981	0.182692307692308
2982	0.163461538461538
2983	0.144230769230769
2984	0.144230769230769
2985	0.144230769230769
2986	0.22051282051282
2987	0.173076923076923
2988	0.125641025641025
2989	0.13525641025641
2990	0.144871794871795
2991	0.144871794871795
2992	-0.0935897435897438
2993	-0.121794871794872
2994	-0.121794871794872
2995	-0.0173076923076924
2996	0.030128205128205
2997	0.078205128205128
2998	0.116666666666667
2999	0.173717948717949
3000	0.183333333333333
3001	0.259615384615384
3002	0.307051282051282
3003	0.307051282051282
3004	0.421153846153846
3005	0.373076923076923
3006	0.363461538461538
3007	0.410897435897436
3008	0.42051282051282
3009	0.42051282051282
3010	0.277564102564103
3011	0.296794871794872
3012	0.287179487179487
3013	0.296794871794872
3014	0.287179487179487
3015	0.230128205128205
3016	0.201282051282051
3017	0.277564102564103
3018	0.277564102564103
3019	0.287179487179487
3020	0.334615384615384
3021	0.315384615384615
3022	0.239102564102564
3023	0.219871794871795
3024	0.21025641025641
3025	0.21025641025641
3026	0.22948717948718
3027	0.362820512820513
3028	0.401282051282051
3029	0.391666666666666
3030	0.410897435897436
3031	0.325641025641026
3032	0.411538461538461
3033	0.411538461538461
3034	0.325641025641026
3035	0.33525641025641
3036	0.325641025641026
3037	0.306410256410256
3038	0.316025641025641
3039	0.33525641025641
3040	0.201923076923077
3041	0.326282051282051
3042	0.335897435897436
3043	0.326282051282051
3044	0.173717948717949
3045	0.344871794871795
3046	0.364102564102564
3047	0.316025641025641
3048	0.487820512820513
3049	0.507051282051282
3050	0.526282051282051
3051	0.526282051282051
3052	0.612179487179487
3053	0.621794871794872
3054	0.555128205128205
3055	0.54551282051282
3056	0.498076923076923
3057	0.593589743589743
3058	0.632051282051282
3059	0.67051282051282
3060	0.766025641025641
3061	0.775
3062	0.775
3063	0.632051282051282
3064	0.641666666666667
3065	0.727564102564102
3066	0.689102564102564
3067	0.698717948717949
3068	0.546153846153846
3069	0.536538461538461
3070	0.565384615384615
3071	0.489102564102564
3072	0.489102564102564
3073	0.441666666666667
3074	0.451282051282051
3075	0.384615384615384
3076	0.412820512820513
3077	0.374358974358974
3078	0.335897435897436
3079	0.278846153846154
3080	0.288461538461538
3081	0.0884615384615384
3082	0.0980769230769231
3083	0.126923076923077
3084	-0.0064102564102565
3085	-0.0064102564102565
3086	-0.0256410256410258
3087	0.0410256410256409
3088	0.0217948717948716
3089	-0.0256410256410258
3090	-0.00705128205128225
3091	0.0692307692307691
3092	0.012179487179487
3093	0.00256410256410233
3094	-0.0641025641025643
3095	-0.00705128205128225
3096	-0.0641025641025643
3102	-0.044871794871795
3103	-0.0166666666666667
3104	0.00256410256410233
3105	0.0980769230769231
3106	0.0980769230769231
3107	0.0980769230769231
3108	0.0980769230769231
3109	0.0884615384615384
3110	0.0884615384615384
3111	0.14551282051282
3112	0.126923076923077
3113	0.0987179487179486
3114	0.146794871794872
3115	0.166025641025641
3116	0.18525641025641
3117	0.204487179487179
3118	0.18525641025641
3119	0.194871794871795
3120	0.203846153846154
3121	0.165384615384615
3122	0.251282051282051
3123	0.184615384615385
3124	0.223076923076923
3125	0.299358974358974
3126	0.280769230769231
3127	0.328205128205128
3128	0.356410256410256
3129	0.28974358974359
3130	0.28974358974359
3131	0.194230769230769
3132	0.203846153846154
3133	0.203846153846154
3134	0.308974358974359
3135	0.346794871794872
3136	0.346794871794872
3137	0.346794871794872
3138	0.213461538461538
3139	0.213461538461538
3140	0.156410256410256
3141	0.0897435897435896
3142	0.213461538461538
3143	0.232692307692308
3144	0.232692307692308
3145	0.232692307692308
3146	0.166025641025641
3147	0.0993589743589742
3148	0.0993589743589742
3149	0.0993589743589742
3150	0.156410256410256
3151	0.223076923076923
3152	0.223076923076923
3153	0.394230769230769
3154	0.394230769230769
3155	0.394230769230769
3156	0.375641025641026
3157	0.471153846153846
3158	0.461538461538461
3159	0.451923076923077
3160	0.394871794871795
3161	0.328205128205128
3162	0.318589743589743
3163	0.194871794871795
3164	0.147435897435897
3165	0.147435897435897
3166	0.128205128205128
3167	0.223717948717949
3168	0.214102564102564
3169	0.194871794871795
3170	0.118589743589744
3184	0.0416666666666666
3185	0.0416666666666666
3212	0.0512820512820511
3216	0.137179487179487
3217	0.0608974358974358
3218	0.232692307692308
3219	0.213461538461538
3220	0.127564102564102
3221	0.0698717948717947
3222	0.0506410256410255
3223	0.0506410256410255
3224	0.0217948717948716
3225	0.0506410256410255
3226	0.0506410256410255
3227	0.0217948717948716
3228	0.012179487179487
3229	0.0217948717948716
3230	0.012179487179487
3239	-0.0160256410256412
3243	-0.0064102564102565
3251	-0.0256410256410258
3270	-0.150641025641026
3271	-0.141025641025641
3272	-0.121794871794872
3273	-0.0551282051282053
3274	-0.0647435897435898
3275	-0.141025641025641
3276	-0.0743589743589745
3277	-0.0935897435897438
3278	-0.0839743589743591
3279	-0.169871794871795
3280	-0.169871794871795
3281	-0.208333333333334
3282	-0.208333333333334
3375	-0.0064102564102565
3376	0.00320512820512808
3382	-0.0641025641025643
3383	-0.044871794871795
3384	-0.0064102564102565
3385	0.0314102564102563
3386	0.0506410256410255
3387	0.0410256410256409
3388	0.0602564102564102
3389	0.126923076923077
3390	0.146153846153846
3391	0.117307692307692
3392	0.241025641025641
3393	0.222435897435897
3394	0.212820512820513
3395	0.222435897435897
3396	0.146153846153846
3397	0.146153846153846
3398	0.0410256410256409
3399	-0.0064102564102565
3400	-0.0256410256410258
3401	-0.0256410256410258
3462	-0.208333333333334
3470	-0.169871794871795
3471	-0.17948717948718
3472	-0.17948717948718
3473	-0.150641025641026
3474	-0.169871794871795
3475	-0.16025641025641
3476	-0.169871794871795
3477	-0.0647435897435898
3478	0.107051282051282
3479	0.0974358974358973
3480	0.0403846153846154
3481	0.0307692307692308
3482	0.0685897435897435
3483	0.00192307692307692
3484	0.0493589743589742
3485	0.0685897435897435
3486	0.106410256410256
3487	0.0205128205128203
3488	0.0967948717948717
3489	0.087179487179487
3490	0.0775641025641023
3491	0.0391025641025639
3492	0.01025641025641
3493	-0.046794871794872
3494	-0.0275641025641028
3495	-0.0179487179487182
3496	0.0487179487179484
3497	0.0487179487179484
3498	-0.00833333333333364
3499	0.125
3500	0.115384615384615
3501	0.115384615384615
3502	0.182051282051282
3503	0.191666666666666
3504	0.115384615384615
3505	0.133974358974359
3506	0.0673076923076922
3507	0.124358974358974
3508	0.105128205128205
3509	0.0762820512820512
3510	0.0858974358974359
3511	0.171794871794872
3512	0.162179487179487
3513	0.0762820512820512
3514	-0.0762820512820516
3515	-0.095512820512821
3516	-0.0096153846153848
3517	-0.0288461538461542
3518	-0.0474358974358975
3519	-0.0282051282051284
3520	-0.0564102564102567
3521	-0.151923076923077
3522	-0.228205128205128
3523	-0.208974358974359
3524	-0.28525641025641
3525	-0.314102564102564
3526	-0.323717948717949
3527	-0.323717948717949
3528	-0.294871794871795
3529	-0.199358974358975
3530	-0.275641025641026
3531	-0.28525641025641
3550	-0.352564102564103
3551	-0.381410256410257
3552	-0.381410256410257
3553	-0.305128205128205
3554	-0.305128205128205
3555	-0.209615384615385
3556	-0.171794871794872
3557	-0.152564102564103
3558	-0.10448717948718
3559	-0.114102564102564
3560	-0.10448717948718
3561	-0.0660256410256412
3562	-0.0371794871794873
3563	0.0679487179487177
3564	0.144230769230769
3565	0.0391025641025639
3566	0.115384615384615
3567	0.105769230769231
3568	0.115384615384615
3569	0.0961538461538461
3570	0.162820512820513
3571	0.143589743589743
3572	0.181410256410256
3573	0.228846153846154
3574	0.0762820512820512
3575	0.162179487179487
3576	0.181410256410256
3577	0.238461538461538
3578	0.248076923076923
3579	0.238461538461538
3580	0.285897435897436
3581	0.362179487179487
3582	0.362179487179487
3583	0.381410256410256
3584	0.419871794871795
3585	0.400641025641025
3586	0.228846153846154
3587	0.267307692307692
3588	0.200641025641026
3589	0.105128205128205
3590	0.162179487179487
3591	0.133333333333334
3592	0.180769230769231
3593	0.208974358974359
3594	0.199358974358974
3595	0.180128205128205
3596	0.237179487179487
3597	0.246794871794872
3598	0.303846153846154
3599	0.237179487179487
3600	0.160897435897436
3601	0.151282051282051
3602	0.0846153846153845
3603	0.103846153846154
3604	0.046153846153846
3605	0.046153846153846
3606	-0.030128205128205
3607	-0.106410256410257
3608	-0.23974358974359
3609	-0.306410256410257
3610	-0.296794871794872
3611	-0.382692307692308
3612	-0.373076923076923
3613	-0.43974358974359
3614	-0.401282051282052
3615	-0.401282051282052
3616	-0.467948717948718
3618	-0.458333333333334
3620	-0.496794871794872
3621	-0.467948717948718
3622	-0.439102564102564
3623	-0.448717948717949
3624	-0.458333333333334
3625	-0.439102564102564
3645	-0.246794871794872
3646	-0.237179487179487
3647	-0.256410256410257
3648	-0.208974358974359
3649	-0.199358974358975
3650	-0.161538461538462
3651	-0.113461538461539
3652	-0.0750000000000002
3653	0.0487179487179484
3654	-0.0371794871794873
3655	-0.0275641025641028
3656	-0.0942307692307693
3657	-0.113461538461539
3658	-0.170512820512821
3659	-0.160897435897436
3660	-0.141666666666667
3661	-0.122435897435898
3662	-0.141666666666667
3663	-0.208333333333334
3664	-0.227564102564103
3665	-0.17948717948718
3666	-0.151282051282052
3667	-0.160897435897436
3668	-0.208333333333334
3669	-0.103205128205128
3670	-0.0461538461538462
3671	-0.0461538461538462
3672	-0.0173076923076924
3673	-0.00769230769230778
3674	-0.026923076923077
3675	0.125
3676	0.144230769230769
3677	0.0775641025641023
3678	-0.0750000000000002
3679	-0.151282051282052
3680	-0.160897435897436
3681	-0.199358974358975
3682	-0.218589743589744
3683	-0.199358974358975
3684	-0.28525641025641
3685	-0.256410256410257
3686	-0.266025641025641
3687	-0.266025641025641
3688	-0.266025641025641
3698	-0.256410256410257
3699	-0.218589743589744
3700	-0.180769230769231
3701	-0.180769230769231
3702	-0.180128205128205
3703	-0.141666666666667
3704	-0.141666666666667
3705	-0.227564102564103
3706	-0.217948717948718
3707	-0.151282051282052
3708	-0.160897435897436
3709	-0.160897435897436
3710	-0.170512820512821
3713	-0.237179487179487
3714	-0.227564102564103
3715	-0.208333333333334
3716	-0.208333333333334
3717	-0.198717948717949
3718	-0.237179487179487
3719	-0.237179487179487
3720	-0.141666666666667
3721	-0.141666666666667
3722	-0.17948717948718
3723	-0.227564102564103
3724	-0.227564102564103
3725	-0.151282051282052
3726	-0.160897435897436
3727	-0.199358974358975
3728	-0.132692307692308
3729	-0.0660256410256412
3730	-0.0275641025641028
3731	-0.0371794871794873
3732	-0.0564102564102567
3733	-0.046794871794872
3734	-0.0564102564102567
3735	-0.0846153846153848
3736	-0.0461538461538462
3737	-0.0365384615384615
3738	-0.0461538461538462
3739	-0.0750000000000002
3740	-0.0653846153846155
3741	-0.0461538461538462
3742	-0.0653846153846155
3743	-0.103205128205128
3744	-0.0839743589743591
3745	-0.0743589743589745
3746	-0.0365384615384615
3747	0.125641025641025
3748	0.116025641025641
3749	0.030128205128205
3750	0.0205128205128203
3751	0.0397435897435895
3752	0.0205128205128203
3753	0.030128205128205
3754	0.154487179487179
3755	0.211538461538461
3756	0.13525641025641
3757	0.0967948717948717
3758	0.210897435897436
3759	0.210897435897436
3760	0.22051282051282
3761	0.115384615384615
3762	0.0865384615384615
3763	0.162820512820513
3764	0.125
3765	0.210897435897436
3766	0.22948717948718
3767	0.153205128205128
3768	0.372435897435897
3769	0.343589743589743
3770	0.353205128205128
3771	0.324358974358974
3772	0.257692307692308
3773	0.228846153846154
3774	0.190384615384615
3775	0.190384615384615
3776	0.161538461538461
3777	0.142307692307692
3778	0.0564102564102564
3779	0.113461538461538
3780	0.0749999999999997
3781	0.0557692307692306
3782	0.180128205128205
3783	0.0653846153846152
3784	0.0653846153846152
3785	-0.00128205128205128
3786	0.0653846153846152
3787	0.103205128205128
3788	0.122435897435897
3789	0.046153846153846
3790	0.0269230769230766
3791	-0.0397435897435898
3792	0.0935897435897433
3793	0.112820512820513
3794	-0.0205128205128204
3795	-0.00128205128205128
3796	0.0365384615384614
3797	0.132051282051282
3798	0.17051282051282
3799	0.180128205128205
3800	0.17051282051282
3801	0.0371794871794873
3802	0.0852564102564102
3803	0.114102564102564
3804	-0.0384615384615388
3805	-0.0480769230769234
3806	-0.0288461538461542
3807	0.00961538461538458
3808	0.0762820512820512
3809	0.0762820512820512
3810	0.105128205128205
3811	0.11474358974359
3812	0.105128205128205
3813	0.124358974358974
3814	0.305769230769231
3815	0.191025641025641
3816	0.286538461538461
3817	0.286538461538461
3818	0.0961538461538461
3819	0.115384615384615
3820	0.144230769230769
3821	0.249358974358974
3822	0.201923076923077
3823	0.13525641025641
3824	0.211538461538461
3825	0.211538461538461
3826	0.154487179487179
3827	0.173717948717949
3828	0.107051282051282
3829	0.116666666666667
3830	0.326282051282051
3831	0.402564102564103
3832	0.34551282051282
3833	0.259615384615384
3834	0.326282051282051
3835	0.240384615384615
3836	0.230769230769231
3837	0.221153846153846
3838	0.125641025641025
3839	0.163461538461538
3840	0.087179487179487
3841	0.125641025641025
3842	0.306410256410256
3843	0.191666666666666
3844	0.115384615384615
3845	0.144230769230769
3846	0.144230769230769
3847	0.105769230769231
3848	0.163461538461538
3849	0.134615384615384
3850	0.058333333333333
3851	0.0967948717948717
3852	0.0108974358974356
3853	0.0108974358974356
3854	0.0198717948717947
3855	0.01025641025641
3856	-0.0185897435897439
3857	-0.0948717948717951
3858	-0.123717948717949
3859	-0.123717948717949
3860	-0.257692307692308
3861	-0.181410256410257
3862	-0.105128205128206
3863	-0.133974358974359
3864	-0.11474358974359
3865	-0.0384615384615388
3866	-0.257692307692308
3867	-0.324358974358975
3868	-0.248076923076923
3869	-0.219230769230769
3870	-0.31474358974359
3871	-0.285897435897436
3872	-0.266666666666667
3873	-0.228205128205128
3874	-0.18974358974359
3875	-0.208333333333334
3876	-0.189102564102564
3877	-0.217948717948718
3938	-0.323717948717949
3939	-0.314102564102564
3940	-0.237820512820513
3941	-0.276282051282052
3942	-0.276282051282052
3943	-0.295512820512821
3944	-0.324358974358975
3945	-0.372435897435898
3946	-0.382051282051282
3947	-0.449358974358975
3948	-0.45
3949	-0.498076923076923
3950	-0.355128205128206
3951	-0.326923076923077
3952	-0.403846153846154
3953	-0.394230769230769
3954	-0.375
3955	-0.460897435897436
3956	-0.451282051282052
3957	-0.451282051282052
3958	-0.394230769230769
3959	-0.375
3960	-0.355769230769231
3961	-0.365384615384616
3962	-0.384615384615385
3963	-0.394230769230769
3964	-0.470512820512821
3965	-0.537179487179487
3966	-0.565384615384616
3967	-0.575
3968	-0.565384615384616
3969	-0.546153846153846
3970	-0.669871794871795
3971	-0.669871794871795
3972	-0.669871794871795
3973	-0.669871794871795
4070	-0.362179487179488
4071	-0.324358974358975
4072	-0.31474358974359
4073	-0.305769230769231
4074	-0.343589743589744
4075	-0.363461538461539
4076	-0.344230769230769
4077	-0.353846153846154
4078	-0.344230769230769
4079	-0.325
4080	-0.372435897435898
4081	-0.315384615384615
4082	-0.315384615384615
4083	-0.258333333333334
4084	-0.162820512820513
4085	-0.220512820512821
4086	-0.23974358974359
4087	-0.210897435897436
4088	-0.201282051282052
4089	-0.210897435897436
4090	-0.210897435897436
4091	-0.191666666666667
4092	-0.220512820512821
4093	-0.287179487179487
4094	-0.230128205128205
4095	-0.230128205128205
4096	-0.287179487179487
4097	-0.334615384615385
4098	-0.316025641025641
4099	-0.316025641025641
4100	-0.325641025641026
4101	-0.334615384615385
4102	-0.401923076923077
4103	-0.411538461538462
4104	-0.392307692307692
4105	-0.430128205128205
4144	-0.103205128205128
4145	-0.132051282051282
4146	-0.122435897435898
4147	-0.150641025641026
4148	-0.0833333333333334
4149	-0.0737179487179489
4150	-0.121794871794872
4151	-0.0647435897435898
4152	-0.131410256410256
4153	-0.141025641025641
4154	-0.131410256410256
4162	-0.112179487179487
4163	-0.0455128205128208
4164	-0.0647435897435898
4165	-0.0935897435897438
4166	-0.0557692307692309
4167	-0.0846153846153848
4168	-0.0371794871794873
4169	-0.046794871794872
4170	-0.0942307692307693
4171	-0.170512820512821
4172	-0.132051282051282
4178	-0.198717948717949
4179	-0.208333333333334
4182	-0.169871794871795
4183	0.00128205128205106
4184	0.00128205128205106
4185	0.0108974358974356
4186	0.030128205128205
4187	0.0493589743589742
4188	0.0493589743589742
4189	0.0397435897435895
4190	0.153846153846154
4191	0.144230769230769
4192	0.0769230769230768
4193	0.172435897435897
4194	0.162820512820513
4195	0.143589743589743
4196	0.143589743589743
4197	0.0858974358974359
4198	0.0762820512820512
4199	-0.0096153846153848
4200	0.00961538461538458
4201	0.0288461538461536
4202	0.11474358974359
4203	0.153205128205128
4204	0.0865384615384615
4205	0.0865384615384615
4206	0.01025641025641
4207	0.0391025641025639
4208	0.0487179487179484
4209	0.0487179487179484
4210	0.000641025641025417
4211	-0.00897435897435916
4212	-0.0660256410256412
4213	0.0198717948717947
4214	-0.0852564102564105
4215	-0.0378205128205131
4216	-0.10448717948718
4217	-0.114102564102564
4218	-0.190384615384615
4221	-0.333333333333333
4222	-0.30448717948718
4279	-0.044871794871795
4280	0.0410256410256409
4281	0.0314102564102563
4282	0.012179487179487
4283	0.00256410256410233
4284	0.012179487179487
4285	0.0410256410256409
4286	0.0884615384615384
4287	0.16474358974359
4288	0.212820512820513
4289	0.193589743589743
4290	0.203205128205128
4291	0.279487179487179
4292	0.26025641025641
4293	0.250641025641025
4294	0.269871794871795
4295	0.231410256410256
4296	0.202564102564102
4297	0.173717948717949
4298	0.173717948717949
4299	0.154487179487179
4300	0.144871794871795
4301	0.144871794871795
4302	0.030128205128205
4303	-0.026923076923077
4304	-0.0461538461538462
4305	-0.0557692307692309
4306	-0.0173076923076924
4307	-0.0365384615384615
4308	-0.0935897435897438
4309	-0.103205128205128
4310	-0.0743589743589745
4311	-0.122435897435898
4312	-0.0750000000000002
4313	-0.132051282051282
4314	-0.0365384615384615
4315	-0.103205128205128
4316	-0.16025641025641
4317	-0.189102564102564
4318	-0.17948717948718
4319	-0.189102564102564
4320	-0.208333333333334
4321	-0.217948717948718
4344	-0.352564102564103
4345	-0.276282051282052
4346	-0.352564102564103
4347	-0.257051282051282
4348	-0.199358974358975
4349	-0.218589743589744
4350	-0.342948717948718
4351	-0.31474358974359
4352	-0.371794871794872
4353	-0.342948717948718
4354	-0.342948717948718
4355	-0.248076923076923
4356	-0.238461538461539
4357	-0.248076923076923
4358	-0.267307692307692
4359	-0.191025641025641
4360	-0.181410256410257
4361	-0.181410256410257
4362	-0.191025641025641
4363	-0.200641025641026
4364	-0.124358974358975
4365	0.00897435897435872
4366	0.0467948717948719
4367	0.0942307692307691
4368	0.217948717948718
4369	0.304487179487179
4370	0.218589743589743
4371	0.266025641025641
4372	0.256410256410256
4373	0.275641025641025
4374	0.227564102564102
4375	0.360897435897436
4376	0.380128205128205
4377	0.246794871794872
4378	0.266025641025641
4379	0.199358974358974
4380	0.142307692307692
4381	0.123076923076923
4382	0.142307692307692
4383	0.123076923076923
4384	0.0179487179487181
4385	0.0749999999999997
4386	0.113461538461538
4387	0.0852564102564102
4388	0.142307692307692
4389	0.151923076923077
4390	0.161538461538461
4391	0.0474358974358973
4392	0.0570512820512818
4393	0.114102564102564
4394	0.142948717948718
4395	0.0955128205128203
4396	0.0762820512820512
4397	-0.0192307692307694
4398	0.00961538461538458
4399	0.0384615384615383
4400	-0.0474358974358975
4401	-0.171153846153846
4402	-0.208974358974359
4403	-0.227564102564103
4406	-0.150641025641026
4412	-0.0737179487179489
4413	-0.0551282051282053
4414	-0.0743589743589745
4415	-0.0839743589743591
4416	-0.0743589743589745
4417	-0.121794871794872
4418	-0.16025641025641
4419	-0.150641025641026
4420	-0.131410256410256
4433	-0.189102564102564
4434	-0.208333333333334
4435	-0.208333333333334
4436	-0.208333333333334
4437	-0.237179487179487
4438	-0.217948717948718
4439	-0.227564102564103
4440	-0.160897435897436
4441	-0.170512820512821
4442	-0.266025641025641
4443	-0.314102564102564
4444	-0.352564102564103
4445	-0.333333333333333
4446	-0.333333333333333
4472	-0.256410256410257
4473	-0.237179487179487
4474	-0.246794871794872
4475	-0.294871794871795
4481	-0.16025641025641
4482	-0.150641025641026
4483	-0.150641025641026
4484	-0.16025641025641
4485	-0.0839743589743591
4486	0.0397435897435895
4487	0.030128205128205
4488	-0.0179487179487182
4489	-0.00833333333333364
4490	0.00128205128205106
4491	0.0108974358974356
4492	0.030128205128205
4493	0.00128205128205106
4494	0.134615384615384
4495	0.153846153846154
4496	0.163461538461538
4497	0.153846153846154
4498	0.182692307692308
4499	0.173076923076923
4500	0.201923076923077
4501	0.249358974358974
4502	0.210897435897436
4503	0.201282051282051
4504	0.267948717948718
4505	0.325641025641026
4506	0.392307692307692
4507	0.182692307692308
4508	0.106410256410256
4509	0.0967948717948717
4510	0.163461538461538
4511	0.173076923076923
4512	0.219871794871795
4513	0.31474358974359
4514	0.362179487179487
4515	0.333333333333333
4516	0.457051282051282
4517	0.390384615384615
4518	0.275641025641025
4519	0.256410256410256
4520	0.237179487179487
4521	0.294230769230769
4522	0.303846153846154
4523	0.323076923076923
4524	0.371153846153846
4525	0.332692307692308
4526	0.237179487179487
4527	0.227564102564102
4528	0.313461538461538
4529	0.208974358974359
4530	0.0756410256410256
4531	0.180769230769231
4532	0.132692307692308
4533	0.132692307692308
4534	0.113461538461538
4535	0.104487179487179
4536	0.104487179487179
4537	0.0185897435897433
4538	0.0282051282051279
4539	0.0378205128205125
4540	-0.0576923076923079
4541	-0.153205128205128
4542	-0.162820512820513
4543	-0.143589743589744
4544	-0.124358974358975
4545	-0.143589743589744
4546	-0.258333333333334
4547	-0.172435897435898
4548	-0.219871794871795
4549	-0.248076923076923
4550	-0.31474358974359
4551	-0.305128205128205
4553	-0.352564102564103
4554	-0.333333333333333
4555	-0.362179487179488
4556	-0.333333333333333
4580	-0.55448717948718
4581	-0.458974358974359
4582	-0.363461538461539
4583	-0.410897435897436
4584	-0.372435897435898
4585	-0.391666666666667
4586	-0.334615384615385
4587	-0.325
4588	-0.334615384615385
4589	-0.373076923076923
4590	-0.306410256410257
4591	-0.267948717948718
4592	-0.277564102564103
4593	-0.286538461538462
4594	-0.324358974358975
4595	-0.228846153846154
4596	-0.228846153846154
4597	-0.238461538461539
4598	-0.238461538461539
4599	-0.257692307692308
4600	-0.219230769230769
4601	-0.295512820512821
4602	-0.295512820512821
4603	-0.31474358974359
4604	-0.343589743589744
4605	-0.333974358974359
4606	-0.448717948717949
4607	-0.381410256410257
4608	-0.31474358974359
4609	-0.333974358974359
4610	-0.296153846153846
4611	-0.191025641025641
4612	-0.209615384615385
4613	-0.2
4614	-0.2
4615	-0.10448717948718
4616	-0.171153846153846
4617	-0.247435897435897
4618	-0.323717948717949
4619	-0.342948717948718
4620	-0.266666666666667
4621	-0.28525641025641
4639	-0.256410256410257
4640	-0.170512820512821
4641	-0.0564102564102567
4642	0.133974358974359
4643	0.124358974358974
4644	0.0762820512820512
4645	0.0570512820512818
4646	0.0192307692307693
4647	0.00961538461538458
4648	-0.0192307692307694
4649	-0.0096153846153848
4650	-0.0096153846153848
4651	-0.0858974358974361
4652	-0.0096153846153848
4653	0.0570512820512818
4654	0.0666666666666667
4655	0.0474358974358973
4656	-0.11474358974359
4657	-0.115384615384615
4658	-0.144230769230769
4659	-0.116025641025641
4660	-0.106410256410257
4661	-0.164102564102564
4662	-0.145512820512821
4663	-0.155128205128205
4664	-0.107692307692308
4665	-0.0410256410256413
4666	-0.0410256410256413
4667	-0.126923076923077
4668	-0.126923076923077
4669	-0.136538461538462
4670	-0.193589743589744
4671	-0.0506410256410261
4672	-0.0506410256410261
4673	0.101923076923077
4674	0.178205128205128
4675	0.254487179487179
4676	0.168589743589743
4677	0.0256410256410253
4678	-0.05
4679	-0.0692307692307694
4680	0.0929487179487178
4681	0.169230769230769
4682	0.159615384615384
4683	0.0737179487179487
4684	0.0833333333333333
4685	0.0641025641025639
4686	0.254487179487179
4687	0.23525641025641
4688	0.149358974358974
4689	0.0634615384615382
4690	0.110897435897436
4691	0.139743589743589
4692	0.178205128205128
4693	0.169230769230769
4694	0.207692307692307
4695	0.255769230769231
4696	0.246153846153846
4697	0.217948717948718
4698	0.17051282051282
4699	0.17051282051282
4700	0.132692307692308
4701	0.151923076923077
4702	0.208974358974359
4703	0.199358974358974
4704	0.208974358974359
4705	0.218589743589743
4706	0.180128205128205
4707	0.132692307692308
4708	0.132692307692308
4709	-0.000641025641025639
4710	-0.105769230769231
4711	-0.191666666666667
4712	-0.172435897435898
4713	-0.162820512820513
4714	-0.267948717948718
4715	-0.277564102564103
4716	-0.420512820512821
4717	-0.467948717948718
4718	-0.467948717948718
4719	-0.439102564102564
4720	-0.41025641025641
4721	-0.400641025641026
4748	-0.381410256410257
4749	-0.400641025641026
4750	-0.305128205128205
4751	-0.285897435897436
4752	-0.371794871794872
4753	-0.439102564102564
4754	-0.296153846153846
4755	-0.305769230769231
4756	-0.353846153846154
4757	-0.258974358974359
4758	-0.23974358974359
4759	-0.278205128205128
4760	-0.278205128205128
4761	-0.278205128205128
4762	-0.296794871794872
4763	-0.296794871794872
4764	-0.220512820512821
4765	-0.201282051282052
4766	-0.172435897435898
4767	-0.182051282051282
4768	-0.182051282051282
4769	-0.210897435897436
4770	-0.23974358974359
4771	-0.258974358974359
4772	-0.221153846153846
4773	-0.211538461538462
4774	-0.201923076923077
4775	-0.25
4776	-0.259615384615385
4777	-0.316666666666667
4778	-0.487820512820513
4779	-0.497435897435898
4780	-0.53525641025641
4781	-0.516025641025641
4782	-0.401282051282052
4783	-0.343589743589744
4816	-0.0737179487179489
4817	-0.00705128205128225
4818	-0.102564102564103
4819	-0.112179487179487
4820	-0.0173076923076924
4821	0.0685897435897435
4822	0.0685897435897435
4823	0.00128205128205106
4824	0.0391025641025639
4825	0.0294871794871794
4826	0.01025641025641
4827	-0.0185897435897439
4828	-0.0378205128205131
4829	0.0192307692307693
4830	0.0192307692307693
4831	-0.0096153846153848
4832	0.0474358974358973
4833	-0.0102564102564104
4834	0.0564102564102564
4835	0.0179487179487181
4836	0.0275641025641027
4837	0.0467948717948719
4838	0.0275641025641027
4839	0.256410256410256
4840	0.217948717948718
4841	0.227564102564102
4842	0.217948717948718
4843	0.227564102564102
4844	0.237179487179487
4845	0.237179487179487
4846	-0.000641025641025639
4847	-0.0288461538461542
4848	-0.0288461538461542
4849	-0.0192307692307694
4850	-0.0096153846153848
4851	0.0858974358974359
4852	-0.095512820512821
4853	-0.143589743589744
4854	-0.000641025641025639
4855	0.142307692307692
4856	0.294871794871794
4857	0.18974358974359
4858	0.332692307692308
4859	0.313461538461538
4860	0.332692307692308
4861	0.294230769230769
4862	0.503846153846154
4863	0.598717948717948
4864	0.627564102564102
4865	0.551282051282051
4866	0.684615384615385
4867	0.760897435897436
4868	0.713461538461539
4869	0.713461538461539
4870	0.627564102564102
4871	0.713461538461539
4872	0.722435897435897
4873	0.826923076923077
4874	0.779487179487179
4875	0.732051282051282
4876	0.760897435897436
4877	0.855769230769231
4878	0.836538461538461
4879	0.817307692307692
4880	0.950641025641025
4881	0.950641025641025
4882	0.941025641025641
4883	0.978846153846153
4884	1.04551282051282
4885	1.11217948717949
4886	1.09294871794872
4887	1.01666666666667
4888	1.19807692307692
4889	1.16987179487179
4890	1.09358974358974
4891	0.969871794871795
4892	0.76025641025641
4893	0.779487179487179
4894	0.646153846153846
4895	0.789743589743589
4896	0.741666666666666
4897	0.856410256410256
4898	0.656410256410256
4899	0.551923076923077
4900	0.608974358974358
4901	0.742307692307692
4902	0.68525641025641
4903	0.647435897435897
4904	0.657051282051281
4905	0.628846153846154
4906	0.714743589743589
4907	0.714743589743589
4908	0.667307692307692
4909	0.514743589743589
4910	0.571794871794872
4911	0.409615384615384
4912	0.466666666666667
4913	0.428846153846154
4914	0.390384615384615
4915	0.419230769230769
4916	0.362179487179487
4917	0.419230769230769
4918	0.714743589743589
4919	0.667307692307692
4920	0.648076923076923
4921	0.571794871794872
4922	0.628846153846154
4923	0.6
4924	0.476282051282051
4925	0.504487179487179
4926	0.514102564102564
4927	0.494871794871794
4928	0.418589743589743
4929	0.408974358974359
4930	0.532692307692308
4931	0.523076923076923
4932	0.571153846153846
4933	0.57051282051282
4934	0.608333333333333
4935	0.646794871794871
4936	0.57051282051282
4937	0.437179487179487
4938	0.341666666666666
4939	0.332051282051282
4940	0.303205128205128
4941	0.303205128205128
4942	0.217307692307692
4943	0.150641025641025
4944	0.16025641025641
4945	0.189102564102564
4946	0.103205128205128
4947	0.169871794871795
4948	0.132051282051282
4949	0.208333333333333
4950	0.256410256410256
4951	0.208333333333333
4952	0.151282051282051
4953	0.0839743589743587
4954	-0.182692307692308
4955	-0.125641025641026
4956	-0.182692307692308
4957	-0.153846153846154
4958	-0.191666666666667
4959	-0.191666666666667
4960	-0.249358974358975
4961	-0.173076923076923
4962	-0.258974358974359
4963	-0.268589743589744
4964	-0.173076923076923
4965	-0.153846153846154
4966	-0.210897435897436
4967	-0.306410256410257
4968	-0.392307692307692
4969	-0.458333333333334
4972	-0.401282051282052
4973	-0.420512820512821
4974	-0.353846153846154
4975	-0.287179487179487
4976	-0.287179487179487
4977	-0.306410256410257
4978	-0.325641025641026
4979	-0.306410256410257
4980	-0.325641025641026
4981	-0.344871794871795
4982	-0.344871794871795
4983	-0.382692307692308
4984	-0.421153846153846
4985	-0.507051282051282
4986	-0.535897435897436
4987	-0.45
4988	-0.488461538461539
4989	-0.478205128205128
4990	-0.478205128205128
4991	-0.411538461538462
4992	-0.382692307692308
4993	-0.392307692307692
4994	-0.325641025641026
4995	-0.23974358974359
4996	-0.0583333333333336
4997	-0.0961538461538463
4998	0.0083333333333333
4999	-0.00128205128205128
5000	0.0365384615384614
5001	0.0269230769230766
5002	-0.0974358974358975
5003	-0.0974358974358975
5004	-0.0974358974358975
5005	-0.087820512820513
5006	-0.0685897435897436
5007	-0.0685897435897436
5008	-0.0775641025641027
5009	-0.0391025641025642
5010	-0.0865384615384617
5011	-0.143589743589744
5012	-0.0673076923076923
5013	-0.0480769230769234
5014	-0.0480769230769234
5015	-0.0865384615384617
5016	-0.0865384615384617
5017	-0.0961538461538463
5018	-0.0961538461538463
5019	-0.105769230769231
5020	-0.0102564102564104
5021	-0.0673076923076923
5022	0.0378205128205125
5023	-0.0384615384615388
5024	-0.0288461538461542
5025	0.190384615384615
5026	0.237820512820512
5027	0.237820512820512
5028	0.228205128205128
5029	0.208974358974359
5030	0.161538461538461
5031	0.132692307692308
5032	-0.019871794871795
5033	0.0083333333333333
5034	-0.0769230769230771
5035	-0.0673076923076923
5036	-0.095512820512821
5037	-0.0192307692307694
5038	0.0192307692307693
5039	0.0192307692307693
5040	0.11474358974359
5041	0.105128205128205
5042	0.0858974358974359
5043	0.105128205128205
5044	0.00961538461538458
5045	0.00961538461538458
5046	0.0384615384615383
5047	0.0288461538461536
5048	-0.0185897435897439
5049	-0.00897435897435916
5050	0.0673076923076922
5051	0.0673076923076922
5052	0.0865384615384615
5053	0.0769230769230768
5054	0.0865384615384615
5055	0.0480769230769229
5056	0.142948717948718
5057	0.133333333333334
5058	0.0564102564102564
5059	0.113461538461538
5060	0.198717948717948
5061	-0.0493589743589744
5062	-0.106410256410257
5063	-0.268589743589744
5064	-0.307051282051282
5065	-0.355128205128206
5066	-0.422435897435898
5067	-0.469871794871795
5068	-0.441025641025641
5069	-0.574358974358975
5070	-0.593589743589744
5071	-0.612820512820513
5072	-0.651282051282052
5073	-0.794871794871795
5074	-0.78525641025641
5075	-0.728205128205129
5076	-0.80448717948718
5077	-0.757051282051282
5078	-0.757051282051282
5079	-0.805128205128205
5080	-0.805128205128205
5081	-0.824358974358975
5082	-0.872435897435898
5083	-0.825
5084	-0.844230769230769
5085	-0.863461538461539
5086	-0.930128205128205
5087	-0.891666666666667
5088	-0.910897435897436
5089	-0.815384615384616
5090	-0.796153846153846
5091	-0.691025641025642
5092	-0.871794871794872
5093	-0.785897435897436
5094	-0.766025641025641
5095	-0.660897435897436
5097	-0.708333333333334
5098	-0.698717948717949
5099	-0.383974358974359
5100	-0.278846153846154
5101	-0.240384615384615
5102	-0.211538461538462
5103	-0.25
5104	-0.269230769230769
5105	-0.25
5106	-0.25
5107	-0.240384615384615
5108	-0.287820512820513
5109	-0.210897435897436
5110	-0.0871794871794873
5111	-0.105769230769231
5112	-0.0583333333333336
5113	-0.115384615384615
5114	-0.00128205128205128
5115	0.0275641025641027
5116	0.103846153846154
5117	0.0846153846153845
5118	0.132692307692308
5119	0.0756410256410256
5120	0.0660256410256412
5121	0.0846153846153845
5122	0.0557692307692306
5123	0.046153846153846
5124	0.0557692307692306
5125	0.0083333333333333
5126	-0.0397435897435898
5127	-0.0685897435897436
5128	0.0358974358974355
5129	-0.0307692307692311
5130	0.0166666666666666
5131	-0.107051282051282
5132	0.00705128205128203
5133	-0.00192307692307714
5134	0.0455128205128201
5135	-0.183333333333333
5136	-0.278846153846154
5137	-0.192948717948718
5138	-0.0115384615384617
5139	0.0935897435897433
5140	0.255769230769231
5141	0.265384615384615
5142	0.332051282051282
5143	0.417948717948718
5144	0.389102564102564
5145	0.389102564102564
5146	0.303205128205128
5147	0.274358974358974
5148	0.322435897435897
5149	0.436538461538462
5150	0.436538461538462
5151	0.464743589743589
5152	0.455128205128205
5153	0.598076923076923
5154	0.655128205128205
5155	0.664743589743589
5156	0.683974358974359
5157	0.741666666666666
5158	0.741666666666666
5159	0.722435897435897
5160	0.722435897435897
5161	0.703205128205128
5162	0.808333333333333
5163	0.77051282051282
5164	0.675641025641025
5165	0.627564102564102
5166	0.580128205128205
5167	0.617948717948718
5168	0.484615384615385
5169	0.446153846153846
5170	0.350641025641025
5171	0.293589743589743
5172	0.312820512820513
5173	0.236538461538461
5174	0.150641025641025
5175	0.226923076923077
5176	0.0935897435897433
5177	0.121794871794872
5178	0.217307692307692
5179	0.274358974358974
5180	0.369871794871795
5181	0.341025641025641
5182	0.36025641025641
5183	0.388461538461538
5184	0.311538461538461
5185	0.244871794871794
5186	0.111538461538461
5187	0.0737179487179487
5188	0.0166666666666666
5189	-0.116666666666666
5190	-0.116666666666666
5191	-0.126282051282051
5192	-0.116666666666666
5193	-0.192948717948718
5194	-0.202564102564103
5195	-0.0602564102564105
5196	0.0160256410256405
5197	0.0256410256410253
5198	0.101923076923077
5199	0.101923076923077
5200	0.12051282051282
5201	0.0820512820512818
5202	0.0532051282051278
5203	-0.0134615384615389
5204	0.0153846153846151
5205	0.0442307692307691
5206	0.110897435897436
5207	0.225
5208	0.196153846153846
5209	0.186538461538461
5210	0.186538461538461
5211	0.00512820512820467
5212	-0.0141025641025645
5213	-0.00448717948717992
5214	-0.0807692307692311
5215	-0.194871794871795
5216	-0.280769230769231
5217	-0.261538461538462
5218	-0.328205128205128
5219	-0.299358974358974
5220	-0.298717948717949
5221	-0.365384615384616
5222	-0.346153846153846
5223	-0.203205128205128
5224	-0.212820512820513
5225	-0.136538461538462
5226	-0.136538461538462
5227	-0.175
5228	-0.232692307692308
5229	-0.242307692307693
5230	-0.213461538461539
5231	-0.394230769230769
5232	-0.413461538461539
5233	-0.213461538461539
5234	-0.318589743589744
5235	-0.328205128205128
5236	-0.40448717948718
5237	-0.337179487179487
5238	-0.127564102564103
5239	-0.117948717948718
5240	-0.223717948717949
5241	-0.233333333333333
5242	-0.3
5243	-0.442948717948718
5244	-0.347435897435898
5245	-0.347435897435898
5246	-0.442948717948718
5247	-0.290384615384616
5248	-0.0807692307692311
5249	-0.166666666666667
5250	-0.119230769230769
5251	-0.157692307692308
5252	-0.196153846153846
5253	-0.225
5254	-0.244230769230769
5255	-0.273076923076923
5256	-0.311538461538462
5257	-0.244871794871795
5258	-0.264102564102564
5259	-0.435897435897436
5260	-0.398076923076923
5261	-0.474358974358974
5262	-0.608333333333333
5263	-0.56025641025641
5264	-0.417307692307693
5265	-0.455769230769231
5266	-0.484615384615385
5267	-0.426923076923077
5268	-0.455128205128206
5269	-0.674358974358974
5270	-0.702564102564103
5271	-0.731410256410257
5272	-0.626282051282051
5273	-0.635897435897436
5274	-0.845512820512821
5275	-0.788461538461539
5276	-0.682692307692308
5277	-0.701923076923077
5278	-0.625641025641026
5279	-0.596794871794872
5280	-0.692307692307693
5281	-0.730769230769231
5282	-0.673717948717949
5283	-0.797435897435898
5284	-1.02628205128205
5285	-0.930769230769231
5286	-1.05448717948718
5287	-1.06410256410256
5288	-0.978205128205129
5289	-0.968589743589744
5290	-0.873076923076923
5291	-0.653846153846154
5292	-0.616025641025641
5293	-0.559615384615385
5294	-0.502564102564103
5295	-0.435897435897436
5296	-0.492948717948718
5297	-0.417307692307693
5298	-0.388461538461539
5299	-0.350641025641026
5300	-0.407692307692308
5301	-0.378846153846154
5302	-0.341025641025641
5303	-0.360256410256411
5304	-0.389102564102565
5305	-0.341666666666667
5306	-0.380128205128205
5307	-0.332692307692308
5308	-0.275641025641026
5309	-0.142307692307692
5310	-0.123717948717949
5311	-0.248076923076923
5312	-0.210897435897436
5313	-0.220512820512821
5314	-0.23974358974359
5315	-0.258974358974359
5316	-0.221153846153846
5317	-0.173076923076923
5318	-0.106410256410256
5319	-0.164102564102564
5320	-0.164102564102564
5321	-0.240384615384615
5322	-0.278846153846154
5323	-0.26923076923077
5324	-0.230769230769231
5325	-0.144871794871795
5326	-0.25
5327	-0.421153846153846
5328	-0.449358974358975
5329	-0.486538461538462
5330	-0.476923076923077
5331	-0.524358974358975
5332	-0.505128205128206
5333	-0.561538461538462
5334	-0.523076923076923
5335	-0.456410256410257
5336	-0.523076923076923
5337	-0.513461538461539
5338	-0.532051282051282
5339	-0.475
5340	-0.503846153846154
5341	-0.560897435897436
5342	-0.332051282051282
5343	-0.312179487179487
5344	-0.426282051282052
5345	-0.502564102564103
5346	-0.501923076923077
5347	-0.367948717948718
5348	-0.41474358974359
5349	-0.348076923076923
5350	-0.262179487179487
5351	-0.0807692307692311
5352	-0.128205128205129
5353	-0.128205128205129
5354	-0.223717948717949
5355	-0.118589743589744
5356	-0.0230769230769234
5357	0.0339743589743586
5358	-0.00448717948717992
5359	-0.00448717948717992
5360	-0.0807692307692311
5361	-0.157051282051282
5362	-0.185897435897436
5363	-0.185897435897436
5364	-0.21474358974359
5365	-0.253205128205128
5366	-0.272435897435898
5367	-0.291666666666667
5368	-0.244230769230769
5369	-0.225641025641026
5370	-0.101923076923077
5371	-0.25448717948718
5372	-0.197435897435898
5373	-0.140384615384616
5374	-0.140384615384616
5375	-0.226282051282052
5376	-0.111538461538462
5377	-0.0160256410256416
5378	-0.244871794871795
5379	-0.331410256410257
5380	-0.236538461538462
5381	-0.312820512820513
5382	-0.313461538461538
5383	-0.428205128205128
5384	-0.466666666666667
5385	-0.485897435897436
5386	-0.648076923076923
5387	-0.819871794871795
5388	-0.800641025641026
5389	-0.800641025641026
5390	-0.809615384615385
5391	-0.895512820512821
5392	-0.857692307692308
5393	-0.943589743589744
5394	-0.962820512820513
5395	-0.924358974358975
5396	-0.91474358974359
5397	-0.924358974358975
5398	-0.828846153846155
5399	-0.876282051282051
5400	-0.837820512820513
5401	-0.894871794871795
5402	-0.761538461538461
5403	-0.751923076923077
5404	-0.857051282051282
5405	-0.923717948717949
5406	-1.06666666666667
5407	-0.980769230769231
5408	-1.03782051282051
5409	-1.03782051282051
5410	-1.10512820512821
5411	-1.16282051282051
5412	-1.2775641025641
5413	-1.35384615384615
5414	-1.31538461538462
5415	-1.27692307692308
5416	-1.40064102564103
5417	-1.37179487179487
5419	-1.22820512820513
5420	-1.21858974358974
5421	-1.28525641025641
5422	-1.27564102564103
5423	-1.14230769230769
5424	-1.09487179487179
5425	-1.11410256410256
5426	-1.16217948717949
5427	-1.13333333333333
5428	-1.19038461538462
5429	-1.13269230769231
5430	-1.04615384615385
5431	-0.998717948717949
5432	-0.980128205128205
5433	-1.03782051282051
5434	-1.02820512820513
5435	-0.990384615384616
5436	-0.990384615384616
5437	-0.980769230769231
5438	-1.20961538461538
5439	-1.20961538461538
5440	-1.12307692307692
5441	-1.04679487179487
5442	-1.0275641025641
5443	-1.10384615384615
5444	-1.11346153846154
5445	-1.18012820512821
5446	-1.03653846153846
5447	-0.96923076923077
5448	-0.988461538461539
5449	-0.883974358974359
5450	-0.912820512820513
5451	-0.865384615384616
5452	-0.836538461538462
5453	-0.798076923076923
5454	-0.740384615384616
5455	-0.931410256410257
5456	-0.912179487179487
5457	-0.883333333333334
5458	-0.931410256410257
5459	-1.02628205128205
5460	-0.997435897435898
5461	-0.959615384615385
5462	-0.682692307692308
5463	-0.663461538461539
5464	-0.701923076923077
5465	-0.664102564102564
5466	-0.664102564102564
5467	-0.597435897435898
5468	-0.644871794871795
5469	-0.606410256410256
5470	-0.663461538461539
5471	-0.644230769230769
5472	-0.653846153846154
5473	-0.577564102564103
5474	-0.539102564102564
5475	-0.558333333333334
5476	-0.596794871794872
5477	-0.625
5478	-0.587179487179488
5479	-0.558333333333334
5480	-0.567948717948718
5481	-0.539102564102564
5482	-0.586538461538462
5483	-0.51025641025641
5484	-0.462179487179487
5485	-0.633974358974359
5486	-0.605128205128205
5487	-0.614102564102564
5488	-0.557051282051282
5489	-0.5
5490	-0.405128205128205
5491	-0.39551282051282
5492	-0.39551282051282
5493	-0.3
5494	-0.242307692307693
5495	-0.242307692307693
5496	-0.280128205128205
5497	-0.212820512820513
5498	-0.384615384615385
5499	-0.442307692307693
5500	-0.480128205128206
5501	-0.537179487179487
5502	-0.470512820512821
5503	-0.584615384615385
5504	-0.546153846153846
5505	-0.441025641025641
5506	-0.288461538461539
5507	-0.374358974358975
5508	-0.241025641025641
5509	-0.298717948717949
5510	-0.212820512820513
5511	-0.155769230769231
5512	-0.126923076923077
5513	-0.146153846153846
5514	-0.183974358974359
5515	-0.16474358974359
5516	-0.145512820512821
5517	-0.174358974358974
5518	-0.126923076923077
5519	-0.174358974358974
5520	0.0448717948717945
5521	0.102564102564102
5522	0.0833333333333333
5523	0.0544871794871791
5524	0.0544871794871791
5525	-0.0794871794871796
5526	-0.28974358974359
5527	-0.184615384615385
5528	-0.213461538461539
5529	-0.28974358974359
5530	-0.223076923076923
5531	-0.128205128205129
5532	-0.0814102564102566
5533	-0.100641025641026
5534	-0.225
5535	-0.110897435897436
5536	-0.091666666666667
5537	-0.091666666666667
5538	-0.0538461538461541
5539	-0.00641025641025683
5540	-0.0833333333333341
5541	-0.16923076923077
5542	-0.303205128205129
5543	-0.274358974358974
5544	-0.436538461538462
5545	-0.398076923076923
5546	-0.341025641025641
5547	-0.436538461538462
5548	-0.475
5549	-0.513461538461539
5550	-0.551923076923077
5551	-0.61923076923077
5552	-0.667307692307693
5553	-0.638461538461539
5554	-0.61923076923077
5555	-0.628846153846155
5556	-0.667307692307693
5557	-0.505769230769231
5558	-0.439102564102565
5559	-0.372435897435898
5560	-0.487179487179488
5561	-0.439102564102565
5562	-0.400641025641026
5563	-0.448076923076923
5564	-0.352564102564103
5565	-0.371794871794872
5566	-0.438461538461539
5567	-0.505128205128206
5568	-0.580769230769231
5569	-0.666666666666667
5570	-0.532692307692308
5571	-0.608333333333333
5572	-0.541666666666667
5573	-0.523076923076923
5574	-0.560897435897436
5575	-0.68525641025641
5576	-0.666025641025641
5577	-0.646794871794872
5578	-0.655769230769231
5579	-0.694230769230769
5580	-0.655769230769231
5581	-0.722435897435898
5582	-0.77948717948718
5583	-0.655128205128205
5584	-0.626282051282051
5585	-0.587820512820513
5586	-0.530769230769231
5587	-0.473076923076923
5588	-0.396153846153846
5589	-0.387179487179488
5590	-0.473076923076923
5591	-0.473076923076923
5592	-0.634615384615385
5593	-0.748717948717949
5594	-0.777564102564103
5595	-0.901923076923077
5596	-0.85448717948718
5597	-0.778205128205129
5598	-0.720512820512821
5599	-0.730128205128205
5600	-0.825641025641026
5601	-0.85448717948718
5602	-0.902564102564103
5603	-0.807051282051282
5604	-0.826282051282052
5605	-0.855128205128206
5606	-0.835897435897436
5607	-0.798076923076923
5608	-0.855128205128206
5609	-0.892948717948718
5610	-0.95
5611	-0.940384615384616
5612	-0.85448717948718
5613	-0.797435897435898
5614	-0.873717948717949
5615	-0.797435897435898
5616	-0.788461538461539
5617	-0.655128205128205
5618	-0.731410256410257
5619	-0.807692307692308
5620	-0.798076923076923
5621	-0.598076923076923
5622	-0.64551282051282
5623	-0.502564102564103
5624	-0.521794871794872
5625	-0.483333333333334
5626	-0.541025641025641
5627	-0.56025641025641
5628	-0.608333333333333
5629	-0.636538461538462
5630	-0.607692307692308
5631	-0.45448717948718
5632	-0.473076923076923
5633	-0.387820512820513
5634	-0.483974358974359
5635	-0.483974358974359
5636	-0.321794871794872
5637	-0.273717948717949
5638	-0.121153846153846
5639	-0.273717948717949
5640	-0.197435897435898
5641	-0.110897435897436
5642	-0.235256410256411
5643	-0.206410256410257
5644	-0.292307692307693
5645	-0.158974358974359
5646	-0.178205128205129
5647	-0.0256410256410262
5648	-0.0826923076923078
5649	-0.0826923076923078
5650	0.0320512820512815
5651	-0.0256410256410262
5652	-0.0256410256410262
5653	-0.130769230769231
5654	0.212179487179487
5655	0.250641025641025
5656	0.374358974358974
5657	0.164743589743589
5658	0.203205128205128
5659	0.06025641025641
5660	0.0314102564102559
5661	-0.0256410256410262
5662	0.0512820512820507
5663	0.0801282051282046
5664	0.108974358974358
5665	0.108974358974358
5666	0.051923076923077
5667	-0.0339743589743595
5668	0.0326923076923074
5669	-0.157692307692308
5670	-0.0903846153846157
5671	-0.061538461538462
5672	-0.20448717948718
5673	-0.20448717948718
5674	-0.337820512820513
5675	-0.347435897435898
5676	-0.319230769230769
5677	-0.386538461538462
5678	-0.367307692307693
5679	-0.31025641025641
5680	-0.300641025641026
5681	-0.424358974358975
5682	-0.242948717948718
5683	-0.376282051282051
5684	-0.357051282051282
5685	-0.309615384615385
5686	-0.376282051282051
5687	-0.28974358974359
5688	-0.298717948717949
5689	-0.336538461538462
5690	-0.67948717948718
5691	-0.622435897435898
5692	-0.670512820512821
5693	-0.737820512820513
5694	-0.776282051282052
5695	-0.700641025641026
5696	-0.682051282051282
5697	-0.691666666666667
5698	-0.730128205128205
5699	-0.730128205128205
5700	-0.778205128205129
5701	-0.816666666666667
5702	-0.845512820512821
5703	-0.912820512820513
5704	-0.951282051282052
5705	-0.903846153846154
5706	-0.884615384615385
5707	-0.866025641025641
5708	-0.771153846153846
5709	-0.780769230769231
5710	-0.714102564102564
5711	-0.694871794871795
5712	-0.780128205128205
5713	-0.760897435897436
5714	-0.617948717948718
5715	-0.684615384615385
5716	-0.8
5717	-0.790384615384616
5718	-0.962179487179488
5719	-0.867307692307693
5720	-0.867948717948718
5721	-0.972435897435898
5722	-1.02051282051282
5723	-1.03974358974359
5724	-1.04935897435897
5725	-0.982692307692308
5726	-0.992307692307693
5727	-1.00192307692308
5728	-1.08717948717949
5729	-1.06794871794872
5730	-1.00128205128205
5731	-1.00064102564103
5732	-0.866666666666666
5733	-0.71474358974359
5734	-0.448076923076923
5735	-0.467307692307692
5736	-0.41923076923077
5737	-0.41923076923077
5738	-0.4
5739	-0.409615384615385
5740	-0.247435897435898
5741	-0.323717948717949
5742	-0.209615384615385
5743	-0.257051282051282
5744	-0.323076923076923
5745	-0.294230769230769
5746	-0.332051282051282
5747	-0.189102564102565
5748	-0.246794871794872
5749	-0.227564102564103
5750	-0.122435897435898
5751	0.00128205128205083
5752	0.0685897435897431
5753	0.049358974358974
5754	0.0685897435897431
5755	0.098076923076923
5756	0.079487179487179
5757	0.136538461538462
5758	0.165384615384615
5759	0.175
5760	0.194230769230769
5761	0.308974358974358
5762	0.318589743589743
5763	0.242307692307692
5764	0.261538461538462
5765	0.328846153846154
5766	0.309615384615385
5767	0.156410256410256
5768	0.07051282051282
5769	-0.0910256410256416
5770	-0.300641025641026
5771	-0.291025641025642
5772	-0.291025641025642
5773	-0.119230769230769
5774	-0.138461538461539
5775	0.100641025641025
5776	-0.0230769230769234
5777	0.0916666666666663
5778	-0.0224358974358976
5779	-0.00320512820512842
5780	-0.00320512820512842
5781	-0.0320512820512824
5782	-0.041666666666667
5783	0.0724358974358972
5784	0.206410256410256
5785	0.282692307692307
5786	0.187179487179487
5787	0.110897435897436
5788	0.149358974358974
5789	0.178205128205128
5790	0.23525641025641
5791	0.206410256410256
5792	0.225641025641025
5793	0.158974358974359
5794	0.149358974358974
5795	0.149358974358974
5796	0.130128205128205
5797	-0.0320512820512824
5798	-0.012820512820513
5799	-0.00320512820512842
5800	0.0153846153846151
5801	0.0249999999999997
5802	-0.0224358974358976
5803	0.0352564102564099
5804	-0.0410256410256413
5805	-0.0891025641025642
5806	-0.0506410256410261
5807	-0.098717948717949
5808	-0.041666666666667
5809	-0.203846153846154
5810	-0.108333333333334
5811	-0.251282051282051
5812	-0.27948717948718
5813	-0.26025641025641
5814	-0.241025641025641
5815	-0.155769230769231
5816	-0.155769230769231
5817	-0.117307692307693
5818	-0.155769230769231
5819	-0.165384615384616
5820	-0.232051282051282
5821	-0.327564102564103
5822	-0.460897435897436
5823	-0.48974358974359
5824	-0.48974358974359
5825	-0.480128205128206
5826	-0.537179487179487
5827	-0.603846153846154
5828	-0.613461538461539
5829	-0.537179487179487
5830	-0.556410256410257
5831	-0.585256410256411
5832	-0.594871794871795
5833	-0.546794871794872
5834	-0.575641025641026
5835	-0.566025641025641
5836	-0.613461538461539
5837	-0.528205128205129
5838	-0.471153846153846
5839	-0.490384615384616
5840	-0.337820512820513
5841	-0.280128205128205
5842	-0.38525641025641
5843	-0.337179487179487
5844	-0.442307692307693
5845	-0.442307692307693
5846	-0.451923076923077
5847	-0.451923076923077
5848	-0.490384615384616
5849	-0.566666666666667
5850	-0.566666666666667
5851	-0.642307692307692
5852	-0.632692307692308
5853	-0.623076923076923
5854	-0.546153846153846
5981	-1.06410256410256
5982	-0.997435897435898
5983	-0.85448717948718
5984	-0.787820512820513
5985	-0.797435897435898
5986	-0.778205128205129
5987	-0.692307692307693
5988	-0.65448717948718
5989	-0.578205128205128
5990	-0.558974358974359
5991	-0.549358974358974
5992	-0.577564102564103
5993	-0.605769230769231
5994	-0.348076923076923
5995	-0.309615384615385
5996	-0.251923076923077
5997	-0.223076923076923
5998	-0.107692307692308
5999	-0.0788461538461542
6000	-0.00256410256410278
6001	-0.0974358974358975
6002	0.017307692307692
6003	0.0653846153846152
6004	0.256410256410256
6005	0.361538461538461
6006	0.542307692307692
6007	0.523717948717948
6008	0.581410256410256
6009	0.639102564102564
6010	0.677564102564102
6011	0.687179487179487
6012	0.764102564102564
6013	0.831410256410256
6014	0.803205128205128
6015	1.06089743589744
6016	1.64102564102564
6017	2.31666666666667
6018	7.17884615384615
6019	10.9564102564103
6020	11.2698717948718
6021	14.301282051282
6022	18.4467948717949
6023	21.725641025641
6024	22.1051282051282
6025	22.2474358974359
6026	22.3326923076923
6027	22.6089743589744
6028	23.2467948717949
6029	23.3794871794872
6030	23.1794871794872
6031	23.1794871794872
6032	23.1794871794872
6033	23.2083333333333
6034	23.2275641025641
6035	23.2371794871795
6036	23.1801282051282
6037	23.199358974359
6038	23.1326923076923
6039	23.1519230769231
6040	23.0378205128205
6041	22.9711538461538
6042	22.8
6043	22.8
6044	22.8
6045	22.8
6046	22.8288461538462
6047	22.7910256410256
6048	22.7910256410256
6049	22.7910256410256
6050	22.800641025641
6051	22.5532051282051
6052	21.9923076923077
6053	21.1929487179487
6054	16.3025641025641
6055	12.1634615384615
6056	11.8980769230769
6057	9.03846153846154
6058	4.92179487179487
6059	1.61474358974359
6060	1.26410256410256
6061	1.08397435897436
6062	1.00833333333333
6063	0.760897435897436
