103	-0.371794871794872
104	-0.391025641025641
252	-0.448717948717949
253	-0.42948717948718
254	-0.42948717948718
255	-0.419871794871795
263	-0.381410256410257
265	-0.381410256410257
266	-0.400641025641026
267	-0.372435897435897
268	-0.410897435897436
269	-0.468589743589744
270	-0.382692307692308
271	-0.344230769230769
272	-0.267948717948718
273	-0.296794871794872
274	-0.306410256410257
275	-0.201282051282051
276	-0.239102564102564
277	-0.276923076923077
278	-0.267307692307692
279	-0.257692307692308
280	-0.228846153846154
281	-0.305128205128205
282	-0.371794871794872
284	-0.381410256410257
285	-0.41025641025641
289	-0.477564102564103
290	-0.487179487179487
291	-0.477564102564103
292	-0.487179487179487
293	-0.42948717948718
294	-0.448717948717949
295	-0.42948717948718
296	-0.41025641025641
297	-0.400641025641026
298	-0.391025641025641
774	-0.30448717948718
775	-0.30448717948718
776	-0.314102564102564
777	-0.314102564102564
778	-0.276282051282051
779	-0.285897435897436
780	-0.190384615384615
781	-0.228846153846154
782	-0.238461538461539
783	-0.333333333333333
784	-0.323717948717949
785	-0.381410256410257
786	-0.391025641025641
787	-0.419871794871795
788	-0.42948717948718
789	-0.400641025641026
790	-0.400641025641026
791	-0.342948717948718
792	-0.30448717948718
802	-0.371794871794872
806	-0.458333333333333
807	-0.42948717948718
808	-0.439102564102564
849	-0.362179487179487
850	-0.352564102564103
851	-0.228846153846154
852	-0.324358974358974
853	-0.324358974358974
854	-0.353205128205128
855	-0.286538461538462
856	-0.276923076923077
857	-0.333974358974359
858	-0.343589743589744
859	-0.371794871794872
860	-0.381410256410257
861	-0.371794871794872
862	-0.333333333333333
866	-0.247435897435897
867	-0.228205128205128
868	-0.237820512820513
869	-0.257051282051282
870	-0.266666666666666
871	-0.247435897435897
872	-0.247435897435897
873	-0.256410256410256
874	-0.275641025641026
875	-0.275641025641026
876	-0.228205128205128
877	-0.199358974358974
878	0.00064102564102575
879	0.0673076923076922
880	0.019871794871795
881	0.0294871794871797
882	-0.0371794871794872
883	-0.0564102564102565
884	-0.0660256410256411
885	-0.228205128205128
886	-0.228205128205128
889	-0.285897435897436
890	-0.276282051282051
891	-0.371794871794872
892	-0.381410256410257
893	-0.391025641025641
894	-0.371794871794872
895	-0.419871794871795
896	-0.305769230769231
897	-0.267948717948718
898	-0.277564102564103
899	-0.23974358974359
900	-0.268589743589744
901	-0.249358974358974
902	-0.392307692307692
903	-0.421153846153846
904	-0.440384615384615
905	-0.421153846153846
906	-0.421153846153846
907	-0.421153846153846
908	-0.392948717948718
909	-0.326282051282051
910	-0.307051282051282
911	-0.326282051282051
912	-0.383333333333333
913	-0.36474358974359
914	-0.488461538461539
915	-0.583974358974359
916	-0.507692307692308
917	-0.612820512820513
918	-0.622435897435897
919	-0.622435897435897
920	-0.593589743589744
921	-0.545512820512821
922	-0.535897435897436
923	-0.402564102564103
924	-0.316666666666666
925	-0.430769230769231
926	-0.307051282051282
927	-0.192307692307693
928	-0.13525641025641
929	-0.173717948717949
930	-0.135897435897436
931	-0.087820512820513
932	-0.221153846153846
933	-0.258974358974359
934	-0.182692307692308
935	-0.23974358974359
936	-0.230128205128205
937	-0.22051282051282
938	-0.134615384615385
939	-0.0294871794871794
940	-0.0294871794871794
941	-0.0102564102564102
942	0.0660256410256412
943	0.0660256410256412
944	0.0185897435897435
945	-0.0576923076923079
946	-0.0102564102564102
947	-0.0583333333333333
948	-0.0487179487179485
949	-0.0769230769230771
950	-0.124358974358974
951	-0.0576923076923079
952	-0.133974358974359
953	-0.0955128205128206
954	-0.0666666666666664
955	0
956	-0.0288461538461542
957	0.123717948717949
958	0.276282051282051
959	0.114102564102564
960	0.0570512820512821
961	0.0762820512820515
962	-0.0185897435897435
963	-0.094871794871795
964	-0.132692307692308
965	-0.0467948717948719
966	-0.0750000000000001
967	-0.0846153846153846
968	-0.00833333333333353
969	-0.0275641025641027
970	-0.123076923076923
971	-0.123076923076923
972	-0.0756410256410257
973	-0.0852564102564104
974	-0.132692307692308
975	-0.247435897435897
976	-0.276282051282051
977	-0.295512820512821
978	-0.362179487179487
979	-0.323717948717949
980	-0.228205128205128
981	-0.237820512820513
982	-0.294871794871795
983	-0.227564102564103
984	-0.217948717948718
985	-0.198717948717949
986	-0.189102564102564
987	-0.189102564102564
988	-0.227564102564103
989	-0.18974358974359
990	-0.208974358974359
991	-0.266025641025641
992	-0.256410256410256
1029	-0.362179487179487
1030	-0.41025641025641
1033	-0.458333333333333
1034	-0.276923076923077
1035	-0.21025641025641
1036	-0.286538461538462
1037	-0.315384615384615
1038	-0.239102564102564
1039	-0.191666666666667
1040	-0.22051282051282
1041	-0.22051282051282
1042	-0.153205128205128
1043	-0.153205128205128
1044	-0.201282051282051
1045	-0.201282051282051
1046	-0.191666666666667
1047	-0.230128205128205
1048	-0.191666666666667
1049	-0.210897435897436
1050	-0.172435897435897
1051	-0.143589743589744
1052	-0.228846153846154
1053	-0.238461538461539
1054	-0.219871794871795
1055	-0.258333333333334
1056	-0.287179487179487
1057	-0.344230769230769
1058	-0.411538461538462
1059	-0.401923076923077
1060	-0.353846153846154
1061	-0.353846153846154
1062	-0.53525641025641
1063	-0.516025641025641
1064	-0.487179487179487
1069	-0.371794871794872
1079	-0.487179487179487
1080	-0.458333333333333
1081	-0.448717948717949
1082	-0.372435897435897
1083	-0.343589743589744
1084	-0.343589743589744
1085	-0.31474358974359
1086	-0.295512820512821
1087	-0.238461538461539
1088	-0.219871794871795
1089	-0.191025641025641
1090	-0.2
1091	-0.0378205128205128
1092	-0.0666666666666664
1093	0.0762820512820515
1094	0.286538461538462
1095	0.267307692307692
1096	0.257692307692308
1097	0.448076923076923
1098	0.448076923076923
1099	0.438461538461538
1100	0.485897435897436
1101	0.495512820512821
1102	0.609615384615385
1103	0.571153846153846
1104	0.533333333333334
1105	0.418589743589744
1106	0.418589743589744
1107	0.408974358974359
1108	0.399358974358975
1109	0.380128205128205
1110	0.303846153846154
1111	0.275
1112	0.38974358974359
1113	0.380769230769231
1114	0.437820512820513
1115	0.28525641025641
1116	0.266025641025641
1117	0.323076923076923
1118	0.266025641025641
1119	0.303846153846154
1120	0.313461538461538
1121	0.303846153846154
1122	0.217948717948718
1123	0.160897435897436
1124	0.151923076923077
1125	0.113461538461539
1126	0.113461538461539
1127	-0.039102564102564
1128	-0.000641025641025417
1129	-0.133974358974359
1130	-0.181410256410257
1131	0.0378205128205127
1132	0.0282051282051281
1133	-0.152564102564103
1134	-0.114102564102564
1135	-0.10448717948718
1136	-0.094871794871795
1137	-0.094871794871795
1138	-0.171153846153846
1139	-0.0852564102564104
1140	-0.0852564102564104
1141	-0.0942307692307692
1142	0.0583333333333333
1143	0.0583333333333333
1144	0.134615384615384
1145	0.201282051282051
1146	0.115384615384615
1147	0.182692307692308
1148	0.125641025641026
1149	0.106410256410256
1150	0.0205128205128204
1151	0.0685897435897436
1152	0.116666666666667
1153	0.0403846153846155
1154	0.0500000000000002
1155	0.0980769230769232
1156	0.0692307692307692
1157	0.0692307692307692
1158	0.00192307692307703
1159	0.0211538461538461
1160	-0.00769230769230766
1161	0.0878205128205126
1162	0.0782051282051281
1163	0.0878205128205126
1164	0.0878205128205126
1165	0.0589743589743589
1166	0.0493589743589743
1167	-0.169871794871795
1168	-0.17948717948718
1169	-0.189102564102564
1170	-0.208333333333333
1171	-0.227564102564103
1258	-0.275641025641026
1259	-0.180128205128205
1260	-0.28525641025641
1261	-0.28525641025641
1262	-0.180128205128205
1263	-0.113461538461538
1264	-0.171153846153846
1265	-0.151923076923077
1266	-0.151923076923077
1267	-0.142307692307692
1268	-0.0750000000000001
1269	-0.123076923076923
1270	-0.171153846153846
1271	-0.190384615384615
1272	-0.190384615384615
1273	-0.2
1274	-0.209615384615385
1275	-0.276282051282051
1276	-0.171153846153846
1277	-0.0756410256410257
1278	-0.0185897435897435
1279	-0.0378205128205128
1280	-0.0378205128205128
1281	0.0192307692307693
1282	0.0955128205128205
1283	0.0858974358974361
1284	0.142948717948718
1285	0.133333333333334
1286	0.142948717948718
1287	0.0570512820512821
1288	0.0474358974358975
1289	0.171794871794872
1290	0.228846153846154
1291	0.162179487179487
1292	0.0762820512820515
1293	-0.0762820512820512
1294	-0.133333333333333
1295	-0.209615384615385
1296	-0.237820512820513
1297	-0.10448717948718
1298	-0.180769230769231
1299	-0.285897435897436
1300	-0.247435897435897
1301	-0.237820512820513
1302	-0.276282051282051
1303	-0.228846153846154
1304	-0.162820512820513
1305	-0.172435897435897
1306	-0.172435897435897
1307	-0.201282051282051
1308	-0.105769230769231
1309	-0.0961538461538463
1310	-0.162820512820513
1311	-0.143589743589744
1312	-0.182051282051282
1313	-0.162820512820513
1314	-0.296794871794872
1315	-0.325641025641026
1316	-0.278205128205128
1317	-0.325641025641026
1318	-0.192307692307693
1319	-0.192307692307693
1320	-0.287820512820513
1321	-0.0685897435897436
1322	0.0166666666666668
1323	0.0166666666666668
1324	-0.00256410256410255
1325	-0.0980769230769232
1326	-0.16474358974359
1327	-0.155128205128205
1328	-0.0506410256410259
1329	-0.0314102564102565
1330	-0.0314102564102565
1331	-0.0410256410256411
1332	-0.0224358974358974
1333	-0.175
1334	-0.184615384615385
1335	-0.194230769230769
1336	-0.137179487179487
1337	-0.108333333333333
1338	-0.0698717948717948
1339	-0.0602564102564103
1340	-0.0980769230769232
1341	-0.0499999999999998
1342	-0.0115384615384615
1343	0.00769230769230766
1344	-0.0974358974358975
1345	-0.107051282051282
1346	-0.107051282051282
1347	-0.0685897435897436
1348	-0.0108974358974359
1349	0.0365384615384616
1350	0.170512820512821
1351	0.141666666666667
1352	0.0653846153846154
1353	0.0846153846153848
1354	-0.0583333333333333
1355	-0.0397435897435898
1356	0.0653846153846154
1357	-0.106410256410256
1358	-0.144230769230769
1359	-0.0583333333333333
1360	-0.0487179487179485
1361	-0.039102564102564
1362	-0.039102564102564
1363	0.0846153846153848
1364	0.0467948717948719
1365	0.0371794871794873
1366	0.0467948717948719
1367	0.0756410256410256
1368	0.0570512820512821
1369	0.0666666666666669
1370	0.0570512820512821
1371	0.0955128205128205
1372	0.0955128205128205
1373	0.162179487179487
1374	0.181410256410256
1375	0.11474358974359
1376	0.0955128205128205
1377	0.0666666666666669
1378	0.0762820512820515
1379	0.105128205128205
1380	0.143589743589744
1381	0.143589743589744
1382	0.143589743589744
1383	0.0955128205128205
1384	-0.0192307692307694
1385	-0.0858974358974358
1386	-0.162179487179487
1387	-0.133333333333333
1388	-0.162179487179487
1389	-0.181410256410257
1390	-0.219230769230769
1391	-0.247435897435897
1392	-0.247435897435897
1393	-0.275641025641026
1407	-0.419871794871795
1416	-0.487179487179487
1417	-0.487179487179487
1418	-0.401282051282051
1419	-0.401282051282051
1420	-0.315384615384615
1421	-0.239102564102564
1422	-0.153205128205128
1423	-0.133974358974359
1424	-0.0955128205128206
1425	-0.0288461538461542
1426	-0.0384615384615388
1427	-0.0288461538461542
1428	-0.0096153846153848
1429	-0.0480769230769234
1430	-0.0480769230769234
1431	0.0282051282051281
1432	0.123717948717949
1433	0.171794871794872
1434	0.142948717948718
1435	0.171794871794872
1436	0.296153846153846
1437	0.305769230769231
1438	0.286538461538462
1439	0.133974358974359
1440	0.124358974358974
1441	0.21025641025641
1442	0.219871794871795
1443	0.0294871794871797
1444	0.0102564102564103
1445	0.172435897435897
1446	0.133974358974359
1447	0.11474358974359
1448	0.143589743589744
1449	0.125
1450	0.115384615384615
1451	0.134615384615384
1452	0.106410256410256
1453	0.125641025641026
1454	0.0205128205128204
1455	0.0493589743589743
1456	0.0301282051282051
1457	-0.122435897435897
1458	-0.17051282051282
1459	-0.160897435897436
1460	-0.141666666666667
1461	-0.256410256410256
1462	-0.266025641025641
1463	-0.28525641025641
1549	-0.458333333333333
1550	-0.41025641025641
1551	-0.324358974358974
1552	-0.353205128205128
1553	-0.257692307692308
1554	-0.21025641025641
1555	-0.219871794871795
1556	-0.172435897435897
1557	-0.201282051282051
1558	-0.172435897435897
1559	-0.172435897435897
1560	-0.153205128205128
1561	-0.172435897435897
1562	-0.172435897435897
1563	-0.210897435897436
1564	-0.306410256410257
1565	-0.325641025641026
1566	-0.33525641025641
1567	-0.296794871794872
1568	-0.344871794871795
1569	-0.316025641025641
1570	-0.306410256410257
1571	-0.258333333333334
1572	-0.219871794871795
1573	-0.191025641025641
1574	-0.171794871794872
1575	-0.191025641025641
1576	-0.153205128205128
1577	-0.124358974358974
1578	-0.0955128205128206
1579	-0.31474358974359
1580	-0.324358974358974
1582	-0.352564102564103
1715	-0.208974358974359
1716	-0.199358974358974
1717	-0.199358974358974
1718	-0.208974358974359
1719	-0.17051282051282
1720	-0.199358974358974
1721	-0.17051282051282
1722	-0.17051282051282
1723	-0.18974358974359
1724	-0.180128205128205
1725	-0.199358974358974
1726	-0.208974358974359
1727	-0.218589743589744
1728	-0.161538461538462
1729	-0.161538461538462
1730	-0.161538461538462
1731	-0.190384615384615
1732	-0.219230769230769
1733	-0.228846153846154
1734	-0.238461538461539
1735	-0.285897435897436
1736	-0.342948717948718
1779	-0.55448717948718
1780	-0.497435897435898
1781	-0.478205128205128
1782	-0.468589743589744
1783	-0.430769230769231
1784	-0.449358974358974
1785	-0.516666666666666
1786	-0.602564102564103
1787	-0.535897435897436
1788	-0.593589743589744
1789	-0.651282051282051
1790	-0.651282051282051
1791	-0.632051282051282
1792	-0.603205128205128
1793	-0.498076923076923
1794	-0.507692307692308
1795	-0.488461538461539
1796	-0.45
1797	-0.478846153846154
1798	-0.488461538461539
1799	-0.459615384615384
1800	-0.373717948717949
1801	-0.392948717948718
1802	-0.45
1803	-0.497435897435898
1804	-0.497435897435898
1805	-0.411538461538462
1806	-0.382692307692308
1807	-0.42051282051282
1808	-0.401282051282051
1809	-0.382051282051282
1810	-0.248717948717949
1811	-0.239102564102564
1812	-0.219871794871795
1813	-0.200641025641026
1814	-0.219871794871795
1815	-0.391025641025641
1918	-0.342948717948718
1919	-0.342948717948718
1920	-0.342948717948718
1921	-0.352564102564103
1925	-0.391025641025641
1926	-0.381410256410257
1927	-0.353205128205128
1928	-0.42051282051282
1929	-0.43974358974359
1930	-0.373076923076923
1931	-0.487179487179487
1932	-0.477564102564103
1933	-0.487179487179487
1934	-0.391666666666667
1935	-0.410897435897436
1936	-0.401282051282051
1937	-0.305769230769231
1938	-0.334615384615385
1939	-0.363461538461538
1940	-0.353846153846154
1941	-0.315384615384615
1942	-0.267948717948718
1943	-0.258333333333334
1944	-0.277564102564103
1945	-0.191666666666667
1946	-0.191666666666667
1947	-0.258333333333334
1948	-0.334615384615385
1949	-0.325
1950	-0.334615384615385
1951	-0.42051282051282
1952	-0.430128205128205
1953	-0.487179487179487
1956	-0.53525641025641
1957	-0.506410256410257
1958	-0.544871794871795
1959	-0.496794871794872
1960	-0.496794871794872
1994	-0.448717948717949
1995	-0.467948717948718
1996	-0.467948717948718
1997	-0.448717948717949
1998	-0.42948717948718
1999	-0.391666666666667
2000	-0.258333333333334
2001	-0.210897435897436
2002	-0.210897435897436
2003	-0.239102564102564
2004	-0.143589743589744
2005	-0.162820512820513
2006	-0.182051282051282
2007	-0.162820512820513
2008	-0.182051282051282
2009	-0.201282051282051
2010	-0.258333333333334
2011	-0.116025641025641
2012	-0.0685897435897436
2013	0.0173076923076922
2014	0.0743589743589743
2015	0.0839743589743589
2016	0.103205128205128
2017	0.141666666666667
2018	0.132051282051282
2019	0.122435897435897
2020	0.141666666666667
2021	0.208333333333333
2022	0.217948717948718
2023	0.103205128205128
2024	0.17948717948718
2025	0.141666666666667
2026	0.0461538461538462
2027	-0.00128205128205128
2028	0.0083333333333333
2029	0.0467948717948719
2030	-0.000641025641025417
2031	0.0185897435897435
2032	0.00897435897435894
2033	0.00897435897435894
2034	0.103846153846154
2035	0.0371794871794873
2036	-0.0673076923076923
2037	-0.0480769230769234
2038	-0.0576923076923079
2039	-0.0769230769230771
2040	-0.124358974358974
2041	-0.124358974358974
2042	-0.0480769230769234
2043	-0.0192307692307694
2044	-0.0096153846153848
2045	0.0192307692307693
2046	0.0384615384615383
2047	-0.151923076923077
2048	-0.113461538461538
2049	-0.18974358974359
2050	-0.17051282051282
2051	-0.227564102564103
2052	-0.237179487179487
2053	-0.256410256410256
2054	-0.256410256410256
2055	-0.275641025641026
2056	-0.30448717948718
2059	-0.323717948717949
2061	-0.314102564102564
2062	-0.28525641025641
2063	-0.28525641025641
2064	-0.237820512820513
2071	-0.371794871794872
2072	-0.305128205128205
2073	-0.381410256410257
2074	-0.371794871794872
2075	-0.305128205128205
2076	-0.228846153846154
2077	-0.162179487179487
2078	-0.105128205128205
2079	-0.124358974358974
2080	-0.11474358974359
2081	-0.105128205128205
2082	-0.0769230769230771
2083	-0.0576923076923079
2084	-0.143589743589744
2085	-0.0865384615384617
2086	-0.172435897435897
2087	-0.162820512820513
2088	-0.134615384615385
2089	-0.0967948717948717
2090	-0.0775641025641025
2091	-0.0397435897435898
2092	-0.0205128205128204
2093	-0.030128205128205
2094	0.0846153846153848
2095	0.0083333333333333
2096	0.0179487179487181
2097	-0.039102564102564
2098	-0.0294871794871794
2099	-0.0294871794871794
2100	-0.0961538461538463
2101	-0.0865384615384617
2102	-0.0961538461538463
2103	-0.000641025641025417
2104	0.0282051282051281
2105	0.0282051282051281
2106	-0.0096153846153848
2107	-0.0858974358974358
2108	-0.219230769230769
2109	-0.209615384615385
2110	-0.238461538461539
2111	-0.295512820512821
2112	-0.371794871794872
2120	-0.266025641025641
2123	-0.227564102564103
2189	-0.439102564102564
2190	-0.448717948717949
2191	-0.458333333333333
2192	-0.419871794871795
2198	-0.372435897435897
2199	-0.382051282051282
2200	-0.382051282051282
2201	-0.430128205128205
2202	-0.449358974358974
2203	-0.363461538461538
2204	-0.430128205128205
2205	-0.410897435897436
2206	-0.410897435897436
2207	-0.305769230769231
2208	-0.22948717948718
2209	-0.162820512820513
2210	-0.0961538461538463
2211	-0.0865384615384617
2212	-0.0865384615384617
2213	-0.0865384615384617
2214	-0.0961538461538463
2215	-0.0769230769230771
2216	-0.0288461538461542
2217	-0.11474358974359
2218	-0.0762820512820512
2219	-0.0192307692307694
2220	-0.0192307692307694
2221	-0.0192307692307694
2222	-0.0570512820512818
2223	-0.0378205128205128
2224	0.0769230769230768
2225	0.00064102564102575
2226	-0.0852564102564104
2227	-0.00897435897435883
2228	0.0288461538461536
2229	0.0858974358974361
2230	0.124358974358974
2231	0.11474358974359
2232	0.143589743589744
2233	0.105769230769231
2234	0.0487179487179488
2235	0.134615384615384
2236	0.134615384615384
2237	0.153846153846154
2238	0.220512820512821
2239	0.173076923076923
2240	0.182692307692308
2241	0.116025641025641
2242	0.0871794871794873
2243	0.0397435897435896
2244	0.00192307692307703
2245	-0.055128205128205
2246	-0.131410256410256
2247	-0.16025641025641
2248	-0.150641025641026
2249	-0.169871794871795
2250	-0.208333333333333
2251	-0.122435897435897
2252	-0.151282051282051
2253	-0.141666666666667
2254	-0.0750000000000001
2255	-0.0750000000000001
2256	-0.0750000000000001
2257	-0.112820512820513
2258	-0.0653846153846154
2259	0.00128205128205117
2260	-0.0846153846153846
2261	-0.0557692307692308
2262	0.0493589743589743
2263	-0.00769230769230766
2264	-0.0647435897435896
2265	-0.131410256410256
2266	-0.150641025641026
2267	-0.121794871794872
2268	-0.0647435897435896
2269	-0.0935897435897436
2270	-0.16025641025641
2285	-0.41025641025641
2286	-0.381410256410257
2287	-0.276923076923077
2288	-0.286538461538462
2289	-0.286538461538462
2290	-0.286538461538462
2291	-0.419871794871795
2292	-0.458333333333333
2293	-0.458333333333333
2297	-0.382051282051282
2298	-0.458333333333333
2299	-0.467948717948718
2300	-0.487179487179487
2301	-0.506410256410257
2302	-0.43974358974359
2303	-0.458974358974359
2304	-0.55448717948718
2305	-0.525641025641026
2306	-0.496794871794872
2307	-0.544871794871795
2308	-0.449358974358974
2309	-0.373076923076923
2310	-0.344230769230769
2311	-0.363461538461538
2312	-0.325
2313	-0.315384615384615
2314	-0.305769230769231
2315	-0.296153846153846
2316	-0.334615384615385
2317	-0.391666666666667
2318	-0.333974358974359
2319	-0.285897435897436
2320	-0.190384615384615
2321	-0.151923076923077
2322	-0.142307692307692
2325	-0.275641025641026
2448	-0.228205128205128
2449	-0.237820512820513
2450	-0.276282051282051
2451	-0.180769230769231
2452	-0.114102564102564
2453	-0.10448717948718
2454	-0.0852564102564104
2455	-0.0564102564102565
2456	-0.0756410256410257
2457	-0.0467948717948719
2458	-0.0467948717948719
2459	-0.0371794871794872
2460	0.0583333333333333
2461	0.267948717948718
2462	0.210897435897436
2463	0.105769230769231
2464	0.105769230769231
2465	0.0961538461538461
2466	0.0769230769230768
2467	0.191025641025641
2468	0.171794871794872
2469	0.21025641025641
2470	0.257692307692308
2471	0.0570512820512821
2472	0.0858974358974361
2473	0.11474358974359
2474	0.133974358974359
2475	0.133974358974359
2476	0.191025641025641
2477	0.181410256410256
2478	0.11474358974359
2479	0.0384615384615383
2480	0.0384615384615383
2481	0.0858974358974361
2482	0.0762820512820515
2483	0.123717948717949
2484	-0.11474358974359
2485	-0.0955128205128206
2486	-0.0192307692307694
2487	-0.162820512820513
2488	-0.201282051282051
2489	-0.191666666666667
2490	-0.182051282051282
2491	-0.172435897435897
2492	-0.172435897435897
2493	-0.105769230769231
2494	-0.144230769230769
2495	-0.210897435897436
2496	-0.23974358974359
2497	-0.42051282051282
2498	-0.42051282051282
2499	-0.382051282051282
2500	-0.362820512820513
2501	-0.353205128205128
2502	-0.181410256410257
2503	-0.333974358974359
2504	-0.333974358974359
2505	-0.353205128205128
2506	-0.400641025641026
2507	-0.295512820512821
2508	-0.181410256410257
2509	-0.171794871794872
2510	-0.171794871794872
2511	-0.171794871794872
2512	-0.171794871794872
2513	-0.171794871794872
2514	-0.152564102564103
2515	-0.143589743589744
2516	-0.162820512820513
2517	-0.21025641025641
2518	-0.296153846153846
2519	-0.353205128205128
2520	-0.305128205128205
2521	-0.305128205128205
2522	-0.352564102564103
2523	-0.28525641025641
2525	-0.28525641025641
2526	-0.30448717948718
2527	-0.30448717948718
2528	-0.28525641025641
2531	-0.237820512820513
2532	-0.218589743589744
2533	-0.171153846153846
2534	-0.114102564102564
2535	-0.0570512820512818
2536	0.00961538461538458
2537	0.0192307692307693
2538	-0.142948717948718
2539	-0.133333333333333
2540	-0.114102564102564
2541	-0.133333333333333
2542	-0.133333333333333
2543	-0.10448717948718
2544	-0.218589743589744
2545	-0.208974358974359
2546	-0.180769230769231
2547	-0.161538461538462
2548	-0.228205128205128
2549	-0.171153846153846
2550	-0.161538461538462
2551	-0.103846153846154
2552	-0.0371794871794872
2553	-0.0564102564102565
2554	-0.0371794871794872
2555	-0.0371794871794872
2556	0.0961538461538461
2557	0.0769230769230768
2558	0.124358974358974
2559	0.143589743589744
2560	0.153205128205128
2561	0.115384615384615
2562	0.115384615384615
2563	0.105769230769231
2564	0.0961538461538461
2565	0.125
2566	0.210897435897436
2567	0.096794871794872
2568	0.0493589743589743
2569	-0.00769230769230766
2570	-0.055128205128205
2571	-0.112179487179487
2574	-0.169871794871795
2575	-0.16025641025641
2576	-0.0839743589743589
2577	-0.055128205128205
2578	-0.055128205128205
2579	-0.141025641025641
2580	-0.150641025641026
2581	-0.103205128205128
2582	-0.0743589743589743
2583	-0.0839743589743589
2584	-0.00769230769230766
2585	-0.0743589743589743
2586	-0.0647435897435896
2587	-0.0647435897435896
2588	-0.0166666666666665
2589	0.0500000000000002
2590	0.0692307692307692
2591	0.0788461538461539
2592	-0.0641025641025642
2593	-0.0544871794871795
2594	-0.0833333333333333
2595	-0.0358974358974358
2596	-0.0743589743589743
2597	0.00192307692307703
2598	0.0307692307692309
2599	0.0307692307692309
2600	0.0500000000000002
2601	0.0685897435897436
2602	-0.0173076923076922
2603	-0.0269230769230769
2604	-0.0269230769230769
2605	-0.0173076923076922
2606	0.0397435897435896
2607	0.106410256410256
2608	0.106410256410256
2609	0.173076923076923
2610	0.154487179487179
2611	0.164102564102564
2612	0.0878205128205126
2613	0.164102564102564
2614	0.183333333333334
2615	0.192948717948718
2616	0.164102564102564
2617	0.107051282051282
2618	0.0307692307692309
2619	0.0211538461538461
2620	-0.0743589743589743
2621	-0.0269230769230769
2622	-0.0653846153846154
2623	-0.160897435897436
2624	-0.275641025641026
2626	-0.294871794871795
2627	-0.237820512820513
2628	-0.237820512820513
2629	-0.218589743589744
2630	-0.256410256410256
2632	-0.17948717948718
2634	-0.227564102564103
2635	-0.180128205128205
2636	-0.218589743589744
2637	-0.18974358974359
2638	-0.160897435897436
2639	-0.0179487179487181
2640	0.125
2641	0.125
2642	0.105769230769231
2643	0.0487179487179488
2644	0.125
2645	0.0391025641025642
2646	0.019871794871795
2647	0.0576923076923076
2648	0.124358974358974
2649	0.0576923076923076
2650	0.257692307692308
2651	0.257692307692308
2652	0.286538461538462
2653	0.286538461538462
2654	0.286538461538462
2655	0.305769230769231
2656	0.382051282051282
2657	0.334615384615385
2658	0.334615384615385
2659	0.420512820512821
2660	0.496794871794872
2661	0.496794871794872
2662	0.449358974358974
2663	0.43974358974359
2664	0.430128205128205
2665	0.420512820512821
2666	0.410897435897436
2667	0.382051282051282
2668	0.372435897435897
2669	0.382051282051282
2670	0.391666666666667
2671	0.391666666666667
2672	0.410897435897436
2673	0.382051282051282
2674	0.333974358974359
2675	0.181410256410256
2676	0.219230769230769
2677	0.294871794871795
2678	0.266666666666667
2679	0.266666666666667
2680	0.209615384615385
2681	0.266666666666667
2682	0.228205128205128
2683	0.171153846153846
2684	0.0948717948717948
2685	0.161538461538461
2686	-0.0102564102564102
2687	0.160897435897436
2688	0.122435897435897
2689	0.169871794871795
2690	0.17948717948718
2691	0.150641025641026
2692	0.0647435897435897
2693	0.0935897435897435
2694	0.132051282051282
2695	0.075
2696	0.0371794871794873
2697	0.0564102564102564
2698	0.075
2699	0.0275641025641027
2700	0.0179487179487181
2701	0.075
2702	0.170512820512821
2703	0.18974358974359
2704	0.123076923076923
2705	0.132692307692308
2706	0.0564102564102564
2707	-0.000641025641025417
2708	0.0371794871794873
2709	0.00897435897435894
2710	0.0282051282051281
2711	0.161538461538461
2712	-0.0762820512820512
2713	-0.0282051282051281
2714	0.0480769230769229
2715	0.0480769230769229
2716	0.00961538461538458
2717	-0.0378205128205128
2718	0.00064102564102575
2719	-0.0185897435897435
2720	0.0288461538461536
2721	-0.0570512820512818
2722	-0.0282051282051281
2723	-0.257051282051282
2724	-0.218589743589744
2725	-0.314102564102564
2726	-0.333333333333333
2727	-0.333333333333333
2728	-0.266666666666666
2729	-0.285897435897436
2730	-0.285897435897436
2731	-0.276282051282051
2732	-0.276282051282051
2733	-0.295512820512821
2734	-0.257051282051282
2735	-0.247435897435897
2736	-0.171153846153846
2737	-0.218589743589744
2738	-0.28525641025641
2739	-0.314102564102564
2740	-0.30448717948718
2741	-0.30448717948718
2742	-0.275641025641026
2743	-0.275641025641026
2794	-0.199358974358974
2795	-0.142307692307692
2796	-0.228205128205128
2797	-0.190384615384615
2798	0.00961538461538458
2799	0.0192307692307693
2800	-0.0384615384615388
2801	-0.0198717948717948
2802	-0.0198717948717948
2803	-0.0871794871794871
2804	0.0461538461538462
2805	-0.106410256410256
2806	0.0365384615384616
2807	0.0743589743589743
2808	0.103205128205128
2809	0.122435897435897
2810	0.141666666666667
2811	0.132051282051282
2812	0.208333333333333
2813	0.208333333333333
2814	0.198717948717949
2815	0.246153846153846
2816	0.312820512820513
2817	0.341666666666667
2818	0.360897435897436
2819	0.294230769230769
2820	0.360897435897436
2821	0.456410256410257
2822	0.523076923076923
2823	0.551923076923077
2824	0.523076923076923
2825	0.446794871794872
2826	0.475641025641026
2827	0.494871794871795
2828	0.504487179487179
2829	0.494871794871795
2830	0.351923076923077
2831	0.28525641025641
2832	0.371153846153846
2833	0.390384615384615
2834	0.2
2835	0.2
2836	0.219230769230769
2837	0.22948717948718
2838	0.239102564102564
2839	0.210897435897436
2840	0.067948717948718
2841	0.182051282051282
2842	-0.00897435897435883
2843	-0.094871794871795
2844	-0.114102564102564
2845	-0.142948717948718
2846	-0.133333333333333
2847	-0.0852564102564104
2848	-0.190384615384615
2849	-0.209615384615385
2850	-0.180769230769231
2851	-0.276282051282051
2852	-0.352564102564103
2853	-0.238461538461539
2854	-0.105128205128205
2855	-0.0955128205128206
2856	-0.152564102564103
2857	-0.0858974358974358
2858	-0.180769230769231
2859	-0.257051282051282
2860	-0.180769230769231
2861	-0.190384615384615
2862	-0.0955128205128206
2863	-0.124358974358974
2864	-0.191025641025641
2865	-0.143589743589744
2866	-0.0769230769230771
2867	-0.0865384615384617
2868	-0.143589743589744
2869	-0.219871794871795
2870	-0.172435897435897
2871	-0.172435897435897
2872	-0.125
2873	-0.0871794871794871
2874	-0.0397435897435898
2875	0.0461538461538462
2876	0.0557692307692308
2877	-0.0871794871794871
2878	-0.0294871794871794
2879	0.0282051282051281
2880	0.0282051282051281
2881	0.0570512820512821
2882	0.0666666666666669
2883	0.0570512820512821
2884	0.11474358974359
2885	0.276923076923077
2886	0.286538461538462
2887	0.305769230769231
2888	0.458333333333333
2889	0.334615384615385
2890	0.210897435897436
2891	0.220512820512821
2892	0.230128205128205
2893	0.134615384615384
2894	0.248717948717949
2895	0.248717948717949
2896	0.267948717948718
2897	0.382051282051282
2898	0.248717948717949
2899	0.306410256410256
2900	0.277564102564103
2901	0.316025641025641
2902	0.268589743589744
2903	0.421153846153846
2904	0.392307692307692
2905	0.411538461538462
2906	0.373717948717949
2907	0.364102564102564
2908	0.412179487179487
2909	0.355128205128205
2910	0.36474358974359
2911	0.374358974358974
2912	0.355128205128205
2913	0.403205128205128
2914	0.383974358974359
2915	0.393589743589744
2916	0.489102564102564
2917	0.575
2918	0.641666666666667
2919	0.632051282051282
2920	0.593589743589744
2921	0.47948717948718
2922	0.46025641025641
2923	0.450641025641026
2924	0.307692307692308
2925	0.307692307692308
2926	0.307692307692308
2927	0.307692307692308
2928	0.317307692307692
2929	0.26025641025641
2930	0.155769230769231
2931	0.155769230769231
2932	0.146153846153846
2933	0.0891025641025641
2934	0.117948717948718
2935	0.0891025641025641
2936	0.0891025641025641
2937	0.0224358974358974
2938	0.0794871794871795
2941	0.0128205128205128
2942	-0.0256410256410257
2943	-0.0256410256410257
2967	-0.237179487179487
2968	-0.217948717948718
2969	-0.198717948717949
2970	-0.189102564102564
2971	-0.169871794871795
2972	-0.169871794871795
2973	-0.0365384615384614
2974	-0.0935897435897436
2975	0.0397435897435896
2976	0.0397435897435896
2977	0.0108974358974357
2978	0.0301282051282051
2979	0.0397435897435896
2980	0.0493589743589743
2981	0.0493589743589743
2982	-0.0365384615384614
2983	-0.0557692307692308
2984	-0.0557692307692308
2985	0.0108974358974357
2986	0.0871794871794873
2987	0.173076923076923
2988	0.192307692307692
2989	0.13525641025641
2990	0.144871794871795
2991	0.144871794871795
2992	0.0397435897435896
2993	0.0782051282051281
2994	0.0782051282051281
2995	0.249358974358974
2996	0.230128205128205
2997	0.278205128205128
2998	0.25
2999	0.240384615384615
3000	0.383333333333334
3001	0.459615384615385
3002	0.373717948717949
3003	0.440384615384615
3004	0.354487179487179
3005	0.306410256410256
3006	0.296794871794872
3007	0.277564102564103
3008	0.420512820512821
3009	0.287179487179487
3010	0.277564102564103
3011	0.163461538461538
3012	0.153846153846154
3013	0.163461538461538
3014	0.153846153846154
3015	0.163461538461538
3016	0.134615384615384
3017	0.144230769230769
3018	0.144230769230769
3019	0.153846153846154
3020	0.134615384615384
3021	0.0487179487179488
3022	0.105769230769231
3023	0.019871794871795
3024	0.0102564102564103
3025	0.0769230769230768
3026	0.0961538461538461
3027	0.0961538461538461
3028	0.134615384615384
3029	0.125
3030	0.210897435897436
3031	0.0589743589743589
3032	0.0782051282051281
3033	0.0782051282051281
3034	0.0589743589743589
3035	0.0685897435897436
3036	-0.00769230769230766
3037	-0.0269230769230769
3038	-0.0173076923076922
3039	0.00192307692307703
3040	0.00192307692307703
3041	0.126282051282051
3042	0.135897435897436
3043	0.126282051282051
3044	-0.0262820512820512
3045	-0.055128205128205
3046	-0.0358974358974358
3047	-0.0839743589743589
3048	0.0878205128205126
3049	0.107051282051282
3050	0.126282051282051
3051	0.126282051282051
3052	0.14551282051282
3053	0.221794871794872
3054	0.221794871794872
3055	0.212179487179487
3056	0.231410256410257
3057	0.326923076923077
3058	0.365384615384615
3059	0.470512820512821
3060	0.499358974358974
3061	0.375
3062	0.508333333333334
3063	0.498717948717949
3064	0.508333333333334
3065	0.594230769230769
3066	0.489102564102564
3067	0.498717948717949
3068	0.546153846153846
3069	0.536538461538462
3070	0.565384615384615
3071	0.555769230769231
3072	0.489102564102564
3073	0.441666666666667
3074	0.451282051282051
3075	0.384615384615384
3076	0.346153846153846
3077	0.174358974358974
3078	0.135897435897436
3079	0.14551282051282
3080	0.155128205128205
3081	0.221794871794872
3082	0.231410256410257
3083	0.26025641025641
3084	0.193589743589744
3085	0.126923076923077
3086	0.174358974358974
3087	0.241025641025641
3088	0.221794871794872
3089	0.241025641025641
3090	0.259615384615384
3091	0.335897435897436
3092	0.345512820512821
3093	0.269230769230769
3094	0.269230769230769
3095	0.259615384615384
3096	0.269230769230769
3097	0.298076923076923
3098	0.135897435897436
3099	0.212179487179487
3100	0.221794871794872
3101	0.192948717948718
3102	0.221794871794872
3103	0.183333333333334
3104	0.135897435897436
3105	0.16474358974359
3106	0.231410256410257
3107	0.298076923076923
3108	0.298076923076923
3109	0.288461538461538
3110	0.288461538461538
3111	0.212179487179487
3112	0.26025641025641
3113	0.298717948717949
3114	0.346794871794872
3115	0.432692307692308
3116	0.451923076923077
3117	0.40448717948718
3118	0.38525641025641
3119	0.394871794871795
3120	0.27051282051282
3121	0.298717948717949
3122	0.251282051282051
3123	0.184615384615385
3124	0.28974358974359
3125	0.232692307692308
3126	0.280769230769231
3127	0.194871794871795
3128	0.156410256410257
3129	0.223076923076923
3130	0.0897435897435898
3131	0.127564102564103
3132	0.137179487179487
3133	0.137179487179487
3134	0.242307692307692
3135	0.146794871794872
3136	0.146794871794872
3137	0.0801282051282051
3138	0.0801282051282051
3139	0.0801282051282051
3140	0.0897435897435898
3141	0.0897435897435898
3157	0.137820512820513
3158	0.128205128205128
3159	0.118589743589744
3161	0.128205128205128
3183	0.0416666666666667
3184	0.0416666666666667
3185	0.0416666666666667
3186	0.0512820512820512
3187	0.0512820512820512
3188	0.0705128205128205
3190	0.156410256410257
3191	0.0897435897435898
3192	0.0897435897435898
3232	-0.102564102564103
3233	-0.0833333333333333
3234	0.0121794871794872
3235	0.0121794871794872
3236	0.0692307692307692
3237	0.135897435897436
3238	0.174358974358974
3239	0.250641025641026
3240	0.26025641025641
3241	0.26025641025641
3242	0.26025641025641
3243	0.326923076923077
3244	0.317307692307692
3245	0.174358974358974
3246	0.174358974358974
3247	0.174358974358974
3248	0.174358974358974
3249	0.231410256410257
3250	0.212179487179487
3251	0.174358974358974
3252	0.250641025641026
3253	0.231410256410257
3254	0.259615384615384
3255	0.278846153846154
3256	0.288461538461538
3257	0.346153846153846
3258	0.403205128205128
3259	0.383974358974359
3260	0.345512820512821
3261	0.230769230769231
3262	0.221153846153846
3263	0.173717948717949
3264	0.183333333333334
3265	0.116666666666667
3266	0.0974358974358974
3267	0.0493589743589743
3268	0.221153846153846
3269	0.192307692307692
3270	0.116025641025641
3271	0.125641025641026
3272	0.0782051282051281
3273	0.0115384615384616
3274	0.0685897435897436
3275	-0.00769230769230766
3276	0.125641025641026
3277	0.106410256410256
3278	0.182692307692308
3279	0.096794871794872
3280	0.096794871794872
3281	0.0583333333333333
3282	0.0583333333333333
3283	-0.00833333333333353
3284	-0.0179487179487181
3285	-0.00833333333333353
3286	0.067948717948718
3287	-0.00833333333333353
3288	0.00128205128205117
3289	0.00128205128205117
3290	0.0301282051282051
3291	0.00128205128205117
3292	0.00128205128205117
3293	-0.00833333333333353
3294	0.0487179487179488
3295	0.0487179487179488
3296	0.163461538461538
3297	0.211538461538461
3298	0.230769230769231
3299	0.240384615384615
3300	0.230769230769231
3301	0.230769230769231
3302	0.316666666666667
3303	0.202564102564103
3304	0.0596153846153846
3305	0.135897435897436
3306	0.155128205128205
3307	0.16474358974359
3308	0.221794871794872
3309	0.241025641025641
3310	0.135897435897436
3311	0.135897435897436
3312	-0.0166666666666665
3313	-0.00705128205128203
3314	-0.0833333333333333
3315	-0.102564102564103
3316	-0.092948717948718
3317	-0.0448717948717949
3318	-0.0641025641025642
3319	-0.00705128205128203
3320	0.0692307692307692
3321	-0.00705128205128203
3322	-0.0544871794871795
3323	-0.0448717948717949
3329	-0.0641025641025642
3367	0.127564102564103
3368	0.137179487179487
3369	0.108333333333334
3370	0.108333333333334
3371	0.0987179487179488
3372	0.069871794871795
3373	0.0602564102564104
3374	0.0506410256410257
3375	0.126923076923077
3376	0.136538461538462
3377	0.117307692307692
3378	0.117307692307692
3379	0.117307692307692
3380	0.117307692307692
3381	0.0217948717948718
3382	0.00256410256410255
3383	0.0217948717948718
3384	0.0602564102564104
3385	0.0980769230769232
3386	0.117307692307692
3387	0.0410256410256411
3388	-0.00641025641025639
3389	-0.00641025641025639
3390	0.0128205128205128
3391	-0.0160256410256411
3392	0.0410256410256411
3393	0.0891025641025641
3394	0.0128205128205128
3395	0.0224358974358974
3396	0.0128205128205128
3397	0.0128205128205128
3398	-0.0256410256410257
3446	-0.237820512820513
3447	-0.247435897435897
3448	-0.237820512820513
3449	-0.228205128205128
3450	-0.237820512820513
3451	-0.228205128205128
3452	-0.208974358974359
3453	-0.180128205128205
3454	-0.141666666666667
3455	-0.132051282051282
3456	-0.103205128205128
3457	-0.0173076923076922
3458	0.0589743589743589
3459	-0.0269230769230769
3460	0.0397435897435896
3461	0.00128205128205117
3462	0.0583333333333333
3463	0.00128205128205117
3464	0.0775641025641026
3465	0.096794871794872
3466	0.0775641025641026
3467	0.067948717948718
3468	0.0775641025641026
3469	0.0775641025641026
3470	0.096794871794872
3471	0.0871794871794873
3472	0.0871794871794873
3473	0.116025641025641
3474	0.096794871794872
3475	0.106410256410256
3476	-0.0365384615384614
3477	-0.0647435897435896
3486	-0.16025641025641
3487	-0.112820512820513
3488	0.0301282051282051
3489	0.0205128205128204
3490	0.0775641025641026
3491	0.105769230769231
3492	0.143589743589744
3493	0.153205128205128
3494	0.105769230769231
3495	0.115384615384615
3496	0.0487179487179488
3497	0.0487179487179488
3498	-0.00833333333333353
3499	0.0583333333333333
3500	0.0487179487179488
3501	0.0487179487179488
3502	0.115384615384615
3503	0.191666666666667
3504	0.315384615384615
3505	0.267307692307692
3506	0.267307692307692
3507	0.257692307692308
3508	0.238461538461539
3509	0.209615384615385
3510	0.219230769230769
3511	0.238461538461539
3512	0.29551282051282
3513	0.276282051282051
3514	0.257051282051282
3515	0.237820512820513
3516	0.257051282051282
3517	0.237820512820513
3518	0.219230769230769
3519	0.171794871794872
3520	0.276923076923077
3521	0.181410256410256
3522	0.105128205128205
3523	0.124358974358974
3524	0.0480769230769229
3525	0.0192307692307693
3526	0.00961538461538458
3527	-0.0570512820512818
3528	-0.094871794871795
3529	-0.132692307692308
3530	-0.142307692307692
3531	-0.151923076923077
3532	-0.151923076923077
3533	-0.123076923076923
3534	-0.142307692307692
3535	-0.18974358974359
3536	-0.18974358974359
3537	-0.0660256410256411
3538	-0.160897435897436
3539	-0.246794871794872
3542	-0.228205128205128
3543	-0.190384615384615
3544	-0.2
3545	-0.2
3546	-0.219230769230769
3547	-0.171794871794872
3548	-0.181410256410257
3549	-0.162179487179487
3550	-0.0858974358974358
3551	-0.11474358974359
3552	0.0185897435897435
3553	0.0282051282051281
3554	0.0948717948717948
3555	0.190384615384615
3556	0.0948717948717948
3557	0.114102564102564
3558	0.162179487179487
3559	0.152564102564103
3560	0.0955128205128205
3561	0.133974358974359
3562	0.162820512820513
3563	0.267948717948718
3564	0.344230769230769
3565	0.305769230769231
3566	0.382051282051282
3567	0.505769230769231
3568	0.515384615384615
3569	0.562820512820513
3570	0.62948717948718
3571	0.61025641025641
3572	0.581410256410257
3573	0.428846153846154
3574	0.409615384615385
3575	0.428846153846154
3576	0.448076923076923
3577	0.371794871794872
3578	0.31474358974359
3579	0.238461538461539
3580	0.352564102564103
3581	0.362179487179487
3582	0.428846153846154
3583	0.448076923076923
3584	0.419871794871795
3585	0.400641025641026
3586	0.29551282051282
3587	0.333974358974359
3588	0.267307692307692
3589	0.305128205128205
3590	0.228846153846154
3591	0.133333333333334
3592	0.114102564102564
3593	0.0756410256410256
3594	0.132692307692308
3595	0.180128205128205
3596	0.170512820512821
3597	0.180128205128205
3598	0.103846153846154
3599	0.170512820512821
3600	0.0942307692307693
3601	0.151282051282051
3602	0.0846153846153848
3603	-0.0294871794871794
3604	-0.0871794871794871
3605	-0.0871794871794871
3606	-0.0967948717948717
3607	-0.0397435897435898
3608	-0.106410256410256
3609	-0.0397435897435898
3610	-0.030128205128205
3611	-0.0493589743589744
3612	-0.0397435897435898
3613	0.0269230769230768
3614	-0.00128205128205128
3615	-0.00128205128205128
3616	-0.134615384615385
3617	-0.0775641025641025
3618	-0.0583333333333333
3619	-0.144230769230769
3620	-0.163461538461539
3621	-0.0679487179487179
3622	-0.039102564102564
3623	-0.0487179487179485
3624	-0.125
3625	-0.105769230769231
3626	-0.115384615384615
3627	-0.105769230769231
3628	0.0185897435897435
3629	0.0756410256410256
3630	-0.0102564102564102
3631	-0.124358974358974
3632	-0.143589743589744
3633	-0.182051282051282
3634	-0.162820512820513
3635	-0.315384615384615
3636	-0.334615384615385
3637	-0.372435897435897
3638	-0.362820512820513
3639	-0.343589743589744
3640	-0.305128205128205
3641	-0.362179487179487
3646	-0.237179487179487
3647	-0.256410256410256
3648	-0.275641025641026
3650	-0.294871794871795
3651	-0.246794871794872
3652	-0.208333333333333
3656	-0.227564102564103
3658	-0.237179487179487
3659	-0.227564102564103
3660	-0.208333333333333
3662	-0.208333333333333
3663	-0.208333333333333
3672	-0.150641025641026
3673	-0.141025641025641
3674	-0.16025641025641
3675	-0.208333333333333
3676	-0.189102564102564
3677	-0.189102564102564
3678	-0.208333333333333
3679	-0.217948717948718
3711	-0.217948717948718
3712	-0.237179487179487
3713	-0.103846153846154
3714	0.0391025641025642
3715	0.258333333333333
3716	0.258333333333333
3717	0.267948717948718
3718	0.22948717948718
3719	0.22948717948718
3720	0.258333333333333
3721	0.258333333333333
3722	0.287179487179487
3723	0.239102564102564
3724	0.239102564102564
3725	0.182051282051282
3726	0.172435897435897
3727	0.133974358974359
3728	0.133974358974359
3729	0.133974358974359
3730	0.239102564102564
3731	0.22948717948718
3732	0.276923076923077
3733	0.286538461538462
3734	0.41025641025641
3735	0.448717948717949
3736	0.420512820512821
3737	0.430128205128205
3738	0.420512820512821
3739	0.391666666666667
3740	0.467948717948718
3741	0.353846153846154
3742	0.334615384615385
3743	0.430128205128205
3744	0.449358974358974
3745	0.525641025641026
3746	0.496794871794872
3747	0.392307692307692
3748	0.382692307692308
3749	0.230128205128205
3750	0.0871794871794873
3751	-0.0269230769230769
3752	-0.0461538461538461
3753	0.0301282051282051
3754	0.0878205128205126
3755	0.0782051282051281
3756	0.0685897435897436
3757	0.0301282051282051
3758	0.0775641025641026
3759	0.0775641025641026
3760	0.0205128205128204
3761	-0.0179487179487181
3762	0.019871794871795
3763	0.0294871794871797
3764	0.0583333333333333
3765	0.0775641025641026
3766	0.0961538461538461
3767	0.153205128205128
3768	0.105769230769231
3769	0.0769230769230768
3770	0.019871794871795
3771	-0.00897435897435883
3772	-0.00897435897435883
3773	-0.0378205128205128
3774	-0.0096153846153848
3775	-0.0096153846153848
3776	-0.105128205128205
3777	-0.191025641025641
3778	-0.21025641025641
3779	-0.286538461538462
3780	-0.258333333333334
3781	-0.344230769230769
3782	-0.286538461538462
3783	-0.134615384615385
3784	0.0653846153846154
3785	0.132051282051282
3786	0.198717948717949
3787	0.103205128205128
3788	0.122435897435897
3789	0.0461538461538462
3790	0.0269230769230768
3791	-0.0397435897435898
3792	0.0269230769230768
3793	0.0461538461538462
3794	-0.0205128205128204
3795	-0.00128205128205128
3796	-0.030128205128205
3797	-0.00128205128205128
3798	-0.0294871794871794
3799	0.0467948717948719
3800	0.0371794871794873
3801	0.0371794871794873
3802	0.0185897435897435
3803	-0.0192307692307694
3804	0.0282051282051281
3805	0.0185897435897435
3806	0.0378205128205127
3807	0.142948717948718
3808	0.209615384615385
3809	0.209615384615385
3810	0.171794871794872
3811	0.248076923076923
3812	0.238461538461539
3813	0.324358974358974
3814	0.439102564102564
3815	0.391025641025641
3816	0.486538461538462
3817	0.486538461538462
3818	0.42948717948718
3819	0.248717948717949
3820	0.144230769230769
3821	0.182692307692308
3822	0.13525641025641
3823	0.13525641025641
3824	0.278205128205128
3825	0.278205128205128
3826	0.287820512820513
3827	0.307051282051282
3828	0.240384615384615
3829	0.316666666666667
3830	0.392948717948718
3831	0.402564102564103
3832	0.412179487179487
3833	0.459615384615385
3834	0.459615384615385
3835	0.373717948717949
3836	0.364102564102564
3837	0.354487179487179
3838	0.258974358974359
3839	0.296794871794872
3840	0.220512820512821
3841	0.258974358974359
3842	0.23974358974359
3843	0.191666666666667
3844	0.115384615384615
3845	0.144230769230769
3846	0.144230769230769
3847	0.105769230769231
3848	0.230128205128205
3849	0.134615384615384
3850	0.0583333333333333
3851	0.096794871794872
3852	0.0108974358974357
3853	0.0108974358974357
3854	-0.0467948717948719
3855	-0.0564102564102565
3856	-0.151923076923077
3857	-0.228205128205128
3858	-0.257051282051282
3859	-0.257051282051282
3910	-0.122435897435897
3911	-0.151282051282051
3912	-0.132051282051282
3913	-0.103205128205128
3914	-0.198717948717949
3915	-0.217948717948718
3926	-0.342948717948718
3927	-0.190384615384615
3928	-0.114102564102564
3929	-0.0474358974358972
3930	-0.0858974358974358
3931	0.0955128205128205
3932	0.0955128205128205
3933	0.219230769230769
3934	0.276282051282051
3935	0.266666666666667
3936	0.342948717948718
3937	0.362179487179487
3938	0.409615384615385
3939	0.419230769230769
3940	0.495512820512821
3941	0.590384615384616
3942	0.457051282051282
3943	0.437820512820513
3944	0.342307692307692
3945	0.294230769230769
3946	0.151282051282051
3947	0.0839743589743589
3948	0.0833333333333335
3949	0.101923076923077
3950	0.178205128205128
3951	0.13974358974359
3952	0.12948717948718
3953	0.139102564102564
3954	0.158333333333333
3955	0.139102564102564
3956	0.215384615384616
3957	0.215384615384616
3958	0.139102564102564
3959	0.158333333333333
3960	0.177564102564103
3961	0.167948717948718
3962	0.0820512820512822
3963	-0.0608974358974359
3964	-0.137179487179487
3965	-0.137179487179487
3966	-0.165384615384615
3967	-0.308333333333333
3968	-0.298717948717949
3969	-0.412820512820513
3970	-0.403205128205128
3971	-0.403205128205128
3972	-0.469871794871795
3973	-0.469871794871795
3974	-0.565384615384615
3975	-0.536538461538462
3976	-0.603205128205128
3980	-0.56474358974359
3981	-0.555128205128205
3982	-0.592948717948718
3983	-0.516025641025641
4026	-0.371794871794872
4028	-0.352564102564103
4029	-0.333333333333333
4030	-0.228205128205128
4031	-0.294871794871795
4032	-0.180769230769231
4033	-0.2
4034	-0.152564102564103
4035	-0.123717948717949
4036	-0.0666666666666664
4037	0.00961538461538458
4038	-0.0192307692307694
4039	0.0192307692307693
4040	-0.0096153846153848
4041	-0.0288461538461542
4042	0.0378205128205127
4043	0.00897435897435894
4044	0.0185897435897435
4045	0.0474358974358975
4046	0.228205128205128
4047	0.304487179487179
4048	0.218589743589743
4049	0.218589743589743
4050	0.171153846153846
4051	0.161538461538461
4052	0.113461538461539
4053	0.0660256410256412
4054	0.0756410256410256
4055	0.0756410256410256
4056	0.0282051282051281
4057	0.151923076923077
4058	0.199358974358975
4059	0.151923076923077
4060	0.171153846153846
4061	0.161538461538461
4062	0.114102564102564
4063	0.114102564102564
4064	0.0282051282051281
4065	0.0852564102564102
4066	0.0378205128205127
4067	0.0378205128205127
4068	-0.0192307692307694
4069	0.161538461538461
4070	0.171153846153846
4071	0.208974358974359
4072	0.151923076923077
4073	0.160897435897436
4074	0.18974358974359
4075	0.169871794871795
4076	0.189102564102564
4077	0.17948717948718
4078	0.122435897435897
4079	0.141666666666667
4080	0.160897435897436
4081	0.151282051282051
4082	-0.0487179487179485
4083	-0.125
4084	-0.0961538461538463
4085	-0.153846153846154
4086	-0.106410256410256
4087	-0.0775641025641025
4088	-0.0679487179487179
4089	0.0557692307692308
4090	0.122435897435897
4091	0.208333333333333
4092	0.37948717948718
4093	0.312820512820513
4094	0.236538461538462
4095	0.236538461538462
4096	0.246153846153846
4097	0.332051282051282
4098	0.283974358974359
4099	0.283974358974359
4100	0.274358974358974
4101	0.265384615384615
4102	0.198076923076923
4103	0.121794871794872
4104	0.0743589743589743
4105	0.0365384615384616
4106	-0.0967948717948717
4107	-0.125
4108	-0.115384615384615
4109	-0.181410256410257
4110	-0.219871794871795
4111	-0.105128205128205
4112	-0.172435897435897
4113	0.0467948717948719
4114	0.180128205128205
4115	0.170512820512821
4116	0.170512820512821
4117	0.237179487179487
4118	0.313461538461538
4119	0.408974358974359
4120	0.408974358974359
4121	0.457051282051282
4122	0.390384615384615
4123	0.351923076923077
4124	0.390384615384615
4125	0.228205128205128
4126	0.190384615384615
4127	0.123717948717949
4128	-0.0185897435897435
4129	-0.0852564102564104
4130	-0.0564102564102565
4131	0.0102564102564103
4132	0.115384615384615
4133	0.0391025641025642
4134	0.0583333333333333
4135	0.0487179487179488
4136	0.0391025641025642
4137	0.162820512820513
4138	0.277564102564103
4139	0.353846153846154
4140	0.420512820512821
4141	0.420512820512821
4142	0.430128205128205
4143	0.430128205128205
4144	0.430128205128205
4145	0.467948717948718
4146	0.544230769230769
4147	0.516025641025641
4148	0.583333333333333
4149	0.392948717948718
4150	0.211538461538461
4151	0.201923076923077
4152	0.201923076923077
4153	0.258974358974359
4154	0.201923076923077
4155	0.144871794871795
4156	0.144871794871795
4157	0.106410256410256
4158	0.173076923076923
4159	0.268589743589744
4160	0.258974358974359
4161	0.297435897435898
4162	0.287820512820513
4163	0.287820512820513
4164	0.268589743589744
4165	0.43974358974359
4166	0.610897435897436
4167	0.515384615384615
4168	0.562820512820513
4169	0.553205128205128
4170	0.572435897435898
4171	0.562820512820513
4172	0.601282051282051
4173	0.467948717948718
4174	0.430128205128205
4175	0.363461538461539
4176	0.277564102564103
4177	0.267948717948718
4178	0.267948717948718
4179	0.325
4180	0.325
4181	0.258333333333333
4182	0.363461538461539
4183	0.334615384615385
4184	0.467948717948718
4185	0.477564102564103
4186	0.496794871794872
4187	0.516025641025641
4188	0.516025641025641
4189	0.373076923076923
4190	0.353846153846154
4191	0.344230769230769
4192	0.276923076923077
4193	0.372435897435897
4194	0.296153846153846
4195	0.276923076923077
4196	0.343589743589744
4197	0.285897435897436
4198	0.276282051282051
4199	0.257051282051282
4200	0.276282051282051
4201	0.0955128205128205
4202	-0.0185897435897435
4203	0.019871794871795
4204	-0.113461538461538
4205	-0.113461538461538
4206	-0.123076923076923
4207	0.0391025641025642
4208	0.115384615384615
4209	0.115384615384615
4210	0.0673076923076922
4211	0.0576923076923076
4212	0.0673076923076922
4213	-0.0467948717948719
4214	-0.0852564102564104
4215	-0.10448717948718
4216	-0.10448717948718
4217	-0.0474358974358972
4218	-0.190384615384615
4219	-0.237820512820513
4220	-0.333333333333333
4221	-0.266666666666666
4222	-0.237820512820513
4223	-0.257051282051282
4224	-0.333974358974359
4225	-0.305128205128205
4226	-0.31474358974359
4227	-0.31474358974359
4228	-0.266666666666666
4229	-0.314102564102564
4230	-0.30448717948718
4234	-0.151923076923077
4235	-0.0564102564102565
4236	-0.0467948717948719
4237	-0.0467948717948719
4238	-0.113461538461538
4239	-0.0756410256410257
4240	0.0480769230769229
4241	0.0769230769230768
4242	0.0673076923076922
4243	-0.0474358974358972
4244	-0.162179487179487
4245	-0.152564102564103
4246	-0.114102564102564
4247	-0.10448717948718
4248	-0.114102564102564
4249	-0.133333333333333
4250	-0.0852564102564104
4251	-0.180769230769231
4252	-0.2
4253	-0.228205128205128
4254	-0.237820512820513
4255	-0.190384615384615
4256	-0.237820512820513
4257	-0.294871794871795
4258	-0.294871794871795
4259	-0.275641025641026
4260	-0.122435897435897
4261	-0.132051282051282
4262	-0.122435897435897
4263	-0.0461538461538461
4264	-0.0173076923076922
4265	0.0589743589743589
4266	0.211538461538461
4267	0.240384615384615
4268	0.288461538461538
4269	0.298076923076923
4270	0.0980769230769232
4271	0.0217948717948718
4272	0.0121794871794872
4273	0.00256410256410255
4274	0.0596153846153846
4275	0.0121794871794872
4276	-0.0641025641025642
4277	-0.0833333333333333
4278	-0.0833333333333333
4279	-0.0448717948717949
4280	-0.0256410256410257
4281	-0.0352564102564102
4282	-0.0544871794871795
4283	-0.0641025641025642
4284	-0.0544871794871795
4285	0.0410256410256411
4286	0.0884615384615385
4287	0.16474358974359
4288	0.27948717948718
4289	0.26025641025641
4290	0.336538461538461
4291	0.412820512820513
4292	0.393589743589744
4293	0.383974358974359
4294	0.469871794871795
4295	0.631410256410256
4296	0.535897435897436
4297	0.507051282051282
4298	0.573717948717949
4299	0.487820512820513
4300	0.478205128205128
4301	0.411538461538462
4302	0.230128205128205
4303	0.23974358974359
4304	0.220512820512821
4305	0.210897435897436
4306	0.182692307692308
4307	0.163461538461538
4308	0.23974358974359
4309	0.296794871794872
4310	0.258974358974359
4311	0.210897435897436
4312	0.125
4313	0.201282051282051
4314	0.363461538461539
4315	0.296794871794872
4316	0.306410256410256
4317	0.277564102564103
4318	0.287179487179487
4319	0.277564102564103
4320	0.258333333333333
4321	0.248717948717949
4322	0.191666666666667
4323	0.134615384615384
4324	0.0583333333333333
4325	0.0583333333333333
4326	-0.0179487179487181
4327	-0.160897435897436
4328	-0.132051282051282
4329	-0.141666666666667
4330	-0.227564102564103
4341	-0.237820512820513
4342	-0.266666666666666
4343	-0.190384615384615
4344	-0.152564102564103
4345	-0.209615384615385
4346	-0.219230769230769
4347	-0.190384615384615
4348	-0.132692307692308
4349	-0.218589743589744
4351	-0.381410256410257
4352	-0.371794871794872
4353	-0.276282051282051
4354	-0.276282051282051
4355	-0.248076923076923
4356	0.0282051282051281
4357	0.0185897435897435
4358	-0.000641025641025417
4359	0.0756410256410256
4360	0.151923076923077
4361	0.151923076923077
4362	0.142307692307692
4363	0.199358974358975
4364	0.275641025641026
4365	0.275641025641026
4366	0.246794871794872
4367	0.227564102564103
4368	0.151282051282051
4369	0.237820512820513
4370	0.218589743589743
4371	0.266025641025641
4372	0.256410256410256
4373	0.275641025641026
4374	0.227564102564103
4375	0.227564102564103
4376	0.313461538461538
4377	0.180128205128205
4378	0.199358974358975
4379	0.132692307692308
4380	0.00897435897435894
4381	0.123076923076923
4382	0.208974358974359
4383	0.18974358974359
4384	0.151282051282051
4385	0.141666666666667
4386	0.180128205128205
4387	0.218589743589743
4388	0.275641025641026
4389	0.218589743589743
4390	0.361538461538461
4391	0.314102564102564
4392	0.0570512820512821
4393	-0.0192307692307694
4394	0.0762820512820515
4395	0.0288461538461536
4396	0.0762820512820515
4397	0.0474358974358975
4398	0.142948717948718
4399	0.105128205128205
4400	0.0192307692307693
4401	0.0288461538461536
4402	0.124358974358974
4403	0.172435897435897
4404	0.201282051282051
4405	0.220512820512821
4406	0.249358974358974
4407	0.192307692307692
4408	0.211538461538461
4409	0.23974358974359
4410	0.297435897435898
4411	0.459615384615385
4412	0.392948717948718
4413	0.344871794871795
4414	0.325641025641026
4415	0.316025641025641
4416	0.325641025641026
4417	0.211538461538461
4418	0.106410256410256
4419	0.249358974358974
4420	0.268589743589744
4421	0.316666666666667
4422	0.326282051282051
4423	0.25
4424	0.154487179487179
4425	0.154487179487179
4426	0.0589743589743589
4427	0.0878205128205126
4428	0.0397435897435896
4429	0.0301282051282051
4430	-0.0653846153846154
4431	-0.113461538461538
4432	-0.227564102564103
4433	-0.189102564102564
4434	-0.208333333333333
4435	-0.0750000000000001
4436	-0.0750000000000001
4437	-0.103846153846154
4438	-0.151282051282051
4439	-0.160897435897436
4440	-0.0942307692307692
4441	-0.103846153846154
4442	-0.132692307692308
4443	-0.180769230769231
4444	-0.285897435897436
4445	-0.266666666666666
4446	-0.266666666666666
4447	-0.333333333333333
4448	-0.333333333333333
4449	-0.294871794871795
4450	-0.294871794871795
4451	-0.28525641025641
4452	-0.275641025641026
4453	-0.275641025641026
4454	-0.266025641025641
4458	-0.228205128205128
4459	-0.257051282051282
4460	-0.237820512820513
4461	-0.247435897435897
4462	-0.314102564102564
4463	-0.2
4464	-0.171153846153846
4465	-0.132692307692308
4466	-0.103846153846154
4467	-0.0653846153846154
4468	-0.0750000000000001
4469	-0.113461538461538
4470	-0.17051282051282
4472	-0.256410256410256
4473	-0.237179487179487
4474	-0.113461538461538
4475	-0.094871794871795
4476	-0.228205128205128
4477	-0.247435897435897
4478	-0.199358974358974
4479	0.0108974358974357
4480	0.0397435897435896
4481	0.0397435897435896
4482	0.0493589743589743
4483	-0.0173076923076922
4484	-0.0269230769230769
4485	-0.0173076923076922
4486	-0.0269230769230769
4487	-0.0365384615384614
4488	-0.0846153846153846
4489	-0.0750000000000001
4490	0.00128205128205117
4491	-0.0557692307692308
4492	-0.0365384615384614
4493	0.067948717948718
4494	-0.0653846153846154
4495	-0.0461538461538461
4496	-0.0365384615384614
4497	-0.0461538461538461
4498	-0.0173076923076922
4499	-0.16025641025641
4500	-0.131410256410256
4501	-0.150641025641026
4502	-0.189102564102564
4503	-0.132051282051282
4504	-0.132051282051282
4505	-0.0743589743589743
4506	-0.0743589743589743
4507	-0.0839743589743589
4508	-0.16025641025641
4509	-0.0365384615384614
4510	-0.103205128205128
4511	-0.16025641025641
4512	-0.180128205128205
4513	-0.0852564102564104
4514	-0.10448717948718
4515	-0.133333333333333
4516	-0.0096153846153848
4517	-0.0096153846153848
4518	0.00897435897435894
4519	-0.0102564102564102
4520	-0.0294871794871794
4521	-0.039102564102564
4522	0.103846153846154
4523	0.123076923076923
4524	0.171153846153846
4525	0.132692307692308
4526	0.0371794871794873
4527	0.0275641025641027
4528	0.0467948717948719
4529	0.00897435897435894
4530	0.00897435897435894
4531	0.114102564102564
4532	0.0660256410256412
4533	0.0660256410256412
4534	0.0467948717948719
4535	0.104487179487179
4536	0.104487179487179
4537	0.151923076923077
4538	0.228205128205128
4539	0.171153846153846
4540	0.142307692307692
4541	0.113461538461539
4542	0.170512820512821
4543	0.18974358974359
4544	0.208974358974359
4545	0.0564102564102564
4546	0.0083333333333333
4547	0.0275641025641027
4548	-0.0198717948717948
4549	-0.11474358974359
4550	-0.11474358974359
4551	-0.238461538461539
4552	-0.285897435897436
4553	-0.352564102564103
4554	-0.333333333333333
4555	-0.295512820512821
4556	-0.266666666666666
4557	-0.21025641025641
4558	-0.22948717948718
4559	-0.210897435897436
4560	-0.210897435897436
4561	-0.182051282051282
4562	-0.182051282051282
4563	-0.182051282051282
4564	-0.22051282051282
4565	-0.22051282051282
4566	-0.153846153846154
4567	-0.258974358974359
4568	-0.210897435897436
4569	-0.210897435897436
4570	-0.125
4571	-0.0685897435897436
4572	-0.0685897435897436
4573	-0.0967948717948717
4574	-0.0775641025641025
4575	-0.116025641025641
4576	-0.125641025641026
4577	-0.13525641025641
4578	-0.192307692307693
4579	-0.221153846153846
4580	-0.221153846153846
4581	-0.192307692307693
4582	-0.230128205128205
4583	-0.210897435897436
4584	-0.105769230769231
4585	-0.0583333333333333
4586	-0.0679487179487179
4587	-0.0583333333333333
4588	-0.134615384615385
4589	-0.173076923076923
4590	-0.23974358974359
4591	-0.267948717948718
4592	-0.277564102564103
4593	-0.353205128205128
4596	-0.362179487179487
4597	-0.371794871794872
4598	-0.371794871794872
4599	-0.324358974358974
4600	-0.285897435897436
4601	-0.362179487179487
4665	-0.641025641025641
4666	-0.641025641025641
4669	-0.669871794871795
4670	-0.66025641025641
4671	-0.583974358974359
4672	-0.450641025641026
4673	-0.431410256410257
4674	-0.488461538461539
4675	-0.412179487179487
4676	-0.56474358974359
4677	-0.507692307692308
4678	-0.45
4679	-0.469230769230769
4680	-0.173717948717949
4681	-0.164102564102564
4682	-0.173717948717949
4683	-0.192948717948718
4684	-0.183333333333333
4685	-0.202564102564103
4686	0.121153846153846
4687	0.101923076923077
4688	0.0826923076923074
4689	0.0634615384615385
4690	0.0442307692307693
4691	0.073076923076923
4692	0.111538461538461
4693	0.302564102564103
4694	0.274358974358974
4695	0.455769230769231
4696	0.512820512820513
4697	0.551282051282051
4698	0.437179487179487
4699	0.370512820512821
4700	0.466025641025641
4701	0.351923076923077
4702	0.408974358974359
4703	0.399358974358975
4704	0.475641025641026
4705	0.418589743589744
4706	0.380128205128205
4707	0.399358974358975
4708	0.266025641025641
4709	0.266025641025641
4710	0.227564102564103
4711	0.141666666666667
4712	0.227564102564103
4713	0.237179487179487
4714	0.198717948717949
4715	0.189102564102564
4716	-0.0871794871794871
4717	-0.0679487179487179
4718	-0.0679487179487179
4719	-0.039102564102564
4720	0.0564102564102564
4721	0.0660256410256412
4722	-0.296153846153846
4723	-0.267307692307692
4724	-0.181410256410257
4725	-0.0955128205128206
4726	-0.11474358974359
4727	-0.11474358974359
4728	-0.105128205128205
4729	-0.248076923076923
4730	-0.267307692307692
4731	-0.267307692307692
4732	-0.333974358974359
4733	-0.285897435897436
4734	-0.266666666666666
4735	-0.237820512820513
4736	-0.323717948717949
4737	-0.381410256410257
4738	-0.381410256410257
4739	-0.257051282051282
4740	-0.218589743589744
4741	-0.237820512820513
4742	-0.094871794871795
4743	-0.0474358974358972
4744	0.0762820512820515
4745	0.0762820512820515
4746	0.0858974358974361
4747	0.0282051282051281
4748	-0.0480769230769234
4749	-0.133974358974359
4750	-0.105128205128205
4751	-0.0192307692307694
4752	-0.0384615384615388
4753	-0.039102564102564
4754	-0.0294871794871794
4755	0.0275641025641027
4756	-0.0871794871794871
4757	0.00769230769230766
4758	0.16025641025641
4759	0.121794871794872
4760	0.0551282051282052
4761	-0.0115384615384615
4762	0.103205128205128
4763	0.103205128205128
4764	0.112820512820513
4765	0.132051282051282
4766	0.160897435897436
4767	0.0179487179487181
4768	0.0846153846153848
4769	0.122435897435897
4770	0.0935897435897435
4771	0.141025641025641
4772	0.112179487179487
4773	0.188461538461538
4774	0.131410256410256
4775	0.0833333333333335
4776	0.00705128205128225
4777	0.0166666666666668
4778	-0.0211538461538463
4779	-0.164102564102564
4780	-0.268589743589744
4781	-0.249358974358974
4782	-0.201282051282051
4783	-0.143589743589744
4784	-0.11474358974359
4785	-0.0955128205128206
4786	-0.105128205128205
4787	-0.142948717948718
4788	-0.10448717948718
4789	-0.103846153846154
4790	-0.103846153846154
4791	-0.160897435897436
4792	-0.132051282051282
4822	-0.131410256410256
4823	-0.198717948717949
4824	-0.227564102564103
4825	-0.237179487179487
4826	-0.256410256410256
4827	-0.218589743589744
4828	-0.171153846153846
4829	-0.114102564102564
4830	-0.114102564102564
4831	-0.0762820512820512
4832	-0.0858974358974358
4833	-0.0769230769230771
4834	0.0564102564102564
4835	-0.0487179487179485
4836	0.0275641025641027
4837	0.0467948717948719
4838	0.0275641025641027
4839	0.123076923076923
4840	0.0846153846153848
4841	0.0942307692307693
4842	0.0846153846153848
4843	0.160897435897436
4844	0.170512820512821
4845	0.170512820512821
4846	0.266025641025641
4847	0.437820512820513
4848	0.371153846153846
4849	0.314102564102564
4850	0.257051282051282
4851	0.285897435897436
4852	0.237820512820513
4853	0.256410256410256
4854	0.266025641025641
4855	0.275641025641026
4856	0.294871794871795
4857	0.18974358974359
4858	0.132692307692308
4859	0.113461538461539
4860	0.199358974358975
4861	0.160897435897436
4862	0.170512820512821
4863	0.0653846153846154
4864	0.160897435897436
4865	0.0846153846153848
4866	0.0846153846153848
4867	0.0275641025641027
4868	0.0467948717948719
4869	-0.0198717948717948
4870	-0.172435897435897
4871	-0.153205128205128
4872	-0.210897435897436
4873	-0.23974358974359
4874	-0.287179487179487
4875	-0.334615384615385
4876	-0.239102564102564
4877	-0.277564102564103
4878	-0.296794871794872
4879	-0.382692307692308
4880	-0.382692307692308
4881	-0.382692307692308
4882	-0.458974358974359
4888	-0.53525641025641
4903	-0.285897435897436
4904	-0.276282051282051
4905	-0.237820512820513
4906	-0.0852564102564104
4907	-0.0852564102564104
4908	-0.132692307692308
4909	-0.0852564102564104
4910	-0.0282051282051281
4911	-0.0570512820512818
4912	-0.133333333333333
4913	-0.10448717948718
4914	-0.142948717948718
4915	-0.114102564102564
4916	-0.10448717948718
4917	-0.0474358974358972
4918	-0.0185897435897435
4919	0.00064102564102575
4920	0.0480769230769229
4921	0.0384615384615383
4922	0.0955128205128205
4923	0.0666666666666669
4924	0.0762820512820515
4925	0.0378205128205127
4926	0.0474358974358975
4927	0.0282051282051281
4928	0.0185897435897435
4929	0.00897435897435894
4930	-0.000641025641025417
4931	-0.0102564102564102
4932	0.0378205128205127
4933	0.0371794871794873
4934	-0.0583333333333333
4935	-0.0865384615384617
4936	-0.22948717948718
4937	-0.22948717948718
4938	-0.325
4939	-0.467948717948718
4940	-0.496794871794872
4941	-0.496794871794872
4949	-0.458333333333333
4950	-0.343589743589744
4951	-0.258333333333334
4952	-0.248717948717949
4953	-0.382692307692308
4954	-0.316025641025641
4955	-0.258974358974359
4956	-0.382692307692308
4957	-0.287179487179487
4958	-0.258333333333334
4959	-0.258333333333334
4960	-0.316025641025641
4961	-0.23974358974359
4962	-0.192307692307693
4963	-0.201923076923077
4964	-0.23974358974359
4965	-0.22051282051282
4966	-0.144230769230769
4967	-0.173076923076923
4968	-0.058974358974359
4969	-0.0583333333333333
4970	-0.0198717948717948
4971	-0.0294871794871794
4972	-0.0679487179487179
4973	-0.0205128205128204
4974	-0.0205128205128204
4975	-0.0205128205128204
4976	0.0461538461538462
4977	0.0935897435897435
4978	0.0743589743589743
4979	0.0935897435897435
4980	0.00769230769230766
4981	0.0551282051282052
4982	0.121794871794872
4983	0.217307692307692
4984	0.112179487179487
4985	0.159615384615385
4986	0.130769230769231
4987	0.0833333333333335
4988	0.0448717948717947
4989	0.121794871794872
4990	0.0551282051282052
4991	-0.0115384615384615
4992	0.0173076923076922
4993	0.00769230769230766
4994	-0.058974358974359
4995	-0.0397435897435898
4996	-0.0583333333333333
4997	-0.0294871794871794
4998	-0.125
4999	0.0653846153846154
5000	0.103205128205128
5001	0.0935897435897435
5002	-0.0307692307692309
5003	-0.0307692307692309
5004	-0.164102564102564
5005	-0.15448717948718
5006	-0.13525641025641
5007	-0.0685897435897436
5008	-0.0108974358974359
5009	-0.039102564102564
5010	-0.0198717948717948
5011	-0.0102564102564102
5012	-0.0673076923076923
5013	-0.11474358974359
5014	-0.11474358974359
5015	-0.153205128205128
5016	-0.153205128205128
5017	-0.22948717948718
5018	-0.296153846153846
5019	-0.372435897435897
5020	-0.41025641025641
5053	-0.256410256410256
5054	-0.113461538461538
5055	-0.151923076923077
5056	-0.190384615384615
5057	-0.133333333333333
5058	-0.0102564102564102
5059	0.0467948717948719
5060	-0.00128205128205128
5061	0.0839743589743589
5062	0.16025641025641
5063	0.198076923076923
5064	0.226282051282052
5065	0.178205128205128
5066	0.110897435897436
5067	0.0634615384615385
5068	0.0923076923076922
5069	0.158974358974359
5070	0.13974358974359
5071	-0.0128205128205128
5072	0.0153846153846153
5073	-0.0615384615384618
5074	-0.051923076923077
5075	0.00512820512820511
5076	-0.00448717948717947
5077	0.042948717948718
5078	0.042948717948718
5079	-0.00512820512820489
5080	0.128205128205128
5081	0.108974358974359
5082	0.0608974358974357
5083	-0.0249999999999999
5084	-0.110897435897436
5085	-0.0634615384615382
5086	-0.0634615384615382
5087	-0.0916666666666666
5088	-0.110897435897436
5089	-0.148717948717949
5090	-0.196153846153846
5091	-0.157692307692308
5092	-0.138461538461538
5093	-0.185897435897436
5094	-0.299358974358974
5095	-0.327564102564103
5096	-0.289102564102564
5097	-0.375
5098	-0.432051282051282
5099	-0.450641025641026
5100	-0.478846153846154
5101	-0.440384615384615
5102	-0.478205128205128
5103	-0.45
5104	-0.535897435897436
5105	-0.516666666666666
5106	-0.516666666666666
5107	-0.507051282051282
5108	-0.487820512820513
5109	-0.410897435897436
5110	-0.42051282051282
5111	-0.439102564102564
5112	-0.458333333333333
5127	-0.468589743589744
5128	-0.297435897435897
5129	-0.297435897435897
5130	-0.25
5131	-0.107051282051282
5132	-0.0596153846153844
5133	-0.00192307692307692
5134	-0.0211538461538463
5135	-0.0499999999999998
5136	-0.078846153846154
5137	-0.0596153846153844
5138	-0.0115384615384615
5139	-0.0397435897435898
5140	-0.0108974358974359
5141	-0.00128205128205128
5142	-0.00128205128205128
5143	0.0179487179487181
5144	-0.0775641025641025
5145	-0.0108974358974359
5146	0.0365384615384616
5147	0.00769230769230766
5148	0.0557692307692308
5149	0.0365384615384616
5150	0.0365384615384616
5151	0.198076923076923
5152	0.255128205128205
5153	0.331410256410257
5154	0.388461538461539
5155	0.398076923076923
5156	0.417307692307692
5157	0.408333333333333
5158	0.408333333333333
5159	0.522435897435897
5160	0.589102564102564
5161	0.569871794871795
5162	0.608333333333333
5163	0.437179487179487
5164	0.275641025641026
5165	0.227564102564103
5166	0.180128205128205
5167	0.0179487179487181
5168	-0.0487179487179485
5169	-0.0871794871794871
5170	-0.116025641025641
5171	-0.106410256410256
5172	0.0461538461538462
5173	0.0365384615384616
5174	0.0839743589743589
5175	0.0935897435897435
5176	0.0935897435897435
5177	-0.0115384615384615
5178	0.0173076923076922
5179	0.141025641025641
5180	0.236538461538462
5181	0.141025641025641
5182	0.16025641025641
5183	0.0551282051282052
5184	-0.0217948717948719
5185	0.0448717948717947
5186	0.111538461538461
5187	-0.0596153846153844
5188	-0.116666666666666
5189	-0.116666666666666
5190	-0.183333333333333
5191	-0.192948717948718
5192	-0.183333333333333
5193	-0.126282051282051
5194	-0.135897435897436
5195	-0.326923076923077
5196	-0.383974358974359
5197	-0.441025641025641
5198	-0.498076923076923
5199	-0.498076923076923
5200	-0.546153846153846
5201	-0.584615384615385
5202	-0.613461538461539
5203	-0.613461538461539
5204	-0.451282051282051
5205	-0.489102564102564
5206	-0.422435897435897
5207	-0.441666666666667
5208	-0.47051282051282
5209	-0.480128205128205
5210	-0.546794871794872
5211	-0.528205128205128
5212	-0.480769230769231
5213	-0.471153846153846
5214	-0.480769230769231
5215	-0.594871794871795
5216	-0.614102564102564
5217	-0.594871794871795
5218	-0.594871794871795
5219	-0.566025641025641
5220	-0.498717948717949
5221	-0.565384615384615
5222	-0.612820512820513
5223	-0.536538461538462
5224	-0.47948717948718
5225	-0.469871794871795
5226	-0.469871794871795
5227	-0.441666666666667
5228	-0.499358974358974
5229	-0.575641025641026
5230	-0.546794871794872
5231	-0.527564102564103
5232	-0.546794871794872
5233	-0.413461538461539
5234	-0.38525641025641
5235	-0.328205128205128
5236	-0.337820512820513
5237	-0.203846153846154
5238	-0.127564102564103
5239	0.0153846153846153
5240	-0.223717948717949
5241	-0.233333333333333
5242	-0.3
5243	-0.309615384615385
5244	-0.280769230769231
5245	-0.280769230769231
5246	-0.309615384615385
5247	-0.357051282051282
5248	-0.414102564102564
5249	-0.366666666666666
5250	-0.319230769230769
5251	-0.224358974358975
5252	-0.329487179487179
5253	-0.358333333333333
5254	-0.310897435897436
5255	-0.139743589743589
5256	-0.178205128205128
5257	-0.111538461538462
5258	-0.130769230769231
5259	-0.102564102564103
5260	-0.198076923076923
5261	-0.141025641025641
5262	-0.208333333333333
5263	-0.16025641025641
5264	-0.150641025641026
5265	-0.055769230769231
5266	-0.0179487179487177
5267	0.03974358974359
5268	0.144871794871795
5269	0.0589743589743594
5270	0.0307692307692307
5271	0.00192307692307692
5272	0.0403846153846155
5273	-0.0358974358974362
5274	-0.0455128205128206
5275	-0.188461538461538
5276	-0.0826923076923076
5277	-0.101923076923077
5278	-0.0256410256410258
5279	0.00320512820512819
5280	-0.158974358974359
5281	-0.197435897435897
5282	-0.207051282051282
5283	-0.197435897435897
5284	-0.159615384615384
5285	-0.130769230769231
5286	-0.121153846153846
5287	-0.197435897435897
5288	-0.111538461538462
5289	-0.101923076923077
5290	-0.206410256410256
5291	-0.253846153846154
5292	-0.216025641025641
5293	-0.159615384615384
5294	-0.169230769230769
5295	-0.102564102564103
5296	-0.0262820512820514
5297	-0.0839743589743591
5298	-0.0551282051282054
5299	0.116025641025641
5300	0.125641025641026
5301	0.0878205128205132
5302	0.125641025641026
5303	0.373076923076923
5304	0.277564102564102
5305	0.258333333333334
5306	0.219871794871795
5307	0.200641025641026
5308	0.391025641025641
5309	0.524358974358974
5310	0.409615384615385
5311	0.418589743589744
5312	0.322435897435898
5313	0.379487179487179
5314	0.293589743589744
5315	0.341025641025641
5316	0.312179487179487
5317	0.36025641025641
5318	0.493589743589744
5319	0.569230769230769
5320	0.569230769230769
5321	0.559615384615385
5322	0.45448717948718
5323	0.397435897435897
5324	0.36923076923077
5325	0.655128205128205
5326	0.616666666666667
5327	0.578846153846154
5328	0.617307692307692
5329	0.513461538461539
5330	0.523076923076923
5331	0.408974358974359
5332	0.361538461538462
5333	0.305128205128206
5334	0.41025641025641
5335	0.143589743589744
5336	0.143589743589744
5337	0.153205128205128
5338	0.134615384615384
5339	-0.0749999999999997
5340	-0.037179487179487
5341	-0.0275641025641022
5342	0.0679487179487182
5343	0.0878205128205132
5344	-0.0929487179487181
5345	-0.169230769230769
5346	-0.101923076923077
5347	0.0320512820512819
5348	0.118589743589744
5349	0.118589743589744
5350	0.204487179487179
5351	0.185897435897436
5352	0.338461538461538
5353	0.338461538461538
5354	0.176282051282051
5355	0.0814102564102566
5356	0.0435897435897437
5357	0.100641025641026
5358	0.128846153846154
5359	0.128846153846154
5360	0.119230769230769
5361	-0.157051282051282
5362	-0.0525641025641024
5363	-0.119230769230769
5364	-0.21474358974359
5365	-0.253205128205128
5366	-0.205769230769231
5367	-0.158333333333333
5368	-0.110897435897436
5369	-0.0923076923076922
5370	-0.168589743589744
5371	-0.0544871794871797
5372	-0.0641025641025643
5373	-0.00705128205128225
5374	-0.0737179487179489
5375	-0.159615384615384
5376	-0.0448717948717952
5377	-0.0826923076923076
5378	-0.178205128205128
5379	-0.198076923076923
5380	-0.0365384615384616
5381	0.0871794871794873
5382	0.0198717948717952
5383	-0.161538461538461
5384	-0.2
5385	-0.219230769230769
5386	-0.248076923076923
5387	-0.286538461538461
5388	-0.267307692307692
5389	-0.267307692307692
5390	-0.142948717948718
5391	0.0378205128205122
5392	0.0089743589743585
5393	-0.143589743589744
5394	-0.22948717948718
5395	-0.124358974358975
5396	-0.11474358974359
5397	-0.124358974358975
5398	-0.0288461538461546
5399	-0.00961538461538503
5400	0.0288461538461537
5401	0.0384615384615385
5402	0.105128205128205
5403	-0.0185897435897433
5404	-0.0570512820512818
5405	-0.123717948717949
5406	-0.133333333333333
5407	-0.247435897435897
5408	-0.237820512820513
5409	-0.30448717948718
5410	-0.371794871794872
5411	-0.362820512820513
5412	-0.544230769230769
5413	-0.553846153846154
5414	-0.515384615384616
5415	-0.543589743589744
5416	-0.733974358974359
5417	-0.905128205128205
5418	-0.866666666666666
5419	-0.828205128205128
5420	-0.818589743589744
5421	-0.88525641025641
5422	-0.875641025641026
5423	-0.808974358974359
5424	-0.894871794871795
5425	-0.914102564102564
5426	-1.02884615384615
5427	-1.2
5428	-1.19038461538462
5429	-1.13269230769231
5430	-0.912820512820513
5431	-0.932051282051282
5432	-0.846794871794872
5433	-0.904487179487179
5434	-1.02820512820513
5435	-0.990384615384616
5436	-0.990384615384616
5437	-0.980769230769231
5438	-1.14294871794872
5439	-1.14294871794872
5440	-1.12307692307692
5441	-1.11346153846154
5442	-0.960897435897436
5443	-0.903846153846154
5444	-0.913461538461539
5445	-0.980128205128205
5446	-0.903205128205128
5447	-0.902564102564103
5448	-0.921794871794872
5449	-0.883974358974359
5450	-0.912820512820513
5451	-0.932051282051282
5452	-0.903205128205128
5453	-0.86474358974359
5454	-0.740384615384616
5455	-0.731410256410256
5456	-0.64551282051282
5457	-0.616666666666667
5458	-0.66474358974359
5459	-0.692948717948718
5460	-0.664102564102564
5461	-0.692948717948718
5462	-0.482692307692308
5463	-0.396794871794872
5464	-0.301923076923077
5465	-0.264102564102564
5466	-0.397435897435898
5467	-0.464102564102564
5468	-0.578205128205128
5469	-0.53974358974359
5470	-0.596794871794872
5471	-0.510897435897436
5472	-0.520512820512821
5473	-0.510897435897436
5474	-0.472435897435898
5475	-0.425
5476	-0.463461538461538
5477	-0.425
5478	-0.587179487179487
5479	-0.491666666666667
5480	-0.501282051282051
5481	-0.472435897435898
5482	-0.453205128205128
5483	-0.443589743589744
5484	-0.39551282051282
5485	-0.300641025641026
5486	-0.271794871794872
5487	-0.214102564102564
5488	-0.157051282051282
5489	-0.166666666666667
5490	-0.205128205128205
5491	-0.262179487179487
5492	-0.328846153846154
5493	-0.233333333333333
5494	-0.175641025641026
5495	-0.175641025641026
5496	-0.213461538461539
5497	-0.146153846153846
5498	-0.317948717948718
5499	-0.442307692307693
5500	-0.480128205128205
5501	-0.537179487179487
5502	-0.47051282051282
5503	-0.451282051282051
5504	-0.412820512820513
5505	-0.307692307692308
5506	-0.288461538461539
5507	-0.307692307692308
5508	-0.241025641025641
5509	-0.232051282051282
5510	-0.0794871794871794
5511	0.0442307692307693
5512	0.073076923076923
5513	0.0538461538461539
5514	0.0826923076923074
5515	-0.0314102564102565
5516	-0.0121794871794874
5517	-0.0410256410256411
5518	-0.0602564102564103
5519	0.0256410256410255
5520	0.111538461538461
5521	0.0358974358974358
5522	0.0166666666666668
5523	-0.0121794871794874
5524	-0.0121794871794874
5525	-0.0794871794871794
5526	-0.223076923076923
5527	-0.0512820512820513
5528	0.0532051282051282
5529	0.31025641025641
5530	0.376923076923077
5531	0.405128205128205
5532	0.385256410256411
5533	0.366025641025641
5534	0.308333333333334
5535	0.289102564102564
5536	0.508333333333334
5537	0.508333333333334
5538	0.412820512820513
5539	0.393589743589744
5540	0.316666666666666
5541	0.23076923076923
5542	0.430128205128205
5543	0.392307692307692
5544	0.296794871794872
5545	0.33525641025641
5546	0.192307692307692
5547	-0.0365384615384616
5548	-0.0749999999999997
5549	-0.113461538461538
5550	-0.151923076923077
5551	-0.219230769230769
5552	-0.267307692307692
5553	-0.238461538461539
5554	-0.219230769230769
5555	-0.228846153846154
5556	-0.267307692307692
5557	-0.239102564102564
5558	-0.172435897435897
5559	-0.172435897435897
5560	-0.287179487179487
5561	-0.239102564102564
5562	-0.200641025641025
5563	-0.381410256410257
5564	-0.419230769230769
5565	-0.771794871794872
5566	-0.838461538461539
5567	-0.905128205128205
5568	-0.914102564102564
5569	-0.933333333333333
5570	-0.866025641025641
5571	-0.808333333333333
5572	-0.941666666666666
5573	-0.923076923076923
5574	-0.627564102564103
5575	-0.551923076923077
5576	-0.532692307692308
5577	-0.446794871794872
5578	-0.655769230769231
5579	-0.694230769230769
5580	-0.655769230769231
5581	-0.722435897435898
5582	-0.712820512820513
5583	-0.655128205128205
5584	-0.559615384615385
5585	-0.45448717948718
5586	-0.397435897435898
5587	-0.33974358974359
5588	-0.262820512820513
5589	-0.253846153846154
5590	-0.273076923076923
5591	-0.206410256410256
5592	-0.234615384615385
5593	-0.282051282051282
5594	-0.377564102564103
5595	-0.43525641025641
5596	-0.254487179487179
5597	-0.244871794871795
5598	-0.187179487179487
5599	-0.0634615384615382
5600	0.0410256410256409
5601	0.0121794871794869
5602	-0.102564102564103
5603	-0.00705128205128225
5604	-0.0262820512820514
5605	-0.0551282051282054
5606	-0.0358974358974362
5607	0.13525641025641
5608	0.0115384615384615
5609	-0.0262820512820514
5610	-0.283333333333333
5611	-0.340384615384616
5612	-0.121153846153846
5613	-0.130769230769231
5614	-0.140384615384615
5615	-0.197435897435897
5616	-0.188461538461538
5617	-0.121794871794872
5618	0.00192307692307692
5619	-0.00769230769230744
5620	-0.06474358974359
5621	0.00192307692307692
5622	-0.0455128205128206
5623	-0.0358974358974362
5624	-0.0551282051282054
5625	-0.0833333333333337
5626	-0.141025641025641
5627	-0.226923076923077
5628	-0.208333333333333
5629	-0.169871794871795
5630	-0.141025641025641
5631	0.0121794871794869
5632	-0.139743589743589
5633	-0.121153846153846
5634	-0.217307692307692
5635	-0.217307692307692
5636	-0.255128205128205
5637	-0.207051282051282
5638	-0.121153846153846
5639	-0.0737179487179489
5640	0.00256410256410233
5641	0.089102564102564
5642	0.0314102564102561
5643	-0.00641025641025639
5644	0.0410256410256409
5645	0.107692307692308
5646	0.0884615384615384
5647	0.0410256410256409
5648	-0.0826923076923076
5649	-0.0826923076923076
5650	-0.0346153846153845
5651	-0.0923076923076922
5652	-0.0923076923076922
5653	-0.197435897435897
5654	-0.254487179487179
5655	-0.216025641025641
5656	-0.225641025641026
5657	-0.368589743589744
5658	-0.330128205128205
5659	-0.206410256410256
5660	-0.23525641025641
5661	-0.225641025641026
5662	-0.148717948717949
5663	-0.119871794871795
5664	-0.157692307692308
5665	-0.224358974358975
5666	-0.148076923076923
5667	-0.233974358974359
5668	-0.233974358974359
5669	-0.291025641025641
5670	-0.223717948717949
5671	-0.194871794871795
5672	-0.137820512820513
5673	-0.137820512820513
5674	-0.20448717948718
5675	-0.414102564102564
5676	-0.452564102564103
5677	-0.519871794871795
5678	-0.500641025641026
5679	-0.576923076923077
5680	-0.633974358974359
5681	-0.624358974358975
5682	-0.576282051282051
5683	-0.576282051282051
5684	-0.623717948717949
5685	-0.709615384615385
5686	-0.709615384615385
5687	-0.623076923076923
5688	-0.632051282051282
5689	-0.603205128205128
5690	-0.67948717948718
5691	-0.689102564102564
5692	-0.737179487179487
5693	-0.80448717948718
5694	-0.842948717948718
5695	-0.767307692307693
5696	-0.815384615384615
5697	-0.825
5698	-0.863461538461538
5699	-0.863461538461538
5700	-0.778205128205128
5701	-0.55
5702	-0.64551282051282
5703	-0.712820512820513
5704	-0.751282051282051
5705	-0.770512820512821
5706	-0.751282051282051
5707	-0.866025641025641
5708	-0.904487179487179
5709	-0.914102564102564
5710	-0.914102564102564
5711	-0.761538461538461
5712	-0.580128205128205
5713	-0.494230769230769
5714	-0.484615384615385
5715	-0.484615384615385
5716	-0.533333333333333
5717	-0.590384615384616
5718	-0.628846153846154
5719	-0.667307692307692
5720	-0.667948717948718
5721	-0.572435897435898
5722	-0.620512820512821
5723	-0.63974358974359
5724	-0.649358974358974
5725	-0.649358974358974
5726	-0.658974358974359
5727	-0.601923076923077
5728	-0.487179487179487
5729	-0.267948717948717
5730	-0.201282051282051
5731	-0.400641025641026
5732	-0.266666666666667
5733	-0.248076923076923
5734	-0.248076923076923
5735	-0.333974358974359
5736	-0.419230769230769
5737	-0.685897435897436
5738	-0.666666666666667
5739	-0.676282051282052
5740	-0.380769230769231
5741	-0.323717948717949
5742	-0.342948717948718
5743	-0.123717948717949
5744	-0.18974358974359
5745	-0.160897435897436
5746	-0.132051282051282
5747	-0.055769230769231
5748	-0.246794871794872
5749	-0.294230769230769
5750	-0.255769230769231
5751	-0.265384615384615
5752	-0.26474358974359
5753	-0.0173076923076922
5754	0.00192307692307692
5755	0.098076923076923
5756	0.0794871794871792
5757	0.0698717948717948
5758	0.165384615384615
5759	0.175
5760	0.194230769230769
5761	0.308974358974359
5762	0.318589743589744
5763	0.308974358974359
5764	0.261538461538462
5765	0.128846153846154
5766	0.109615384615385
5767	0.0230769230769232
5768	-0.0628205128205126
5769	-0.0243589743589745
5770	0.0326923076923076
5771	0.0423076923076922
5772	0.175641025641025
5773	0.214102564102564
5774	0.194871794871795
5775	0.300641025641025
5776	0.31025641025641
5777	0.358333333333333
5778	0.377564102564103
5779	0.196794871794872
5780	0.196794871794872
5781	0.234615384615385
5782	0.358333333333333
5783	0.205769230769231
5784	0.206410256410257
5785	0.282692307692308
5786	0.453846153846154
5787	0.444230769230769
5788	0.482692307692308
5789	0.244871794871795
5790	0.301923076923077
5791	0.33974358974359
5792	0.358974358974359
5793	0.292307692307692
5794	0.216025641025641
5795	0.282692307692308
5796	0.396794871794872
5797	0.367948717948718
5798	0.387179487179487
5799	0.330128205128205
5800	0.282051282051282
5801	0.291666666666667
5802	0.244230769230769
5803	0.301923076923077
5804	0.358974358974359
5805	0.244230769230769
5806	0.216025641025641
5807	0.234615384615385
5808	0.0916666666666668
5809	0.12948717948718
5810	0.158333333333333
5811	0.148717948717949
5812	-0.0794871794871794
5813	-0.0602564102564103
5814	-0.0410256410256411
5815	-0.0224358974358974
5816	-0.0224358974358974
5817	0.0160256410256407
5818	-0.089102564102564
5819	-0.165384615384615
5820	-0.165384615384615
5821	-0.127564102564103
5822	-0.260897435897436
5823	-0.28974358974359
5824	-0.156410256410257
5825	-0.146794871794872
5826	-0.203846153846154
5827	-0.203846153846154
5828	-0.213461538461539
5829	0.062820512820513
5830	0.11025641025641
5831	0.0814102564102566
5832	-0.0615384615384618
5833	-0.0134615384615386
5834	-0.0423076923076924
5835	0.0339743589743591
5836	0.0532051282051282
5837	0.0717948717948718
5838	0.0621794871794872
5839	0.042948717948718
5840	-0.00448717948717947
5841	0.0532051282051282
5842	0.0147435897435899
5843	-0.00384615384615383
5844	-0.0423076923076924
5845	-0.108974358974359
5846	-0.051923076923077
5847	0.0147435897435899
5848	-0.0237179487179486
5849	-0.0999999999999999
5850	-0.0999999999999999
5851	-0.175641025641026
5852	-0.166025641025641
5853	-0.223076923076923
5854	-0.212820512820513
5855	-0.174358974358974
5856	-0.155128205128205
5857	-0.240384615384615
5858	-0.258974358974359
5859	-0.172435897435897
5860	-0.276923076923077
5861	-0.286538461538462
5862	-0.267307692307692
5863	-0.305128205128205
5864	-0.276282051282051
5915	-0.573717948717949
5916	-0.564102564102564
5917	-0.55448717948718
5918	-0.478205128205128
5919	-0.497435897435898
5920	-0.516666666666666
5921	-0.516666666666666
5922	-0.545512820512821
5923	-0.516666666666666
5924	-0.459615384615384
5925	-0.392307692307692
5926	-0.45
5927	-0.392948717948718
5928	-0.383333333333333
5929	-0.401923076923077
5930	-0.392307692307692
5931	-0.373076923076923
5932	-0.267948717948718
5933	-0.334615384615385
5934	-0.296153846153846
5935	-0.353846153846154
5936	-0.334615384615385
5937	-0.391666666666667
5938	-0.391666666666667
5939	-0.391025641025641
5966	-0.766025641025641
5967	-0.728205128205128
5968	-0.833333333333333
5969	-0.833333333333333
5970	-0.757051282051282
5971	-0.718589743589744
5972	-0.757051282051282
5973	-0.79551282051282
5974	-0.767307692307693
5975	-0.796153846153846
5976	-0.844230769230769
5977	-0.816025641025641
5978	-0.844871794871795
5979	-0.76923076923077
5980	-0.778846153846154
5981	-0.664102564102564
5982	-0.730769230769231
5983	-0.45448717948718
5984	-0.387820512820513
5985	-0.397435897435898
5986	-0.311538461538462
5987	-0.292307692307692
5988	-0.321153846153846
5989	-0.311538461538462
5990	-0.225641025641026
5991	-0.216025641025641
5992	-0.177564102564102
5993	-0.139102564102564
5994	-0.0814102564102561
5995	-0.0429487179487178
5996	0.0147435897435899
5997	-0.0897435897435899
5998	0.0256410256410255
5999	0.0544871794871793
6000	0.130769230769231
6001	0.169230769230769
6002	0.150641025641026
6003	0.132051282051282
6004	0.256410256410256
6005	0.294871794871795
6006	0.208974358974359
6007	0.390384615384615
6008	0.448076923076923
6009	0.505769230769231
6010	0.410897435897436
6011	0.553846153846154
6012	0.630769230769231
6013	0.698076923076923
6014	0.736538461538462
6015	0.660897435897436
6016	0.974358974358974
6017	0.85
6018	1.44551282051282
6019	1.28974358974359
6020	1.40320512820513
6021	1.23461538461538
6022	1.18012820512821
6023	1.45897435897436
6024	1.50512820512821
6025	1.58076923076923
6026	1.59935897435897
6027	1.67564102564103
6028	1.64679487179487
6029	1.51282051282051
6030	1.51282051282051
6031	1.44615384615385
6032	1.44615384615385
6033	1.475
6034	1.49423076923077
6035	1.50384615384615
6036	1.44679487179487
6037	1.39935897435897
6038	1.39935897435897
6039	1.41858974358974
6040	1.37115384615385
6041	1.37115384615385
6042	1.4
6043	1.26666666666667
6044	1.26666666666667
6045	1.26666666666667
6046	1.29551282051282
6047	1.19102564102564
6048	1.19102564102564
6049	1.12435897435897
6050	1.13397435897436
6051	1.15320512820513
6052	0.858974358974359
6053	0.926282051282052
6054	0.369230769230769
6055	0.163461538461538
6056	0.0314102564102563
6057	0.305128205128206
6058	0.321794871794872
