3	1.24016763378466
4	1.47034171502257
5	1.85815602836879
6	2.2147001934236
7	2.88942617666022
8	3.64087685364281
9	4.75596389426177
10	7.83558994197292
11	9.71631205673759
12	10.6566731141199
13	11.9393939393939
14	12.2504835589942
15	12.7292069632495
16	13.1028368794326
17	13.4310122501612
18	13.5773694390716
19	14.0035460992908
20	14.2337201805287
21	14.2437137330754
22	14.5860735009671
23	15.610251450677
24	16.7849774339136
25	17.3617021276596
26	17.4242424242424
27	17.6302385557705
28	18.175693101225
29	18.6686009026435
30	19.1856866537718
31	19.4371373307544
32	19.6189555125725
33	19.9158607350097
34	20.2269503546099
35	20.317859445519
36	20.3320438426821
37	19.8533204384268
38	19.9371373307544
39	20.0038684719536
40	20.4867827208253
41	20.6686009026435
42	21.7595099935525
43	22.8916827852998
44	25.2624113475177
45	25.0422308188266
46	23.175693101225
47	22.2424242424242
48	21.431334622824
49	20.3091553836235
50	20.3333333333333
51	20.0151515151515
52	19.816247582205
53	19.777885235332
54	19.8588007736944
55	19.6173436492585
56	20.0548033526757
57	20.6669890393295
58	20.6528046421663
59	21.0235332043843
60	20.2366215344939
61	20.5548033526757
62	21.365892972276
63	22.1002578981302
64	21.9042553191489
65	22.2607994842037
66	23.2607994842037
67	24.9113475177305
68	27.4284332688588
69	29.7253384912959
70	31.6131528046422
71	33.1969696969697
72	34.3262411347518
73	35.6444229529336
74	31.0789813023856
75	41.5947775628627
76	44.4129593810445
77	45.7624113475177
78	47.9513217279175
79	48.4271437782076
80	46.3504190844616
81	44.7595099935525
82	45.1615087040619
83	45.9684074790458
84	46.509671179884
85	47.2894906511928
86	47.9087685364281
87	49.6956802063185
88	49.8774983881367
89	49.9058671824629
90	50.3220502901354
91	50.5009671179884
92	52.3433268858801
93	53.5393294648614
94	53.6302385557705
95	52.4867827208253
96	53.0393294648614
97	53.6544165054803
98	53.6615087040619
99	54.175693101225
100	56.5918762088975
101	57.1827852998066
102	56.2878787878788
103	55.4342359767892
104	52.7482269503546
105	51.3504190844616
106	50.8262411347518
107	49.598968407479
108	48.4626047711154
109	47.2424242424242
110	45.277885235332
111	42.0193423597679
112	38.8062540296583
113	37.0477111540941
114	34.1840747904578
115	33.5093488072212
116	34.8729851708575
117	35.5093488072212
118	35.7366215344939
119	35.3629916183108
120	35.352998065764
121	35.0873629916183
122	34.3600902643456
123	33.185364281109
124	33.0490006447453
125	32.7691811734365
126	32.1711798839458
127	32.0277240490006
128	29.9651837524178
129	28.8600902643456
130	28.9864603481625
131	29.4097356544165
132	29.1057382333978
133	28.2633784655061
134	27.4522888459059
135	26.6937459703417
136	24.0190199871051
137	22.7533849129594
138	21.928110896196
139	21.107027724049
140	21.1424887169568
141	20.5373952288846
142	19.9990328820116
143	19.4152159896841
144	19.3172147001934
145	19.3030303030303
146	19.4081237911025
147	19.3939393939394
148	19.4848484848485
149	19.8101225016119
150	20.6212121212121
151	19.362669245648
152	18.4535783365571
153	17.7717601547389
154	16.785944551902
155	15.503223726628
156	14.8143133462282
157	14.7546744036106
158	14.9223081882656
159	15.2263056092843
160	16.9081237911025
161	17.5515796260477
162	17.9535783365571
163	17.9606705351386
164	17.6737588652482
165	17.2050290135397
166	16.8272082527402
167	16.3272082527402
168	15.9593810444874
169	16.0815602836879
170	16.8471953578337
171	16.7037395228885
172	17.0915538362347
173	20.4864603481625
174	23.9580915538362
175	24.5873629916183
176	24.4964539007092
177	24.1186331399097
178	23.42972275951
179	23.4226305609284
180	23.2933591231464
181	24.4822695035461
182	24.6811734364926
183	24.135718891038
184	23.7366215344939
185	23.2366215344939
186	22.4255319148936
187	22.4184397163121
188	22.4184397163121
189	22.9638942617666
190	22.827530625403
191	23.0022566086396
192	23.5477111540941
193	24.4184397163121
194	25.5689877498388
195	25.2295293359123
196	27.8062540296583
197	29.7395228884591
198	29.5435203094778
199	29.7040618955513
200	30.5535138620245
201	32.7807865892972
202	36.5847840103159
203	40.4484203739523
204	47.7736943907157
205	48.5606060606061
206	47.6898774983881
207	47.6969696969697
208	47.9484203739523
209	45.4242424242424
210	42.8758865248227
211	43.6557059961315
212	44.3758865248227
213	46.2607994842037
214	48.865892972276
215	50.0860735009671
216	49.7607994842037
217	48.7707930367505
218	48.7182462927144
219	49.4838813668601
220	50.9000644745326
221	52.5293359123146
222	55.1131528046422
223	56.9455190199871
224	56.7566086395874
225	57.2637008381689
226	57.7182462927144
227	58.0151515151515
228	59.6656995486783
229	59.1656995486783
230	58.9909735654416
231	59.2011605415861
232	55.2082527401676
233	53.033526756931
234	53.327530625403
235	55.0689877498388
236	55.044809800129
237	53.3104448742747
238	50.5589941972921
239	48.8488072211477
240	43.0589941972921
241	43.5206318504191
242	44.9439071566731
243	46.5589941972921
244	46.6924564796905
245	46.4509993552547
246	46.0277240490006
247	44.8204384268214
248	44.5022566086396
249	45.0193423597679
250	44.0293359123146
251	43.1444229529336
252	43.5009671179884
253	43.5676982591876
254	43.0435203094778
255	42.8304319793682
256	41.7153449387492
257	40.495164410058
258	38.365892972276
259	37.7678916827853
260	37.365892972276
261	36.1244358478401
262	35.5647969052224
263	35.4355254674404
264	34.2849774339136
265	34.8304319793682
266	35.5051579626048
267	35.5293359123146
268	35.3787878787879
269	34.9938749194068
270	34.3049645390071
271	32.7453255963894
272	32.7169568020632
273	33.035138620245
274	32.7098646034816
275	30.714055448098
276	30.0705996131528
277	29.9342359767892
278	28.8887814313346
279	27.0776918117344
280	26.6160541586074
281	26.3575112830432
282	26.2424242424242
283	26.1173436492585
284	25.7678916827853
285	23.5831721470019
286	22.1711798839458
287	22.0277240490006
288	22.0560928433269
289	22.2975499677627
290	22.031914893617
291	21.4864603481625
292	22.7208252740168
293	22.276273372018
294	22.814635718891
295	21.8600902643456
296	21.9893617021277
297	22.5035460992908
298	22.4651837524178
299	22.5177304964539
300	21.6299161831077
301	20.4551901998711
302	18.8188265635074
303	18.0744680851064
304	18.3159252095422
305	18.1695680206318
306	18.3968407479046
307	18.3272082527402
308	17.8030303030303
309	17.0444874274662
310	16.3768536428111
311	16.5132172791747
312	16.2404900064475
313	15.3768536428111
314	15.9223081882656
315	16.4535783365571
316	17.862669245648
317	22.2575757575758
318	25.607027724049
319	26.5332043842682
320	26.85138620245
321	26.928110896196
322	26.9068343004513
323	26.5573823339781
324	26.4210186976144
325	27.2079303675048
326	27.5644745325596
327	28.004835589942
328	27.4139264990329
329	27.4039329464861
330	27.4352030947776
331	28.6170212765957
332	28.9210186976144
333	29.8372018052869
334	30.7321083172147
335	31.0573823339781
336	32.9451966473243
337	33.0744680851064
338	33.5219213410703
339	33.6057382333978
340	33.5077369439072
341	34.455190199871
342	35.0986460348162
343	36.7804642166344
344	37.9310122501612
345	37.9693745970342
346	38.325918762089
347	38.6753707285622
348	38.0390070921986
349	37.1924564796905
350	36.6924564796905
351	36.9480980012895
352	35.5460992907801
353	31.2591876208897
354	27.8500967117988
355	27.0602836879433
356	26.7037395228885
357	26.5915538362347
358	26.5219213410703
359	26.7946486137975
360	26.6057382333978
361	25.5915538362347
362	25.8188265635074
363	25.4764667956157
364	24.6582849774339
365	24.9693745970342
366	23.6270148291425
367	22.3926499032882
368	22.1795615731786
369	20.7562862669246
370	20.0602836879433
371	19.9026434558349
372	21.2662798194713
373	23.2066408768536
374	23.493552546744
375	23.864281108962
376	24.0915538362347
377	24.7208252740168
378	24.993552546744
379	24.185364281109
380	22.7762733720181
381	22.7066408768536
382	22.1995486782721
383	21.5177304964539
384	21.608639587363
385	21.6370083816892
386	21.1824629271438
387	20.3117343649259
388	20.0844616376531
389	19.9693745970342
390	19.7350096711799
391	19.4622823984526
392	19.493552546744
393	19.5915538362347
394	19.4268214055448
395	19.5844616376531
396	19.6682785299807
397	20.1299161831077
398	19.8188265635074
399	19.6299161831077
400	19.4793681495809
401	19.0844616376531
402	18.3955512572534
403	19.07027724049
404	19.993552546744
405	20.2350096711799
406	20.4906511927789
407	20.0644745325596
408	17.1312056737589
409	14.8343004513217
410	13.6908446163765
411	13.645390070922
412	13.5615731785945
413	12.2050290135397
414	10.8726627981947
415	10.2646679561573
416	10.2646679561573
417	10.2192134107028
418	10.1879432624113
419	10.0899419729207
420	9.86976144422953
421	9.74049000644745
422	9.51321727917473
423	9.40812379110251
424	9.17375886524823
425	8.9990328820116
426	8.97485493230174
427	9.20212765957447
428	9.6254029658285
429	9.65377176015474
430	9.54577691811734
431	9.16795615731786
432	9.49323017408124
433	9.12250161186331
434	8.97904577691812
435	8.93359123146357
436	9.06995486782721
437	9.20631850419085
438	8.94068343004513
439	8.31141199226306
440	7.90232108317215
441	7.67504835589942
442	7.16795615731786
443	7.11540941328175
444	6.61540941328175
445	6.41231463571889
446	6.3214055448098
447	5.81431334622824
448	5.39103803997421
449	5.1424887169568
450	4.9294003868472
451	4.43649258542876
452	4.35267569310122
453	4.20921985815603
454	4.20212765957447
455	4.15667311411992
456	4.27885235332044
457	4.33430045132173
458	4.36557059961315
459	4.47066408768536
460	4.43230174081238
461	4.42520954223082
462	4.4635718891038
463	4.1241134751773
464	3.64829142488717
465	3.54319793681496
466	3.54319793681496
467	3.57446808510638
468	3.33301096067053
469	3.20373952288846
470	3.28755641521599
471	3.33301096067053
472	4.06028368794326
473	4.18246292714378
474	4.27337201805287
475	4.22791747259832
476	4.19954867827208
477	4.22372662798195
478	4.21663442940039
479	4.11863313990974
480	4.02772404900065
481	4.00354609929078
482	3.9651837524178
483	3.9822695035461
484	3.98936170212766
485	4.09445519019987
486	4.23081882656351
487	4.36009026434558
488	4.43681495809155
489	4.45099935525467
490	4.45099935525467
491	4.47227595099935
492	4.29754996776273
493	4.27337201805287
494	4.27337201805287
495	4.19245647969052
496	4.19245647969052
497	4.13990973565442
498	4.04190844616377
499	4.06318504190845
500	3.88845905867182
501	3.81173436492585
502	3.79045776918117
503	3.63700838168923
504	3.32591876208897
505	3.18955512572534
506	2.84719535783366
507	2.64410058027079
508	1.67537072856222
509	1.31173436492585
510	1.12991618310767
511	0.993552546744036
512	0.825918762088975
513	0.713733075435203
514	0.752095422308188
515	0.85009671179884
516	0.881366860090264
517	1.01063829787234
518	1.04190844616377
519	1.01063829787234
520	1.08736299161831
521	0.958091553836235
522	0.807543520309478
523	0.702450032237266
524	0.716634429400387
525	0.709542230818827
526	0.709542230818827
527	0.726627981947131
528	0.733720180528691
529	0.649903288201161
530	0.576079948420374
531	0.56608639587363
532	0.56608639587363
533	0.56608639587363
534	0.520631850419084
535	0.649903288201161
536	0.762088974854932
537	0.838813668600903
538	0.943907156673114
539	0.915538362346873
540	0.764990328820116
541	0.803352675693101
542	0.880077369439072
543	0.862991618310767
544	0.870083816892327
545	0.877176015473888
546	0.831721470019342
547	0.817537072856222
548	1.01353965183752
549	1.04900064474533
550	1.20664087685364
551	1.1782720825274
552	1.13990973565442
553	1.13990973565442
554	1.23081882656351
555	1.73081882656351
556	1.71663442940039
557	1.89845261121857
558	2.02772404900064
559	2.02063185041908
560	1.88716956802063
561	1.83752417794971
562	1.82333978078659
563	1.80915538362347
564	1.80496453900709
565	1.75531914893617
566	1.78368794326241
567	1.74822695035461
568	1.81076724693746
569	1.85622179239201
570	1.88749194068343
571	1.78949065119278
572	1.63894261766602
573	1.58639587362992
574	1.46002578981302
575	1.52675693101225
576	1.52675693101225
577	1.3932946486138
578	1.31237911025145
579	1.34655061250806
580	1.4645390070922
581	1.44326241134752
582	1.4290780141844
583	1.3936170212766
584	1.22888459058672
585	1.11960025789813
586	1.34977433913604
587	1.47614442295293
588	1.80141843971631
589	1.65796260477112
590	1.83268858800774
591	1.5528691166989
592	1.40941328175371
593	1.25886524822695
594	1.12959381044487
595	1.16795615731786
596	1.19922630560928
597	1.24887169568021
598	1.38523533204384
599	1.7317859445519
600	1.85815602836879
601	2.27852998065764
602	2.41489361702128
603	2.51289490651193
604	2.58252740167634
605	2.88652482269504
606	3.00580270793037
607	2.99161831076725
608	3.12798194713088
609	3.43197936814958
610	3.95615731785945
611	3.93488072211476
612	4.16924564796905
613	4.41779497098646
614	4.48452611218569
615	4.37943262411348
616	4.48871695680206
617	4.43617021276596
618	4.44326241134752
619	4.5170857511283
620	4.60799484203739
621	4.63636363636364
622	4.30818826563507
623	4.13217279174726
624	3.79980657640232
625	3.75725338491296
626	3.42488716956802
627	3.20470664087685
628	3.22598323662153
629	3.2856221792392
630	3.31689232753063
631	3.20470664087685
632	3.24725983236622
633	3.24016763378466
634	3.11089619600258
635	2.74016763378465
636	2.59671179883946
637	2.21889103803997
638	2.142166344294
639	2.07253384912959
640	1.91908446163765
641	1.61508704061896
642	1.47872340425532
643	1.45454545454545
644	1.31818181818182
645	0.990006447453256
646	0.480012894906512
647	0.553836234687299
648	0.319471308833011
649	0.23565441650548
650	0.190199871050935
651	0.445841392649903
652	0.424564796905223
653	0.491295938104449
654	0.788201160541586
655	0.809477756286267
656	0.795293359123146
657	0.854932301740813
658	0.872018052869117
659	0.900386847195358
660	1.05093488072211
661	1.24403610573823
662	1.39458413926499
663	1.56221792392005
664	1.71985815602837
665	1.6602192134107
666	1.79658284977434
667	1.81076724693746
668	1.90167633784655
669	1.94003868471954
670	1.91876208897485
671	2.02385557704707
672	2.00967117988395
673	2.02385557704707
674	2.06931012250161
675	2.19858156028369
676	2.27530625402966
677	2.22275950999355
678	2.29948420373952
679	2.33075435203095
680	2.43874919406834
681	2.4103803997421
682	2.51547388781431
683	2.42456479690522
684	2.43874919406834
685	2.33075435203095
686	2.31366860090264
687	2.21985815602837
688	2.06640876853643
689	2.05931656995487
690	1.76950354609929
691	1.6956802063185
692	1.56640876853643
693	1.64023210831721
694	1.60896196002579
695	1.59187620889749
696	1.53932946486138
697	1.39587362991618
698	1.24242424242424
699	1.41424887169568
700	1.41424887169568
701	1.61025145067698
702	1.59316569954868
703	1.71244358478401
704	1.62862669245648
705	1.67408123791103
706	1.74790457769181
707	1.65699548678272
708	1.67117988394584
709	1.69535783365571
710	1.61863313990974
711	1.50354609929078
712	1.45519019987105
713	1.47646679561573
714	1.3926499032882
715	1.36137975499678
716	1.26047711154094
717	1.41811734364926
718	1.36557059961315
719	1.49484203739523
720	1.6241134751773
721	1.99484203739523
722	2.31302385557705
723	2.40393294648614
724	2.46647324306899
725	2.55029013539652
726	2.64829142488717
727	2.90393294648614
728	2.99484203739523
729	3.02611218568665
730	2.98065764023211
731	3.05029013539652
732	2.99355254674404
733	3.02482269503546
734	3.10154738878143
735	2.8217279174726
736	2.6782720825274
737	2.4822695035461
738	2.31463571889104
739	2.29335912314636
740	2.29335912314636
741	2.19535783365571
742	2.14990328820116
743	2.18117343649259
744	2.4993552546744
745	3.01353965183752
746	3.46808510638298
747	4.05899419729207
748	4.18826563507415
749	4.16698903932947
750	4.20535138620245
751	4.250805931657
752	4.23662153449388
753	4.1073500967118
754	4.04061895551257
755	3.91424887169568
756	3.83333333333333
757	3.48678272082527
758	3.14732430689878
759	3.18568665377176
760	3.20696324951644
761	3.15441650548034
762	3.15441650548034
763	2.97969052224371
764	2.84332688588008
765	2.61895551257253
766	2.61895551257253
767	2.54932301740812
768	2.74242424242424
769	2.78078658929723
770	2.70696324951644
771	2.6785944551902
772	2.70277240490006
773	2.76531270148291
774	2.72985170857511
775	2.76112185686654
776	2.72275950999355
777	2.73694390715667
778	2.8207607994842
779	2.86621534493875
780	2.69858156028369
781	2.07930367504836
782	1.61766602192134
783	1.05802707930368
784	0.960025789813024
785	1.0892972275951
786	1.11057382333978
787	1.06511927788524
788	1.09348807221148
789	1.18439716312057
790	1.25822050290135
791	1.26531270148291
792	1.13604126370084
793	1.07640232108317
794	1.05512572533849
795	0.859123146357189
796	0.725660863958737
797	0.606382978723404
798	0.508381689232753
799	0.623468729851709
800	0.654738878143134
801	0.704384268214056
802	0.73565441650548
803	0.749838813668601
804	0.477111540941328
805	0.379110251450677
806	0.393294648613798
807	0.364925854287556
808	0.340747904577692
809	0.232753062540296
810	0.254029658284977
811	0.261121856866538
812	0.232753062540296
813	0.197292069632495
814	0.137653127014829
815	0.0254674403610573
816	-0.13926499032882
817	-0.1250805931657
818	-0.13926499032882
819	-0.13926499032882
820	-0.177627337201805
821	-0.254352030947776
822	-0.313990973565442
823	-0.321083172147002
824	-0.251450676982592
825	-0.255641521598968
826	-0.252740167633785
827	-0.200193423597679
828	-0.178916827852998
829	-0.171824629271438
830	-0.122179239200516
831	-0.0767246937459704
832	-0.0312701482914249
833	0.133462282398452
834	0.262733720180529
835	0.157640232108317
836	0.203094777562863
837	0.258542875564152
838	0.265635074145713
839	0.335267569310122
840	0.321083172147002
841	0.313990973565442
842	0.275628626692457
843	0.325274016763379
844	0.401998710509349
845	0.42327530625403
846	0.370728562217924
847	0.363636363636364
848	0.42327530625403
849	0.451644100580271
850	0.406189555125725
851	0.504190844616377
852	0.647646679561573
853	0.693101225016119
854	0.731463571889104
855	0.762733720180529
856	0.839458413926499
857	0.786911669890393
858	0.779819471308833
859	0.825274016763378
860	0.727272727272728
861	0.629271437782076
862	0.566731141199226
863	0.490006447453256
864	0.490006447453256
865	0.518375241779497
866	0.528368794326241
867	0.490006447453256
868	0.451644100580271
869	0.382011605415861
870	0.224371373307544
871	0.186009026434559
872	0.0950999355254675
873	0.0538362346872985
874	0.0296582849774339
875	-0.0754352030947776
876	-0.0541586073500967
877	-0.0328820116054157
878	-0.0328820116054157
879	-0.0328820116054157
880	-0.116698903932946
881	-0.116698903932946
882	-0.0883301096067054
883	-0.11250805931657
884	-0.143778207607995
885	-0.157962604771115
886	-0.150870406189555
887	-0.210509348807221
888	-0.361057382333978
958	-0.736943907156673
959	-0.729851708575113
960	-0.715667311411992
961	-0.701482914248872
1006	-0.379432624113475
1007	-0.361057382333978
1008	-0.339780786589297
1009	-0.238878143133462
1010	-0.0741457124435848
1011	-0.00741457124435829
1012	-0.102514506769826
1013	0.0125725338491298
1014	0.0367504835589941
1015	-0.0654416505480334
1016	-0.0938104448742746
1017	-0.129271437782076
1018	-0.122179239200516
1019	-0.136363636363636
1020	-0.129271437782076
1021	-0.0696324951644102
1022	-0.0909090909090909
1023	-0.0696324951644102
1024	-0.0625402965828498
1025	-0.00999355254674417
1026	0.0354609929078014
1027	0.0141843971631206
1028	-0.0341715022566087
1029	0.0254674403610573
1030	0.0709219858156028
1031	0.0354609929078014
1032	0.00709219858156018
1033	0.112185686653772
1034	0.109284332688588
1035	0.140554480980013
1036	0.28401031592521
1037	0.34655061250806
1038	0.332366215344939
1039	0.485815602836879
1040	0.509993552546744
1041	0.505802707930368
1042	0.369439071566731
1043	0.414893617021277
1044	0.386524822695036
1045	0.383623468729852
1046	0.303997421018698
1047	0.258542875564152
1048	0.343649258542876
1049	0.281108961960026
1050	0.288201160541586
1051	0.383301096067054
1052	0.509671179883946
1053	0.674403610573823
1054	0.684397163120567
1055	0.775306254029658
1056	0.799484203739523
1057	0.754029658284977
1058	0.761121856866538
1059	0.761121856866538
1060	0.754029658284977
1061	0.641843971631206
1062	0.568020631850419
1063	0.603481624758221
1064	0.603481624758221
1065	0.543842682140554
1066	0.441650548033527
1067	0.462927143778208
1068	0.498388136686009
1069	0.407479045776918
1070	0.400386847195358
1071	0.376208897485493
1072	0.239845261121857
1073	0.163120567375886
1074	0.177304964539007
1075	0.138942617666022
1076	0.110573823339781
1077	0.0480335267569311
1078	0.117666021921341
1079	0.0722114764667955
1080	0.0863958736299161
1081	-0.0186976144422953
1082	-0.0257898130238555
1083	-0.0257898130238555
1084	-0.0470664087685363
1085	-0.0925209542230817
1086	-0.109606705351386
1087	-0.162153449387492
1088	-0.274339136041264
1089	-0.41779497098646
1131	0.107027724049001
1132	0.183752417794971
1133	0.16956802063185
1134	0.305931656995487
1135	0.439393939393939
1136	0.597034171502257
1137	0.561573178594455
1138	0.705029013539652
1139	0.757575757575757
1140	0.757575757575757
1141	0.803030303030303
1142	0.803030303030303
1143	0.827208252740168
1144	0.865570599613153
1145	0.918117343649259
1146	0.903932946486138
1147	0.928110896196003
1148	0.921018697614443
1149	0.921018697614443
1150	0.952288845905867
1151	0.945196647324307
1152	0.990651192778852
1153	0.990651192778852
1154	0.878465506125081
1155	0.766279819471309
1156	0.797549967762734
1157	0.874274661508704
1158	0.817537072856222
1159	0.77498388136686
1160	0.76079948420374
1161	0.784977433913604
1162	0.763700838168923
1163	0.742424242424242
1164	0.661508704061895
1165	0.822050290135397
1166	0.874597034171502
1167	0.776595744680851
1168	0.716956802063185
1169	0.776595744680851
1170	0.618955512572534
1171	0.538039974210187
1172	0.373307543520309
1173	0.38039974210187
1174	0.275306254029658
1175	0.229851708575113
1176	0.254029658284977
1177	0.246937459703417
1178	0.383301096067054
1179	0.397485493230174
1180	0.421663442940039
1181	0.452933591231464
1182	0.51966473243069
1183	0.467117988394584
1184	0.431656995486783
1185	0.410380399742102
1186	0.301096067053514
1187	0.43745970341715
1188	0.35364281108962
1189	0.36073500967118
1190	0.332366215344939
1191	0.332366215344939
1192	0.36073500967118
1193	0.269825918762089
1194	0.241457124435848
1195	0.255641521598968
1196	0.205996131528047
1197	0.160541586073501
1198	0.136363636363636
1199	0.143455834945197
1200	0.164732430689878
1201	-0.00999355254674417
1202	-0.115087040618955
1203	-0.0938104448742746
1204	-0.117988394584139
1205	-0.163442940038685
1206	-0.142166344294004
1207	-0.152159896840748
1208	-0.130883301096067
1209	-0.116698903932946
1210	-0.176337846550613
1211	-0.183430045132173
1212	-0.183430045132173
1213	-0.204706640876854
1214	-0.34107027724049
1215	-0.355254674403611
1216	-0.41779497098646
1376	-0.843326885880078
1377	-0.780786589297228
1378	-0.728239845261122
1379	-0.696969696969697
1380	-0.704061895551257
1381	-0.61605415860735
1382	-0.587685364281109
1383	-0.363313990973565
1384	-0.244036105738234
1385	-0.272404900064474
1386	-0.236943907156673
1387	0.11250805931657
1388	0.217601547388781
1389	0.224693745970342
1390	0.315602836879433
1391	0.665054803352675
1392	0.98742746615087
1393	1.06834300451322
1394	1.11379754996776
1395	1.0896196002579
1396	1.25435203094778
1397	1.24016763378466
1398	1.24725983236622
1399	1.2856221792392
1400	1.30689877498388
1401	1.43036750483559
1402	1.43745970341715
1403	1.4829142488717
1404	1.44036105738233
1405	1.39071566731141
1406	1.43197936814958
1407	1.56415215989684
1408	1.49323017408124
1409	1.41940683430045
1410	1.32430689877498
1411	1.45357833655706
1412	1.44777562862669
1413	1.3568665377176
1414	1.29013539651838
1415	1.26176660219213
1416	1.25467440361057
1417	1.21921341070277
1418	1.22211476466796
1419	1.04319793681496
1420	1.00483558994197
1421	1.04029658284977
1422	0.959381044487428
1423	0.588652482269504
1424	0.571566731141199
1425	0.614119922630561
1426	0.484848484848485
1427	0.149580915538362
1428	-0.196969696969697
1429	-0.144422952933591
1430	-0.11605415860735
1431	-0.113152804642166
1432	-0.306254029658285
1433	-0.341715022566087
1434	-0.310444874274661
1435	-0.341715022566087
1436	-0.387169568020632
1437	-0.425531914893617
1438	-0.425531914893617
1439	-0.456802063185042
1440	-0.442617666021921
1441	-0.260799484203739
1442	-0.323339780786589
1443	-0.427143778207608
1444	-0.384590586718246
1445	-0.205673758865248
1446	-0.0822050290135397
1447	-0.204384268214055
1448	-0.15892972275951
1449	-0.123468729851709
1450	-0.130560928433269
1451	-0.109284332688588
1452	-0.102192134107028
1453	-0.168923275306254
1454	-0.249838813668601
1455	-0.274016763378465
1456	-0.30528691166989
1457	-0.302385557704707
1458	-0.246937459703417
1459	-0.254029658284978
1460	-0.334945196647324
1461	-0.342037395228884
1462	-0.282398452611219
1463	-0.229851708575113
1464	-0.205673758865248
1465	-0.33204384268214
1466	-0.479690522243714
1467	-0.500967117988395
1468	-0.451321727917473
1469	-0.38749194068343
1470	-0.404577691811734
1471	-0.201482914248872
1472	-0.163120567375887
1473	-0.0551257253384914
1474	0.0983236621534496
1475	0.10541586073501
1476	0.143778207607995
1477	0.155061250805932
1478	0.207607994842037
1479	0.200515796260477
1480	0.214700193423597
1481	0.0954223081882655
1482	0.0215989684074793
1483	0.0386847195357833
1484	-0.0493230174081236
1485	-0.106060606060606
1486	-0.106060606060606
1487	-0.144422952933591
1488	-0.106060606060606
1489	-0.0918762088974856
1490	-0.0422308188265637
1491	-0.0280464216634428
1492	-0.0705996131528048
1493	-0.0351386202450032
1494	-0.0622179239200515
1495	-0.0551257253384914
1496	-0.0834945196647323
1497	-0.0664087685364281
1498	-0.147324306898775
1499	-0.263700838168923
1500	-0.242424242424243
1501	-0.168600902643456
1502	-0.0805931656995487
1503	0.0145067698259189
1504	0.0215989684074793
1505	0.0812379110251449
1506	0.0670535138620247
1507	-0.157317859445519
1508	-0.209864603481625
1509	-0.360412637008382
1510	-0.513862024500322
1511	-0.415860735009671
1512	-0.432946486137975
1513	-0.590586718246293
1514	-0.628949065119278
1515	-0.628949065119278
1516	-0.573500967117988
1517	-0.559316569954868
1518	-0.566408768536428
1519	-0.530947775628627
1520	-0.460025789813024
1521	-0.410380399742102
1522	-0.389103803997421
1523	-0.379110251450677
1524	-0.424564796905222
1525	-0.389103803997421
1526	-0.374919406834301
1527	-0.301096067053514
1528	-0.244358478401032
1529	-0.296905222437137
1530	-0.296905222437137
1531	-0.289813023855577
1532	-0.187620889748549
1533	-0.233075435203095
1534	-0.187620889748549
1535	-0.0996131528046421
1536	-0.159252095422308
1537	-0.247259832366215
1538	-0.363636363636364
1539	-0.43036750483559
1540	-0.487105093488072
1541	-0.553836234687298
1542	-0.560928433268859
1543	-0.487105093488072
1544	-0.434558349451967
1545	-0.413281753707286
1546	-0.399097356544165
1547	-0.475822050290135
1548	-0.482914248871696
1549	-0.454545454545455
1550	-0.468729851708575
1551	-0.475822050290135
1552	-0.524177949709865
1555	-0.495809155383623
1556	-0.502901353965184
1557	-0.502901353965184
1558	-0.502901353965184
1561	-0.431979368149581
1562	-0.439071566731141
1565	-0.446163765312701
1566	-0.439071566731141
1567	-0.379432624113475
1568	-0.431979368149581
1569	-0.396518375241779
1572	-0.346872985170858
1573	-0.265957446808511
1574	-0.227595099935526
1575	-0.25177304964539
1576	-0.24468085106383
1577	-0.23758865248227
1578	-0.216312056737589
1579	-0.247582205029014
1582	-0.226305609284333
1583	-0.173758865248227
1584	-0.152482269503546
1585	-0.135396518375242
1586	0.00805931656995484
1587	0.0535138620245004
1588	0.137330754352031
1589	0.147324306898775
1590	0.214055448098001
1591	0.12314635718891
1592	0.130238555770471
1593	0.235332043842682
1594	0.273694390715667
1595	0.297872340425532
1596	0.26241134751773
1597	0.195680206318504
1598	0.160219213410703
1599	0.120567375886525
1600	0.116376531270148
1601	0.0454545454545454
1602	0.0312701482914248
1603	-0.00709219858156018
1604	-0.0425531914893618
1605	-0.0112830431979369
1606	0.0241779497098646
1607	0.0696324951644101
1608	-0.0254674403610575
1609	-0.106382978723404
1610	-0.137653127014829
1611	-0.15892972275951
1612	-0.130560928433269
1613	-0.137653127014829
1614	-0.15892972275951
1615	-0.215667311411992
1616	-0.208575112830432
1617	-0.222759509993553
1618	-0.289490651192779
1619	-0.377498388136686
1620	-0.391682785299806
1621	-0.430045132172792
1622	-0.594777562862669
1623	-0.647324306898775
1624	-0.794970986460348
1625	-0.804964539007092
1626	-0.836234687298517
1627	-0.843326885880078
1628	-0.850419084461638
1660	-0.440361057382334
1661	-0.394906511927788
1662	-0.356544165054803
1663	-0.370728562217924
1664	-0.363636363636364
1665	-0.370728562217924
1666	-0.332366215344939
1667	-0.332366215344939
1668	-0.325274016763378
1669	-0.289813023855577
1670	-0.261444229529336
1671	-0.247259832366215
1672	-0.137975499677627
1673	-0.159252095422308
1674	-0.0541586073500967
1675	-0.0541586073500967
1676	-0.0541586073500967
1677	-0.0470664087685363
1678	-0.00161186331399077
1679	0.0267569310122502
1680	0.0267569310122502
1681	0.0722114764667955
1682	0.107672469374597
1683	0.150225660863959
1684	0.252417794970986
1685	0.273694390715667
1686	0.297872340425532
1687	0.319148936170213
1688	0.500967117988395
1689	0.627337201805287
1690	0.634429400386847
1691	0.770793036750483
1692	0.792069632495164
1693	0.76079948420374
1694	0.76079948420374
1695	0.753707285622179
1696	0.540618955512573
1697	0.547711154094133
1698	0.470986460348162
1699	0.523533204384268
1700	0.502256608639587
1701	0.480980012894906
1702	0.442617666021921
1703	0.463894261766602
1704	0.516441005802708
1705	0.617343649258543
1706	0.557704706640877
1707	0.578981302385558
1708	0.578981302385558
1709	0.586073500967118
1710	0.502256608639587
1711	0.502256608639587
1712	0.530625402965828
1713	0.568987749838814
1714	0.583172147001934
1715	0.56608639587363
1716	0.57317859445519
1717	0.541908446163765
1718	0.541908446163765
1719	0.549000644745326
1720	0.527724049000645
1721	0.436814958091554
1722	0.472275950999355
1723	0.429722759509994
1724	0.269181173436493
1725	0.223726627981947
1726	0.216634429400387
1727	0.094455190199871
1728	0.0135396518375241
1729	0.0277240490006446
1730	0.0277240490006446
1731	0.0448098001289491
1732	0.0902643455834945
1733	0.0973565441650548
1734	0.0760799484203739
1735	0.0235332043842682
1736	0.0377176015473889
1737	0.0902643455834945
1738	0.1428110896196
1739	0.110251450676983
1740	0.0506125080593165
1741	-0.0573823339780786
1742	0.0235332043842682
1743	0.026434558349452
1744	0.0477111540941327
1745	0.107350096711799
1746	0.107350096711799
1747	0.100257898130238
1748	0.107350096711799
1749	0.114442295293359
1750	0.0618955512572533
1751	0.0618955512572533
1752	0.0689877498388136
1753	0.0689877498388136
1754	0.0618955512572533
1755	0.0335267569310124
1756	-0.00483558994197297
1757	-0.033204384268214
1758	-0.0999355254674404
1759	-0.064474532559639
1760	0.0335267569310124
1761	-0.011927788523533
1762	0.00225660863958732
1763	0.00225660863958732
1764	0.0235332043842682
1765	0.00934880722114761
1766	0.054803352675693
1767	0.0618955512572533
1768	0.0164410058027079
1769	0.00934880722114761
1770	0.0235332043842682
1771	0.0377176015473889
1772	0.0448098001289491
1773	0.0377176015473889
1774	-0.000644745325596441
1775	0.0177304964539007
1776	0.0390070921985816
1777	0.00354609929078009
1778	-0.084461637653127
1779	0.0135396518375241
1780	0.0831721470019343
1781	0.0193423597678917
1782	0.0818826563507414
1783	0.172791747259832
1784	0.40006447453256
1785	0.48388136686009
1786	0.536428110896196
1787	0.536428110896196
1788	0.529335912314636
1789	0.574790457769181
1790	0.672791747259832
1791	0.753707285622179
1792	0.851708575112831
1793	0.880077369439072
1794	0.939716312056738
1795	0.911347517730496
1796	0.763700838168923
1797	0.749516441005803
1798	0.682785299806576
1799	0.682785299806576
1800	0.661508704061895
1801	0.661508704061895
1802	0.60896196002579
1803	0.542230818826563
1804	0.538039974210187
1805	0.579303675048356
1806	0.631850419084462
1807	0.627659574468085
1808	0.599290780141844
1809	0.568020631850419
1810	0.560928433268859
1811	0.546744036105738
1812	0.532559638942618
1813	0.549645390070922
1814	0.578014184397163
1815	0.494197292069632
1816	0.472920696324952
1817	0.623468729851709
1818	0.616376531270148
1819	0.570921985815603
1820	0.343649258542876
1821	0.193101225016119
1822	0.143455834945197
1823	0.115087040618956
1824	0.100902643455835
1825	0.0483558994197291
1826	-0.00419084461637653
1827	-0.0496453900709219
1828	-0.154738878143133
1829	-0.154738878143133
1830	-0.193101225016119
1831	-0.178916827852998
1832	-0.157640232108317
1833	-0.200193423597679
1834	-0.186009026434558
1835	-0.200193423597679
1836	-0.164732430689877
1837	-0.186009026434558
1838	-0.22856221792392
1839	-0.186009026434558
1840	-0.203094777562863
1841	-0.315280464216634
1842	-0.374919406834301
1843	-0.370728562217924
1844	-0.342359767891683
1845	-0.342359767891683
1846	-0.384912959381044
1847	-0.399097356544165
1848	-0.392005157962605
1849	-0.394906511927788
1850	-0.349451966473243
1851	-0.409090909090909
1852	-0.531270148291425
1990	-0.361057382333978
1991	-0.270148291424887
1992	-0.298517085751128
1993	-0.231785944551902
1994	-0.186331399097357
1995	-0.165054803352676
1996	-0.0870406189555125
1997	-0.0799484203739523
1998	-0.0515796260477112
1999	-0.0232108317214701
2000	0.00515796260477108
2001	0.0406189555125724
2002	0.0618955512572533
2003	0.0973565441650548
2004	0.06608639587363
2005	0.132817537072856
2006	0.185364281108962
2007	0.235009671179884
2008	0.291747259832366
2009	0.295938104448743
2010	0.331399097356544
2011	0.352675693101225
2012	0.366860090264346
2013	0.352675693101225
2014	0.310122501611863
2015	0.324306898774984
2016	0.355577047066409
2017	0.310122501611863
2018	0.264667956157318
2019	0.264667956157318
2020	0.303030303030303
2021	0.264667956157318
2022	0.271760154738878
2023	0.180851063829787
2024	0.180851063829787
2025	0.352675693101225
2026	0.405222437137331
2027	0.352675693101225
2028	0.373952288845906
2029	0.335589941972921
2030	0.304319793681496
2031	0.311411992263056
2032	0.32849774339136
2033	0.293036750483559
2034	0.295938104448743
2035	0.2321083172147
2036	0.266279819471309
2037	0.209542230818827
2038	0.202450032237266
2039	0.202450032237266
2040	0.188265635074146
2041	0.0831721470019343
2042	0.00225660863958732
2043	0.0164410058027079
2044	0.00225660863958732
2045	0.0193423597678917
2046	-0.0232108317214701
2047	-0.0303030303030304
2048	-0.0586718246292715
2049	-0.0586718246292715
2050	0.0393294648613798
2051	0.0251450676982592
2052	0.0251450676982592
2053	0.0351386202450032
2054	0.0338491295938106
2055	0.0296582849774339
2056	-0.0370728562217922
2057	-0.0554480980012896
2058	-0.0980012894906511
2059	-0.126370083816893
2060	-0.154738878143133
2061	-0.316569954867827
2062	-0.411669890393295
2063	-0.464216634429401
2064	-0.506769825918762
2065	-0.468407479045777
2066	-0.489684074790458
2067	-0.465506125080593
2068	-0.53932946486138
2069	-0.445519019987105
2070	-0.49097356544165
2071	-0.455512572533849
2072	-0.581882656350741
2073	-0.560606060606061
2074	-0.574790457769181
2075	-0.543520309477756
2076	-0.49097356544165
2077	-0.445519019987105
2078	-0.431334622823985
2079	-0.473887814313346
2080	-0.505157962604771
2081	-0.522243713733075
2082	-0.431334622823985
2083	-0.445519019987105
2084	-0.438426821405545
2085	-0.502256608639587
2086	-0.604448742746615
2087	-0.591553836234687
2088	-0.753384912959381
2089	-0.753384912959381
2090	-0.80174081237911
2091	-0.854287556415216
2092	-0.868471953578337
2093	-0.885557704706641
2094	-0.892649903288201
2095	-0.825918762088975
2096	-0.811734364925854
2097	-0.776273372018053
2098	-0.762088974854932
2099	-0.702450032237266
2100	-0.674081237911025
2101	-0.71244358478401
2102	-0.726627981947131
2103	-0.814635718891038
2104	-0.793359123146357
2105	-0.901353965183752
2106	-0.872985170857511
2107	-0.890070921985816
2108	-0.804964539007092
2109	-0.812056737588652
2110	-0.833333333333333
2111	-0.882978723404255
2112	-0.942617666021921
2115	-1.0177304964539
2116	-1.00773694390716
2117	-1.01482914248872
2118	-1.08446163765313
2119	-1.0531914893617
2120	-1.04609929078014
2121	-0.982269503546099
2122	-0.897163120567376
2128	-0.651837524177949
2129	-0.687298517085751
2130	-0.708575112830432
2142	-0.729851708575113
2143	-0.772404900064474
2144	-0.74822695035461
2145	-0.719858156028369
2146	-0.695680206318504
2147	-0.638942617666022
2148	-0.610573823339781
2149	-0.58220502901354
2150	-0.248549323017408
2151	-0.227272727272727
2152	-0.265635074145713
2153	-0.213088330109607
2154	-0.191811734364926
2155	-0.177627337201805
2156	-0.184719535783366
2157	-0.191811734364926
2158	-0.205996131528046
2159	-0.213088330109607
2160	-0.241457124435848
2161	-0.269825918762089
2162	-0.269825918762089
2163	-0.315280464216634
2164	-0.374919406834301
2165	-0.36782720825274
2166	-0.36073500967118
2167	-0.374919406834301
2168	-0.325274016763378
2169	-0.332366215344939
2170	-0.332366215344939
2171	-0.332366215344939
2172	-0.325274016763378
2173	-0.339458413926499
2174	-0.346550612508059
2175	-0.416183107672469
2176	-0.468729851708575
2177	-0.546744036105738
2178	-0.563829787234043
2179	-0.556737588652482
2180	-0.616376531270148
2181	-0.623468729851709
2203	-0.772404900064474
2204	-0.691489361702128
2205	-0.656028368794326
2206	-0.663120567375887
2207	-0.670212765957447
2208	-0.698581560283688
2209	-0.74822695035461
2210	-0.769503546099291
2211	-0.804964539007092
2212	-0.654416505480335
2213	-0.559316569954868
2214	-0.545132172791747
2215	-0.559316569954868
2216	-0.538039974210187
2217	-0.523855577047066
2218	-0.495486782720825
2219	-0.424564796905222
2220	-0.462927143778208
2221	-0.448742746615087
2222	-0.434558349451967
2223	-0.511283043197937
2224	-0.511283043197937
2225	-0.468729851708575
2226	-0.49290780141844
2228	-0.545454545454545
2229	-0.573823339780787
2354	-0.613475177304964
2355	-0.539651837524178
2356	-0.525467440361058
2357	-0.539651837524178
2358	-0.575112830431979
2359	-0.5892972275951
2360	-0.5892972275951
2361	-0.572211476466796
2362	-0.607672469374597
2363	-0.492585428755641
2364	-0.545132172791747
2365	-0.506769825918762
2366	-0.570599613152805
2367	-0.581882656350741
2368	-0.610251450676982
2369	-0.624435847840103
2370	-0.617343649258543
2371	-0.62862669245648
2372	-0.62862669245648
2373	-0.554803352675693
2374	-0.656995486782721
2375	-0.590264345583494
2376	-0.583172147001934
2377	-0.533526756931012
2378	-0.512250161186331
2379	-0.462604771115409
2380	-0.367504835589942
2381	-0.25531914893617
2382	-0.286589297227595
2383	-0.334945196647324
2384	-0.278207607994842
2385	-0.302385557704707
2386	-0.30528691166989
2387	-0.276918117343649
2388	-0.210186976144423
2389	-0.248549323017408
2390	-0.325274016763378
2391	-0.377820760799484
2392	-0.363636363636364
2393	-0.356544165054803
2394	-0.335267569310122
2395	-0.356544165054803
2396	-0.349451966473243
2397	-0.363636363636364
2398	-0.377820760799484
2399	-0.521276595744681
2400	-0.497098646034816
2401	-0.490006447453256
2402	-0.303997421018698
2403	-0.233075435203095
2404	-0.211798839458414
2405	-0.187620889748549
2406	-0.173436492585429
2407	-0.113797549967763
2408	-0.0541586073500967
2409	-0.0470664087685363
2410	-0.00451321727917475
2411	-0.0286911669890393
2412	-0.0145067698259187
2413	-0.00741457124435829
2414	-0.0470664087685363
2415	-0.117988394584139
2416	-0.198903932946486
2417	-0.308188265635074
2418	-0.308188265635074
2419	-0.238555770470664
2420	-0.252740167633785
2421	-0.252740167633785
2422	-0.266924564796905
2423	-0.281108961960026
2424	-0.31237911025145
2425	-0.340747904577692
2426	-0.340747904577692
2427	-0.333655705996131
2428	-0.340747904577692
2429	-0.354932301740812
2430	-0.347840103159252
2431	-0.30528691166989
2432	-0.30528691166989
2433	-0.315280464216634
2434	-0.272727272727273
2435	-0.244358478401032
2436	-0.268536428110896
2437	-0.321083172147002
2438	-0.5
2439	-0.573823339780787
2440	-0.573823339780787
2442	-0.545454545454545
2463	-0.613475177304964
2464	-0.646034816247582
2465	-0.716956802063185
2466	-0.738233397807866
2467	-0.738233397807866
2468	-0.759509993552547
2469	-0.773694390715667
2470	-0.787878787878788
2471	-0.763700838168923
2472	-0.756608639587363
2473	-0.735332043842682
2474	-0.706963249516441
2475	-0.6785944551902
2476	-0.699871050934881
2477	-0.68568665377176
2478	-0.752417794970987
2479	-0.745325596389426
2480	-0.731141199226305
2481	-0.709864603481625
2482	-0.786589297227595
2483	-0.793681495809155
2484	-0.772404900064474
2485	-0.758220502901354
2486	-0.758220502901354
2487	-0.772404900064474
2492	-0.744036105738233
2493	-0.736943907156673
2494	-0.736943907156673
2495	-0.772404900064474
2556	-0.117021276595745
2557	-0.0899419729206963
2558	-0.0899419729206963
2559	-0.111218568665377
2560	-0.118310767246937
2561	-0.125402965828498
2562	-0.139587362991618
2563	-0.146679561573179
2564	-0.24468085106383
2565	-0.132495164410058
2566	-0.223404255319149
2567	-0.209219858156028
2568	-0.185041908446164
2569	-0.17504835589942
2570	-0.238878143133462
2571	-0.295615731785945
2572	-0.302707930367505
2573	-0.352353320438427
2574	-0.401998710509349
2575	-0.373629916183108
2576	-0.394906511927788
2577	-0.401998710509349
2578	-0.356544165054803
2579	-0.349451966473243
2580	-0.356544165054803
2581	-0.356544165054803
2582	-0.303997421018698
2583	-0.258542875564152
2584	-0.244358478401032
2585	-0.237266279819471
2586	-0.223081882656351
2587	-0.223081882656351
2588	-0.275628626692457
2589	-0.299806576402321
2590	-0.2856221792392
2591	-0.411992263056093
2592	-0.552546744036106
2597	-0.701482914248872
2598	-0.684397163120567
2599	-0.726950354609929
2600	-0.6785944551902
2601	-0.563507414571244
2602	-0.556415215989684
2603	-0.577691811734365
2604	-0.61605415860735
2605	-0.626047711154094
2606	-0.538039974210187
2607	-0.509671179883946
2608	-0.509671179883946
2609	-0.481302385557705
2610	-0.445841392649903
2611	-0.383301096067054
2612	-0.440038684719536
2613	-0.447130883301096
2614	-0.485493230174081
2615	-0.464216634429401
2616	-0.435847840103159
2617	-0.45712443584784
2618	-0.454223081882656
2619	-0.468407479045777
2620	-0.422952933591231
2621	-0.422952933591231
2622	-0.415860735009671
2623	-0.401676337846551
2624	-0.447130883301096
2625	-0.418762088974855
2626	-0.397485493230174
2627	-0.264023210831721
2628	-0.200193423597679
2629	-0.105093488072212
2630	-0.0625402965828498
2631	-0.0270793036750483
2632	-0.0683430045132173
2633	-0.152159896840748
2634	-0.218891038039974
2635	-0.211798839458414
2636	-0.274339136041264
2637	-0.4107027724049
2638	-0.41779497098646
2639	-0.431979368149581
2640	-0.453255963894262
2641	-0.495809155383623
2729	-0.485815602836879
2730	-0.471631205673759
2731	-0.49290780141844
2732	-0.514184397163121
2733	-0.528368794326241
2734	-0.451644100580271
2735	-0.494197292069632
2736	-0.529658284977434
2737	-0.560928433268859
2738	-0.568020631850419
2739	-0.565119277885236
2740	-0.558027079303675
2741	-0.474210186976145
2742	-0.52675693101225
2743	-0.555125725338491
2744	-0.464216634429401
2745	-0.327852998065764
2746	-0.334945196647324
2747	-0.313668600902643
2748	-0.306576402321083
2749	-0.337846550612508
2750	-0.292392005157963
2751	-0.285299806576402
2752	-0.271115409413282
2753	-0.22856221792392
2754	-0.281108961960026
2755	-0.306576402321083
2756	-0.271115409413282
2757	-0.24274661508704
2758	-0.218568665377176
2759	-0.123468729851709
2760	-0.0809155383623471
2761	-0.0496453900709219
2762	-0.0254674403610575
2763	0.0299806576402324
2764	0.022888459058672
2765	-0.00838168923275306
2766	-0.0680206318504191
2767	-0.0183752417794971
2768	-0.0112830431979369
2769	0.0796260477111541
2770	0.122179239200516
2771	0.276918117343649
2772	0.333655705996131
2773	0.389103803997421
2774	0.403288201160542
2775	0.424564796905223
2776	0.470019342359768
2777	0.515473887814313
2778	0.536750483558994
2779	0.610573823339781
2780	0.498388136686009
2781	0.362024500322373
2782	0.400386847195358
2783	0.393294648613798
2784	0.234364925854287
2785	0.272727272727273
2786	0.258542875564152
2787	0.258542875564152
2788	0.286911669890393
2789	0.230174081237911
2790	0.258542875564152
2791	0.312379110251451
2792	0.386202450032237
2793	0.386202450032237
2794	0.362024500322373
2795	0.316569954867827
2796	0.281108961960026
2797	0.2143778207608
2798	0.147646679561573
2799	0.0425531914893617
2800	-0.0241779497098648
2801	-0.0909090909090909
2802	-0.0909090909090909
2803	-0.112185686653772
2804	-0.112185686653772
2805	-0.112185686653772
2806	-0.255641521598968
2807	-0.396196002578981
2808	-0.403288201160542
2809	-0.465828497743391
2810	-0.494197292069632
2811	-0.568020631850419
2812	-0.58220502901354
2835	-0.660219213410703
2836	-0.184397163120567
2837	-0.0167633784655061
2838	-0.0522243713733075
2839	0.111218568665377
2840	0.125402965828498
2841	0.185041908446164
2842	0.388136686009027
2843	0.808510638297872
2844	0.808510638297872
2845	0.829787234042553
2846	0.858156028368794
2847	0.907801418439716
2848	0.858156028368794
2849	0.865248226950355
2850	0.889426176660219
2851	0.994519664732431
2852	0.98033526756931
2853	0.963249516441006
2854	0.998710509348807
2855	1.03127014829142
2856	1.11927788523533
2857	1.11218568665377
2858	1.12637008381689
2859	1.11927788523533
2860	1.26982591876209
2861	1.36782720825274
2862	1.42037395228885
2863	1.40618955512573
2864	1.39909735654417
2865	1.47582205029014
2866	1.41618310767247
2867	1.44036105738233
2868	1.32398452611219
2869	1.2856221792392
2870	1.18343004513217
2871	1.0541586073501
2872	0.571244358478401
2873	0.40361057382334
2874	0.431979368149581
2875	0.247259832366215
2876	0.233075435203095
2877	0.113797549967763
2878	-0.0680206318504191
2879	-0.452933591231464
2880	-0.502578981302386
2881	-0.509671179883946
2882	-0.516763378465506
2883	-0.516763378465506
2884	-0.421663442940039
2885	-0.383301096067054
2886	-0.421663442940039
2887	-0.498388136686009
2888	-0.477111540941328
2889	-0.51966473243069
2890	-0.509671179883946
2891	-0.530947775628627
2892	-0.590586718246293
2893	-0.604771115409413
2894	-0.611863313990974
2895	-0.583494519664732
2896	-0.724049000644746
2897	-0.829142488716957
3003	-0.396518375241779
3004	-0.389426176660219
3005	-0.40361057382334
3006	-0.389426176660219
3007	-0.375241779497099
3008	-0.353965183752418
3011	-0.361057382333978
3012	-0.361057382333978
3013	-0.375241779497099
3014	-0.382333978078659
3078	-0.230496453900709
3079	-0.308510638297872
3080	-0.312701482914249
3081	-0.32688588007737
3082	-0.351063829787234
3094	-0.386524822695036
3095	-0.351063829787234
3096	-0.305609284332689
3097	-0.260154738878143
3098	-0.126692456479691
3099	-0.0499677627337202
3100	0.0167633784655061
3101	0.0309477756286267
3102	0.059316569954868
3103	0.104771115409414
3104	0.118955512572534
3105	0.0735009671179885
3106	0.0735009671179885
3107	0.0805931656995487
3108	0.130238555770471
3109	0.137330754352031
3110	0.144422952933591
3111	0.0989684074790459
3112	0.127337201805287
3113	0.096067053513862
3114	-0.0615731785944552
3115	0.0306254029658285
3116	0.034816247582205
3117	0.0419084461637653
3118	0.0419084461637653
3119	0.0560928433268858
3120	0.119922630560928
3121	0.16247582205029
3122	0.233397807865893
3123	0.219213410702772
3124	0.240490006447453
3125	0.233397807865893
3126	0.233397807865893
3127	0.209219858156028
3128	0.202127659574468
3129	0.223404255319149
3286	-0.322695035460993
3287	-0.322695035460993
3288	-0.315602836879433
3289	-0.368149580915538
3290	-0.322695035460993
3291	-0.365248226950355
3292	-0.40361057382334
3304	-0.187943262411348
3305	-0.09284332688588
3306	0.0435203094777563
3307	0.287878787878788
3308	0.235332043842682
3309	0.266602192134107
3310	0.340425531914894
3311	0.249516441005803
3312	0.347517730496454
3313	0.364603481624758
3314	0.434235976789168
3315	0.510960670535139
3316	0.489684074790458
3317	0.538039974210187
3318	0.611863313990973
3319	0.604771115409413
3320	0.569310122501612
3321	0.540941328175371
3322	0.44294003868472
3323	0.435847840103159
3324	0.45003223726628
3325	0.45003223726628
3326	0.397485493230174
3327	0.432946486137976
3328	0.44294003868472
3329	0.421663442940039
3330	0.364925854287556
3331	0.389103803997421
3332	0.36782720825274
3333	0.35364281108962
3334	0.325274016763379
3335	0.311089619600258
3336	0.318181818181818
3337	0.36073500967118
3338	0.399097356544165
3339	0.399097356544165
3340	0.315280464216634
3341	0.238555770470664
3342	0.176015473887814
3343	-0.0541586073500967
3344	-0.0470664087685363
3345	-0.116698903932946
3346	-0.190522243713733
3347	-0.166344294003869
3348	-0.257253384912959
3349	-0.281431334622824
3350	-0.372340425531915
3366	-0.382333978078659
3374	-0.261766602192134
3375	-0.149580915538362
3376	-0.170857511283043
3377	-0.146679561573179
3378	-0.160863958736299
3379	-0.160863958736299
3380	-0.0912314635718892
3381	-0.0428755641521599
3382	-0.0145067698259187
3383	-0.0599613152804642
3384	-0.0428755641521599
3385	0.103481624758221
3386	0.148936170212766
3387	0.0751128304319794
3388	0.0822050290135395
3389	0.170212765957447
3390	0.229851708575113
3391	0.208575112830432
3392	0.215667311411992
3393	0.232753062540296
3394	0.194390715667311
3395	0.242746615087041
3396	0.245647969052225
3397	0.238555770470664
3398	0.238555770470664
3399	0.176015473887814
3400	0.23565441650548
3401	0.254029658284977
3402	0.299484203739523
3403	0.425854287556415
3404	0.481302385557705
3405	0.501289490651193
3406	0.472920696324952
3407	0.458736299161831
3408	0.472920696324952
3409	0.458736299161831
3410	0.427466150870406
3411	0.322372662798195
3412	0.336557059961315
3413	0.312379110251451
3414	0.281108961960026
3415	0.288201160541586
3416	0.204384268214055
3417	0.120567375886525
3418	0.099290780141844
3419	0.0809155383623468
3420	0.0425531914893617
3421	-0.153449387491941
3422	-0.13926499032882
3423	-0.058349451966473
3424	-0.0483558994197293
3425	-0.119277885235332
3426	-0.171824629271438
3427	-0.178916827852998
3428	-0.102192134107028
3429	-0.0538362346872985
3430	-0.0538362346872985
3431	-0.15183752417795
3432	-0.137653127014829
3433	-0.120567375886525
3434	-0.00838168923275306
3435	0.0512572533849132
3436	0.106705351386202
3437	0.0328820116054158
3438	0.0399742101869762
3439	-0.114764667956157
3440	-0.0451321727917471
3441	-0.0834945196647323
3442	-0.154416505480335
3443	-0.168600902643456
3444	-0.144422952933591
3445	-0.134429400386847
3446	-0.162798194713088
3447	-0.117343649258543
3448	-0.0860735009671179
3449	-0.100257898130238
3450	-0.0689877498388138
3451	-0.0306254029658288
3452	0.119922630560929
3453	0.193745970341715
3454	0.207930367504836
3455	0.247582205029014
3456	0.283043197936815
3457	0.325596389426177
3458	0.294326241134752
3459	0.301418439716312
3460	0.291424887169568
3461	0.369439071566731
3462	0.390715667311412
3463	0.419084461637653
3464	0.363636363636364
3465	0.336557059961315
3466	0.357833655705996
3467	0.393294648613798
3468	0.340747904577692
3469	0.302385557704707
3470	0.239845261121857
3471	0.194390715667311
3472	0.100580270793037
3473	0.136041263700838
3474	0.0764023210831722
3475	0.111863313990974
3476	-0.0344938749194069
3477	-0.0444874274661509
3478	0.054803352675693
3479	0.0689877498388136
3480	0.00934880722114761
3481	-0.014829142488717
3482	-0.074468085106383
3483	-0.0986460348162475
3507	-0.396518375241779
3508	-0.41779497098646
3509	-0.41779497098646
3526	-0.4107027724049
3527	-0.343971631205674
3528	-0.329787234042553
3529	-0.322695035460993
3530	-0.322695035460993
3531	-0.353965183752418
3532	-0.346872985170858
3567	-0.268858800773694
3568	-0.297227595099936
3569	-0.220502901353965
3570	-0.217601547388781
3571	-0.217601547388781
3572	-0.245970341715023
3573	-0.200515796260477
3574	-0.126692456479691
3575	-0.126692456479691
3576	-0.10541586073501
3577	-0.0841392649903289
3578	-0.0983236621534493
3579	-0.11250805931657
3580	-0.0357833655705996
3581	0.0480335267569311
3582	0.0125725338491298
3583	0.0863958736299161
3584	0.201482914248872
3585	0.334945196647324
3586	0.356221792392005
3587	0.377498388136686
3588	0.377498388136686
3589	0.528046421663443
3590	0.633139909735654
3591	0.706963249516441
3592	0.804964539007092
3593	0.90715667311412
3594	0.910058027079304
3595	0.867504835589942
3596	0.807865892972276
3597	0.776595744680851
3598	0.76241134751773
3599	0.674403610573823
3600	0.660219213410703
3601	0.621856866537717
3602	0.636041263700838
3603	0.566408768536428
3604	0.587685364281109
3605	0.528046421663443
3606	0.510960670535139
3607	0.549323017408124
3608	0.503868471953578
3609	0.461315280464217
3610	0.422952933591232
3611	0.430045132172792
3612	0.422952933591232
3613	0.468407479045777
3614	0.482591876208898
3615	0.468407479045777
3616	0.437137330754352
3617	0.444229529335912
3618	0.5535138620245
3619	0.46260477111541
3620	0.40715667311412
3621	0.40715667311412
3622	0.431334622823984
3623	0.47678916827853
3624	0.47678916827853
3625	0.347517730496454
3626	0.245325596389426
3627	0.164410058027079
3628	0.0834945196647326
3629	-0.0257898130238555
3630	-0.0257898130238555
3631	-0.0570599613152803
3632	-0.0996131528046421
3633	-0.113797549967763
3634	-0.110896196002579
3635	-0.058349451966473
3636	-0.0341715022566087
3637	0.0738233397807866
3638	0.140554480980013
3639	0.140554480980013
3640	0.105093488072211
3641	0.0667311411992262
3642	0.0809155383623468
3643	0.0283687943262412
3644	0.0141843971631206
3645	0.0950999355254675
3646	0.0909090909090908
3647	0.0625402965828497
3648	0.14635718891038
3649	0.0441650548033528
3650	0.00161186331399099
3651	-0.00548033526756919
3652	-0.079303675048356
3653	-0.138942617666022
3654	-0.279497098646035
3655	-0.279497098646035
3656	-0.346228239845261
3657	-0.427143778207608
3658	-0.465506125080593
3659	-0.395873629916183
3660	-0.381689232753063
3661	-0.374597034171502
3662	-0.272404900064474
3663	-0.251128304319793
3664	-0.289490651192779
3665	-0.239845261121857
3666	-0.173114119922631
3667	-0.0751128304319795
3668	-0.0325596389426177
3669	0.0896196002578982
3670	0.0725338491295939
3671	-0.0438426821405546
3672	-0.0609284332688587
3673	-0.204384268214055
3674	-0.327852998065764
3675	-0.391682785299806
3676	-0.363313990973565
3677	-0.334945196647324
3678	-0.342037395228884
3679	-0.320760799484204
3680	-0.285299806576402
3681	-0.369116698903933
3682	-0.326563507414571
3683	-0.340747904577692
3684	-0.445841392649903
3685	-0.396196002578981
3686	-0.35364281108962
3687	-0.318181818181818
3688	-0.35364281108962
3689	-0.392005157962605
3690	-0.399097356544165
3691	-0.399097356544165
3692	-0.413281753707286
3693	-0.444551901998711
3694	-0.472920696324952
3695	-0.549645390070922
3696	-0.570921985815603
3697	-0.599290780141844
3699	-0.708575112830432
3700	-0.634751773049645
3701	-0.59638942617666
3702	-0.687298517085751
3742	-0.322695035460993
3743	-0.0499677627337202
3744	0.0509348807221147
3745	0.127659574468085
3746	0.183107672469374
3747	0.168923275306254
3748	0.238555770470664
3749	0.269825918762089
3750	0.315280464216634
3751	0.34655061250806
3752	0.43745970341715
3753	0.465828497743391
3754	0.528368794326241
3755	0.535460992907801
3756	0.49290780141844
3757	0.450354609929078
3758	0.450354609929078
3759	0.383623468729852
3760	0.397807865892972
3761	0.450354609929078
3762	0.426176660219213
3763	0.464539007092198
3764	0.541263700838169
3765	0.548355899419729
3766	0.600902643455835
3767	0.660541586073501
3768	0.769825918762089
3769	0.727272727272728
3770	0.808188265635074
3771	0.78401031592521
3772	0.886202450032237
3773	1.04803352675693
3774	1.07640232108317
3775	1.09058671824629
3776	1.06931012250161
3777	1.17440361057382
3778	1.05222437137331
3779	0.779497098646035
3780	0.621856866537717
3781	0.397485493230174
3782	0.282398452611218
3783	0.246937459703417
3784	0.148936170212766
3785	0.0751128304319794
3786	0.0538362346872985
3787	-0.0199871050934881
3788	-0.203094777562863
3789	-0.274016763378465
3790	-0.340747904577692
3791	-0.323662153449387
3792	-0.278207607994842
3793	-0.246937459703417
3794	-0.246937459703417
3795	-0.246937459703417
3796	-0.268214055448098
3797	-0.320760799484204
3798	-0.320760799484204
3799	-0.366215344938749
3800	-0.421663442940039
3801	-0.428755641521599
3802	-0.485493230174081
3803	-0.545132172791747
3804	-0.626047711154094
3805	-0.523855577047066
3806	-0.552224371373308
3807	-0.566408768536428
3808	-0.611863313990974
3809	-0.688588007736944
3810	-0.695680206318504
3811	-0.786589297227595
3812	-0.814958091553836
3826	-0.389426176660219
3836	-0.141199226305609
3837	-0.127014829142489
3838	-0.084461637653127
3839	-0.0631850419084463
3840	0.0460992907801418
3841	0.014829142488717
3842	0.014829142488717
3843	0.0290135396518376
3844	0.00064474532559633
3845	-0.00644745325596385
3846	-0.00644745325596385
3847	0.00354609929078009
3848	-0.0106382978723404
3849	0.0206318504190844
3850	0.0135396518375241
3851	-0.0319148936170213
3852	-0.0390070921985816
3853	-0.053191489361702
3854	0.00934880722114761
3855	0.00225660863958732
3856	0.00225660863958732
3857	-0.0190199871050934
3858	-0.121212121212121
3859	-0.128304319793682
3860	-0.0686653771760155
3861	-0.0615731785944552
3862	-0.0232108317214701
3863	-0.0444874274661509
3864	-0.0515796260477112
3865	0.0109606705351386
3866	0.00386847195357842
3867	-0.0245003223726629
3868	-0.0983236621534493
3869	-0.10541586073501
3870	-0.133784655061251
3871	-0.147969052224371
3872	-0.245970341715023
3873	-0.245970341715023
3874	-0.267246937459703
3875	-0.260154738878143
3876	-0.319793681495809
3877	-0.34816247582205
3878	-0.386524822695036
3879	-0.421985815602837
3880	-0.393617021276596
3881	-0.450354609929078
3882	-0.436170212765957
3883	-0.446163765312701
3884	-0.382333978078659
3908	-0.552546744036106
3909	-0.468729851708575
3910	-0.5
3911	-0.497098646034816
3912	-0.504190844616377
3913	-0.451644100580271
3914	-0.444551901998711
3915	-0.392005157962605
3916	-0.420373952288846
3917	-0.448742746615087
3918	-0.484203739522889
3919	-0.548033526756931
3920	-0.682785299806577
3921	-0.718246292714378
3922	-0.77498388136686
3923	-0.757898130238556
3924	-0.715344938749194
3925	-0.722437137330754
3926	-0.669890393294649
3927	-0.641521598968407
3928	-0.529335912314636
3929	-0.529335912314636
3930	-0.557704706640877
3931	-0.480980012894907
3932	-0.428433268858801
3933	-0.361702127659574
3934	-0.316247582205029
3935	-0.270793036750484
3936	-0.284977433913604
3937	-0.0989684074790458
3938	-0.113152804642166
3939	-0.186976144422953
3940	-0.250805931656995
3941	-0.303352675693101
3942	-0.470986460348162
3943	-0.516441005802708
3944	-0.547711154094133
3945	-0.666989039329465
3946	-0.57317859445519
3947	-0.436814958091554
3948	-0.436814958091554
3949	-0.482269503546099
3950	-0.475177304964539
3951	-0.520631850419085
3952	-0.541908446163765
3953	-0.387169568020632
3954	-0.324629271437782
3955	-0.169890393294649
3956	0.177949709864604
3957	0.185041908446164
3958	0.311411992263056
3959	0.385235332043843
3960	0.469052224371374
3961	0.567053513862025
3962	0.500322372662799
3963	0.615409413281753
3964	0.531592520954223
3965	0.503223726627982
3966	0.629593810444874
3967	0.657962604771115
3968	0.647969052224371
3969	0.609606705351386
3970	0.557059961315281
3971	0.532882011605416
3972	0.554158607350097
3973	0.463249516441006
3974	0.491618310767247
3975	0.541263700838169
3976	0.56963249516441
3977	0.590909090909091
3978	0.57672469374597
3979	0.519987105093488
3980	0.527079303675049
3981	0.548355899419729
3982	0.454545454545455
3983	0.308188265635074
3984	0.336557059961315
3985	0.315280464216634
3986	0.315280464216634
3987	0.350741457124436
3988	0.452933591231464
3989	0.407479045776918
3990	0.418762088974855
3991	0.366215344938749
3992	0.229851708575113
3993	0.222759509993552
3994	0.124758220502901
3995	0.0622179239200517
3996	0.0651192778852353
3997	0.0267569310122502
3998	0.0622179239200517
3999	-0.0245003223726629
4000	-0.0528691166989038
4001	-0.0174081237911025
4002	-0.0912314635718892
4003	-0.165054803352676
4004	-0.126692456479691
4005	-0.11250805931657
4006	-0.0983236621534493
4007	-0.10541586073501
4008	-0.150870406189555
4009	-0.18923275306254
4010	-0.18923275306254
4011	-0.143778207607995
4012	0.0138620245003226
4013	0.0309477756286267
4014	0.087685364281109
4015	0.175693101225016
4016	0.364603481624758
4017	0.441328175370729
4018	0.644422952933591
4019	0.623146357188911
4020	0.594777562862669
4021	0.640232108317215
4022	0.633139909735654
4023	0.664410058027079
4024	0.74113475177305
4025	0.779497098646035
4026	0.734042553191489
4027	0.726950354609929
4028	0.621856866537717
4029	0.657317859445519
4030	0.681495809155384
4031	0.719858156028369
4032	0.647324306898775
4033	0.594777562862669
4034	0.573500967117989
4035	0.583494519664732
4036	0.618955512572534
4037	0.734042553191489
4038	0.76241134751773
4039	0.681495809155384
4040	0.628949065119278
4041	0.607672469374597
4042	0.607672469374597
4043	0.579303675048356
4044	0.58220502901354
4045	0.504190844616377
4046	0.573823339780787
4047	0.545454545454546
4048	0.433268858800774
4049	0.394906511927788
4050	0.409090909090909
4051	0.384912959381044
4052	0.181818181818182
4053	0.0767246937459702
4054	-0.133462282398453
4055	-0.126370083816893
4056	-0.140554480980013
4057	-0.168923275306254
4058	-0.173114119922631
4059	-0.222759509993553
4060	-0.401676337846551
4061	-0.499677627337202
4062	-0.513862024500322
4063	-0.566408768536428
4064	-0.580593165699549
4065	-0.594777562862669
4066	-0.559316569954868
4067	-0.647324306898775
4068	-0.661508704061896
4069	-0.640232108317215
4070	-0.594777562862669
4071	-0.611863313990974
4072	-0.626047711154094
4073	-0.709864603481625
4074	-0.650225660863959
4075	-0.586395873629916
4076	-0.572211476466796
4077	-0.550934880722115
4078	-0.565119277885236
4079	-0.529658284977434
4080	-0.560928433268859
4081	-0.482914248871696
4082	-0.552546744036106
4107	-0.623468729851709
4108	-0.592198581560284
4109	-0.651837524177949
4125	-0.559638942617666
4126	-0.566731141199226
4164	-0.532559638942618
4165	-0.515473887814313
4166	-0.36782720825274
4167	-0.294003868471953
4168	-0.276918117343649
4169	-0.262733720180529
4170	-0.28401031592521
4171	-0.30528691166989
4172	-0.259832366215345
4173	-0.274016763378465
4174	-0.281108961960026
4175	-0.245647969052224
4176	-0.207285622179239
4177	-0.126370083816893
4178	-0.133462282398453
4179	-0.0667311411992263
4180	-0.0596389426176661
4181	-0.0667311411992263
4182	-0.0141843971631206
4183	0.00999355254674383
4184	0.00999355254674383
4185	0.00290135396518365
4186	0.00999355254674383
4187	-0.0596389426176661
4188	-0.0170857511283043
4189	-0.0241779497098648
4190	-0.0554480980012896
4191	-0.177627337201805
4192	-0.177627337201805
4193	-0.213088330109607
4194	-0.234364925854287
4195	-0.272727272727273
4196	-0.301096067053514
4197	-0.315280464216634
4198	-0.308188265635074
4199	-0.36782720825274
4200	-0.472920696324952
4201	-0.497098646034816
4202	-0.566731141199226
4203	-0.5
4204	-0.509993552546744
4205	-0.387814313346228
4206	-0.244358478401032
4207	-0.198903932946486
4208	-0.251450676982592
4209	-0.223081882656351
4210	-0.194713088330109
4211	-0.166344294003869
4212	-0.225983236621535
4213	-0.240167633784655
4214	-0.272727272727273
4215	-0.332366215344939
4216	-0.346550612508059
4217	-0.36782720825274
4218	-0.406189555125725
4219	-0.444551901998711
4220	-0.416183107672469
4221	-0.406189555125725
4222	-0.424564796905222
4223	-0.411669890393295
4224	-0.363313990973565
4225	-0.33204384268214
4226	-0.346228239845261
4227	-0.307865892972276
4228	-0.343326885880078
4229	-0.329142488716957
4230	-0.238233397807866
4231	-0.280786589297228
4232	-0.287878787878788
4233	-0.280786589297228
4234	-0.287878787878788
4235	-0.280786589297228
4236	-0.319148936170213
4237	-0.368794326241135
4238	-0.404255319148936
4239	-0.544809800128949
4240	-0.601547388781432
4241	-0.766279819471309
4242	-0.902643455834945
4243	-0.948098001289491
4244	-0.912637008381689
4245	-0.912637008381689
4246	-0.912637008381689
4247	-0.905544809800129
4248	-0.824629271437782
4249	-0.848807221147647
4250	-0.823339780786589
4251	-0.809155383623469
4252	-0.823339780786589
4253	-0.756608639587363
4254	-0.651515151515152
4255	-0.61605415860735
4256	-0.563507414571244
4257	-0.513862024500322
4258	-0.502578981302386
4259	-0.536750483558994
4260	-0.575112830431979
4261	-0.578014184397163
4262	-0.542553191489362
4263	-0.566731141199226
4264	-0.509993552546744
4265	-0.474532559638943
4267	-0.460348162475822
4268	-0.390715667311412
4269	-0.331076724693746
4270	-0.376531270148291
4271	-0.338168923275306
4272	-0.27852998065764
4273	-0.214700193423598
4274	-0.165054803352676
4275	-0.062862669245648
4276	-0.0203094777562863
4277	0.0676982591876208
4278	0.127337201805287
4279	0.148613797549968
4280	0.292069632495164
4281	0.33752417794971
4282	0.390070921985816
4283	0.375886524822695
4284	0.34461637653127
4285	0.34461637653127
4286	0.442617666021921
4287	0.452611218568665
4288	0.488072211476467
4289	0.509348807221148
4290	0.397163120567376
4291	0.435525467440361
4292	0.382978723404255
4293	0.294970986460348
4294	0.350419084461638
4295	0.300773694390716
4296	0.286589297227595
4297	0.244036105738233
4298	0.244036105738233
4299	0.236943907156673
4300	0.222759509993552
4301	0.194390715667311
4302	0.170212765957447
4303	0.198581560283688
4304	0.164410058027079
4305	0.133139909735654
4306	0.154416505480335
4307	0.111863313990974
4308	0.0522243713733076
4309	-0.0328820116054157
4310	-0.0328820116054157
4311	-0.127981947130883
4312	-0.170535138620245
4313	-0.265635074145713
4314	-0.325274016763378
4315	-0.36782720825274
4316	-0.553836234687298
4317	-0.641843971631206
4318	-0.765312701482914
4319	-0.772404900064474
4320	-0.829142488716957
4321	-0.843326885880078
4358	-0.346872985170858
4359	-0.325596389426177
4360	-0.248871695680206
4361	-0.277240490006448
4362	-0.267246937459703
4363	-0.309800128949065
4364	-0.338168923275306
4365	-0.335267569310122
4366	-0.384912959381044
4367	-0.441650548033527
4368	-0.491295938104449
4369	-0.51966473243069
4370	-0.51257253384913
4371	-0.51257253384913
4372	-0.516763378465506
4373	-0.583494519664732
4374	-0.618955512572534
4375	-0.61605415860735
4376	-0.623146357188911
4377	-0.60896196002579
4378	-0.542230818826564
4379	-0.437137330754352
4380	-0.356221792392005
4381	-0.289490651192779
4382	-0.282398452611219
4383	-0.254029658284978
4384	-0.327852998065764
4385	-0.258220502901354
4386	-0.177304964539007
4387	-0.148936170212766
4388	-0.110573823339781
4389	-0.124758220502901
4390	-0.103481624758221
4391	-0.289490651192779
4392	-0.254029658284978
4393	-0.246937459703417
4394	-0.316569954867827
4395	-0.330754352030948
4396	-0.309477756286267
4397	-0.204384268214055
4398	-0.156028368794326
4399	-0.0892972275951001
4400	-0.0892972275951001
4401	-0.163120567375887
4402	-0.114764667956157
4403	-0.0438426821405546
4404	-0.0154738878143132
4405	-0.00128949065119288
4406	-0.0438426821405546
4407	-0.0409413281753708
4408	-0.079303675048356
4409	-0.128949065119278
4410	-0.0380399742101869
4411	0.0357833655705995
4412	0.0428755641521599
4413	0.0357833655705995
4414	0.172147001934236
4415	0.0954223081882655
4416	0.00451321727917464
4417	-0.0409413281753708
4418	-0.0267569310122502
4419	0.0328820116054158
4420	0.061250805931657
4421	0.00580270793036752
4422	-0.0254674403610575
4423	-0.127659574468085
4424	-0.194390715667312
4425	-0.208575112830432
4426	-0.244036105738234
4427	-0.236943907156673
4428	-0.272404900064474
4429	-0.265312701482914
4430	-0.265312701482914
4431	-0.236943907156673
4432	-0.391682785299806
4433	-0.525145067698259
4434	-0.597678916827853
4435	-0.626047711154094
4436	-0.647324306898775
4437	-0.626047711154094
4438	-0.638942617666022
4439	-0.674403610573823
4440	-0.688588007736944
4441	-0.643133462282398
4442	-0.590586718246293
4443	-0.600580270793037
4444	-0.586395873629916
4445	-0.498388136686009
4446	-0.550934880722115
4447	-0.648936170212766
4448	-0.698581560283688
4449	-0.719858156028369
4457	-0.992263056092843
4458	-0.936814958091554
4459	-0.62153449387492
4460	-0.523533204384268
4461	-0.380077369439072
4462	-0.345905867182463
4463	-0.283365570599613
4464	-0.276273372018053
4465	-0.165377176015474
4466	-0.267569310122502
4467	-0.264667956157318
4468	-0.207930367504836
4469	-0.105738233397808
4470	-0.053191489361702
4471	0.0873629916183107
4472	0.182462927143778
4473	0.189555125725339
4474	0.21792392005158
4475	0.327208252740168
4476	0.401031592520954
4477	0.369761444229529
4478	0.352675693101225
4479	0.381044487427466
4480	0.416505480335268
4481	0.385235332043843
4482	0.375241779497099
4483	0.339780786589298
4484	0.368149580915538
4485	0.368149580915538
4486	0.434880722114765
4487	0.470341715022566
4488	0.484526112185687
4489	0.477433913604127
4490	0.460348162475822
4491	0.527079303675049
4492	0.56254029658285
4493	0.461637653127015
4494	0.392005157962605
4495	0.133462282398452
4496	0.0283687943262412
4497	-0.0625402965828498
4498	-0.0825274016763378
4499	-0.152159896840748
4500	-0.166344294003869
4501	-0.291424887169568
4502	-0.263056092843327
4503	-0.280141843971631
4504	-0.280141843971631
4505	-0.332688588007737
4574	-0.935525467440361
4575	-0.949709864603482
4584	-0.98936170212766
4585	-0.975177304964539
4586	-1.06318504190845
4587	-1.06318504190845
4588	-1.06318504190845
4589	-1.13410702772405
4590	-1.14119922630561
4592	-1.07027724049001
4593	-0.975177304964539
4594	-0.922630560928433
4595	-0.915538362346873
4596	-0.915538362346873
4597	-0.901353965183752
4598	-0.982269503546099
4599	-0.922630560928433
4600	-0.922630560928433
4601	-0.936814958091554
4602	-0.982269503546099
4603	-1.00354609929078
4604	-1.03900709219858
4607	-0.999355254674404
4608	-0.91424887169568
4609	-0.843326885880078
4612	-0.776595744680851
4613	-0.819148936170213
4614	-0.759509993552547
4615	-0.752417794970987
4616	-0.709864603481625
4617	-0.667311411992263
4618	-0.628949065119278
4619	-0.600580270793037
4620	-0.684397163120567
4621	-0.684397163120567
4622	-0.670212765957447
4623	-0.653127014829143
4624	-0.702772404900065
4625	-0.586395873629916
4626	-0.593488072211476
4627	-0.586395873629916
4628	-0.674403610573823
4629	-0.762411347517731
4630	-0.793681495809155
4631	-0.822050290135396
4647	-0.804964539007092
4670	-0.701482914248872
4672	-0.641843971631206
4673	-0.58220502901354
4674	-0.568020631850419
4675	-0.59638942617666
4676	-0.522566086395874
4677	-0.498388136686009
4678	-0.555125725338491
4679	-0.611863313990974
4680	-0.618955512572534
4681	-0.699871050934881
4682	-0.721147646679562
4683	-0.875886524822695
4684	-0.854609929078014
4685	-0.882978723404255
4686	-0.83752417794971
4687	-0.872985170857511
4688	-0.848807221147647
4689	-0.817537072856222
4690	-0.789168278529981
4691	-0.736621534493875
4692	-0.708252740167634
4693	-0.729529335912315
4694	-0.704061895551257
4695	-0.668600902643456
4696	-0.654416505480335
4697	-0.675693101225016
4698	-0.647324306898775
4699	-0.604771115409413
4700	-0.597678916827853
4701	-0.597678916827853
4702	-0.611863313990974
4703	-0.562217923920052
4704	-0.53384912959381
4705	-0.648936170212766
4706	-0.698581560283688
4707	-0.698581560283688
4739	-0.531270148291425
4740	-0.524177949709865
4741	-0.595099935525467
4773	-0.736943907156673
4774	-0.751128304319793
4775	-0.786589297227595
4776	-0.786589297227595
4777	-0.722759509993553
4778	-0.715667311411992
4779	-0.701482914248872
4780	-0.648936170212766
4781	-0.641843971631206
4782	-0.634751773049645
4783	-0.592198581560284
4784	-0.528368794326241
4785	-0.387814313346228
4786	-0.387814313346228
4787	-0.345261121856866
4788	-0.316892327530625
4789	-0.309800128949065
4790	-0.27143778207608
4791	-0.225983236621535
4792	-0.211798839458414
4793	-0.218891038039974
4794	-0.247259832366215
4795	-0.254352030947776
4796	-0.328175370728562
4797	-0.377820760799484
4798	-0.451644100580271
4799	-0.416183107672469
4800	-0.409090909090909
4801	-0.394906511927788
4802	-0.433268858800774
4803	-0.461637653127015
4804	-0.549645390070922
4805	-0.585106382978723
4806	-0.637653127014829
4807	-0.620567375886525
4839	-0.847517730496454
4840	-0.790780141843972
4841	-0.74113475177305
4842	-0.705673758865248
4843	-0.701482914248872
4844	-0.687298517085751
4845	-0.637653127014829
4846	-0.623468729851709
4850	-0.502901353965184
4851	-0.488716956802063
4852	-0.41779497098646
4853	-0.382333978078659
4854	-0.273049645390071
4855	-0.23758865248227
4856	-0.197936814958092
4859	-0.183752417794971
4860	-0.190844616376531
4861	-0.16956802063185
4862	-0.141199226305609
4863	-0.119922630560929
4867	-0.0773694390715667
4883	-0.138297872340425
4884	-0.114119922630561
4885	-0.121212121212121
4886	-0.166666666666667
4887	-0.135396518375242
4888	-0.156673114119923
4889	-0.156673114119923
4890	-0.195035460992908
4891	-0.223404255319149
4892	-0.25886524822695
4893	-0.25886524822695
4894	-0.318504190844616
4902	-0.368149580915538
4930	-0.680206318504191
4931	-0.568020631850419
4932	-0.477111540941328
4933	-0.498388136686009
4934	-0.393294648613798
4935	-0.44294003868472
4936	-0.471308833010961
4937	-0.447130883301096
4938	-0.45712443584784
4939	-0.506769825918762
4940	-0.492585428755641
4941	-0.492585428755641
4942	-0.535138620245003
4943	-0.556415215989684
4944	-0.584784010315925
4945	-0.686976144422953
4946	-0.753707285622179
4947	-0.753707285622179
4948	-0.789168278529981
4949	-0.852998065764023
4950	-0.902643455834945
4951	-0.945196647324307
4952	-0.966473243068988
4953	-1.02611218568665
4954	-1.01192778852353
4955	-1.03191489361702
4956	-1.07027724049001
4957	-1.07027724049001
4958	-1.10573823339781
4959	-1.11992263056093
4960	-1.19793681495809
5049	-0.982269503546099
5050	-0.92682140554481
5051	-0.986460348162476
5052	-0.969374597034171
5053	-1.01192778852353
5054	-0.896840747904578
5055	-0.875564152159897
5056	-0.903932946486138
5057	-0.918117343649259
5058	-0.879754996776274
5059	-0.824306898774984
5060	-0.852675693101225
5061	-0.899419729206963
5062	-0.784332688588008
5063	-0.738878143133462
5064	-0.731785944551902
5065	-0.717601547388782
5066	-0.703417150225661
5067	-0.713410702772405
5068	-0.660863958736299
5069	-0.534493874919407
5070	-0.499032882011605
5071	-0.484848484848485
5072	-0.442295293359123
5073	-0.484848484848485
5074	-0.513217279174726
5075	-0.491940683430045
5076	-0.477756286266924
5077	-0.506125080593166
5078	-0.577047066408768
5079	-0.60541586073501
5080	-0.61960025789813
5081	-0.584139264990329
5082	-0.584139264990329
5083	-0.727595099935526
5084	-0.839780786589297
5085	-0.961960025789813
5086	-1.02450032237266
5087	-0.986137975499677
5088	-1.0528691166989
5089	-0.96776273372018
5090	-1.02321083172147
5091	-1.06576402321083
5092	-1.01611863313991
5093	-1.05157962604771
5094	-1.05867182462927
5095	-1.11121856866538
5096	-1.13958736299162
5097	-1.18504190844616
5121	-0.928433268858801
5122	-0.897163120567376
5123	-0.963894261766602
5124	-0.925531914893617
5125	-0.946808510638298
5126	-1.01353965183752
5127	-0.999355254674404
5128	-1.00644745325596
5129	-0.992263056092843
5133	-0.871695680206318
5134	-0.822050290135396
5135	-0.786589297227595
5136	-0.779497098646035
5234	-0.911347517730496
5235	-0.908446163765313
5236	-0.740812379110251
5237	-0.666989039329465
5238	-0.695357833655706
5239	-0.716634429400387
5240	-0.747904577691812
5241	-0.71244358478401
5242	-0.729529335912315
5243	-0.725338491295938
5244	-0.725338491295938
5245	-0.749516441005803
5246	-0.756608639587363
5247	-0.784977433913604
5248	-0.78207607994842
5249	-0.757898130238556
5250	-0.860090264345584
5251	-0.817537072856222
5252	-0.772082527401676
5253	-0.779174725983237
5254	-0.800451321727918
5255	-0.797549967762734
5256	-0.790457769181173
5257	-0.868471953578337
5258	-0.9464861379755
5259	-0.893939393939394
5260	-0.893939393939394
5261	-0.872662798194713
5262	-0.858478401031593
5263	-0.912314635718891
5264	-0.888136686009026
5265	-1.01450676982592
5266	-0.994519664732431
5267	-1.02288845905867
5268	-1.02998065764023
5269	-0.949065119277885
5270	-1.02998065764023
5271	-1.01579626047711
5272	-1.19052224371373
5273	-1.25725338491296
5274	-1.32817537072856
5275	-1.28981302385558
5276	-1.31108961960026
5277	-1.30109606705351
5278	-1.20309477756286
5279	-1.14055448098001
5280	-1.15473887814313
5281	-1.15473887814313
5282	-1.17601547388781
5283	-1.16892327530625
5284	-1.13636363636364
5285	-1.11798839458414
5286	-1.00870406189555
5287	-0.892327530625403
5288	-0.849774339136041
5289	-0.793036750483559
5290	-0.785944551901999
5291	-0.712121212121212
5292	-0.712121212121212
5293	-0.609929078014184
5294	-0.514829142488717
5295	-0.560283687943262
5296	-0.567375886524823
5297	-0.624113475177305
5298	-0.638297872340426
5299	-0.672469374597034
5300	-0.710831721470019
5301	-0.696647324306898
5302	-0.664087685364281
5303	-0.723726627981947
5304	-0.737911025145068
5305	-0.840103159252095
5306	-0.780464216634429
5307	-0.769181173436493
5308	-0.716634429400387
5309	-0.695357833655706
5310	-0.574790457769181
5311	-0.5535138620245
5312	-0.505157962604771
5313	-0.402965828497743
5314	-0.465506125080593
5315	-0.444229529335912
5316	-0.430045132172792
5317	-0.401676337846551
5318	-0.289490651192779
5319	-0.215667311411992
5320	-0.138942617666022
5321	-0.131850419084462
5322	-0.131850419084462
5323	-0.184397163120567
5324	-0.229851708575113
5325	-0.131850419084462
5326	-0.0722114764667958
5327	-0.156028368794326
5328	-0.141843971631206
5329	-0.392972275950999
5330	-0.431334622823985
5331	-0.438426821405545
5332	-0.343326885880078
5333	-0.307865892972276
5334	-0.314958091553836
5335	-0.300773694390716
5336	-0.392972275950999
5337	-0.442617666021921
5338	-0.516441005802708
5339	-0.516441005802708
5340	-0.509348807221148
5341	-0.495164410058027
5342	-0.614442295293359
5343	-0.656995486782721
5344	-0.730818826563507
5345	-0.827208252740168
5346	-0.831399097356544
5347	-0.841392649903288
5348	-0.847195357833656
5349	-0.931012250161186
5350	-0.87846550612508
5351	-0.948098001289491
5352	-0.92682140554481
5353	-0.955190199871051
5354	-1.01482914248872
5355	-1.04029658284977
5356	-1.20212765957447
5357	-1.29432624113475
5358	-1.27724049000645
5359	-1.1792392005158
5360	-1.16215344938749
5361	-1.33816892327531
5362	-1.34235976789168
5363	-1.22727272727273
5364	-1.18891038039974
5365	-0.98742746615087
5366	-1.00161186331399
5367	-0.963249516441006
5368	-1.04416505480335
5369	-1.01998710509349
5370	-1.00580270793037
5371	-0.876531270148291
5372	-0.710509348807221
5373	-0.562862669245648
5374	-0.39813023855577
5375	-0.376853642811089
5376	-0.381044487427466
5377	-0.388136686009027
5378	-0.416505480335268
5379	-0.349774339136041
5380	-0.18214055448098
5381	-0.051579626047711
5382	0.0918762088974856
5383	0.11605415860735
5384	0.0693101225016115
5385	0.113475177304964
5386	0.130560928433269
5387	0.126370083816892
5388	-0.00128949065119288
5389	-0.0225660863958739
5390	0.0896196002578979
5391	0.0583494519664733
5392	0.127981947130884
5393	0.285622179239201
5394	0.250161186331399
5395	0.348162475822051
5396	0.386524822695035
5397	0.481624758220503
5398	0.548355899419729
5399	0.488716956802063
5400	0.603803997421019
5401	0.674725983236621
5402	0.720180528691167
5403	0.727272727272727
5404	0.720180528691167
5405	0.808188265635074
5406	0.88201160541586
5407	0.703094777562862
5408	0.615087040618956
5409	0.552546744036106
5410	0.394906511927789
5411	0.468729851708575
5412	0.465828497743392
5413	0.504190844616377
5414	0.568020631850419
5415	0.553836234687299
5416	0.421663442940039
5417	0.366215344938749
5418	0.141843971631206
5419	0.120567375886525
5420	0.124758220502901
5421	-0.0328820116054158
5422	-0.173436492585428
5423	-0.142166344294004
5424	-0.0357833655705997
5425	-0.00451321727917509
5426	-0.126692456479691
5427	-0.11250805931657
5428	-0.167956157317859
5429	-0.187943262411348
5430	-0.222114764667956
5431	-0.418117343649259
5432	-0.53030303030303
5433	-0.604126370083817
5434	-0.775950999355255
5435	-0.793036750483559
5436	-0.947775628626692
5437	-1.0186976144423
5438	-0.896518375241779
5439	-0.941972920696325
5440	-0.906511927788524
5441	-0.822695035460993
5442	-0.875241779497099
5443	-0.713410702772405
5444	-0.597034171502257
5445	-0.608317214700193
5446	-0.440683430045132
5447	-0.493230174081238
5448	-0.356866537717602
5449	-0.3214055448098
5450	-0.328497743391361
5451	-0.247582205029013
5452	-0.240490006447453
5453	-0.180851063829787
5454	-0.124113475177305
5455	-0.0815602836879434
5456	-0.0319148936170213
5457	0.0319148936170213
5458	0.119922630560929
5459	0.0786589297227596
5460	0.0886524822695036
5461	0.127014829142489
5462	0.158284977433914
5463	0.14829142488717
5464	0.205029013539652
5465	0.145390070921986
5466	0.169568020631851
5467	0.0915538362346875
5468	0.119922630560929
5469	0.134107027724049
5470	0.16247582205029
5471	0.0886524822695036
5472	0.0786589297227596
5473	0.0402965828497743
5474	-0.0506125080593163
5475	-0.0860735009671179
5476	-0.054803352675693
5477	-0.226627981947131
5478	-0.223726627981947
5479	-0.199548678272082
5480	-0.158284977433914
5481	-0.0631850419084459
5482	-0.0206318504190846
5483	0.0844616376531271
5484	-0.00934880722114761
5485	0.0957446808510638
5486	0.117021276595745
5487	0.117021276595745
5488	0.169568020631851
5489	0.190844616376531
5490	0.212121212121212
5491	0.187943262411348
5492	0.226305609284333
5493	0.3214055448098
5494	0.433591231463572
5495	0.454867827208253
5496	0.497421018697614
5497	0.463249516441006
5498	0.439071566731142
5499	0.417794970986461
5500	0.417794970986461
5501	0.434880722114765
5502	0.392327530625403
5503	0.456157317859446
5504	0.494519664732431
5505	0.537072856221793
5506	0.579626047711154
5507	0.650548033526757
5508	0.72856221792392
5509	0.771115409413282
5510	0.729851708575113
5511	0.832043842682141
5512	0.898774983881367
5513	0.888781431334623
5514	1.02224371373308
5515	0.871695680206319
5516	0.766602192134107
5517	0.689877498388137
5518	0.486782720825274
5519	0.374597034171502
5520	0.346228239845261
5521	0.224049000644745
5522	0.231141199226306
5523	0.147324306898775
5524	0.10896196002579
5525	0.0635074145712445
5526	0.0138620245003226
5527	-0.00741457124435829
5528	-0.0641521598968408
5529	-0.0399742101869761
5530	-0.170535138620245
5531	-0.160541586073501
5532	-0.262733720180529
5533	-0.200193423597679
5534	-0.204384268214055
5535	-0.0751128304319795
5536	0.0087040618955514
5537	0.0441650548033528
5538	0.0696324951644101
5539	0.213088330109607
5540	0.220180528691167
5541	0.251450676982592
5542	0.349451966473243
5543	0.356544165054803
5544	0.275628626692457
5545	0.296905222437138
5546	0.289813023855577
5547	0.211798839458414
5548	0.145067698259188
5549	0.116698903932946
5550	-0.048033526756931
5551	0.145067698259188
5552	0.142166344294004
5553	0.187620889748549
5554	0.187620889748549
5555	0.123791102514507
5556	0.291424887169568
5557	0.25177304964539
5558	0.30722114764668
5559	0.264667956157318
5560	0.222114764667956
5561	0.193745970341715
5562	0.267569310122502
5563	0.210831721470019
5564	0.179561573178595
5565	0.0248226950354609
5566	0.134107027724049
5567	0.193745970341715
5568	0.229206963249517
5569	0.219213410702773
5570	0.268858800773695
5571	0.230496453900709
5572	0.146679561573178
5573	0.146679561573178
5574	0.139587362991618
5575	0.0415860735009674
5576	0.0245003223726628
5577	-0.0138620245003223
5578	-0.118955512572534
5579	-0.147324306898775
5580	-0.0280464216634428
5581	-0.0635074145712444
5582	-0.0989684074790458
5583	-0.113152804642166
5584	-0.243713733075435
5585	-0.21244358478401
5586	-0.240812379110251
5587	-0.384268214055448
5588	-0.338813668600903
5589	-0.360090264345583
5590	-0.374274661508704
5591	-0.310444874274661
5592	-0.404255319148936
5593	-0.372985170857511
5594	-0.432624113475177
5595	-0.380077369439072
5596	-0.374274661508704
5597	-0.321727917472598
5598	-0.335912314635719
5599	-0.293359123146357
5600	-0.087362991618311
5601	-0.0235332043842684
5602	-0.209542230818827
5603	-0.328820116054159
5604	-0.290457769181173
5605	-0.328820116054159
5606	-0.328820116054159
5607	-0.388459058671824
5608	-0.416827852998066
5609	-0.526112185686654
5610	-0.589941972920696
5611	-0.597034171502257
5612	-0.548678272082527
5613	-0.510315925209542
5614	-0.496131528046422
5615	-0.450676982591876
5616	-0.443584784010316
5617	-0.317214700193424
5618	-0.250483558994197
5619	-0.260477111540941
5620	-0.053191489361702
5621	0.156995486782721
5622	0.223726627981947
5623	0.307543520309477
5624	0.254996776273372
5625	0.117343649258543
5626	0.138620245003224
5627	0.253707285622179
5628	0.232430689877498
5629	0.257898130238556
5630	0.352998065764023
5631	0.343004513217279
5632	0.389748549323018
5633	0.351386202450032
5634	0.432301740812379
5635	0.480657640232108
5636	0.246292714377821
5637	0.189555125725339
5638	0.2321083172147
5639	0.2321083172147
5640	0.21792392005158
5641	0.189555125725339
5642	0.137008381689233
5643	0.175370728562218
5644	0.210831721470019
5645	0.274661508704062
5646	0.405222437137331
5647	0.450676982591877
5648	0.486137975499678
5649	0.479045776918118
5650	0.415215989684075
5651	0.37685364281109
5652	0.243391360412637
5653	0.0673758865248226
5654	0.0219213410702772
5655	0.0431979368149582
5656	-0.107350096711799
5657	-0.384268214055448
5658	-0.408446163765313
5659	-0.520631850419085
5660	-0.475177304964539
5661	-0.347517730496454
5662	-0.326241134751773
5663	-0.314958091553836
5664	-0.339136041263701
5665	-0.32495164410058
5666	-0.363313990973565
5667	-0.384590586718246
5668	-0.422952933591231
5669	-0.415860735009671
5670	-0.520954223081883
5671	-0.562217923920052
5672	-0.498388136686009
5673	-0.372018052869117
5674	-0.350741457124436
5675	-0.274016763378465
5676	-0.30528691166989
5677	-0.31237911025145
5678	-0.326563507414571
5679	-0.421663442940039
5680	-0.418762088974855
5681	-0.381689232753063
5682	-0.448420373952289
5683	-0.610251450676982
5684	-0.729529335912315
5685	-0.810444874274661
5686	-0.638620245003224
5687	-0.695357833655706
5688	-0.666989039329465
5689	-0.603159252095422
5690	-0.533526756931012
5691	-0.459703417150226
5692	-0.375886524822695
5693	-0.228239845261122
5694	-0.263700838168923
5695	-0.232430689877498
5696	-0.239522888459059
5697	-0.246615087040619
5698	-0.253707285622179
5699	-0.408446163765313
5700	-0.429722759509994
5701	-0.443907156673114
5702	-0.524822695035461
5703	-0.560283687943262
5704	-0.553191489361702
5705	-0.560283687943262
5706	-0.553191489361702
5707	-0.409735654416505
5708	-0.270470664087685
5709	-0.368471953578337
5710	-0.354287556415216
5711	-0.416827852998066
5712	-0.416827852998066
5713	-0.445196647324307
5714	-0.501934235976789
5715	-0.473565441650548
5716	-0.463571889103804
5717	-0.504835589941973
5718	-0.561573178594456
5719	-0.526112185686654
5720	-0.152482269503546
5721	0.0122501611863315
5722	-0.102836879432624
5723	-0.0319148936170213
5724	-0.0390070921985815
5725	-0.0673758865248226
5726	-0.172469374597034
5727	-0.274661508704062
5728	-0.365570599613153
5729	-0.4464861379755
5730	-0.517408123791103
5731	-0.61960025789813
5732	-0.657962604771115
5733	-0.693423597678917
5734	-0.735976789168278
5735	-0.686331399097357
5736	-0.686331399097357
5737	-0.704706640876854
5738	-0.725983236621534
5739	-0.725983236621534
5740	-0.747259832366215
5741	-0.782720825274017
5742	-0.775628626692457
5743	-0.835267569310122
5744	-0.933268858800774
5745	-0.954545454545455
5746	-1.00419084461638
5747	-1.13765312701483
5748	-1.14893617021277
5749	-1.01966473243069
5750	-0.962927143778207
5751	-0.972920696324952
5752	-1.02836879432624
5753	-1.06673114119923
5754	-1.00999355254674
5755	-0.953255963894262
5756	-1.34816247582205
5760	-1.48581560283688
5761	-1.38781431334623
5762	-1.35235332043843
5763	-1.19471308833011
5764	-1.14925854287556
5765	-1.19890393294649
5766	-1.19890393294649
5767	-1.12798194713088
5768	-1.15635074145712
5769	-1.04416505480335
5770	-1.02998065764023
5771	-1.06544165054803
5772	-1.07253384912959
5773	-0.98742746615087
5774	-1.02288845905867
5775	-1.06415215989684
5776	-1.02869116698904
5777	-1.02159896840748
5778	-1.03288201160542
5779	-1.13797549967763
5780	-1.2147001934236
5781	-1.16505480335268
5782	-1.09123146357189
5783	-1.02740167633785
5784	-0.994842037395229
5785	-0.983558994197292
5786	-0.976466795615732
5787	-0.997743391360412
5788	-0.983558994197292
5789	-0.93391360412637
5790	-0.867182462927144
5791	-0.881366860090264
5792	-0.838813668600903
5793	-0.852998065764023
5794	-0.824629271437782
5795	-0.757898130238556
5796	-0.912637008381689
5797	-0.98936170212766
5798	-0.975177304964539
5814	-0.729851708575113
5815	-0.656028368794326
5816	-0.620567375886525
5817	-0.536750483558994
5818	-0.529658284977434
5819	-0.522566086395874
5820	-0.452933591231464
5821	-0.460025789813024
5822	-0.421663442940039
5823	-0.414571244358478
5824	-0.45003223726628
5825	-0.513862024500322
5826	-0.60186976144423
5827	-0.556415215989684
5828	-0.549323017408124
5829	-0.542230818826564
5830	-0.549323017408124
5831	-0.623146357188911
5832	-0.538039974210187
5833	-0.530947775628627
5834	-0.530947775628627
5835	-0.611863313990974
5836	-0.689877498388137
5837	-0.735332043842682
5838	-0.69277885235332
5839	-0.731141199226305
5840	-0.716956802063185
5841	-0.688588007736944
5842	-0.759509993552547
5843	-0.780786589297228
5844	-0.759509993552547
5845	-0.759509993552547
5846	-0.731141199226305
5847	-0.724049000644746
5848	-0.724049000644746
5849	-0.74822695035461
5901	-0.573500967117988
5902	-0.202772404900065
5903	-0.126047711154094
5904	-0.0209542230818827
5905	-0.0038684719535782
5906	-0.094777562862669
5907	-0.094777562862669
5908	-0.10896196002579
5909	-0.0422308188265637
5910	-0.0422308188265637
5911	-0.0635074145712444
5912	-0.0251450676982594
5913	-0.018052869116699
5914	-0.0038684719535782
5915	-0.0493230174081236
5916	-0.0918762088974856
5917	-0.0918762088974856
5918	-0.0918762088974856
5919	-0.0918762088974856
5920	-0.0351386202450032
5921	-0.00676982591876207
5922	-0.00676982591876207
5923	0.0286911669890393
5924	0.0570599613152805
5925	0.0641521598968406
5926	0.106705351386202
5927	0.135074145712444
5928	0.163442940038685
5929	0.205996131528047
5930	0.198903932946486
5931	0.213088330109607
5932	0.241457124435848
5933	0.255641521598968
5934	0.224371373307544
5935	0.203094777562863
5936	0.0525467440361056
5937	-0.268536428110896
6021	0.326885880077369
6022	0.441972920696325
6023	0.47324306898775
6024	0.459058671824629
6025	0.48742746615087
6026	0.494519664732431
6027	0.48742746615087
6028	0.48742746615087
6029	0.532882011605416
6030	0.532882011605416
6031	0.532882011605416
6032	0.532882011605416
6033	0.532882011605416
6034	0.532882011605416
6035	0.532882011605416
6036	0.532882011605416
6037	0.532882011605416
6038	0.532882011605416
6039	0.532882011605416
6040	0.532882011605416
6041	0.532882011605416
6042	0.532882011605416
6043	0.532882011605416
6044	0.532882011605416
6045	0.532882011605416
6046	0.532882011605416
6047	0.48742746615087
6048	0.501611863313991
6049	0.501611863313991
6050	0.501611863313991
6051	0.508704061895551
6052	0.431979368149581
6053	0.431979368149581
6054	0.386524822695035
