21	0.294871794871795
22	0.275641025641026
23	0.227564102564103
24	0.208333333333333
25	0.169871794871795
26	0.16025641025641
27	0.243589743589744
28	0.185897435897436
29	0.166666666666667
30	0.118589743589744
31	0.108974358974359
32	0.0608974358974358
33	0.0416666666666665
34	0.0320512820512819
35	0.0320512820512819
36	0.0512820512820512
37	0.237179487179487
38	0.237179487179487
39	0.144230769230769
40	0.00320512820512819
41	-0.128205128205128
42	0.0288461538461536
43	0.0929487179487178
44	0.102564102564103
45	0.176282051282051
46	0.0641025641025639
47	0.0641025641025639
48	0.0737179487179485
49	0.0833333333333333
50	-0.0737179487179487
51	-0.102564102564103
52	-0.121794871794872
54	-0.102564102564103
55	-0.102564102564103
56	-0.0929487179487181
57	-0.176282051282051
58	-0.21474358974359
59	-0.21474358974359
60	-0.21474358974359
61	-0.0288461538461542
62	-0.0673076923076923
63	-0.16025641025641
64	-0.131410256410257
65	-0.121794871794872
66	-0.0833333333333333
67	-0.102564102564103
68	-0.064102564102564
69	-0.0929487179487181
70	-0.112179487179487
71	0.0544871794871791
72	0.294871794871795
73	0.211538461538461
74	0.326923076923077
75	0.221153846153846
76	0.519230769230769
77	0.5
78	0.323717948717949
79	0.230769230769231
80	0.25
81	0.128205128205128
82	0.157051282051282
83	0.147435897435897
84	0.147435897435897
85	0.157051282051282
86	0.201923076923077
87	0.28525641025641
88	0.304487179487179
89	0.323717948717949
90	0.137820512820513
91	0.0833333333333333
92	0.176282051282051
93	0.157051282051282
94	0.19551282051282
95	0.205128205128205
96	0.176282051282051
97	0.00961538461538458
98	-0.0192307692307694
99	0.128205128205128
100	0.230769230769231
101	0.230769230769231
102	0.294871794871795
103	0.294871794871795
104	0.275641025641026
105	0.266025641025641
106	0.275641025641026
107	0.118589743589743
108	0.016025641025641
109	-0.0865384615384617
110	-0.0865384615384617
111	-0.125
114	-0.166666666666667
115	-0.147435897435897
116	-0.147435897435897
117	-0.137820512820513
118	-0.137820512820513
119	-0.128205128205128
120	-0.0544871794871796
121	-0.0833333333333333
122	-0.064102564102564
123	-0.118589743589744
124	-0.118589743589744
125	-0.118589743589744
126	-0.108974358974359
127	-0.118589743589744
171	0.016025641025641
172	0.0737179487179487
173	0.211538461538461
174	0.211538461538461
175	0.192307692307692
176	0.163461538461538
177	0.237179487179487
178	0.144230769230769
179	0.16025641025641
180	0.179487179487179
181	0.0416666666666665
182	0.105769230769231
183	0.125
184	-0.0512820512820514
185	0.00320512820512819
186	0.0384615384615383
187	0.0576923076923076
188	-0.0833333333333333
189	-0.0737179487179487
190	-0.0833333333333333
191	-0.141025641025641
192	-0.253205128205128
193	-0.169871794871795
194	-0.163461538461539
195	-0.0705128205128207
196	-0.128205128205128
197	-0.0448717948717949
198	-0.0833333333333333
199	-0.0833333333333333
200	0.0192307692307689
201	-0.0192307692307694
202	-0.0576923076923079
203	0.108974358974359
204	0.0801282051282048
205	0.0897435897435894
206	0.0897435897435894
207	0.0256410256410255
208	0.461538461538461
209	0.323717948717949
210	0.426282051282051
211	0.528846153846153
212	0.631410256410256
213	0.548076923076923
214	0.576923076923076
215	0.541666666666667
216	0.541666666666667
217	0.532051282051282
218	0.458333333333333
219	0.419871794871795
220	0.419871794871795
221	0.41025641025641
222	0.336538461538461
223	0.346153846153846
224	0.487179487179487
225	0.532051282051282
226	0.551282051282051
227	0.599358974358974
228	0.701923076923076
229	0.766025641025641
230	0.862179487179487
231	0.788461538461538
232	0.817307692307692
233	0.679487179487179
234	0.708333333333333
235	0.762820512820513
236	0.621794871794872
237	0.753205128205128
238	0.903846153846154
239	0.698717948717948
240	0.679487179487179
241	0.621794871794872
242	0.798076923076923
243	0.788461538461538
244	0.342948717948718
245	0.333333333333333
246	0.201923076923077
247	0.128205128205128
248	0.118589743589743
249	0.182692307692308
250	0.301282051282051
251	0.551282051282051
252	0.551282051282051
253	0.57051282051282
254	0.57051282051282
255	0.580128205128205
256	0.599358974358974
257	0.516025641025641
258	0.637820512820513
259	0.701923076923076
260	0.599358974358974
261	0.525641025641025
262	0.525641025641025
263	0.53525641025641
264	0.544871794871794
265	0.451923076923077
266	0.349358974358974
267	0.394230769230769
268	0.439102564102564
269	0.381410256410256
270	0.483974358974359
271	0.522435897435897
272	0.532051282051282
273	0.419871794871795
274	0.41025641025641
275	0.448717948717948
276	0.560897435897436
277	0.673076923076923
278	0.682692307692307
279	0.775641025641026
280	0.887820512820513
281	0.961538461538461
282	1.04487179487179
283	1.20192307692308
284	1.11858974358974
285	1.00641025641026
286	0.868589743589743
287	0.673076923076923
288	0.653846153846154
289	0.522435897435897
290	0.512820512820513
291	0.522435897435897
292	0.596153846153846
293	0.737179487179487
294	0.634615384615384
295	0.57051282051282
296	0.58974358974359
297	0.599358974358974
298	0.692307692307692
299	0.775641025641026
300	0.721153846153846
301	0.759615384615384
302	0.94551282051282
303	0.900641025641026
304	0.875
305	0.977564102564103
306	0.903846153846154
307	0.82051282051282
308	0.830128205128205
309	0.913461538461538
310	0.83974358974359
311	0.913461538461538
312	0.83974358974359
313	0.746794871794872
314	0.512820512820513
315	0.42948717948718
316	0.381410256410256
317	0.464743589743589
318	0.557692307692308
319	0.381410256410256
320	0.474358974358974
321	0.512820512820513
322	0.493589743589743
323	0.458333333333333
324	0.477564102564103
325	0.544871794871795
326	0.564102564102564
327	0.637820512820512
328	0.628205128205128
329	0.506410256410256
330	0.516025641025641
331	0.589743589743589
332	0.653846153846154
333	0.644230769230769
334	0.560897435897436
335	0.487179487179487
336	0.448717948717949
337	0.346153846153846
338	0.141025641025641
339	0.150641025641025
340	0.121794871794872
341	0.0576923076923076
342	0.0480769230769229
343	0.141025641025641
344	0.16025641025641
345	0.112179487179487
346	0.112179487179487
347	0.19551282051282
348	0.176282051282051
349	0.224358974358974
350	0.307692307692308
351	0.298076923076923
352	0.282051282051282
353	0.208333333333333
354	0.0705128205128205
355	0.153846153846154
356	0.0801282051282052
357	0.246794871794872
358	0.246794871794872
359	0.227564102564102
360	0.256410256410256
361	0.217948717948718
362	0.365384615384615
363	0.253205128205128
364	0.189102564102564
365	0.224358974358974
366	0.317307692307692
367	0.298076923076923
368	0.19551282051282
369	0.224358974358974
370	0.185897435897436
371	0.352564102564103
372	0.416666666666667
373	0.407051282051282
374	0.509615384615385
375	0.490384615384615
376	0.612179487179487
377	0.759615384615384
378	0.75
379	0.842948717948718
380	0.833333333333333
381	0.891025641025641
382	0.881410256410256
383	0.647435897435897
384	0.676282051282051
385	0.628205128205128
386	0.583333333333333
387	0.647435897435897
388	0.628205128205128
389	0.628205128205128
390	0.628205128205128
391	0.544871794871794
392	0.487179487179487
393	0.32051282051282
394	0.32051282051282
395	0.403846153846154
396	0.384615384615385
397	0.394230769230769
398	0.227564102564103
399	0.310897435897436
400	0.301282051282051
401	0.275641025641026
402	0.163461538461538
403	0.192307692307692
404	0.230769230769231
405	0.201923076923077
406	0.294871794871795
407	0.128205128205128
408	0.0929487179487178
409	0.0737179487179485
410	0.0192307692307693
411	0.0288461538461536
412	-0.0544871794871796
517	0.237179487179487
518	0.256410256410256
519	0.246794871794872
583	-0.166666666666667
584	-0.112179487179487
585	-0.112179487179487
586	-0.21474358974359
587	-0.224358974358975
598	-0.512820512820513
599	-0.541666666666667
600	-0.580128205128205
613	-0.46474358974359
614	-0.46474358974359
615	-0.298076923076923
616	-0.269230769230769
617	-0.323717948717949
618	-0.176282051282051
619	-0.25
620	-0.30448717948718
621	-0.192307692307693
622	-0.0256410256410258
623	-0.0448717948717949
624	-0.0352564102564104
625	-0.00641025641025661
626	0.115384615384615
627	0.144230769230769
628	0.115384615384615
629	0.105769230769231
630	0.0416666666666665
631	0.0705128205128205
632	0.0512820512820513
633	0.0128205128205128
634	-0.0224358974358976
635	0.0897435897435896
636	0.118589743589743
637	0.192307692307692
638	0.333333333333333
639	0.230769230769231
640	0.25
641	0.352564102564103
642	0.381410256410256
643	0.391025641025641
644	0.66025641025641
645	0.641025641025641
646	0.586538461538461
647	0.483974358974359
648	0.650641025641025
649	0.641025641025641
650	0.641025641025641
651	0.493589743589743
652	0.548076923076923
653	0.557692307692308
654	0.391025641025641
655	0.391025641025641
656	0.362179487179487
657	0.240384615384615
658	0.0737179487179485
659	0.102564102564103
660	0.141025641025641
661	0.131410256410256
662	0.0384615384615383
663	0.00961538461538458
664	0.0384615384615383
665	0.0929487179487178
666	0.121794871794872
667	0.0929487179487178
668	0.176282051282051
669	0.298076923076923
670	0.298076923076923
671	0.205128205128205
672	0.298076923076923
673	0.298076923076923
674	0.233974358974359
675	0.262820512820513
676	0.243589743589744
677	0.169871794871795
678	0.16025641025641
679	0.179487179487179
680	-0.064102564102564
681	-0.064102564102564
682	0.00961538461538458
683	0.0384615384615383
684	-0.0160256410256411
685	-0.0705128205128205
686	-0.0705128205128205
687	-0.108974358974359
688	-0.0897435897435899
693	0.0416666666666665
694	-0.0160256410256411
695	-0.0544871794871796
696	-0.064102564102564
697	0.0384615384615383
698	0.0480769230769229
699	0.0961538461538461
700	0.0769230769230768
701	0.0320512820512819
702	0.0961538461538461
703	0.144230769230769
704	0.0897435897435896
705	-0.00320512820512819
706	-0.0705128205128205
707	-0.0512820512820514
711	-0.0064102564102565
712	-0.0064102564102565
713	0.0128205128205129
714	0.0416666666666665
715	0.0320512820512819
716	-0.00320512820512819
717	0.144230769230769
718	0.0608974358974358
719	0.0512820512820512
720	-0.0128205128205129
721	-0.0224358974358976
722	-0.0512820512820514
723	-0.060897435897436
725	-0.060897435897436
726	0.0705128205128205
727	0.0801282051282052
728	0.0608974358974358
731	0.211538461538461
732	0.266025641025641
733	0.163461538461538
734	0.144230769230769
735	0.115384615384615
736	0.115384615384615
737	0.105769230769231
738	0.0320512820512819
739	0.0128205128205129
740	0.0128205128205129
741	-0.0064102564102565
742	0.0512820512820512
743	0.0416666666666665
744	0.00320512820512819
745	0.0512820512820512
746	0.0416666666666665
779	-0.185897435897436
780	-0.157051282051282
781	-0.195512820512821
782	-0.205128205128205
783	-0.166666666666667
784	-0.157051282051282
785	-0.21474358974359
786	-0.224358974358975
787	-0.253205128205128
788	-0.262820512820513
790	-0.233974358974359
791	-0.176282051282051
792	-0.137820512820513
799	-0.176282051282051
800	-0.185897435897436
889	-0.185897435897436
899	-0.33974358974359
900	-0.368589743589744
901	-0.349358974358975
902	-0.358974358974359
903	-0.387820512820513
947	-0.291666666666667
948	-0.282051282051282
949	-0.0769230769230771
950	-0.0576923076923079
951	-0.141025641025641
952	-0.233974358974359
953	-0.195512820512821
954	-0.166666666666667
955	-0.166666666666667
956	-0.195512820512821
993	-0.108974358974359
994	-0.118589743589744
995	-0.0448717948717949
996	-0.0448717948717949
997	-0.0064102564102565
998	-0.0448717948717949
999	-0.0833333333333333
1000	-0.0929487179487181
1001	-0.0352564102564104
1002	-0.0448717948717949
1003	-0.0544871794871796
1004	-0.0256410256410257
1005	-0.0256410256410257
1006	-0.147435897435897
1007	-0.147435897435897
1008	-0.118589743589744
1009	0.0576923076923076
1010	0.0384615384615383
1011	0.00320512820512819
1012	0.0128205128205129
1013	0.0128205128205129
1014	-0.0256410256410257
1015	-0.0737179487179487
1016	-0.121794871794872
1017	-0.121794871794872
1018	-0.141025641025641
1019	-0.121794871794872
1020	-0.195512820512821
1021	-0.21474358974359
1022	-0.141025641025641
1023	-0.121794871794872
1024	-0.121794871794872
1025	-0.0929487179487181
1026	-0.166666666666667
1037	-0.282051282051282
1038	-0.272435897435897
1039	-0.291666666666667
1040	-0.320512820512821
1041	-0.237179487179487
1042	-0.169871794871795
1043	-0.169871794871795
1044	-0.217948717948718
1091	-0.137820512820513
1161	0.0544871794871793
1164	0.0544871794871793
1300	-0.147435897435897
1301	-0.137820512820513
1304	-0.262820512820513
1305	-0.272435897435897
1306	-0.272435897435897
1475	-0.21474358974359
1476	-0.224358974358975
1477	-0.233974358974359
1478	-0.272435897435897
1479	-0.291666666666667
1480	-0.282051282051282
1481	-0.320512820512821
1482	-0.282051282051282
1483	-0.272435897435897
1484	-0.134615384615385
1485	-0.144230769230769
1486	-0.153846153846154
1487	-0.134615384615385
1488	-0.266025641025641
1489	-0.192307692307693
1490	-0.266025641025641
1491	-0.294871794871795
1492	-0.163461538461539
1493	-0.217948717948718
1494	-0.217948717948718
1495	-0.246794871794872
1496	-0.30448717948718
1497	-0.28525641025641
1498	-0.294871794871795
1499	-0.221153846153846
1500	-0.128205128205128
1501	-0.128205128205128
1502	-0.201923076923077
1503	-0.201923076923077
1504	-0.275641025641026
1505	-0.275641025641026
1506	-0.378205128205128
1507	-0.108974358974359
1508	-0.0256410256410258
1509	-0.0160256410256412
1510	0.096153846153846
1511	0.0224358974358974
1512	0.0416666666666665
1513	0.0801282051282051
1514	0.0608974358974359
1515	0.0608974358974359
1516	0.144230769230769
1517	0.227564102564103
1518	0.237179487179487
1519	0.246794871794872
1520	0.0993589743589745
1521	0.0897435897435896
1522	0.0897435897435896
1523	0.153846153846154
1524	0.163461538461538
1525	0.0608974358974359
1526	0.0512820512820513
1527	0.182692307692308
1528	0.163461538461538
1529	0.153846153846154
1530	0.173076923076923
1531	0.173076923076923
1532	0.230769230769231
1533	0.147435897435897
1534	0.157051282051282
1535	0.0641025641025639
1536	-0.0576923076923079
1537	-0.0673076923076923
1538	-0.0865384615384617
1539	-0.0673076923076923
1540	-0.131410256410257
1541	-0.205128205128205
1542	-0.205128205128205
1600	-0.0320512820512822
1601	-0.0416666666666669
1602	-0.0320512820512822
1603	-0.0705128205128205
1604	-0.00320512820512819
1716	-0.0993589743589745
1717	-0.0993589743589745
1732	-0.185897435897436
1733	-0.195512820512821
1734	-0.121794871794872
1736	-0.176282051282051
1737	-0.166666666666667
1738	-0.166666666666667
1739	-0.0448717948717949
1740	-0.0448717948717949
1741	-0.108974358974359
1742	-0.128205128205128
1747	-0.185897435897436
1748	-0.233974358974359
1749	-0.205128205128205
1916	-0.128205128205128
1917	-0.147435897435897
1918	-0.176282051282051
1919	-0.176282051282051
1920	-0.176282051282051
1921	-0.185897435897436
1922	-0.157051282051282
2043	-0.185897435897436
2044	-0.176282051282051
2045	-0.147435897435897
2046	-0.128205128205128
2064	-0.137820512820513
2065	-0.064102564102564
2066	-0.0544871794871796
2067	-0.102564102564103
2068	-0.185897435897436
2085	-0.253205128205128
2086	-0.272435897435897
2087	-0.262820512820513
2088	-0.301282051282051
2089	-0.246794871794872
2091	-0.33974358974359
2092	-0.320512820512821
2093	-0.330128205128205
2094	-0.282051282051282
2095	-0.291666666666667
2096	-0.282051282051282
2097	-0.189102564102564
2098	-0.17948717948718
2099	-0.262820512820513
2156	0.00641025641025628
2157	-0.0224358974358976
2158	-0.0224358974358976
2159	-0.0128205128205129
2160	-0.060897435897436
2171	-0.0897435897435899
2173	-0.137820512820513
2174	-0.0352564102564104
2175	-0.118589743589744
2176	-0.108974358974359
2177	-0.118589743589744
2178	-0.0897435897435899
2179	-0.128205128205128
2180	-0.185897435897436
2181	-0.176282051282051
2187	-0.17948717948718
2188	-0.198717948717949
2189	-0.189102564102564
2190	-0.282051282051282
2203	-0.330128205128205
2322	-0.108974358974359
2323	-0.0993589743589745
2324	-0.0705128205128205
2325	-0.108974358974359
2326	-0.108974358974359
2327	-0.0993589743589745
2328	-0.0801282051282052
2329	-0.0993589743589745
2330	-0.0801282051282052
2331	-0.0801282051282052
2332	-0.0993589743589745
2333	-0.0993589743589745
2334	-0.0448717948717949
2335	-0.0833333333333333
2336	-0.137820512820513
2337	-0.137820512820513
2351	-0.0128205128205129
2368	0.0608974358974358
2369	0.134615384615384
2370	0.0897435897435896
2371	0.0608974358974358
2372	0.0416666666666665
2373	0.0512820512820512
2374	0.0608974358974358
2375	0.134615384615384
2376	0.134615384615384
2377	0.144230769230769
2378	0.134615384615384
2379	0.0961538461538461
2380	0.115384615384615
2381	0.189102564102564
2382	0.179487179487179
2383	0.0480769230769229
2384	0.0480769230769229
2385	0.0384615384615383
2386	-0.0544871794871796
2388	-0.0448717948717949
2389	-0.0352564102564104
2390	-0.0737179487179487
2391	-0.112179487179487
2392	-0.0737179487179487
2393	-0.112179487179487
2394	-0.0769230769230771
2395	-0.0865384615384617
2396	-0.272435897435897
2397	-0.198717948717949
2398	-0.169871794871795
2399	-0.16025641025641
2400	-0.141025641025641
2401	-0.150641025641026
2402	-0.198717948717949
2403	-0.198717948717949
2468	-0.128205128205128
2469	-0.0897435897435899
2473	-0.118589743589744
2474	-0.0993589743589745
2475	-0.0993589743589745
2476	-0.0256410256410257
2477	-0.0352564102564104
2478	-0.118589743589744
2479	-0.128205128205128
2480	-0.0448717948717949
2481	-0.064102564102564
2482	-0.0737179487179487
2483	-0.0929487179487181
2484	-0.131410256410257
2485	-0.112179487179487
2486	-0.102564102564103
2487	-0.17948717948718
2488	-0.217948717948718
2489	-0.291666666666667
2490	-0.282051282051282
2491	-0.272435897435897
2527	-0.137820512820513
2528	-0.118589743589744
2529	-0.137820512820513
2530	-0.108974358974359
2531	-0.137820512820513
2532	-0.118589743589744
2533	-0.137820512820513
2534	-0.147435897435897
2535	-0.157051282051282
2536	-0.157051282051282
2537	-0.147435897435897
2538	-0.0929487179487181
2539	-0.166666666666667
2548	-0.128205128205128
2549	-0.137820512820513
2550	-0.128205128205128
2551	-0.0705128205128205
2581	0.163461538461538
2582	0.275641025641025
2583	0.266025641025641
2584	0.108974358974359
2585	0.108974358974359
2586	0.0352564102564102
2587	0.0352564102564102
2588	0.0833333333333334
2589	0.0833333333333334
2590	0.185897435897436
2591	0.19551282051282
2592	0.185897435897436
2593	0.278846153846154
2594	0.25
2595	0.230769230769231
2596	0.108974358974359
2597	0.118589743589744
2598	0.0641025641025641
2599	0.147435897435897
2600	0.166666666666667
2601	0.118589743589744
2602	0.0993589743589743
2603	0.0897435897435896
2604	0.173076923076923
2605	0.182692307692308
2606	0.173076923076923
2607	0.173076923076923
2608	0.256410256410256
2609	0.256410256410256
2610	0.221153846153846
2611	0.230769230769231
2612	0.221153846153846
2613	0.147435897435897
2614	0.166666666666667
2615	0.259615384615384
2616	0.147435897435897
2619	0.0544871794871793
2620	0.0256410256410255
2621	0.00641025641025628
2622	-0.0320512820512822
2623	-0.060897435897436
2624	-0.0256410256410257
2625	-0.0160256410256411
2626	-0.128205128205128
2627	-0.137820512820513
2628	-0.137820512820513
2633	-0.0320512820512822
2634	-0.060897435897436
2649	-0.108974358974359
2650	-0.108974358974359
2653	-0.0801282051282052
2659	0.0705128205128205
2660	0.0801282051282052
2661	0.163461538461538
2662	0.182692307692308
2663	0.173076923076923
2664	0.163461538461538
2665	0.237179487179487
2666	0.227564102564102
2667	0.198717948717948
2668	0.189102564102564
2669	0.115384615384615
2670	0.208333333333333
2671	0.208333333333333
2672	0.227564102564102
2673	0.198717948717948
2674	0.150641025641025
2675	0.131410256410256
2676	0.0192307692307693
2677	-0.0384615384615388
2678	0
2679	0
2680	0.00961538461538458
2681	0
2682	-0.0384615384615388
2683	0.0544871794871791
2684	-0.121794871794872
2685	-0.205128205128205
2686	-0.243589743589744
2687	-0.272435897435897
2688	-0.310897435897436
2811	-0.217948717948718
2812	-0.208333333333333
2813	-0.208333333333333
2814	-0.217948717948718
2815	-0.237179487179487
2816	-0.237179487179487
2817	-0.208333333333333
2818	-0.189102564102564
2993	0.0448717948717948
2994	0.0448717948717948
2995	0.016025641025641
2996	-0.00320512820512819
2997	0.0448717948717948
3002	0.0737179487179487
3380	0.150641025641026
3381	0.205128205128205
3382	0.185897435897436
3383	0.205128205128205
3384	0.243589743589744
3385	0.381410256410256
3386	0.400641025641025
3387	0.307692307692308
3388	0.41025641025641
3389	0.41025641025641
3390	0.429487179487179
3391	0.483974358974359
3392	0.474358974358974
3393	0.522435897435897
3394	0.512820512820513
3395	0.355769230769231
3396	0.346153846153846
3397	0.346153846153846
3398	0.307692307692308
3399	0.326923076923077
3400	0.307692307692308
3401	0.307692307692308
3402	0.298076923076923
3403	0.21474358974359
3404	0.121794871794872
3405	0.102564102564102
3409	0.112179487179487
3410	0.121794871794872
3411	0.0833333333333334
3412	0.0448717948717948
3413	0.128205128205128
3414	0.137820512820513
3415	0.108974358974359
3474	-0.00320512820512819
3475	0.00641025641025628
3476	-0.00320512820512819
3527	-0.157051282051282
3528	0.0384615384615383
3529	-0.0160256410256411
3530	0.0576923076923076
3531	0.0480769230769229
3532	0.0480769230769229
3533	0.0769230769230768
3534	0.0576923076923076
3535	0.0769230769230768
3536	0.0769230769230768
3537	0.0673076923076922
3538	0.189102564102564
3539	0.169871794871795
3540	0.150641025641025
3541	0.16025641025641
3542	0.121794871794872
3543	0.0929487179487178
3544	0.0833333333333333
3545	0
3546	0.230769230769231
3547	0.211538461538461
3548	0.201923076923077
3549	0.221153846153846
3550	0.230769230769231
3551	0.118589743589743
3552	0.118589743589743
3553	-0.0384615384615388
3554	-0.0384615384615388
3555	-0.0096153846153848
3556	0.0448717948717945
3557	-0.0192307692307694
3558	-0.137820512820513
3579	-0.128205128205128
3580	-0.147435897435897
3581	-0.137820512820513
3649	-0.0993589743589745
3650	-0.128205128205128
3651	-0.0801282051282052
3652	-0.0416666666666669
3653	0.0320512820512819
3654	0.0128205128205129
3655	0.105769230769231
3656	0.105769230769231
3657	0.0865384615384615
3658	0.0128205128205129
3667	-0.060897435897436
3668	-0.0416666666666669
3773	-0.137820512820513
3774	-0.176282051282051
3775	-0.176282051282051
3788	-0.310897435897436
3789	-0.320512820512821
3790	-0.33974358974359
3791	-0.33974358974359
3802	-0.131410256410257
3803	-0.102564102564103
3804	-0.121794871794872
3805	-0.131410256410257
3806	-0.112179487179487
3807	0.00961538461538458
3808	-0.0737179487179487
3809	-0.157051282051282
3810	-0.0448717948717949
3811	0.0480769230769229
3812	0.0384615384615383
3813	0.0576923076923076
3814	0.105769230769231
3815	0.141025641025641
3816	0.169871794871795
3817	0.169871794871795
3818	0.179487179487179
3819	0.198717948717948
3820	0.310897435897436
3821	0.349358974358974
3822	0.451923076923077
3823	0.451923076923077
3824	0.294871794871795
3825	0.294871794871795
3826	0.304487179487179
3827	0.240384615384615
3828	0.240384615384615
3829	0.333333333333333
3830	0.259615384615384
3831	0.269230769230769
3832	0.278846153846154
3833	0.259615384615384
3834	0.259615384615384
3835	0.240384615384615
3836	0.147435897435897
3837	0.304487179487179
3838	0.108974358974359
3839	0.0801282051282052
3840	-0.0128205128205129
3841	0.108974358974359
3842	0.00641025641025628
3845	-0.0224358974358976
3846	-0.0224358974358976
3867	-0.224358974358975
3868	-0.21474358974359
3869	-0.102564102564103
3870	-0.131410256410257
3871	-0.102564102564103
3872	0
3873	-0.128205128205128
3874	-0.0897435897435899
3875	-0.0416666666666669
3876	-0.0224358974358976
3877	-0.0512820512820514
3878	-0.0416666666666669
3879	-0.00320512820512819
3880	-0.0128205128205129
3945	-0.189102564102564
3946	-0.198717948717949
3947	0.0673076923076921
3948	0
3949	-0.0480769230769234
3950	-0.0384615384615388
3951	-0.0769230769230771
3952	-0.153846153846154
3953	-0.144230769230769
3954	-0.208333333333333
3955	-0.227564102564103
3956	-0.134615384615385
3957	-0.134615384615385
3958	-0.144230769230769
3959	-0.125
3960	-0.105769230769231
3961	-0.115384615384616
3962	-0.134615384615385
3963	-0.144230769230769
3964	-0.0705128205128205
3965	-0.0705128205128205
3966	-0.0320512820512822
3967	-0.0416666666666667
3968	-0.0320512820512822
3969	-0.0128205128205128
3970	-0.00320512820512819
3971	-0.0865384615384617
3972	-0.0865384615384617
3973	-0.169871794871795
3974	-0.198717948717949
3975	-0.169871794871795
3976	-0.336538461538462
3977	-0.298076923076923
3978	-0.189102564102564
3979	-0.17948717948718
3980	-0.21474358974359
3981	-0.371794871794872
3982	-0.342948717948718
4034	-0.185897435897436
4038	-0.185897435897436
4039	-0.064102564102564
4040	-0.176282051282051
4041	-0.112179487179487
4042	-0.112179487179487
4043	-0.141025641025641
4044	-0.0480769230769234
4045	-0.0192307692307694
4046	-0.0384615384615388
4047	-0.0288461538461542
4048	-0.131410256410257
4049	-0.21474358974359
4050	-0.195512820512821
4051	-0.205128205128205
4052	-0.253205128205128
4053	-0.233974358974359
4054	0.0256410256410253
4055	-0.0576923076923079
4056	0.0448717948717945
4057	0.0352564102564099
4058	0.016025641025641
4059	0.0352564102564099
4060	0.0544871794871791
4061	0.0448717948717945
4062	0.147435897435897
4063	0.0641025641025639
4064	0.0448717948717945
4065	0.0352564102564099
4066	0.0544871794871791
4067	-0.0288461538461542
4068	0.0641025641025639
4069	0.0448717948717945
4070	-0.0288461538461542
4071	-0.0576923076923079
4072	-0.0480769230769234
4073	-0.105769230769231
4074	-0.16025641025641
4075	-0.246794871794872
4076	-0.227564102564103
4077	-0.320512820512821
4078	-0.310897435897436
4276	0.102564102564102
4277	0.0833333333333334
4298	0.0737179487179487
4299	0.137820512820513
4300	0.128205128205128
4301	0.128205128205128
4302	0.163461538461538
4303	0.173076923076923
4304	0.153846153846154
4305	0.0608974358974358
4306	0.0993589743589743
4307	-0.00320512820512819
4308	0.00641025641025628
4404	-0.0320512820512822
4419	0.0993589743589743
4420	0.0352564102564102
4421	0.0833333333333334
4422	0.0929487179487178
4423	0.0833333333333334
4424	0.0544871794871793
4425	0.0544871794871793
4426	0.0256410256410255
4427	0.0544871794871793
4428	0.00641025641025628
4429	-0.00320512820512819
4430	-0.0320512820512822
4431	-0.0801282051282052
4432	0.105769230769231
4433	0.144230769230769
4434	0.125
4435	0.0416666666666665
4436	0.0416666666666665
4437	0.0128205128205129
4446	-0.166666666666667
4447	-0.166666666666667
4448	-0.166666666666667
4449	-0.128205128205128
4450	-0.128205128205128
4451	-0.0352564102564104
4452	-0.0256410256410257
4453	-0.108974358974359
4516	-0.176282051282051
4517	-0.176282051282051
4521	-0.272435897435897
4522	-0.262820512820513
4523	-0.243589743589744
4524	-0.195512820512821
4525	-0.233974358974359
4550	-0.21474358974359
4558	-0.262820512820513
4559	-0.310897435897436
4560	-0.310897435897436
4561	-0.282051282051282
4568	-0.310897435897436
4569	-0.310897435897436
4570	-0.208333333333333
4571	-0.368589743589744
4572	-0.368589743589744
4573	-0.330128205128205
4574	-0.310897435897436
4575	-0.266025641025641
4576	-0.358974358974359
4577	-0.28525641025641
4578	-0.275641025641026
4579	-0.30448717948718
4580	-0.30448717948718
4581	-0.275641025641026
4582	-0.330128205128205
4583	-0.310897435897436
4659	-0.349358974358975
4660	-0.33974358974359
4661	-0.397435897435898
4684	-0.416666666666667
4685	-0.435897435897436
4686	-0.445512820512821
4687	-0.46474358974359
4688	-0.483974358974359
4689	-0.503205128205128
4690	-0.522435897435897
4691	-0.493589743589744
4765	-0.301282051282051
4767	-0.282051282051282
4768	-0.282051282051282
4769	-0.310897435897436
4770	-0.256410256410257
4771	-0.192307692307693
4772	-0.221153846153846
4773	-0.211538461538462
4774	-0.201923076923077
4775	-0.25
4776	-0.259615384615385
4777	-0.25
4778	-0.221153846153846
4779	-0.230769230769231
4780	-0.201923076923077
4781	-0.0160256410256412
4782	0.0320512820512819
4783	0.0897435897435896
4784	0.0352564102564099
4785	0.0544871794871791
4786	0.0448717948717945
4787	-0.0096153846153848
4788	0.0288461538461536
4789	0.0961538461538461
4790	0.0128205128205129
4791	0.105769230769231
4792	0.0512820512820512
4882	-0.358974358974359
4883	-0.387820512820513
4884	-0.387820512820513
4888	-0.368589743589744
4889	-0.330128205128205
4890	-0.33974358974359
4891	-0.330128205128205
4930	-0.233974358974359
4931	-0.243589743589744
4932	-0.195512820512821
4943	-0.349358974358975
4946	-0.330128205128205
4947	-0.330128205128205
4948	-0.301282051282051
4949	-0.291666666666667
4950	-0.243589743589744
4951	-0.208333333333333
4952	-0.198717948717949
4953	-0.182692307692308
4954	-0.266025641025641
4955	-0.192307692307693
4956	-0.0993589743589747
4957	-0.153846153846154
4958	-0.041666666666667
4959	0.0416666666666665
4960	-0.0160256410256412
4961	-0.0897435897435901
4962	-0.0256410256410258
4963	0.0480769230769229
4964	0.0769230769230766
4965	-0.0705128205128207
4966	-0.227564102564103
4967	-0.256410256410257
4968	-0.275641025641026
4969	-0.208333333333333
4970	-0.169871794871795
4971	-0.17948717948718
4972	-0.217948717948718
4973	-0.237179487179487
4974	-0.237179487179487
4975	-0.237179487179487
4976	-0.237179487179487
4977	-0.256410256410257
4978	-0.275641025641026
4979	-0.33974358974359
4980	-0.358974358974359
4981	-0.378205128205128
4982	-0.378205128205128
4983	-0.349358974358975
4984	-0.387820512820513
4985	-0.407051282051282
4986	-0.435897435897436
5069	-0.474358974358975
5070	-0.493589743589744
5071	-0.512820512820513
5072	-0.551282051282051
5073	-0.461538461538462
5074	-0.451923076923077
5075	-0.544871794871795
5076	-0.55448717948718
5077	-0.573717948717949
5078	-0.490384615384616
5079	-0.538461538461539
5080	-0.538461538461539
5081	-0.557692307692308
5082	-0.605769230769231
5083	-0.708333333333333
5084	-0.727564102564103
5085	-0.746794871794872
5086	-0.746794871794872
5087	-0.791666666666667
5088	-0.727564102564103
5089	-0.698717948717949
5090	-0.67948717948718
5091	-0.641025641025641
5092	-0.621794871794872
5162	-0.291666666666667
5163	-0.0961538461538463
5164	-0.224358974358975
5165	-0.189102564102564
5166	-0.169871794871795
5167	-0.198717948717949
5168	-0.115384615384615
5169	-0.153846153846154
5170	-0.266025641025641
5171	-0.256410256410257
5172	-0.320512820512821
5173	-0.330128205128205
5174	-0.266025641025641
5175	-0.256410256410257
5176	-0.173076923076923
5177	-0.211538461538462
5178	-0.182692307692308
5179	-0.108974358974359
5180	-0.0801282051282053
5181	-0.108974358974359
5182	-0.0897435897435901
5183	-0.211538461538462
5184	-0.288461538461539
5185	-0.288461538461539
5186	-0.205128205128206
5187	-0.259615384615385
5188	-0.25
5189	-0.166666666666667
5190	-0.25
5191	-0.259615384615385
5192	-0.25
5193	-0.259615384615385
5194	-0.269230769230769
5195	-0.326923076923077
5196	-0.317307692307693
5197	-0.474358974358975
5235	-0.628205128205129
5236	-0.637820512820513
5237	-0.570512820512821
5238	-0.560897435897436
5239	-0.551282051282051
5240	-0.657051282051282
5241	-0.666666666666667
5242	-0.666666666666667
5243	-0.676282051282051
5244	-0.647435897435898
5245	-0.647435897435898
5246	-0.676282051282051
5247	-0.657051282051282
5248	-0.647435897435898
5267	-0.91025641025641
5268	-0.955128205128205
5270	-0.852564102564103
5312	-1.31089743589744
5313	-1.32051282051282
5314	-1.17307692307692
5315	-1.19230769230769
5316	-1.22115384615385
5317	-1.17307692307692
5318	-1.17307692307692
5319	-1.1474358974359
5320	-1.1474358974359
5321	-1.15705128205128
5322	-1.19551282051282
5323	-1.18589743589744
5324	-1.06410256410256
5325	-1.04487179487179
5326	-1.08333333333333
5327	-1.05448717948718
5328	-1.01602564102564
5329	-0.919871794871795
5330	-0.910256410256411
5331	-0.891025641025642
5332	-0.871794871794872
5333	-0.794871794871795
5334	-0.756410256410257
5335	-0.58974358974359
5336	-0.58974358974359
5337	-0.580128205128205
5338	-0.698717948717949
5339	-0.541666666666667
5340	-0.570512820512821
5341	-0.394230769230769
5342	-0.448717948717949
5343	-0.362179487179487
5344	-0.509615384615385
5345	-0.51923076923077
5346	-0.451923076923077
5347	-0.384615384615385
5348	-0.381410256410256
5349	-0.298076923076923
5350	-0.445512820512821
5351	-0.397435897435898
5352	-0.378205128205129
5353	-0.378205128205129
5354	-0.407051282051282
5355	-0.368589743589744
5356	-0.256410256410257
5357	-0.266025641025641
5358	-0.30448717948718
5359	-0.221153846153846
5360	-0.314102564102564
5361	-0.323717948717949
5362	-0.185897435897436
5363	-0.102564102564103
5364	0.0352564102564101
5365	-0.00320512820512842
5366	-0.0224358974358978
5367	0.0416666666666665
5368	0.0224358974358974
5369	0.141025641025641
5370	0.131410256410256
5371	-0.0544871794871797
5372	-0.0641025641025643
5373	-0.157051282051282
5374	-0.157051282051282
5375	-0.342948717948718
5376	-0.294871794871795
5377	-0.432692307692308
5378	-0.378205128205128
5379	-0.46474358974359
5380	-0.503205128205128
5381	-0.42948717948718
5382	-0.330128205128205
5383	-0.294871794871795
5384	-0.416666666666667
5385	-0.352564102564103
5386	-0.381410256410257
5387	-0.419871794871795
5388	-0.317307692307693
5389	-0.317307692307693
5390	-0.342948717948718
5391	-0.278846153846155
5392	-0.391025641025642
5393	-0.326923076923078
5394	-0.262820512820513
5395	-0.307692307692309
5396	-0.21474358974359
5397	-0.141025641025642
5398	-0.195512820512821
5399	-0.176282051282052
5400	-0.221153846153846
5401	-0.211538461538462
5402	-0.128205128205128
5403	-0.201923076923077
5404	-0.240384615384616
5405	-0.407051282051282
5406	-0.416666666666667
5407	-0.397435897435898
5408	-0.387820512820513
5409	-0.221153846153846
5410	-0.288461538461539
5411	-0.346153846153847
5412	-0.39423076923077
5413	-0.403846153846154
5414	-0.365384615384616
5415	-0.326923076923078
5416	-0.317307692307693
5417	-0.288461538461539
5418	-0.416666666666667
5419	-0.461538461538461
5420	-0.451923076923077
5421	-0.618589743589744
5422	-0.608974358974359
5423	-0.608974358974359
5424	-0.711538461538461
5425	-0.730769230769231
5426	-0.778846153846155
5427	-0.833333333333333
5428	-0.823717948717949
5429	-0.849358974358975
5430	-0.846153846153846
5431	-0.782051282051282
5432	-0.913461538461539
5433	-0.971153846153846
5434	-1.04487179487179
5435	-1.15705128205128
5436	-1.07371794871795
5437	-1.06410256410256
5438	-1.09294871794872
5439	-1.00961538461539
5440	-0.923076923076923
5441	-0.913461538461539
5442	-0.894230769230769
5443	-0.820512820512821
5444	-0.830128205128205
5445	-0.996794871794872
5446	-0.919871794871795
5447	-0.852564102564103
5448	-0.871794871794872
5449	-0.817307692307693
5450	-0.92948717948718
5451	-0.865384615384616
5452	-0.753205128205129
5453	-0.798076923076923
5454	-0.573717948717949
5455	-0.548076923076923
5456	-0.612179487179487
5457	-0.5
5458	-0.46474358974359
5459	-0.342948717948718
5460	-0.230769230769231
5461	-0.259615384615385
5462	-0.182692307692308
5463	-0.246794871794872
5464	-0.285256410256411
5465	-0.314102564102565
5466	-0.230769230769231
5467	-0.314102564102565
5468	-0.294871794871795
5469	-0.256410256410257
5470	-0.246794871794872
5471	-0.227564102564103
5472	-0.403846153846154
5473	-0.310897435897436
5474	-0.355769230769231
5475	-0.375
5476	-0.413461538461539
5477	-0.291666666666667
5478	-0.320512820512821
5479	-0.375
5480	-0.301282051282051
5481	-0.189102564102565
5482	-0.169871794871795
5483	-0.160256410256411
5484	0.0544871794871793
5485	-0.0673076923076927
5486	-0.0384615384615385
5487	0.0192307692307689
5488	0.00961538461538436
5489	0
5490	-0.205128205128205
5491	-0.278846153846154
5492	-0.028846153846154
5493	-0.0833333333333335
5494	-0.108974358974359
5495	-0.192307692307693
5496	-0.246794871794872
5497	-0.0128205128205128
5498	-0.0512820512820513
5499	-0.108974358974359
5500	-0.0801282051282053
5501	-0.0705128205128205
5502	-0.153846153846154
5503	-0.134615384615385
5504	-0.0128205128205128
5505	0.108974358974359
5506	0.128205128205128
5507	0.108974358974359
5508	0.108974358974359
5509	-0.0320512820512822
5510	-0.0128205128205128
5511	0.0608974358974357
5512	0.0897435897435894
5513	-0.0128205128205128
5514	0.0160256410256407
5515	0.0352564102564101
5516	-0.0288461538461542
5517	-0.141025641025641
5518	-0.16025641025641
5519	-0.141025641025641
5520	-0.288461538461539
5521	-0.230769230769231
5522	-0.25
5523	-0.362179487179487
5524	-0.445512820512821
5525	-0.42948717948718
5526	-0.506410256410257
5527	-0.467948717948718
5537	-0.791666666666667
5538	-0.820512820512821
5539	-0.83974358974359
5559	-1.2724358974359
5560	-1.32051282051282
5592	-0.801282051282051
5593	-0.782051282051282
5601	-0.887820512820513
5602	-0.852564102564103
5603	-0.657051282051282
5604	-0.592948717948718
5605	-0.538461538461539
5606	-0.51923076923077
5607	-0.548076923076923
5608	-0.455128205128205
5609	-0.00961538461538503
5610	-6.66133814775094e-16
5611	-0.0737179487179489
5612	-0.0544871794871797
5613	-0.0641025641025643
5614	-0.0737179487179489
5615	0.0192307692307687
5616	0.128205128205128
5617	0.128205128205128
5618	0.0352564102564101
5619	-0.0576923076923079
5620	-0.0480769230769236
5621	-0.0480769230769236
5622	0.0544871794871795
5623	0.0641025641025639
5624	0.128205128205128
5625	0.25
5626	0.192307692307692
5627	0.173076923076923
5628	-0.0416666666666665
5629	-0.00320512820512842
5630	0.0256410256410258
5631	0.19551282051282
5632	0.243589743589744
5633	0.19551282051282
5634	0.182692307692307
5635	0.182692307692307
5636	0.211538461538461
5637	0.0929487179487178
5638	0.112179487179487
5639	-0.0737179487179489
5640	-0.147435897435898
5641	-0.144230769230769
5642	-0.118589743589744
5643	-0.00641025641025639
5644	-0.108974358974359
5645	-0.525641025641026
5646	-0.628205128205129
5647	-0.608974358974359
5648	-0.516025641025641
5649	-0.516025641025641
5650	-0.551282051282052
5651	-0.608974358974359
5652	-0.775641025641026
5653	-0.814102564102564
5654	-0.80448717948718
5655	-0.766025641025641
5656	-0.775641025641026
5657	-0.785256410256411
5658	-0.830128205128205
5659	-0.83974358974359
5693	-0.55448717948718
5694	-0.509615384615385
5695	-0.483974358974359
5696	-0.448717948717949
5697	-0.125
5698	-0.0801282051282053
5699	0.0865384615384612
5700	0.0384615384615379
5701	-6.66133814775094e-16
5702	0.0544871794871795
5703	-0.012820512820513
5704	-0.0512820512820513
5705	0.0128205128205126
5706	0.115384615384615
5707	0.0673076923076921
5708	0.0288461538461537
5709	0.0192307692307692
5710	0.0192307692307692
5711	0.0384615384615385
5712	-0.163461538461539
5713	-0.0608974358974359
5714	0.0320512820512819
5715	0.0320512820512819
5716	0
5717	0.00961538461538436
5718	0.221153846153845
5719	0.182692307692307
5720	0.198717948717949
5721	0.227564102564102
5722	0.179487179487179
5723	0.16025641025641
5724	0.150641025641026
5725	0.567307692307692
5726	0.641025641025641
5727	0.631410256410255
5728	0.679487179487179
5729	0.448717948717949
5730	0.448717948717949
5731	0.599358974358974
5732	0.75
5733	0.368589743589743
5734	0.28525641025641
5735	0.182692307692307
5736	0.23076923076923
5737	0.147435897435897
5738	0.0833333333333335
5739	0.0737179487179485
5740	0.185897435897436
5741	0.0929487179487178
5742	-0.00961538461538503
5743	0.0929487179487178
5744	0.16025641025641
5745	0.189102564102564
5746	0.217948717948718
5747	0.227564102564102
5748	0.169871794871795
5749	0.0224358974358974
5750	-0.0224358974358978
5751	-0.0320512820512822
5752	-0.0480769230769236
5753	-0.0673076923076927
5754	-0.298076923076923
5755	-0.201923076923077
5756	-0.153846153846154
5757	-0.0801282051282053
5758	-0.0512820512820515
5759	0.0416666666666665
5760	-0.0224358974358978
5761	-0.307692307692308
5762	-0.381410256410256
5763	-0.474358974358975
5764	-0.455128205128205
5765	-0.221153846153846
5766	-0.323717948717949
5767	-0.493589743589744
5768	-0.596153846153846
5769	-0.557692307692308
5770	-0.567307692307693
5771	-0.641025641025641
5772	-0.557692307692308
5773	-0.519230769230769
5774	-0.455128205128205
5775	-0.349358974358975
5776	-0.33974358974359
5777	-0.291666666666667
5778	-0.105769230769231
5779	-0.169871794871795
5780	-0.169871794871795
5781	-0.198717948717949
5782	-0.208333333333333
5783	-0.227564102564103
5784	-0.0769230769230771
5785	0.0993589743589738
5786	0.0705128205128203
5787	0.0608974358974357
5788	0.182692307692307
5789	0.211538461538461
5790	0.201923076923077
5791	0.173076923076923
5792	0.108974358974359
5793	0.0256410256410255
5794	0.0160256410256407
5795	-0.0673076923076927
5796	-0.00320512820512819
5797	-0.115384615384616
5798	-0.0128205128205128
5799	-0.00320512820512819
5800	-0.0512820512820513
5801	-0.208333333333333
5802	-0.105769230769231
5803	-0.131410256410257
5804	-0.224358974358975
5805	-0.272435897435898
5806	-0.233974358974359
5807	-0.198717948717949
5808	-0.291666666666667
5809	-0.320512820512821
5810	-0.291666666666667
5811	-0.301282051282052
5812	-0.346153846153846
5813	-0.326923076923077
5814	-0.474358974358975
5815	-0.522435897435897
5816	-0.522435897435897
5817	-0.483974358974359
5818	-0.522435897435897
5819	-0.365384615384616
5820	-0.448717948717949
5826	-0.570512820512821
5827	-0.570512820512821
5828	-0.580128205128205
5829	-0.487179487179487
5830	-0.506410256410257
5831	-0.53525641025641
5832	-0.628205128205129
5833	-0.580128205128205
5836	-0.580128205128205
5837	-0.628205128205129
6016	0.391025641025641
6017	0.333333333333333
6018	0.778846153846154
6019	1.83974358974359
6020	2.08653846153846
6021	3.55128205128205
6022	3.99679487179487
6023	4.77564102564103
6024	4.78846153846154
6025	4.73076923076923
6026	4.59935897435897
6027	4.60897435897436
6028	4.5801282051282
6029	4.51282051282051
6030	4.51282051282051
6031	4.59615384615385
6032	4.59615384615385
6033	4.625
6034	4.64423076923077
6035	4.65384615384616
6036	4.66346153846154
6037	4.68269230769231
6038	4.68269230769231
6039	4.70192307692308
6040	4.72115384615385
6041	4.72115384615385
6042	4.75
6043	4.75
6044	4.75
6045	4.75
6046	4.69551282051282
6047	4.72435897435897
6048	4.72435897435897
6049	4.72435897435897
6050	4.73397435897436
6051	4.75320512820513
6052	4.44230769230769
6053	4.50961538461539
6054	4.1025641025641
6055	3.0801282051282
6056	2.88141025641026
6057	1.45512820512821
6058	0.705128205128205
