6	0.483974358974359
7	0.557692307692308
8	0.807692307692308
9	0.863782051282052
10	1.01923076923077
11	1.20032051282051
12	1.30608974358974
13	1.54326923076923
14	1.78044871794872
15	2.03044871794872
16	2.13621794871795
17	2.17307692307692
18	2.3974358974359
19	2.37179487179487
20	3.1650641025641
21	3.45192307692308
22	3.68910256410256
23	3.80128205128205
24	3.78205128205128
25	3.84935897435897
26	3.93589743589744
27	4.01442307692308
28	4.12019230769231
29	4.27564102564103
30	4.3125
31	4.42467948717949
32	4.29967948717949
33	4.64262820512821
34	4.59294871794872
35	4.56891025641026
36	4.375
37	4.38782051282051
38	4.40064102564103
39	4.46955128205128
40	4.45673076923077
41	4.38141025641026
42	4.20032051282051
43	4.18108974358974
44	4.08653846153846
45	4.16826923076923
46	4.10576923076923
47	4.21794871794872
48	3.51762820512821
49	3.41185897435898
50	3.39903846153846
51	3.64262820512821
52	4.20512820512821
53	4.47435897435898
54	4.54967948717949
55	4.57692307692308
56	4.68910256410256
57	4.56410256410256
58	4.72115384615385
59	4.79647435897436
60	4.81410256410256
61	4.62179487179487
62	4.79647435897436
63	4.97115384615385
64	4.90224358974359
65	5.08974358974359
66	5.4150641025641
67	5.77083333333333
68	5.83974358974359
69	5.87019230769231
70	6.15705128205128
71	6.22596153846154
72	6.30769230769231
73	6.7948717948718
74	6.67628205128205
75	7.18108974358975
76	7.39262820512821
77	7.53525641025641
78	7.67307692307693
79	7.56089743589744
80	7.52403846153846
81	7.74198717948718
82	7.65384615384616
83	7.77884615384615
84	7.94070512820513
85	7.89102564102564
86	7.82852564102564
87	8.14583333333334
88	8.1025641025641
89	8.43910256410257
90	8.25801282051282
91	8.6698717948718
92	9.00801282051282
93	9.63942307692308
94	9.69551282051282
95	9.4775641025641
96	9.6025641025641
97	9.60897435897436
98	9.39583333333334
99	9.51442307692308
100	9.37660256410257
101	8.95833333333334
102	8.94070512820513
103	8.7724358974359
104	8.99839743589744
105	8.90544871794872
106	8.69230769230769
107	9.01762820512821
108	8.90544871794872
109	8.69391025641026
110	9.09455128205128
111	9.27564102564103
112	9.27083333333334
113	9.19551282051282
114	9.38301282051282
115	9.24038461538462
116	9.82852564102564
117	9.6426282051282
118	9.83653846153846
119	9.60576923076923
120	9.90544871794872
121	9.57371794871795
122	9.43589743589744
123	9.60416666666667
124	9.74198717948718
125	9.87980769230769
126	10.1746794871795
127	10.2307692307692
128	10.724358974359
129	11.1233974358974
130	11.0929487179487
131	11.5240384615385
132	11.5064102564103
133	11.5064102564103
134	11.7067307692308
135	11.4375
136	11.4182692307692
137	11.25
138	10.9567307692308
139	11.1698717948718
140	11.2948717948718
141	11.4070512820513
142	11.2884615384615
143	10.9134615384615
144	10.8509615384615
145	11.025641025641
146	10.9695512820513
147	11.088141025641
148	10.525641025641
149	10.6442307692308
150	10.4695512820513
151	10.3076923076923
152	10.3509615384615
153	10.2387820512821
154	9.9198717948718
155	9.87019230769231
156	9.57692307692308
157	9.58974358974359
158	9.65224358974359
159	9.52724358974359
160	9.20192307692308
161	9.28365384615385
162	9.52724358974359
163	9.37660256410257
164	9.56410256410257
165	9.90705128205128
166	9.95032051282051
167	9.375
168	9.60576923076923
169	9.97435897435898
170	10.3990384615385
171	10.7612179487179
172	10.5176282051282
173	10.7804487179487
174	11.2996794871795
175	11.375
176	12.099358974359
177	11.6682692307692
178	11.823717948718
179	11.823717948718
180	11.599358974359
181	11.7932692307692
182	11.911858974359
183	12.1554487179487
184	12.1426282051282
185	11.9615384615385
186	12.386217948718
187	12.661858974359
188	12.9182692307692
189	13.1682692307692
190	13.0048076923077
191	12.9230769230769
192	12.6923076923077
193	12.5176282051282
194	12.4615384615385
195	12.5496794871795
196	12.3814102564103
197	12.0432692307692
198	11.6554487179487
199	11.4423076923077
200	11.5913461538462
201	11.4166666666667
202	10.9775641025641
203	10.9022435897436
204	10.7211538461538
205	10.5897435897436
206	10.4839743589744
207	10.4519230769231
208	10.4711538461538
209	10.7708333333333
210	11.0576923076923
211	10.7884615384615
212	10.838141025641
213	10.5320512820513
214	9.8573717948718
215	9.32532051282051
216	9.45032051282051
217	9.69391025641026
218	9.63782051282051
219	9.86378205128205
220	9.88782051282051
221	9.90064102564103
222	10
223	10.2740384615385
224	10.1794871794872
225	10.4038461538462
226	10.0849358974359
227	10.0977564102564
228	9.91025641025641
229	9.93589743589744
230	10.136217948718
231	10.2051282051282
232	9.86858974358974
233	10.0817307692308
234	9.90064102564103
235	9.65705128205128
236	9.875
237	9.54326923076923
238	9.13141025641026
239	9.08173076923077
240	8.83173076923077
241	9.38141025641026
242	9.48717948717949
243	9.5
244	9.30608974358974
245	8.99839743589744
246	9.00480769230769
247	8.87980769230769
248	8.55448717948718
249	8.3974358974359
250	8.60416666666667
251	8.27403846153846
252	8.04967948717949
253	8.26282051282051
254	8.34455128205128
255	8.2948717948718
256	8.45192307692308
257	8.50160256410256
258	8.34615384615385
259	8.08333333333333
260	8.19551282051282
261	8.02564102564103
262	8.01282051282051
263	8.38141025641026
264	8.19391025641026
265	8.33814102564103
266	8.38782051282051
267	8.38782051282051
268	8.45032051282051
269	8.32532051282051
270	8.55608974358974
271	8.48717948717949
272	8.39423076923077
273	8.07692307692308
274	7.83333333333333
275	7.87660256410257
276	8.23878205128205
277	8.30128205128205
278	7.9823717948718
279	8.03205128205128
280	7.92628205128205
281	7.80128205128205
282	8.07051282051282
283	8.68269230769231
284	8.38141025641026
285	8.11858974358974
286	7.96794871794872
287	8.01762820512821
288	7.89262820512821
289	8.11698717948718
290	8.12339743589744
291	7.83653846153846
292	7.78525641025641
293	7.56730769230769
294	8.21794871794872
295	8.16185897435898
296	8.11217948717949
297	7.78685897435898
298	7.72435897435898
299	7.99358974358974
300	8
301	8.14423076923077
302	8.78846153846154
303	8.97596153846154
304	8.86378205128205
305	8.87660256410257
306	8.89583333333334
307	9.05929487179487
308	9.32692307692308
309	9.32051282051282
310	9.37660256410257
311	8.83333333333334
312	9.27083333333334
313	9.27724358974359
314	9.71474358974359
315	9.65224358974359
316	9.76442307692308
317	9.43910256410257
318	9.55128205128205
319	9.42628205128205
320	9.27083333333334
321	9.21474358974359
322	8.7275641025641
323	8.67788461538461
324	8.82211538461539
325	8.65384615384616
326	8.54166666666667
327	8.47916666666667
328	8.59134615384615
329	8.44711538461539
330	8.07852564102564
331	8.17147435897436
332	8.02083333333334
333	8.05769230769231
334	8.11378205128205
335	8.06891025641026
336	8.06410256410256
337	7.73397435897436
338	7.60897435897436
339	7.6650641025641
340	7.16025641025641
341	7.00480769230769
342	6.58653846153846
343	6.96794871794872
344	7.24358974358974
345	7.88782051282051
346	7.78205128205128
347	7.98237179487179
348	8.15705128205128
349	8.30128205128205
350	8.30128205128205
351	8.46955128205128
352	8.42628205128205
353	8.67628205128205
354	8.7948717948718
355	9.03205128205128
356	9.20673076923077
357	9.03846153846154
358	9.15064102564103
359	8.9823717948718
360	9.23878205128205
361	9.45192307692308
362	9.62660256410257
363	9.67788461538462
364	9.5400641025641
365	9.90865384615385
366	10.3028846153846
367	10.3221153846154
368	10.7467948717949
369	11.1522435897436
370	11.1586538461538
371	10.7147435897436
372	10.5897435897436
373	10.2836538461538
374	10.6522435897436
375	11.1330128205128
376	11.4951923076923
377	11.8205128205128
378	11.5144230769231
379	11.4647435897436
380	11.6394230769231
381	11.7948717948718
382	11.9567307692308
383	11.5817307692308
384	11.3814102564103
385	11.4310897435897
386	11.4439102564103
387	11.3125
388	11.3253205128205
389	11.0817307692308
390	11.3445512820513
391	11.3878205128205
392	11.6634615384615
393	11.4134615384615
394	10.8621794871795
395	11.0432692307692
396	10.9182692307692
397	11.0689102564103
398	11.25
399	11.0560897435897
400	10.9871794871795
401	10.9375
402	10.6314102564103
403	10.5320512820513
404	10.2692307692308
405	9.80608974358974
406	10.375
407	10.349358974359
408	10.411858974359
409	10.3060897435897
410	9.93108974358974
411	9.84294871794872
412	9.66826923076923
413	9.78685897435898
414	9.61217948717949
415	9.97435897435898
416	10.224358974359
417	10.8926282051282
418	10.386217948718
419	10.1554487179487
420	10.6490384615385
421	11.0865384615385
422	11.161858974359
423	10.8189102564103
424	10.786858974359
425	10.2179487179487
426	10.1810897435897
427	10.1682692307692
428	10.25
429	10.2435897435897
430	10.4310897435897
431	10.2996794871795
432	10.2628205128205
433	10.4439102564103
434	10.0560897435897
435	10.1057692307692
436	9.94391025641026
437	10.2003205128205
438	10.3509615384615
439	10.5448717948718
440	10.963141025641
441	11.275641025641
442	11.6442307692308
443	11.1762820512821
444	10.7451923076923
445	10.5016025641026
446	10.8076923076923
447	11.3012820512821
448	10.6137820512821
449	10.4455128205128
450	10.9455128205128
451	11.2451923076923
452	11.3766025641026
453	11.5576923076923
454	11.7580128205128
455	11.9951923076923
456	11.9759615384615
457	11.900641025641
458	12.0560897435897
459	11.875
460	11.75
461	11.474358974359
462	11.411858974359
463	11.5865384615385
464	11.7051282051282
465	11.7051282051282
466	11.4615384615385
467	11.8429487179487
468	11.5432692307692
469	11.2932692307692
470	11.0304487179487
471	10.9551282051282
472	10.9983974358974
473	10.6041666666667
474	10.2916666666667
475	10.2163461538462
476	10.3974358974359
477	10.0528846153846
478	9.45192307692308
479	9.28365384615385
480	9.19070512820513
481	9.12179487179487
482	8.68429487179487
483	8.56570512820513
484	8.25961538461539
485	8.1474358974359
486	7.87820512820513
487	7.67788461538461
488	7.82692307692308
489	8.17147435897436
490	8.19711538461539
491	8.0849358974359
492	7.88461538461539
493	7.62820512820513
494	7.69711538461539
495	7.3974358974359
496	7.45352564102564
497	7.77884615384616
498	7.50320512820513
499	7.37179487179487
500	7.19070512820513
501	6.8974358974359
502	7.06570512820513
503	6.7724358974359
504	6.41025641025641
505	6.23557692307693
506	6.54326923076923
507	6.60576923076923
508	6.43108974358975
509	6.39423076923077
510	6.74358974358975
511	6.56891025641026
512	6.75
513	6.8125
514	6.76923076923077
515	6.81891025641026
516	6.65064102564103
517	6.39423076923077
518	6.40705128205128
519	6.23878205128205
520	6.15064102564103
521	5.96314102564103
522	5.98717948717949
523	5.875
524	5.61217948717949
525	5.36217948717949
526	5.5
527	5.82532051282051
528	5.82532051282051
529	6.13141025641026
530	6.0448717948718
531	6.10096153846154
532	6.29487179487179
533	6.37660256410257
534	5.97596153846154
535	5.88782051282051
536	6.25641025641026
537	6.25
538	5.83814102564103
539	5.93108974358974
540	5.9375
541	5.79967948717949
542	5.94871794871795
543	6.12980769230769
544	6.31089743589744
545	6.61057692307692
546	6.66666666666667
547	6.59775641025641
548	6.61698717948718
549	6.61057692307692
550	6.60416666666667
551	6.84775641025641
552	7.08012820512821
553	7.04967948717949
554	6.93108974358974
555	6.75
556	6.75641025641026
557	6.75641025641026
558	6.54326923076923
559	6.45512820512821
560	6.36698717948718
561	6.41666666666667
562	6.54807692307692
563	6.50480769230769
564	6.31730769230769
565	6.29807692307692
566	6.47916666666667
567	6.61057692307692
568	6.43429487179487
569	6.42147435897436
570	6.35897435897436
571	6.15224358974359
572	5.93269230769231
573	5.53846153846154
574	5.63141025641026
575	5.74358974358975
576	6.17467948717949
577	6.44391025641026
578	6.54326923076923
579	6.41185897435897
580	6.21634615384615
581	6.20352564102564
582	6.65384615384616
583	6.6474358974359
584	6.69070512820513
585	6.5400641025641
586	6.55929487179487
587	6.90865384615385
588	7.17147435897436
589	7.40224358974359
590	7.57692307692308
591	7.69551282051282
592	7.71314102564103
593	7.70032051282051
594	7.72596153846154
595	7.5448717948718
596	7.75801282051282
597	7.92147435897436
598	7.90865384615385
599	8.02083333333334
600	8.03365384615385
601	8.22115384615385
602	7.92788461538462
603	7.80929487179487
604	7.4150641025641
605	7.22115384615385
606	6.92788461538462
607	6.6650641025641
608	6.6650641025641
609	6.52083333333333
610	6.40224358974359
611	6.30769230769231
612	6.33974358974359
613	6.52083333333333
614	6.45833333333333
615	6.03365384615385
616	5.5400641025641
617	5.17147435897436
618	5.04647435897436
619	5.09775641025641
620	4.99198717948718
621	4.99839743589744
622	5.40384615384615
623	5.35416666666667
624	5.17307692307692
625	5.19230769230769
626	4.84294871794872
627	4.80608974358974
628	4.75641025641026
629	5.00641025641026
630	5.29326923076923
631	5.55608974358974
632	5.46153846153846
633	5.66826923076923
634	6.21153846153846
635	6.28685897435897
636	6.31891025641026
637	6.61858974358975
638	6.36217948717949
639	6.41826923076923
640	6.33012820512821
641	6.12980769230769
642	6.42307692307693
643	6.76121794871795
644	7.21153846153846
645	7.41826923076923
646	7.43108974358974
647	7.35576923076923
648	7.30608974358974
649	7.32371794871795
650	6.76762820512821
651	6.90384615384615
652	6.94711538461539
653	6.80929487179487
654	6.92788461538462
655	6.99679487179487
656	7.17147435897436
657	6.80929487179487
658	6.57852564102564
659	6.54647435897436
660	6.65384615384616
661	6.5224358974359
662	6.42948717948718
663	6.22916666666667
664	6.70512820512821
665	6.49358974358975
666	6.6875
667	7.01923076923077
668	7.18269230769231
669	7.16346153846154
670	7.15064102564103
671	7.31891025641026
672	7.11858974358974
673	7.43108974358974
674	7.75641025641026
675	7.79967948717949
676	7.86217948717949
677	7.81891025641026
678	7.94871794871795
679	8.05608974358974
680	8.21314102564103
681	8.1698717948718
682	8.34455128205128
683	8.28846153846154
684	8.10096153846154
685	8.15705128205128
686	8.36378205128205
687	8.38942307692308
688	8.76442307692308
689	8.68910256410257
690	8.71474358974359
691	9.19551282051282
692	8.99358974358974
693	8.96794871794872
694	8.95352564102564
695	8.79807692307692
696	9.00320512820513
697	9.41025641025641
698	9.36057692307692
699	9.17948717948718
700	9.44230769230769
701	9.14903846153846
702	9.28044871794872
703	9.45032051282051
704	9.59455128205128
705	10.0817307692308
706	10.4759615384615
707	10.7067307692308
708	10.8125
709	11.1442307692308
710	11.025641025641
711	10.9310897435897
712	11
713	11.1442307692308
714	11.150641025641
715	11.2259615384615
716	10.9262820512821
717	11.2259615384615
718	10.9823717948718
719	10.6762820512821
720	10.9022435897436
721	11.2275641025641
722	11.2724358974359
723	11.7852564102564
724	11.8846153846154
725	11.8028846153846
726	11.5721153846154
727	11.3349358974359
728	11.4855769230769
729	11.7724358974359
730	11.7227564102564
731	11.3910256410256
732	11.3782051282051
733	11.1282051282051
734	10.7660256410256
735	10.4663461538462
736	10.0721153846154
737	10.3221153846154
738	10.3285256410256
739	10.3717948717949
740	10.4775641025641
741	10.4278846153846
742	10.3028846153846
743	10.4278846153846
744	10.6842948717949
745	10.4471153846154
746	10.5528846153846
747	10.4647435897436
748	10.1650641025641
749	9.80288461538462
750	9.67147435897436
751	8.96474358974359
752	8.5400641025641
753	8.21474358974359
754	8.46474358974359
755	8.19551282051282
756	7.75801282051282
757	7.33974358974359
758	6.92147435897436
759	7.31410256410256
760	7.18269230769231
761	7.14583333333333
762	7.14583333333333
763	7.1025641025641
764	7.12820512820513
765	6.98397435897436
766	6.85897435897436
767	6.86538461538462
768	6.80929487179487
769	6.80929487179487
770	6.87820512820513
771	6.60416666666667
772	6.12339743589744
773	6.11698717948718
774	5.86698717948718
775	6.04166666666667
776	5.97275641025641
777	5.87179487179487
778	5.8525641025641
779	6.00801282051282
780	6.05769230769231
781	6.24519230769231
782	6.00801282051282
783	6.13301282051282
784	6.05128205128205
785	6.18269230769231
786	6.4375
787	6.15705128205128
788	5.99519230769231
789	5.78846153846154
790	5.65064102564103
791	5.77564102564103
792	5.91346153846154
793	5.52564102564103
794	5.65705128205128
795	5.4375
796	5.14903846153846
797	5.08653846153846
798	4.99839743589744
799	4.8349358974359
800	4.79647435897436
801	4.6650641025641
802	4.83333333333333
803	4.68910256410256
804	4.73878205128205
805	4.71955128205128
806	4.64423076923077
807	4.61378205128205
808	4.38301282051282
809	4.05769230769231
810	4.05769230769231
811	4.00160256410256
812	4.02083333333333
813	3.87660256410256
814	3.70192307692308
815	3.51282051282051
816	3.47435897435898
817	3.29807692307692
818	3.10416666666667
819	2.97916666666667
820	2.69711538461538
821	3.04166666666667
822	2.82852564102564
823	2.7724358974359
824	2.96634615384615
825	2.71634615384615
826	2.5849358974359
827	2.62339743589744
828	2.61698717948718
829	2.62339743589744
830	2.31730769230769
831	2.08653846153846
832	1.84935897435897
833	2.09935897435897
834	2.06891025641026
835	2.04487179487179
836	2.03205128205128
837	1.97596153846154
838	1.92628205128205
839	1.99519230769231
840	1.93910256410256
841	1.80769230769231
842	1.63301282051282
843	1.65224358974359
844	1.74679487179487
845	1.79166666666667
846	1.91666666666667
847	1.75480769230769
848	1.78044871794872
849	1.5625
850	1.61378205128205
851	1.83333333333333
852	1.70192307692308
853	1.76442307692308
854	1.7275641025641
855	1.6650641025641
856	1.67147435897436
857	1.67147435897436
858	1.68429487179487
859	1.7900641025641
860	1.74679487179487
861	1.49038461538462
862	1.5400641025641
863	1.52083333333333
864	1.47115384615385
865	1.54647435897436
866	1.48397435897436
867	1.3525641025641
868	1.37019230769231
869	1.4775641025641
870	1.55288461538462
871	1.5849358974359
872	1.5224358974359
873	1.42788461538462
874	1.38461538461538
875	1.37179487179487
876	1.50320512820513
877	1.48397435897436
878	1.58333333333333
879	1.50801282051282
880	1.38942307692308
881	1.31410256410256
882	1.30769230769231
883	1.24519230769231
884	1.25801282051282
885	1.25801282051282
886	1.17628205128205
887	1.06891025641026
888	1.07371794871795
889	1.07371794871795
890	0.879807692307692
891	0.729166666666667
892	0.785256410256411
893	0.759615384615385
894	0.865384615384615
895	0.809294871794872
896	0.703525641025641
897	0.671474358974359
898	0.658653846153846
899	0.65224358974359
900	0.658653846153846
901	0.665064102564102
902	0.544871794871795
903	0.551282051282051
904	0.363782051282051
905	0.169871794871795
906	0.113782051282051
907	-0.0176282051282051
908	0.0448717948717947
909	0.0753205128205129
910	0.0817307692307694
911	0.0929487179487181
912	-0.0016025641025641
913	-0.13301282051282
914	-0.227564102564103
915	-0.107371794871795
916	-0.0881410256410255
917	-0.0689102564102564
918	0.00641025641025628
919	0.00641025641025628
920	-0.0384615384615388
921	0.0240384615384615
922	-0.0817307692307692
923	0.0560897435897436
924	0.137820512820513
925	0.163461538461538
926	0.169871794871795
927	0.0945512820512823
928	0.137820512820513
929	0.269230769230769
930	0.307692307692308
931	0.376602564102564
932	0.426282051282051
933	0.663461538461539
934	0.83173076923077
935	0.737179487179487
936	0.875
937	0.900641025641026
938	1.08814102564103
939	1.11378205128205
940	1.18910256410256
941	1.3525641025641
942	1.36538461538462
943	1.37820512820513
944	1.47916666666667
945	1.69871794871795
946	1.78044871794872
947	1.80448717948718
948	1.85576923076923
949	1.74358974358974
950	1.86217948717949
951	1.75480769230769
952	1.83653846153846
953	1.76121794871795
954	1.86698717948718
955	2.06730769230769
956	2.01762820512821
957	1.95512820512821
958	1.99839743589744
959	1.91666666666667
960	1.93589743589744
961	1.72435897435897
962	1.63782051282051
963	1.68910256410256
964	1.50160256410256
965	1.45192307692308
966	1.33333333333333
967	1.40224358974359
968	1.32692307692308
969	1.23878205128205
970	1.22596153846154
971	1.15064102564103
972	0.974358974358974
973	0.774038461538461
974	0.642628205128205
975	0.612179487179487
976	0.543269230769231
977	0.530448717948718
978	0.573717948717949
979	0.536858974358974
980	0.399038461538462
981	0.556089743589744
982	0.387820512820513
983	0.269230769230769
984	0.206730769230769
985	0.137820512820513
986	0.232371794871795
987	0.245192307692308
988	0.150641025641026
989	0.157051282051282
990	0.100961538461539
991	0.075320512820513
992	0.0560897435897437
993	0.075320512820513
994	0.0128205128205128
995	0.00641025641025639
996	0.0192307692307691
997	-0.0432692307692309
998	-0.0304487179487181
999	0.0512820512820512
1000	0.221153846153846
1001	0.158653846153846
1002	0.158653846153846
1003	0.171474358974359
1004	0.233974358974359
1005	0.233974358974359
1006	0.0785256410256409
1007	0.266025641025641
1008	0.447115384615385
1009	0.302884615384616
1010	0.421474358974359
1011	0.333333333333333
1012	0.358974358974359
1013	0.326923076923077
1014	0.19551282051282
1015	0.232371794871795
1016	0.294871794871795
1017	0.350961538461539
1018	0.344551282051282
1019	0.400641025641026
1020	0.463141025641026
1021	0.469551282051282
1022	0.469551282051282
1023	0.495192307692308
1024	0.626602564102564
1025	0.633012820512821
1026	0.639423076923077
1027	0.596153846153846
1028	0.533653846153846
1029	0.520833333333333
1030	0.583333333333333
1031	0.721153846153846
1032	0.677884615384616
1033	0.733974358974359
1034	0.71474358974359
1035	0.514423076923077
1036	0.376602564102564
1037	0.495192307692308
1038	0.439102564102564
1039	0.407051282051282
1040	0.506410256410257
1041	0.493589743589744
1042	0.549679487179487
1043	0.575320512820513
1044	0.575320512820513
1045	0.556089743589744
1046	0.568910256410257
1047	0.519230769230769
1048	0.475961538461539
1049	0.456730769230769
1050	0.525641025641026
1051	0.355769230769231
1052	0.299679487179487
1053	0.399038461538462
1054	0.373397435897436
1055	0.392628205128205
1056	0.399038461538462
1057	0.399038461538462
1058	0.349358974358974
1059	0.299679487179487
1060	0.293269230769231
1061	0.230769230769231
1062	0.349358974358974
1063	0.431089743589744
1064	0.5625
1065	0.506410256410257
1066	0.650641025641026
1067	0.725961538461539
1068	0.69551282051282
1069	0.746794871794872
1070	0.701923076923077
1071	0.83974358974359
1072	0.833333333333333
1073	0.871794871794872
1074	0.891025641025641
1075	0.940705128205128
1076	1.10897435897436
1077	1.32211538461538
1078	1.24679487179487
1079	1.31570512820513
1080	1.29647435897436
1081	1.23397435897436
1082	1.30929487179487
1083	1.34615384615385
1084	1.27083333333333
1085	1.26442307692308
1086	1.25801282051282
1087	1.31410256410256
1088	1.28205128205128
1089	1.25641025641026
1090	1.13782051282051
1091	1.13141025641026
1092	0.993589743589744
1093	0.911858974358974
1094	0.737179487179487
1095	0.649038461538462
1096	0.548076923076923
1097	0.578525641025641
1098	0.560897435897436
1099	0.386217948717949
1100	0.392628205128205
1101	0.28525641025641
1102	0.278846153846154
1103	0.278846153846154
1104	0.0977564102564104
1105	-0.0657051282051281
1106	-0.0721153846153845
1107	-0.0528846153846153
1108	-0.0849358974358974
1109	-0.104166666666667
1110	-0.110576923076923
1111	-0.128205128205128
1112	-0.0897435897435899
1113	-0.0705128205128206
1114	-0.0528846153846153
1115	-0.108974358974359
1116	-0.0641025641025643
1117	0.0240384615384617
1118	0.0048076923076924
1119	0.136217948717949
1120	0.0801282051282051
1121	0.0801282051282051
1122	0.11698717948718
1123	0.110576923076923
1124	0.129807692307692
1125	0.0929487179487178
1126	0.0480769230769229
1127	0.091346153846154
1128	0.0416666666666666
1129	0.0673076923076922
1130	0.0544871794871794
1131	0.0304487179487181
1132	0.0240384615384617
1133	-0.0192307692307694
1134	-0.0192307692307694
1135	-0.100961538461539
1136	-0.0817307692307694
1137	-0.0993589743589743
1139	-0.131410256410256
1140	-0.112179487179487
1141	-0.0865384615384615
1142	-0.0673076923076924
1143	-0.0801282051282051
1144	-0.0993589743589743
1145	-0.112179487179487
1146	-0.0993589743589743
1148	-0.150641025641026
1149	-0.131410256410256
1151	-0.125
1152	-0.0560897435897436
1153	-0.0689102564102565
1154	0.0689102564102566
1155	0.0192307692307691
1156	0.0432692307692308
1157	0.105769230769231
1158	0.112179487179487
1159	0.112179487179487
1160	0.0865384615384615
1161	0.0608974358974357
1162	0.0673076923076922
1163	0.123397435897436
1164	0.0608974358974357
1165	0.110576923076923
1166	0.155448717948718
1167	0.105769230769231
1168	0.118589743589744
1169	0.217948717948718
1170	0.217948717948718
1171	0.211538461538461
1172	0.217948717948718
1173	0.0801282051282051
1174	0.112179487179487
1175	0.157051282051282
1176	0.0384615384615384
1177	0.107371794871795
1178	0.0945512820512822
1179	0
1180	0.131410256410256
1181	0.144230769230769
1182	0.0945512820512822
1183	0.0881410256410258
1184	0.0705128205128204
1185	0.00801282051282037
1186	0.033653846153846
1187	0.00801282051282037
1188	0.00801282051282037
1189	0.0528846153846153
1190	0.108974358974359
1191	0.0464743589743589
1192	0.0913461538461537
1193	0.0288461538461539
1194	0.0032051282051283
1195	0.0913461538461537
1196	0.0849358974358974
1204	0.0224358974358975
1238	-0.157051282051282
1239	-0.176282051282051
1240	-0.0320512820512822
1241	-0.0576923076923078
1242	-0.0144230769230769
1243	-0.0272435897435896
1244	-0.0272435897435896
1245	-0.0272435897435896
1246	-0.0272435897435896
1247	-0.0400641025641025
1248	-0.033653846153846
1249	0.0288461538461537
1250	0.0224358974358972
1251	-0.0032051282051283
1252	-0.0544871794871797
1253	-0.0160256410256411
1254	-0.0721153846153845
1255	-0.0849358974358974
1256	-0.0416666666666667
1257	-0.129807692307692
1258	-0.123397435897436
1259	-0.129807692307692
1260	-0.110576923076923
1261	-0.104166666666667
1262	-0.17948717948718
1263	-0.121794871794872
1264	-0.16025641025641
1265	-0.16025641025641
1266	-0.166666666666667
1267	-0.173076923076923
1268	-0.291666666666667
1269	-0.16025641025641
1270	-0.266025641025641
1271	-0.16025641025641
1272	-0.17948717948718
1273	-0.261217948717949
1274	-0.185897435897436
1275	-0.166666666666667
1276	-0.11698717948718
1277	-0.256410256410257
1278	-0.301282051282052
1279	-0.314102564102564
1280	-0.309294871794872
1281	-0.322115384615384
1282	-0.334935897435897
1283	-0.197115384615384
1284	-0.259615384615385
1285	-0.298076923076923
1286	-0.379807692307692
1287	-0.317307692307693
1288	-0.0929487179487181
1289	-0.110576923076923
1290	-0.0288461538461537
1291	-0.129807692307692
1292	-0.116987179487179
1293	-0.149038461538461
1294	-0.118589743589743
1295	-0.169871794871795
1296	-0.201923076923077
1297	-0.290064102564103
1298	-0.096153846153846
1299	-0.259615384615385
1300	-0.278846153846154
1301	-0.177884615384615
1302	-0.253205128205128
1303	-0.253205128205128
1304	-0.328525641025641
1305	-0.189102564102564
1306	-0.131410256410256
1307	-0.118589743589743
1308	-0.0608974358974359
1309	-0.0737179487179485
1310	-0.0737179487179485
1311	-0.217948717948718
1312	-0.217948717948718
1313	-0.161858974358974
1314	-0.0801282051282051
1315	-0.112179487179487
1316	-0.267628205128205
1317	-0.241987179487179
1318	-0.30448717948718
1319	-0.280448717948718
1320	-0.205128205128205
1321	-0.192307692307693
1322	-0.209935897435897
1323	-0.171474358974359
1324	-0.190705128205128
1325	-0.165064102564102
1326	-0.334935897435897
1327	-0.315705128205128
1328	-0.411858974358974
1329	-0.405448717948718
1330	-0.405448717948718
1331	-0.424679487179487
1332	-0.286858974358974
1333	-0.232371794871795
1334	-0.232371794871795
1335	-0.238782051282051
1336	-0.301282051282051
1337	-0.206730769230769
1338	-0.245192307692308
1339	-0.245192307692308
1340	-0.232371794871795
1341	-0.288461538461539
1342	-0.333333333333333
1343	-0.344551282051282
1344	-0.407051282051282
1345	-0.419871794871795
1346	-0.44551282051282
1347	-0.426282051282051
1348	-0.596153846153846
1349	-0.503205128205128
1350	-0.572115384615385
1351	-0.540064102564103
1352	-0.564102564102564
1353	-0.57051282051282
1354	-0.600961538461539
1355	-0.525641025641026
1356	-0.42948717948718
1357	-0.49198717948718
1358	-0.528846153846154
1359	-0.516025641025641
1360	-0.46474358974359
1366	-0.413461538461539
1367	-0.445512820512821
1368	-0.357371794871795
1369	-0.357371794871795
1370	-0.394230769230769
1371	-0.387820512820513
1372	-0.413461538461539
1373	-0.256410256410257
1374	-0.230769230769231
1375	-0.224358974358975
1376	-0.173076923076923
1377	-0.291666666666667
1378	-0.272435897435897
1379	-0.30448717948718
1380	-0.30448717948718
1381	-0.310897435897436
1382	-0.298076923076923
1386	-0.253205128205128
1387	-0.28525641025641
1466	-0.368589743589744
1539	-0.394230769230769
1540	-0.394230769230769
1541	-0.338141025641026
1542	-0.293269230769231
1543	-0.217948717948718
1544	-0.254807692307692
1545	-0.254807692307692
1546	-0.216346153846154
1547	-0.229166666666667
1548	-0.166666666666667
1549	-0.141025641025641
1550	-0.0464743589743588
1551	-0.0897435897435899
1552	-0.0897435897435899
1553	-0.141025641025641
1554	-0.171474358974359
1555	-0.133012820512821
1556	-0.0961538461538463
1557	-0.0897435897435899
1558	-0.0512820512820514
1559	-0.0384615384615385
1560	-0.0320512820512822
1561	-0.0881410256410258
1562	-0.169871794871795
1563	-0.113782051282051
1564	-0.233974358974359
1565	-0.165064102564103
1566	-0.0769230769230771
1567	-0.139423076923077
1568	-0.126602564102564
1569	-0.15224358974359
1570	-0.0961538461538463
1571	-0.184294871794872
1572	-0.115384615384616
1573	-0.00961538461538469
1574	-0.0416666666666667
1575	0.0400641025641026
1576	-0.0977564102564102
1577	-0.0977564102564102
1578	-0.153846153846154
1579	-0.153846153846154
1580	-0.216346153846154
1581	-0.128205128205128
1582	-0.115384615384616
1583	-0.0897435897435899
1584	-0.0769230769230771
1585	-0.0512820512820514
1586	-0.0448717948717949
1587	-0.0208333333333331
1588	0.0112179487179488
1589	-0.0256410256410258
1590	-0.0192307692307694
1591	-0.0128205128205129
1592	0.0256410256410255
1593	-0.0176282051282052
1594	-0.118589743589744
1595	-0.125
1596	-0.0881410256410258
1597	-0.118589743589744
1599	-0.00801282051282037
1600	-0.0913461538461537
1601	-0.0801282051282053
1602	0.00801282051282048
1603	-0.0416666666666667
1604	-0.00961538461538469
1605	-0.060897435897436
1606	-0.0673076923076924
1607	-0.0544871794871797
1608	-0.0352564102564105
1609	-0.0977564102564102
1610	-0.0737179487179489
1611	-0.00480769230769218
1612	-0.092948717948718
1613	-0.0993589743589747
1614	-0.118589743589744
1615	-0.161858974358974
1616	-0.149038461538462
1617	-0.161858974358974
1618	-0.181089743589744
1619	-0.237179487179487
1620	-0.237179487179487
1621	-0.168269230769231
1622	-0.142628205128205
1623	-0.123397435897436
1624	-0.166666666666667
1625	-0.16025641025641
1626	-0.121794871794872
1686	-0.0416666666666666
1687	-0.0544871794871795
1688	0.0384615384615384
1689	0.0881410256410258
1690	0.144230769230769
1691	0.118589743589744
1692	0.112179487179487
1693	0.0368589743589745
1694	-0.00801282051282037
1695	-0.033653846153846
1696	-0.033653846153846
1697	-0.0464743589743588
1698	-0.0208333333333331
1699	0.0785256410256412
1700	0.0272435897435898
1701	-0.0112179487179487
1702	-0.00480769230769218
1703	-0.112179487179487
1704	-0.150641025641026
1705	-0.107371794871795
1706	-0.150641025641026
1707	-0.0560897435897435
1708	-0.256410256410257
1709	-0.269230769230769
1710	-0.25
1711	-0.213141025641026
1712	-0.118589743589744
1713	-0.219551282051282
1714	-0.269230769230769
1715	-0.357371794871795
1716	-0.400641025641026
1717	-0.375
1720	-0.419871794871795
1721	-0.46474358974359
1722	-0.383012820512821
1723	-0.427884615384616
1724	-0.447115384615385
1725	-0.378205128205128
1726	-0.442307692307693
1727	-0.580128205128205
1871	-0.625
1872	-0.637820512820513
1873	-0.575320512820513
1874	-0.568910256410256
1875	-0.349358974358974
1876	-0.336538461538462
1877	-0.246794871794872
1878	-0.315705128205128
1879	-0.296474358974359
1880	-0.315705128205128
1881	-0.283653846153846
1882	-0.171474358974359
1883	-0.21474358974359
1884	-0.169871794871795
1885	-0.213141025641026
1886	-0.131410256410257
1887	-0.174679487179487
1888	-0.0673076923076924
1889	-0.0416666666666667
1890	-0.0657051282051281
1891	-0.0592948717948716
1892	0.0352564102564101
1893	0.104166666666667
1894	0.129807692307692
1895	0.0929487179487178
1896	0.0625000000000002
1897	0.224358974358974
1898	0.230769230769231
1899	0.237179487179487
1900	0.243589743589744
1901	0.200320512820513
1902	0.181089743589744
1903	0.0560897435897437
1904	-0.0208333333333331
1905	-0.033653846153846
1906	-0.0464743589743588
1907	-0.0897435897435899
1908	-0.0144230769230769
1909	-0.0400641025641025
1910	-0.145833333333333
1911	-0.147435897435898
1912	-0.216346153846154
1913	-0.229166666666667
1914	-0.16025641025641
1915	-0.110576923076923
1916	-0.161858974358974
1917	-0.168269230769231
1918	-0.107371794871795
1919	-0.15224358974359
1920	-0.266025641025641
1921	-0.34775641025641
1922	-0.323717948717949
1923	-0.375
1924	-0.338141025641025
1925	-0.615384615384615
1926	-0.628205128205128
1927	-0.72275641025641
1928	-0.74198717948718
1929	-0.66025641025641
1930	-0.459935897435897
1931	-0.55448717948718
1932	-0.503205128205128
1933	-0.509615384615385
1934	-0.522435897435898
1935	-0.541666666666667
1936	-0.604166666666667
1937	-0.591346153846154
1938	-0.604166666666667
1939	-0.653846153846154
1940	-0.560897435897436
1941	-0.53525641025641
1942	-0.653846153846154
1943	-0.673076923076923
1944	-0.641025641025641
1945	-0.628205128205128
1946	-0.583333333333333
1947	-0.564102564102564
1948	-0.544871794871795
1949	-0.583333333333333
1950	-0.538461538461539
1951	-0.525641025641026
1952	-0.475961538461538
1953	-0.379807692307692
1954	-0.302884615384615
1955	-0.302884615384615
1956	-0.283653846153846
1957	-0.358974358974359
1962	-0.458333333333333
1963	-0.439102564102564
1964	-0.314102564102564
1965	-0.301282051282052
1966	-0.307692307692308
1967	-0.307692307692308
1968	-0.407051282051282
1969	-0.407051282051282
1970	-0.376602564102564
1971	-0.432692307692308
2135	-0.189102564102564
2136	-0.169871794871795
2137	-0.201923076923077
2138	-0.233974358974359
2139	-0.165064102564103
2140	-0.203525641025641
2141	-0.259615384615385
2142	-0.278846153846154
2153	-0.336538461538462
2154	-0.323717948717949
2195	-0.400641025641026
2196	-0.413461538461539
2197	-0.439102564102564
2198	-0.439102564102564
2199	-0.389423076923077
2200	-0.447115384615385
2201	-0.516025641025641
2202	-0.483974358974359
2203	-0.516025641025641
2206	-0.453525641025641
2207	-0.503205128205128
2208	-0.483974358974359
2209	-0.503205128205128
2210	-0.516025641025641
2211	-0.503205128205128
2212	-0.453525641025641
2213	-0.477564102564103
2214	-0.483974358974359
2215	-0.358974358974359
2216	-0.333333333333333
2217	-0.213141025641026
2218	-0.225961538461539
2219	-0.193910256410256
2220	-0.168269230769231
2221	-0.155448717948718
2222	-0.168269230769231
2223	-0.248397435897436
2224	-0.248397435897436
2225	-0.235576923076923
2226	-0.185897435897436
2227	-0.197115384615385
2228	-0.0272435897435896
2229	-0.0016025641025641
2230	-0.0705128205128206
2231	0.0544871794871794
2232	0.0480769230769229
2233	0.166666666666667
2234	0.0544871794871794
2235	0.0480769230769229
2236	0.0480769230769229
2237	-0.00961538461538469
2238	0.016025641025641
2239	-0.0208333333333331
2240	-0.0961538461538463
2241	-0.102564102564103
2242	-0.197115384615385
2247	-0.336538461538462
2248	-0.355769230769231
2250	-0.387820512820513
2251	-0.381410256410256
2252	-0.381410256410256
2253	-0.3125
2254	-0.349358974358975
2255	-0.368589743589744
2258	-0.293269230769231
2278	-0.407051282051282
2279	-0.400641025641026
2280	-0.426282051282051
2282	-0.415064102564103
2283	-0.389423076923077
2284	-0.490384615384616
2285	-0.509615384615384
2287	-0.637820512820513
2288	-0.69551282051282
2289	-0.634615384615385
2290	-0.578525641025641
2291	-0.591346153846154
2292	-0.61698717948718
2293	-0.591346153846154
2294	-0.559294871794872
2295	-0.61698717948718
2296	-0.67948717948718
2297	-0.634615384615385
2298	-0.716346153846154
2299	-0.684294871794872
2300	-0.641025641025641
2301	-0.621794871794872
2302	-0.645833333333333
2303	-0.596153846153846
2304	-0.684294871794872
2305	-0.658653846153846
2309	-0.701923076923077
2516	-0.458333333333333
2517	-0.458333333333333
2518	-0.419871794871795
2519	-0.400641025641026
2520	-0.426282051282051
2524	-0.387820512820513
2525	-0.426282051282051
2526	-0.307692307692308
2527	-0.307692307692308
2528	-0.314102564102564
2529	-0.307692307692308
2530	-0.383012820512821
2531	-0.421474358974359
2532	-0.395833333333333
2533	-0.322115384615384
2534	-0.373397435897436
2535	-0.455128205128205
2536	-0.405448717948718
2537	-0.330128205128205
2538	-0.267628205128205
2539	-0.198717948717949
2540	-0.241987179487179
2541	-0.136217948717948
2542	-0.173076923076923
2543	-0.205128205128205
2544	-0.198717948717949
2545	-0.0737179487179485
2546	-0.0480769230769231
2547	0.0272435897435899
2548	0.0833333333333335
2549	0.134615384615385
2550	0.121794871794872
2551	0.104166666666667
2552	0.0288461538461537
2553	0.0480769230769234
2554	-0.0144230769230766
2555	0.0368589743589745
2556	0.0176282051282053
2557	0.193910256410256
2558	0.206730769230769
2559	0.200320512820513
2560	0.168269230769231
2561	0.0801282051282053
2562	0.125
2563	0.105769230769231
2564	0.0625000000000002
2565	0.131410256410256
2566	0.0753205128205129
2567	-0.0432692307692306
2568	-0.0432692307692306
2569	-0.200320512820513
2570	-0.200320512820513
2571	-0.181089743589744
2572	-0.237179487179487
2573	-0.349358974358975
2574	-0.368589743589744
2623	-0.201923076923077
2624	-0.189102564102564
2625	-0.113782051282051
2626	-0.0945512820512822
2627	-0.150641025641026
2628	-0.125
2629	-0.105769230769231
2630	-0.137820512820513
2631	-0.169871794871795
2632	-0.189102564102564
2633	-0.19551282051282
2718	-0.310897435897436
2719	-0.323717948717949
2894	-0.407051282051282
2895	-0.439102564102564
2896	-0.426282051282051
2897	-0.46474358974359
2899	-0.483974358974359
2963	-0.669871794871795
2964	-0.721153846153846
2965	-0.676282051282051
2966	-0.650641025641025
2973	-0.689102564102564
2974	-0.669871794871795
2975	-0.676282051282051
2976	-0.618589743589744
2977	-0.519230769230769
2978	-0.543269230769231
2979	-0.599358974358974
2980	-0.528846153846154
2981	-0.459935897435898
2982	-0.479166666666667
2983	-0.560897435897436
2984	-0.554487179487179
2985	-0.554487179487179
2987	-0.522435897435897
3108	-0.233974358974359
3110	-0.233974358974359
3111	-0.208333333333333
3112	-0.176282051282051
3113	-0.100961538461539
3114	-0.120192307692308
3115	-0.133012820512821
3116	-0.107371794871795
3117	-0.133012820512821
3118	-0.221153846153846
3119	-0.221153846153846
3120	-0.19551282051282
3122	-0.233974358974359
3123	-0.221153846153846
3181	-0.560897435897436
3182	-0.459935897435898
3183	-0.47275641025641
3184	-0.479166666666667
3185	-0.485576923076923
3186	-0.47275641025641
3187	-0.427884615384616
3188	-0.408653846153846
3277	-0.310897435897436
3379	-0.201923076923077
3380	-0.189102564102564
3381	-0.19551282051282
3395	-0.266025641025641
3396	-0.246794871794872
3499	-0.644230769230769
3500	-0.631410256410256
3501	-0.588141025641026
3502	-0.5625
3503	-0.480769230769231
3504	-0.493589743589744
3505	-0.512820512820513
3506	-0.493589743589744
3507	-0.575320512820513
3508	-0.519230769230769
3509	-0.487179487179487
3510	-0.504807692307693
3511	-0.511217948717949
3512	-0.466346153846154
3513	-0.434294871794872
3514	-0.46474358974359
3515	-0.432692307692308
3516	-0.46474358974359
3517	-0.451923076923077
3525	-0.336538461538462
3526	-0.30448717948718
3571	-0.516025641025641
3572	-0.466346153846154
3574	-0.509615384615384
3575	-0.516025641025641
3576	-0.516025641025641
3577	-0.53525641025641
3581	-0.625
3582	-0.637820512820513
3583	-0.568910256410256
3584	-0.575320512820513
3585	-0.525641025641026
3586	-0.596153846153846
3587	-0.602564102564103
3588	-0.759615384615385
3589	-0.740384615384615
3590	-0.759615384615385
3596	-0.701923076923077
3597	-0.708333333333333
3598	-0.689102564102564
3606	-0.618589743589744
3607	-0.637820512820513
3608	-0.612179487179487
3618	-0.503205128205128
3619	-0.427884615384616
3620	-0.434294871794872
3621	-0.302884615384615
3622	-0.352564102564103
3623	-0.328525641025641
3624	-0.391025641025641
3625	-0.423076923076923
3626	-0.435897435897436
3627	-0.435897435897436
3628	-0.498397435897436
3629	-0.42948717948718
3630	-0.487179487179487
3631	-0.556089743589744
3632	-0.625
3633	-0.645833333333333
3634	-0.709935897435898
3635	-0.709935897435898
3636	-0.703525641025641
3637	-0.716346153846154
3638	-0.716346153846154
3639	-0.716346153846154
3640	-0.778846153846154
3641	-0.740384615384615
3644	-0.682692307692308
3645	-0.618589743589744
3646	-0.612179487179487
3647	-0.5625
3648	-0.519230769230769
3649	-0.575320512820513
3650	-0.581730769230769
3651	-0.549679487179487
3652	-0.549679487179487
3653	-0.435897435897436
3654	-0.328525641025641
3655	-0.302884615384615
3656	-0.34775641025641
3657	-0.448717948717949
3658	-0.397435897435898
3659	-0.41025641025641
3660	-0.397435897435898
3661	-0.301282051282052
3662	-0.338141025641026
3663	-0.299679487179487
3664	-0.254807692307692
3665	-0.128205128205128
3666	-0.00961538461538469
3667	0.121794871794872
3668	0.121794871794872
3669	0.108974358974359
3670	0.096153846153846
3671	0.0400641025641026
3672	0.0400641025641026
3673	0.15224358974359
3674	0.0833333333333333
3675	-0.00961538461538469
3676	-0.028846153846154
3677	-0.123397435897436
3678	-0.0480769230769231
3679	-0.136217948717949
3680	-0.161858974358974
3681	-0.168269230769231
3682	-0.168269230769231
3683	-0.174679487179487
3684	-0.136217948717949
3685	-0.0224358974358976
3686	-0.0224358974358976
3687	-0.028846153846154
3688	0.0785256410256412
3689	0.00320512820512819
3690	0.0544871794871794
3691	0.0865384615384615
3692	0.0608974358974357
3693	-0.0016025641025641
3694	-0.177884615384616
3695	-0.28525641025641
3696	-0.278846153846154
3697	-0.291666666666667
3698	-0.298076923076923
3699	-0.185897435897436
3700	-0.205128205128205
3701	-0.381410256410256
3702	-0.318910256410257
3703	-0.325320512820513
3704	-0.394230769230769
3705	-0.375
3739	-0.528846153846154
3740	-0.53525641025641
3741	-0.53525641025641
3742	-0.477564102564103
3743	-0.490384615384616
3744	-0.33974358974359
3745	-0.458333333333333
3747	-0.573717948717949
3748	-0.580128205128205
3749	-0.631410256410256
3750	-0.637820512820513
3751	-0.631410256410256
3752	-0.644230769230769
3755	-0.580128205128205
3756	-0.592948717948718
3757	-0.580128205128205
3758	-0.567307692307692
3759	-0.517628205128205
3760	-0.498397435897436
3761	-0.42948717948718
3762	-0.47275641025641
3763	-0.453525641025641
3764	-0.253205128205128
3765	-0.209935897435897
3766	-0.197115384615384
3767	-0.209935897435897
3768	-0.235576923076923
3769	-0.209935897435897
3770	-0.229166666666667
3771	-0.139423076923077
3772	-0.264423076923077
3773	-0.290064102564102
3774	-0.270833333333333
3775	-0.176282051282052
3776	-0.245192307692307
3777	-0.213141025641026
3778	-0.144230769230769
3779	-0.157051282051282
3780	-0.150641025641026
3781	-0.137820512820513
3782	-0.0624999999999998
3783	-0.137820512820513
3784	-0.158653846153846
3785	-0.145833333333333
3786	-0.208333333333333
3787	-0.21474358974359
3788	-0.195512820512821
3789	-0.314102564102564
3790	-0.320512820512821
3791	-0.346153846153846
3792	-0.477564102564103
3793	-0.471153846153846
3794	-0.528846153846154
3795	-0.573717948717949
3796	-0.548076923076923
3797	-0.560897435897436
3798	-0.504807692307693
3799	-0.498397435897436
3800	-0.504807692307693
3801	-0.453525641025641
3802	-0.427884615384616
3805	-0.331730769230769
3806	-0.387820512820513
3807	-0.355769230769231
3808	-0.342948717948718
3809	-0.336538461538462
3840	-0.349358974358975
3841	-0.323717948717949
3842	-0.349358974358975
3843	-0.336538461538462
3844	-0.224358974358975
3845	-0.136217948717949
3846	-0.129807692307692
3847	-0.0673076923076924
3848	-0.0865384615384618
3849	-0.123397435897436
3850	-0.0432692307692306
3851	-0.0865384615384618
3852	0.126602564102564
3853	0.219551282051282
3854	0.275641025641026
3855	0.275641025641026
3856	0.3125
3857	0.3125
3858	0.318910256410256
3859	0.274038461538461
3860	0.205128205128205
3861	0.192307692307693
3862	0.198717948717949
3863	0.217948717948718
3864	0.168269230769231
3865	0.1875
3866	0.225961538461538
3867	0.176282051282051
3868	0.163461538461538
3869	0.131410256410256
3870	0.288461538461538
3871	0.288461538461538
3872	0.206730769230769
3873	0.137820512820513
3874	0.1875
3875	0.0801282051282053
3876	-0.0208333333333333
3877	0.00961538461538458
3878	-0.16025641025641
3879	-0.129807692307692
3880	-0.274038461538461
3881	-0.379807692307692
3882	-0.448717948717949
3883	-0.360576923076923
3884	-0.371794871794872
3885	-0.384615384615385
3886	-0.358974358974359
3887	-0.270833333333333
3888	-0.27724358974359
3889	-0.266025641025641
3890	-0.240384615384616
3891	-0.283653846153846
3892	-0.21474358974359
3893	-0.21474358974359
3894	-0.21474358974359
3895	-0.227564102564103
3896	-0.25801282051282
3897	-0.219551282051282
3898	-0.338141025641026
3899	-0.363782051282052
3900	-0.344551282051282
3901	-0.275641025641026
3902	-0.256410256410257
3903	-0.280448717948718
3904	-0.24198717948718
3905	-0.240384615384615
3906	-0.227564102564103
3907	-0.266025641025641
3909	-0.203525641025641
3910	-0.190705128205128
3912	-0.24198717948718
3913	-0.0977564102564102
3914	-0.060897435897436
3915	-0.0112179487179487
3916	0.0448717948717947
3917	0.0769230769230769
3918	0.0448717948717947
3919	-0.012820512820513
3920	-0.100961538461539
3921	-0.0881410256410255
3922	-0.169871794871795
3923	-0.0512820512820515
3924	0.0801282051282053
3925	0.0993589743589745
3926	0.181089743589744
3927	0.25
3928	0.269230769230769
3929	0.232371794871795
3930	0.137820512820513
3931	0.213141025641026
3932	0.206730769230769
3933	0.230769230769231
3934	0.237179487179487
3935	0.213141025641026
3936	0.225961538461538
3937	0.256410256410256
3938	0.25
3939	0.230769230769231
3940	0.25
3941	0.131410256410256
3942	0.150641025641026
3943	0.0881410256410255
3944	0.0897435897435895
3945	0.0753205128205129
3946	0.107371794871795
3947	0.201923076923077
3948	0.314102564102564
3949	0.288461538461538
3950	0.350961538461538
3951	0.376602564102564
3952	0.426282051282051
3953	0.413461538461538
3954	0.426282051282051
3955	0.501602564102564
3956	0.501602564102564
3957	0.538461538461538
3958	0.639423076923077
3959	0.63301282051282
3960	0.568910256410256
3961	0.64423076923077
3962	0.64423076923077
3963	0.612179487179487
3964	0.573717948717949
3965	0.379807692307693
3966	0.386217948717949
3967	0.399038461538461
3968	0.304487179487179
3969	0.373397435897436
3970	0.392628205128205
3971	0.418269230769231
3972	0.524038461538461
3973	0.506410256410256
3974	0.532051282051282
3975	0.482371794871795
3976	0.44551282051282
3977	0.540064102564103
3978	0.46474358974359
3979	0.557692307692308
3980	0.389423076923077
3981	0.490384615384615
3982	0.533653846153846
3983	0.471153846153846
3984	0.458333333333333
3985	0.434294871794872
3986	0.434294871794872
3987	0.509615384615384
3988	0.629807692307692
3989	0.580128205128205
3990	0.668269230769231
3991	0.700320512820513
3992	0.693910256410257
3993	0.693910256410257
3994	0.6875
3995	0.775641025641026
3996	0.96474358974359
3997	0.990384615384616
3998	0.940705128205128
3999	1.00320512820513
4000	0.97275641025641
4001	0.959935897435897
4002	0.846153846153846
4003	0.833333333333333
4004	0.826923076923077
4005	0.833333333333333
4006	0.858974358974359
4007	0.65224358974359
4008	0.633012820512821
4009	0.689102564102564
4010	0.557692307692308
4011	0.488782051282051
4012	0.532051282051282
4013	0.532051282051282
4014	0.4375
4015	0.362179487179487
4016	0.530448717948718
4017	0.467948717948718
4018	0.36698717948718
4019	0.354166666666667
4020	0.391025641025641
4021	0.447115384615385
4022	0.503205128205128
4023	0.483974358974359
4024	0.290064102564103
4025	0.233974358974359
4026	0.264423076923077
4027	0.145833333333333
4028	0.251602564102564
4029	0.389423076923077
4030	0.440705128205128
4031	0.415064102564103
4032	0.33974358974359
4033	0.33974358974359
4034	0.426282051282051
4035	0.426282051282051
4036	0.439102564102564
4037	0.370192307692308
4038	0.407051282051282
4039	0.426282051282051
4040	0.389423076923077
4041	0.426282051282051
4042	0.407051282051282
4043	0.331730769230769
4044	0.0176282051282053
4045	0.0480769230769234
4046	0.0352564102564104
4047	0.0160256410256412
4048	-0.00961538461538436
4049	-0.0849358974358974
4050	-0.147435897435898
4051	-0.0657051282051282
4052	0.0913461538461537
4053	0.0785256410256412
4054	0.0224358974358976
4055	0.0224358974358976
4056	-0.203525641025641
4057	-0.386217948717948
4058	-0.336538461538462
4059	-0.293269230769231
4060	-0.269230769230769
4061	-0.157051282051282
4062	-0.275641025641026
4063	-0.326923076923077
4064	-0.333333333333333
4065	-0.427884615384615
4066	-0.503205128205128
4067	-0.47275641025641
4068	-0.55448717948718
4069	-0.580128205128205
4070	-0.573717948717949
4071	-0.586538461538462
4072	-0.560897435897436
4073	-0.586538461538462
4074	-0.504807692307692
4075	-0.36698717948718
4076	-0.36698717948718
4077	-0.373397435897436
4078	-0.360576923076923
4079	-0.455128205128205
4080	-0.511217948717949
4081	-0.405448717948718
4082	-0.330128205128205
4083	-0.280448717948718
4084	-0.229166666666667
4085	-0.065705128205128
4086	-0.0400641025641026
4087	-0.096153846153846
4088	-0.0512820512820511
4089	-0.169871794871795
4090	-0.126602564102564
4091	-0.0560897435897434
4092	0.113782051282052
4093	0.145833333333333
4094	0.158653846153846
4095	0.0897435897435899
4096	0.270833333333333
4097	0.208333333333333
4098	0.253205128205128
4099	0.272435897435897
4100	0.28525641025641
4101	0.354166666666667
4102	0.416666666666667
4103	0.379807692307693
4104	0.368589743589743
4105	0.426282051282051
4106	0.432692307692308
4107	0.387820512820513
4108	0.299679487179487
4109	0.269230769230769
4110	0.25
4111	0.230769230769231
4112	0.342948717948718
4113	0.278846153846154
4114	0.391025641025641
4115	0.459935897435897
4116	0.413461538461539
4117	0.450320512820513
4118	0.568910256410257
4119	0.700320512820513
4120	0.586538461538462
4121	0.655448717948718
4122	0.6875
4123	0.674679487179487
4124	0.5625
4125	0.568910256410257
4126	0.637820512820513
4127	0.663461538461539
4128	0.663461538461539
4129	0.551282051282051
4130	0.532051282051282
4131	0.588141025641026
4132	0.693910256410256
4133	1.06891025641026
4134	1.14903846153846
4135	1.13782051282051
4136	1.11858974358974
4137	1.04326923076923
4138	0.967948717948718
4139	0.924679487179487
4140	0.862179487179487
4141	0.83173076923077
4142	0.650641025641026
4143	0.575320512820513
4144	0.634615384615384
4145	0.55448717948718
4146	0.34775641025641
4147	0.209935897435898
4148	0.197115384615385
4149	0.0961538461538463
4150	0.208333333333333
4151	0.245192307692308
4152	0.189102564102564
4153	0.245192307692308
4154	0.1875
4155	0.286858974358974
4156	0.3125
4157	0.355769230769231
4158	0.230769230769231
4159	0.131410256410256
4160	0.144230769230769
4161	-0.17948717948718
4162	-0.266025641025641
4163	-0.128205128205128
4164	-0.173076923076923
4165	-0.0352564102564101
4166	-0.0224358974358974
4167	0.0657051282051284
4168	-0.00320512820512819
4169	0.00320512820512842
4170	0.0416666666666667
4171	0.0673076923076925
4172	-0.00801282051282048
4173	0.0176282051282053
4174	0.0608974358974359
4175	0.0993589743589745
4176	0.136217948717949
4177	0.149038461538461
4178	0.0304487179487181
4179	0.0881410256410255
4180	0.193910256410256
4181	0.131410256410256
4182	0.0945512820512823
4183	0.0192307692307692
4184	-0.012820512820513
4185	-0.0881410256410255
4186	-0.0817307692307692
4187	-0.0320512820512822
4188	-0.169871794871795
4189	-0.126602564102564
4190	-0.126602564102564
4191	-0.221153846153846
4192	-0.195512820512821
4193	-0.251602564102564
4194	-0.189102564102564
4195	-0.107371794871795
4196	-0.0624999999999998
4197	-0.150641025641026
4198	-0.169871794871795
4199	-0.13301282051282
4200	-0.0512820512820515
4201	0.0544871794871795
4202	0.0288461538461537
4203	-0.0224358974358974
4204	-0.110576923076923
4205	-0.104166666666667
4206	-0.104166666666667
4207	-0.198717948717949
4208	-0.310897435897436
4209	-0.190705128205128
4210	-0.158653846153846
4211	-0.182692307692308
4212	-0.131410256410257
4213	-0.0753205128205128
4214	-0.107371794871795
4215	-0.120192307692307
4216	-0.120192307692307
4217	-0.182692307692308
4218	-0.157051282051282
4219	-0.125
4220	-0.0865384615384618
4221	-0.149038461538462
4222	-0.205128205128205
4223	-0.274038461538462
4224	-0.299679487179487
4225	-0.243589743589744
4226	-0.256410256410257
4227	-0.318910256410257
4228	-0.338141025641026
4229	-0.293269230769231
4230	-0.280448717948718
4231	-0.254807692307692
4232	-0.291666666666667
4233	-0.28525641025641
4234	-0.229166666666667
4235	-0.147435897435898
4236	-0.128205128205128
4237	-0.203525641025641
4238	-0.216346153846154
4239	-0.147435897435898
4240	-0.16025641025641
4241	-0.147435897435898
4242	-0.0528846153846153
4243	-0.108974358974359
4244	-0.115384615384616
4245	-0.0961538461538463
4246	-0.115384615384616
4247	-0.177884615384616
4248	-0.203525641025641
4249	-0.229166666666667
4250	-0.267628205128205
4251	-0.267628205128205
4252	-0.217948717948718
4253	-0.123397435897436
4254	-0.0977564102564102
4255	-0.149038461538462
4256	-0.110576923076923
4257	-0.24198717948718
4258	-0.235576923076923
4259	-0.153846153846154
4260	-0.185897435897436
4261	-0.123397435897436
4262	-0.173076923076923
4263	-0.254807692307692
4264	-0.254807692307692
4265	-0.198717948717949
4266	-0.136217948717949
4267	-0.142628205128205
4268	-0.149038461538462
4269	-0.237179487179487
4270	-0.224358974358975
4271	-0.149038461538462
4272	-0.129807692307692
4273	-0.161858974358974
4274	-0.136217948717949
4275	-0.123397435897436
4276	-0.0977564102564102
4277	-0.0977564102564102
4278	-0.104166666666667
4279	-0.17948717948718
4280	-0.17948717948718
4281	-0.323717948717949
4282	-0.323717948717949
4283	-0.22275641025641
4284	-0.266025641025641
4285	-0.147435897435898
4286	-0.141025641025641
4287	-0.209935897435898
4288	-0.171474358974359
4289	-0.165064102564103
4290	-0.177884615384616
4291	-0.158653846153846
4292	-0.145833333333333
4293	-0.221153846153846
4297	-0.298076923076923
4298	-0.330128205128205
4299	-0.293269230769231
4300	-0.149038461538462
4301	-0.136217948717949
4302	-0.123397435897436
4303	-0.149038461538462
4304	-0.092948717948718
4305	-0.060897435897436
4306	-0.0304487179487177
4307	-0.0817307692307692
4308	-0.137820512820513
4309	-0.163461538461539
4310	-0.21474358974359
4311	-0.283653846153846
4312	-0.221153846153846
4313	-0.352564102564103
4314	-0.47275641025641
4315	-0.447115384615385
4316	-0.427884615384616
4317	-0.560897435897436
4318	-0.53525641025641
4319	-0.541666666666667
4320	-0.554487179487179
4321	-0.524038461538462
4322	-0.498397435897436
4323	-0.49198717948718
4324	-0.567307692307692
4366	-0.229166666666667
4367	-0.184294871794872
4368	-0.229166666666667
4369	-0.185897435897436
4370	-0.185897435897436
4371	-0.168269230769231
4372	-0.118589743589744
4373	-0.112179487179487
4374	-0.118589743589744
4375	-0.150641025641026
4376	-0.150641025641026
4377	-0.150641025641026
4378	-0.176282051282052
4379	-0.201923076923077
4380	-0.240384615384616
4381	-0.272435897435898
4382	-0.360576923076923
4383	-0.440705128205128
4384	-0.485576923076923
4385	-0.474358974358974
4386	-0.519230769230769
4387	-0.620192307692308
4388	-0.645833333333333
4389	-0.645833333333333
4390	-0.759615384615385
4391	-0.778846153846154
4392	-0.729166666666667
4393	-0.735576923076923
4395	-0.677884615384615
4396	-0.677884615384615
4397	-0.729166666666667
4398	-0.66025641025641
4399	-0.716346153846154
4400	-0.634615384615385
4401	-0.621794871794872
4402	-0.733974358974359
4403	-0.639423076923077
4404	-0.588141025641026
4405	-0.519230769230769
4406	-0.480769230769231
4407	-0.381410256410256
4408	-0.456730769230769
4409	-0.443910256410256
4410	-0.424679487179487
4411	-0.456730769230769
4412	-0.418269230769231
4413	-0.474358974358974
4414	-0.435897435897436
4415	-0.435897435897436
4416	-0.378205128205128
4417	-0.346153846153846
4418	-0.33974358974359
4419	-0.225961538461539
4420	-0.225961538461539
4421	-0.245192307692307
4422	-0.213141025641026
4423	-0.238782051282051
4424	-0.225961538461539
4425	-0.288461538461539
4426	-0.282051282051282
4427	-0.1875
4428	-0.3125
4429	-0.293269230769231
4430	-0.325320512820513
4431	-0.419871794871795
4432	-0.439102564102564
4434	-0.458333333333333
4443	-0.490384615384616
4444	-0.496794871794872
4445	-0.53525641025641
4446	-0.503205128205128
4454	-0.503205128205128
4455	-0.479166666666667
4456	-0.485576923076923
4457	-0.504807692307693
4458	-0.485576923076923
4459	-0.511217948717949
4460	-0.524038461538462
4461	-0.498397435897436
4465	-0.586538461538462
4466	-0.511217948717949
4467	-0.504807692307693
4468	-0.49198717948718
4469	-0.586538461538462
4470	-0.612179487179487
4471	-0.548076923076923
4472	-0.528846153846154
4473	-0.503205128205128
4474	-0.440705128205128
4475	-0.440705128205128
4476	-0.522435897435897
4477	-0.485576923076923
4478	-0.485576923076923
4479	-0.504807692307693
4480	-0.528846153846154
4481	-0.503205128205128
4601	-0.503205128205128
4602	-0.445512820512821
4604	-0.307692307692308
4605	-0.206730769230769
4606	-0.213141025641026
4607	-0.282051282051282
4608	-0.25
4609	-0.181089743589744
4610	-0.174679487179487
4611	-0.209935897435898
4612	-0.134615384615385
4613	0.016025641025641
4614	0.0224358974358972
4615	0.00961538461538447
4616	0.0464743589743591
4617	-0.0224358974358976
4618	0.00320512820512819
4619	-0.0352564102564105
4620	-0.0112179487179487
4621	0.00160256410256421
4622	0.0881410256410255
4623	0.118589743589744
4624	0.112179487179487
4625	0.105769230769231
4626	-0.0576923076923077
4627	-0.0705128205128207
4628	-0.00801282051282048
4629	-0.0016025641025641
4630	0.0416666666666667
4631	0.0721153846153846
4632	-0.115384615384616
4633	-0.197115384615384
4634	-0.177884615384615
4635	-0.165064102564102
4636	-0.216346153846154
4637	-0.241987179487179
4638	-0.30448717948718
4639	-0.323717948717949
4640	-0.342948717948718
4641	-0.493589743589744
4642	-0.525641025641026
4643	-0.551282051282051
4644	-0.594551282051282
4645	-0.645833333333333
4646	-0.63301282051282
4647	-0.594551282051282
4648	-0.5625
4649	-0.556089743589744
4766	-0.477564102564103
4772	-0.605769230769231
4773	-0.605769230769231
4774	-0.637820512820513
4778	-0.592948717948718
4779	-0.573717948717949
4780	-0.496794871794872
4781	-0.451923076923077
4782	-0.407051282051282
4783	-0.426282051282051
4784	-0.363782051282052
4785	-0.363782051282052
4786	-0.25
4787	-0.262820512820513
4788	-0.275641025641026
4789	-0.288461538461539
4790	-0.294871794871795
4791	-0.269230769230769
4792	-0.318910256410257
4793	-0.325320512820513
4794	-0.368589743589744
4795	-0.349358974358975
4796	-0.317307692307692
4797	-0.28525641025641
4798	-0.317307692307692
4799	-0.235576923076923
4800	-0.30448717948718
4801	-0.298076923076923
4802	-0.240384615384615
4803	-0.221153846153846
4829	-0.447115384615385
4830	-0.378205128205128
4831	-0.378205128205128
4832	-0.378205128205128
4833	-0.302884615384615
4834	-0.296474358974359
4835	-0.272435897435898
4836	-0.317307692307693
4837	-0.435897435897436
4838	-0.386217948717948
4839	-0.373397435897436
4840	-0.405448717948718
4841	-0.411858974358974
4842	-0.405448717948718
4843	-0.418269230769231
4844	-0.405448717948718
4845	-0.379807692307692
4846	-0.30448717948718
4847	-0.291666666666667
4848	-0.201923076923077
4849	-0.227564102564103
4850	-0.221153846153846
4851	-0.251602564102564
4852	-0.182692307692308
4853	-0.232371794871795
4854	-0.326923076923077
4855	-0.434294871794872
4938	-0.350961538461539
4939	-0.293269230769231
4940	-0.331730769230769
4941	-0.350961538461539
4942	-0.331730769230769
4943	-0.394230769230769
4944	-0.1875
4945	-0.149038461538462
4946	-0.123397435897436
4947	-0.173076923076923
4948	-0.153846153846154
4949	-0.123397435897436
4950	-0.129807692307692
4951	-0.193910256410256
4952	-0.174679487179487
4953	-0.174679487179487
4954	-0.243589743589744
4955	-0.25
4956	-0.161858974358974
4957	-0.256410256410257
4958	-0.224358974358975
4959	-0.306089743589744
4960	-0.400641025641026
4961	-0.407051282051282
4964	-0.458333333333333
4965	-0.408653846153846
4968	-0.407051282051282
4969	-0.426282051282051
4971	-0.408653846153846
4975	-0.53525641025641
4976	-0.41025641025641
4977	-0.371794871794872
4978	-0.403846153846154
4979	-0.403846153846154
4980	-0.403846153846154
4981	-0.397435897435898
4982	-0.322115384615384
4983	-0.34775641025641
4984	-0.467948717948718
4985	-0.480769230769231
4986	-0.487179487179487
4987	-0.551282051282051
4988	-0.525641025641026
4989	-0.512820512820513
4990	-0.519230769230769
4991	-0.525641025641026
4992	-0.581730769230769
4993	-0.568910256410256
4994	-0.506410256410256
4995	-0.512820512820513
4996	-0.532051282051282
4997	-0.519230769230769
4998	-0.512820512820513
4999	-0.663461538461538
5000	-0.669871794871795
5001	-0.645833333333333
5002	-0.778846153846154
5003	-0.740384615384615
5018	-0.701923076923077
5019	-0.607371794871795
5020	-0.600961538461539
5021	-0.639423076923077
5022	-0.639423076923077
5023	-0.600961538461539
5024	-0.650641025641025
5025	-0.631410256410256
5026	-0.506410256410256
5027	-0.455128205128205
5028	-0.435897435897436
5029	-0.384615384615385
5030	-0.365384615384616
5031	-0.415064102564103
5032	-0.421474358974359
5033	-0.447115384615385
5034	-0.47275641025641
5035	-0.536858974358974
5036	-0.568910256410256
5037	-0.665064102564103
5038	-0.658653846153846
5039	-0.620192307692308
5040	-0.600961538461539
5042	-0.607371794871795
5043	-0.512820512820513
5044	-0.463141025641025
5045	-0.450320512820513
5046	-0.530448717948718
5047	-0.592948717948718
5048	-0.605769230769231
5069	-0.528846153846154
5084	-0.605769230769231
5085	-0.536858974358974
5086	-0.504807692307693
5087	-0.517628205128205
5088	-0.49198717948718
5089	-0.498397435897436
5090	-0.487179487179487
5091	-0.480769230769231
5092	-0.480769230769231
5093	-0.538461538461539
5094	-0.525641025641026
5095	-0.475961538461538
5096	-0.443910256410256
5097	-0.538461538461539
5098	-0.488782051282051
5099	-0.370192307692308
5100	-0.325320512820513
5101	-0.25
5102	-0.168269230769231
5103	-0.205128205128205
5104	-0.185897435897436
5105	-0.173076923076923
5106	-0.173076923076923
5107	-0.217948717948718
5108	-0.243589743589744
5109	-0.267628205128205
5110	-0.274038461538461
5111	-0.286858974358974
5112	-0.362179487179487
5113	-0.418269230769231
5114	-0.431089743589743
5115	-0.443910256410256
5116	-0.450320512820513
5117	-0.475961538461538
5118	-0.488782051282051
5119	-0.613782051282051
5120	-0.551282051282051
5121	-0.474358974358974
5122	-0.386217948717948
5123	-0.448717948717949
5124	-0.455128205128205
5125	-0.47275641025641
5155	-0.53525641025641
5156	-0.47275641025641
5157	-0.554487179487179
5158	-0.536858974358974
5159	-0.588141025641026
5160	-0.626602564102564
5161	-0.525641025641026
5162	-0.456730769230769
5163	-0.443910256410256
5164	-0.424679487179487
5165	-0.336538461538462
5166	-0.317307692307693
5167	-0.323717948717949
5168	-0.336538461538462
5169	-0.3125
5170	-0.318910256410256
5171	-0.318910256410256
5172	-0.3125
5173	-0.306089743589743
5174	-0.224358974358974
5175	-0.274038461538461
5176	-0.254807692307692
5177	-0.198717948717949
5178	-0.205128205128205
5179	-0.280448717948718
5180	-0.237179487179487
5181	-0.288461538461539
5182	-0.439102564102564
5183	-0.495192307692308
5184	-0.514423076923077
5185	-0.407051282051282
5186	-0.495192307692308
5187	-0.495192307692308
5188	-0.469551282051282
5189	-0.5
5190	-0.480769230769231
5191	-0.405448717948718
5192	-0.399038461538461
5193	-0.424679487179487
5194	-0.243589743589744
5195	-0.230769230769231
5196	-0.155448717948718
5197	-0.153846153846154
5198	-0.108974358974359
5199	-0.121794871794872
5200	-0.15224358974359
5201	-0.240384615384616
5202	-0.264423076923077
5203	-0.302884615384615
5204	-0.21474358974359
5205	-0.27724358974359
5206	-0.27724358974359
5207	-0.302884615384615
5208	-0.391025641025641
5209	-0.315705128205128
5210	-0.315705128205128
5211	-0.309294871794872
5212	-0.358974358974359
5213	-0.415064102564103
5214	-0.333333333333333
5215	-0.294871794871795
5216	-0.301282051282052
5217	-0.421474358974359
5218	-0.471153846153846
5219	-0.315705128205128
5220	-0.328525641025641
5221	-0.41025641025641
5223	-0.524038461538462
5224	-0.592948717948718
5225	-0.586538461538462
5226	-0.580128205128205
5227	-0.586538461538462
5228	-0.586538461538462
5229	-0.580128205128205
5230	-0.625
5231	-0.625
5232	-0.631410256410256
5233	-0.645833333333333
5234	-0.677884615384615
5235	-0.677884615384615
5236	-0.572115384615385
5237	-0.628205128205128
5238	-0.673076923076923
5239	-0.653846153846154
5240	-0.641025641025641
5241	-0.641025641025641
5242	-0.658653846153846
5243	-0.596153846153846
5244	-0.583333333333333
5245	-0.576923076923077
5246	-0.551282051282051
5303	-0.778846153846154
5304	-0.798076923076923
5305	-0.72275641025641
5306	-0.697115384615385
5307	-0.74198717948718
5308	-0.761217948717949
5309	-0.875
5310	-0.842948717948718
5311	-0.862179487179487
5344	-0.862179487179487
5345	-0.831730769230769
5346	-0.801282051282052
5347	-0.846153846153846
5348	-0.820512820512821
5349	-0.775641025641026
5350	-0.668269230769231
5351	-0.605769230769231
5352	-0.536858974358974
5353	-0.403846153846154
5354	-0.373397435897436
5355	-0.386217948717949
5356	-0.379807692307692
5357	-0.386217948717949
5358	-0.386217948717949
5359	-0.493589743589744
5360	-0.599358974358974
5361	-0.556089743589744
5362	-0.690705128205128
5363	-0.730769230769231
5364	-0.706730769230769
5365	-0.695512820512821
5366	-0.727564102564103
5367	-0.671474358974359
5368	-0.74198717948718
5369	-0.80448717948718
5370	-0.786858974358974
5371	-0.685897435897436
5372	-0.730769230769231
5373	-0.793269230769231
5374	-0.748397435897436
5375	-0.685897435897436
5376	-0.647435897435898
5377	-0.636217948717949
5378	-0.628205128205128
5379	-0.729166666666667
5380	-0.778846153846154
5381	-0.849358974358974
5382	-0.943910256410257
5383	-1.00801282051282
5384	-1.0400641025641
5385	-0.783653846153846
5386	-0.764423076923077
5387	-0.745192307692308
5388	-0.764423076923077
5389	-0.846153846153846
5390	-0.711538461538461
5391	-0.684294871794872
5392	-0.753205128205128
5393	-0.833333333333333
5394	-0.758012820512821
5395	-0.782051282051282
5396	-0.743589743589744
5397	-0.6875
5398	-0.730769230769231
5399	-0.842948717948718
5400	-0.918269230769231
5401	-0.963141025641026
5402	-1.06410256410256
5403	-1.11378205128205
5404	-1.13942307692308
5405	-1.08814102564103
5406	-1.11378205128205
5407	-1.05608974358974
5408	-1.16346153846154
5410	-1.15064102564103
5411	-1.11858974358974
5412	-1.13141025641026
5430	-0.894230769230769
5431	-0.907051282051282
5432	-0.894230769230769
5434	-0.769230769230769
5435	-0.782051282051282
5436	-0.719551282051282
5437	-0.700320512820513
5438	-0.695512820512821
5439	-0.708333333333334
5440	-0.689102564102564
5441	-0.626602564102564
5442	-0.721153846153846
5443	-0.63301282051282
5444	-0.684294871794872
5445	-0.615384615384616
5446	-0.608974358974359
5447	-0.621794871794872
5448	-0.684294871794872
5449	-0.716346153846154
5450	-0.735576923076923
5451	-0.820512820512821
5452	-0.762820512820513
5453	-0.818910256410256
5454	-0.756410256410257
5455	-0.850961538461538
5456	-0.844551282051282
5457	-0.762820512820513
5458	-0.842948717948718
5459	-0.868589743589744
5460	-0.919871794871795
5461	-0.820512820512821
5462	-0.995192307692308
5463	-1.04647435897436
5464	-1.14102564102564
5465	-1.15384615384615
5466	-1.24038461538462
5467	-1.1650641025641
5468	-1.15865384615385
5469	-1.22115384615385
5470	-1.22115384615385
5471	-1.27884615384615
5517	-1.06730769230769
5528	-0.746794871794872
5529	-0.759615384615385
5530	-0.766025641025641
5531	-0.708333333333333
5532	-0.810897435897436
5605	-1.40705128205128
5607	-1.40064102564103
5608	-1.38782051282051
5609	-1.28846153846154
5610	-1.34615384615385
5611	-1.42307692307692
5612	-1.42948717948718
5613	-1.29326923076923
5614	-1.34294871794872
5615	-1.47596153846154
5616	-1.46314102564103
5617	-1.36378205128205
5618	-1.39583333333333
5619	-1.39583333333333
5620	-1.31410256410256
5621	-1.38301282051282
5622	-1.4198717948718
5623	-1.38301282051282
5624	-1.34455128205128
5625	-1.35096153846154
5626	-1.34455128205128
5627	-1.19871794871795
5628	-1.07371794871795
5629	-1.02884615384615
5630	-0.951923076923077
5631	-0.913461538461539
5632	-0.881410256410257
5633	-0.918269230769231
5634	-1.04647435897436
5635	-1.10897435897436
5636	-1.04166666666667
5637	-1.1474358974359
5638	-1.14102564102564
5639	-1.08333333333333
5640	-1.05288461538462
5641	-1.2275641025641
5642	-1.25320512820513
5643	-1.20192307692308
5644	-1.12019230769231
5645	-1.21314102564103
5646	-1.15544871794872
5647	-1.07211538461538
5648	-1.0224358974359
5649	-1.13141025641026
5650	-1.20192307692308
5651	-1.22115384615385
5652	-1.19871794871795
5653	-1.09134615384615
5654	-1.18108974358974
5655	-1.22435897435897
5656	-1.43108974358974
5657	-1.41346153846154
5658	-1.39423076923077
5659	-1.4375
5660	-1.44391025641026
5661	-1.48878205128205
5662	-1.40544871794872
5663	-1.42467948717949
5664	-1.54967948717949
5665	-1.52403846153846
5666	-1.51121794871795
5667	-1.54967948717949
5668	-1.49839743589744
5669	-1.45512820512821
5670	-1.38621794871795
5671	-1.38621794871795
5672	-1.45512820512821
5673	-1.49839743589744
5674	-1.44711538461538
5675	-1.26602564102564
5676	-1.41025641025641
5677	-1.30769230769231
5678	-1.28846153846154
5679	-1.34455128205128
5693	-1.35576923076923
5694	-1.24839743589744
5695	-1.11538461538462
5696	-1.02724358974359
5697	-1.08974358974359
5698	-1.1650641025641
5699	-1.11378205128205
5700	-1.11378205128205
5701	-0.988782051282051
5702	-0.975961538461538
5703	-1.25961538461538
5704	-1.23397435897436
5705	-1.15224358974359
5706	-1.17788461538462
5707	-1.18429487179487
5708	-1.21634615384615
5709	-1.2099358974359
5710	-1.15224358974359
5711	-1.00801282051282
5712	-0.977564102564103
5713	-1.01602564102564
5714	-0.940705128205128
5715	-0.826923076923077
5716	-0.713141025641026
5717	-0.637820512820513
5718	-0.543269230769231
5719	-0.613782051282051
5720	-0.639423076923077
5721	-0.71474358974359
5722	-0.783653846153846
5723	-0.746794871794872
5724	-0.891025641025641
5725	-0.897435897435898
5726	-0.858974358974359
5727	-0.92948717948718
5728	-0.961538461538462
5729	-1.09935897435897
5730	-1.13782051282051
5731	-1.06730769230769
5732	-1.13621794871795
5733	-1.1875
5734	-1.1426282051282
5735	-0.97275641025641
5736	-0.822115384615385
5737	-0.740384615384615
5738	-0.78525641025641
5739	-1.0176282051282
5740	-1.02884615384615
5741	-0.940705128205128
5742	-0.940705128205128
5743	-1.06089743589744
5744	-1.15544871794872
5745	-1.25641025641026
5746	-1.375
5747	-1.32371794871795
5748	-1.32371794871795
5749	-1.29166666666667
5750	-1.27884615384615
5754	-1.20192307692308
5755	-1.20833333333333
5756	-0.883012820512821
5757	-0.850961538461538
5758	-0.850961538461538
5759	-0.844551282051282
5760	-0.825320512820513
5761	-0.887820512820513
5762	-0.844551282051282
5763	-0.983974358974359
5764	-1.0448717948718
5765	-1.06891025641026
5766	-1.0625
5767	-1.08814102564103
5768	-0.988782051282051
5769	-0.969551282051282
5770	-0.907051282051282
5771	-0.709935897435897
5772	-0.653846153846154
5773	-0.576923076923077
5774	-0.608974358974359
5775	-0.490384615384615
5776	-0.408653846153846
5777	-0.40224358974359
5778	-0.376602564102564
5779	-0.408653846153846
5780	-0.40224358974359
5781	-0.389423076923077
5782	-0.32051282051282
5783	-0.213141025641026
5784	-0.519230769230769
5785	-0.506410256410257
5786	-0.4375
5787	-0.405448717948718
5788	-0.405448717948718
5789	-0.336538461538462
5790	-0.315705128205128
5791	-0.378205128205128
5792	-0.461538461538462
5793	-0.405448717948718
5794	-0.399038461538462
5795	-0.34775641025641
5796	-0.423076923076923
5797	-0.30448717948718
5798	-0.474358974358974
5799	-0.504807692307692
5800	-0.55448717948718
5801	-0.479166666666667
5802	-0.459935897435897
5803	-0.610576923076923
5804	-0.610576923076923
5805	-0.578525641025641
5806	-0.453525641025641
5807	-0.46474358974359
5808	-0.314102564102564
5809	-0.282051282051282
5810	-0.325320512820513
5811	-0.3125
5812	-0.211538461538462
5813	-0.192307692307693
5814	-0.267628205128205
5815	-0.280448717948718
5816	-0.230769230769231
5817	-0.198717948717949
5818	-0.238782051282051
5819	-0.169871794871795
5820	-0.0448717948717949
5821	-0.145833333333333
5822	-0.096153846153846
5823	-0.121794871794872
5824	-0.0769230769230769
5825	-0.27724358974359
5826	-0.264423076923077
5827	-0.246794871794872
5828	-0.0833333333333333
5829	-0.096153846153846
5830	0.0240384615384617
5831	0.125
5832	0.0432692307692308
5833	0.00480769230769229
5834	-0.0817307692307692
5835	-0.100961538461538
5836	-0.0945512820512819
5837	-0.0881410256410253
5838	-0.126602564102564
5839	-0.189102564102564
5840	-0.238782051282051
5841	-0.0897435897435899
5842	-0.0512820512820511
5843	0.0865384615384615
5844	-0.0016025641025641
5845	-0.00801282051282026
5846	0.0865384615384615
5847	0.0560897435897438
5848	-0.0304487179487181
5849	0.0016025641025641
5850	0.0336538461538463
5851	0.253205128205128
5852	0.158653846153846
5853	0.22275641025641
5854	0.334935897435898
5855	0.435897435897436
5856	0.304487179487179
5857	0.248397435897436
5858	0.254807692307693
5859	0.198717948717949
5860	0.211538461538461
5861	0.224358974358974
5862	0.286858974358974
5863	0.286858974358974
5864	0.25
5865	0.262820512820513
5866	0.238782051282051
5867	0.314102564102564
5868	0.333333333333333
5869	0.246794871794872
5870	0.272435897435897
5871	0.261217948717949
5872	0.286858974358974
5873	0.269230769230769
5874	0.350961538461539
5875	0.40224358974359
5876	0.572115384615385
5877	0.572115384615385
5878	0.610576923076923
5879	0.573717948717949
5880	0.655448717948718
5881	0.780448717948718
5882	0.698717948717949
5883	0.573717948717949
5884	0.642628205128205
5885	0.717948717948718
5886	0.629807692307692
5887	0.629807692307692
5888	0.610576923076923
5889	0.66025641025641
5890	0.628205128205128
5891	0.608974358974359
5892	0.576923076923077
5893	0.600961538461539
5894	0.594551282051282
5895	0.487179487179487
5896	0.467948717948718
5897	0.485576923076923
5898	0.447115384615385
5899	0.440705128205128
5900	0.376602564102564
5901	0.419871794871795
5902	0.262820512820513
5903	0.217948717948718
5904	0.149038461538461
5905	0.217948717948718
5906	0.323717948717948
5907	0.16025641025641
5908	0.00801282051282071
5909	-0.0929487179487181
5910	0.0833333333333335
5911	0.264423076923077
5912	0.189102564102564
5913	0.107371794871795
5914	0.169871794871795
5915	0.118589743589744
5916	0.125
5917	0.217948717948718
5918	0.230769230769231
5919	0.224358974358974
5920	0.230769230769231
5921	0.262820512820513
5922	0.262820512820513
5923	0.256410256410256
5924	0.275641025641026
5925	0.163461538461538
5926	0.294871794871795
5927	0.275641025641026
5928	0.301282051282051
5929	0.245192307692308
5930	0.150641025641026
5931	0.262820512820513
5932	0.123397435897436
5933	0.141025641025641
5934	0.0721153846153848
5935	0.083333333333333
5936	0.147435897435897
5937	0.16025641025641
5938	-0.033653846153846
5939	-0.176282051282051
5940	-0.182692307692308
5941	-0.13301282051282
5942	-0.169871794871795
5943	-0.157051282051282
5944	-0.137820512820513
5945	-0.325320512820513
5946	-0.400641025641026
5947	-0.318910256410256
5948	-0.375
5949	-0.475961538461538
5950	-0.475961538461538
5951	-0.362179487179487
5952	-0.368589743589744
5953	-0.280448717948718
5954	-0.418269230769231
5955	-0.355769230769231
5956	-0.317307692307693
5957	-0.211538461538462
5958	-0.185897435897436
5959	-0.310897435897436
5960	-0.221153846153846
5961	-0.33974358974359
5962	-0.445512820512821
5966	-0.357371794871795
5967	-0.314102564102564
5968	-0.294871794871795
5969	-0.363782051282052
5970	-0.370192307692308
5971	-0.301282051282052
5972	-0.245192307692307
5973	-0.169871794871795
5974	-0.0945512820512819
5975	-0.182692307692308
5976	-0.197115384615384
5977	-0.209935897435897
5978	-0.209935897435897
5979	-0.30448717948718
5980	-0.229166666666667
5981	-0.291666666666667
5982	-0.323717948717949
5983	-0.386217948717948
5984	-0.306089743589743
5985	-0.413461538461539
5986	-0.439102564102564
5987	-0.40224358974359
5988	-0.485576923076923
5989	-0.455128205128205
5990	-0.424679487179487
5991	-0.443910256410257
5992	-0.4375
5993	-0.450320512820513
5994	-0.631410256410257
5995	-0.637820512820513
5996	-0.568910256410257
5997	-0.524038461538462
5998	-0.4375
5999	-0.487179487179487
6000	-0.568910256410257
6001	-0.592948717948718
6002	-0.604166666666667
6003	-0.559294871794872
6004	-0.525641025641026
6005	-0.456730769230769
6006	-0.463141025641025
6007	-0.336538461538462
6008	-0.373397435897436
6009	-0.328525641025641
6010	-0.270833333333333
6011	-0.346153846153846
6012	-0.445512820512821
6014	-0.375
6016	-0.246794871794872
6017	-0.169871794871795
6018	-0.0897435897435899
6019	-0.0849358974358974
6020	-0.104166666666667
6021	-0.0432692307692306
6022	-0.0817307692307692
6023	-0.0208333333333333
6024	-0.0641025641025643
6025	-0.0576923076923077
6026	-0.120192307692307
6027	0.0929487179487181
6028	0.293269230769231
6029	0.355769230769231
6030	0.362179487179487
6031	0.431089743589744
6032	0.450320512820513
6033	0.413461538461538
6034	0.482371794871795
6035	0.419871794871795
6036	0.482371794871795
6037	0.495192307692308
6038	0.520833333333333
6039	0.552884615384616
6040	0.559294871794872
6041	0.572115384615385
6042	0.509615384615384
6043	0.509615384615384
6044	0.47275641025641
6045	0.435897435897436
6046	0.306089743589744
6047	0.301282051282051
6048	0.333333333333333
6049	0.165064102564103
6050	0.248397435897436
6051	0.200320512820513
6052	0.225961538461538
6053	0.354166666666667
6054	0.419871794871795
