71	-0.259615384615385
72	-0.269230769230769
73	-0.269230769230769
75	-0.259615384615385
76	-0.211538461538461
77	-0.230769230769231
78	-0.240384615384616
79	-0.25
80	-0.230769230769231
81	-0.192307692307693
85	-0.240384615384616
86	-0.201923076923077
87	-0.201923076923077
88	-0.105769230769231
89	-0.0096153846153848
90	-0.0288461538461542
91	0
92	0.163461538461538
93	0.144230769230769
94	0.182692307692307
95	0.269230769230769
96	0.240384615384615
97	0.240384615384615
98	0.365384615384615
99	0.346153846153846
100	0.365384615384615
101	0.288461538461538
102	0.192307692307692
103	0.192307692307692
104	0.0961538461538458
105	0.0865384615384615
106	0.0192307692307687
107	0.0288461538461533
108	0.00961538461538436
109	0.0673076923076921
110	0.0673076923076921
111	0.0288461538461535
112	0.134615384615384
113	0.115384615384615
114	0.153846153846154
115	0.173076923076923
116	0.173076923076923
117	0.10576923076923
118	0.182692307692307
119	0.192307692307692
120	0.182692307692307
121	0.0769230769230766
122	0.0192307692307693
123	-0.0288461538461541
124	-0.105769230769231
125	-0.182692307692308
126	-0.173076923076923
127	-0.182692307692308
165	-0.00961538461538503
166	0.00961538461538436
167	-3.33066907387547e-16
168	0.00961538461538436
169	0.0288461538461535
170	0.0480769230769228
171	0.0288461538461535
172	0.163461538461538
173	0.134615384615384
174	0.134615384615384
175	0.115384615384615
176	0.00961538461538436
177	0.0769230769230768
178	-0.00961538461538503
179	-2.22044604925031e-16
180	0.0192307692307692
181	-0.0288461538461543
182	0.0288461538461536
183	-0.0288461538461543
184	-0.0384615384615389
185	-0.0673076923076926
186	-0.115384615384616
187	-0.0192307692307694
188	-0.153846153846154
189	-0.144230769230769
190	-0.153846153846154
191	-0.0576923076923079
192	-0.0865384615384617
193	-0.0865384615384617
194	-0.163461538461539
195	-0.0769230769230773
196	0.0192307692307689
197	-0.0576923076923079
198	-0.0961538461538463
199	-0.0192307692307694
200	-4.44089209850063e-16
201	-0.192307692307693
202	-0.153846153846154
203	-0.153846153846154
204	-0.182692307692308
205	-0.173076923076923
206	-0.173076923076923
207	-0.153846153846154
208	-0.211538461538462
209	-0.105769230769231
210	0.144230769230769
211	0.317307692307692
212	0.336538461538461
213	0.259615384615384
214	0.288461538461538
215	0.336538461538461
216	0.336538461538461
217	0.326923076923077
218	0.259615384615384
219	0.221153846153846
220	0.221153846153846
221	0.211538461538461
222	0.298076923076923
223	0.307692307692307
224	0.288461538461538
225	0.25
226	0.269230769230769
227	0.163461538461538
228	0.182692307692307
229	0.163461538461538
230	0.259615384615384
231	0.192307692307692
232	0.0673076923076922
233	0.0961538461538461
234	0.125
235	0.0961538461538461
236	0.0384615384615383
237	0.163461538461538
238	0.23076923076923
239	0.192307692307692
240	0.173076923076923
241	0.0384615384615383
242	0.0480769230769229
243	0.0384615384615383
244	0.00961538461538458
245	-0.076923076923077
262	-0.288461538461539
263	-0.278846153846154
264	-0.269230769230769
269	-0.432692307692308
270	-0.413461538461539
283	-0.201923076923077
284	-0.201923076923077
285	-0.0769230769230771
286	-0.0480769230769234
287	-4.44089209850063e-16
288	-0.0961538461538463
289	-0.144230769230769
290	-0.153846153846154
291	-0.221153846153846
292	-0.230769230769231
293	-0.0961538461538463
294	-0.0384615384615388
295	-0.173076923076923
296	-0.153846153846154
297	-0.144230769230769
298	-0.211538461538462
299	-0.211538461538462
300	-0.105769230769231
301	-0.0673076923076924
302	0.0288461538461536
303	0.0673076923076922
304	0.125
305	0.298076923076923
306	0.307692307692307
307	0.307692307692307
308	0.394230769230769
309	0.394230769230769
310	0.326923076923077
311	0.317307692307692
312	0.326923076923077
313	0.394230769230769
314	0.326923076923077
315	0.326923076923077
316	0.278846153846154
317	0.35576923076923
318	0.365384615384615
319	0.201923076923077
320	0.211538461538461
321	0.173076923076923
322	0.153846153846153
323	0.278846153846154
324	0.375
325	0.442307692307692
326	0.461538461538461
327	0.451923076923077
328	0.442307692307692
329	0.326923076923077
330	0.182692307692308
331	0.173076923076923
332	0.23076923076923
333	0.221153846153846
334	0.221153846153846
335	0.23076923076923
336	0.115384615384615
337	0.0961538461538461
338	-0.0192307692307694
339	-0.0096153846153848
340	0.0384615384615383
341	-0.173076923076923
342	-0.182692307692308
343	-0.173076923076923
345	-0.201923076923077
346	-0.201923076923077
347	-0.201923076923077
348	-0.144230769230769
352	-0.115384615384616
354	-0.076923076923077
355	-3.33066907387547e-16
356	0.00961538461538436
357	-0.0673076923076923
358	-0.0673076923076923
362	-0.0384615384615389
363	0.00961538461538447
364	0.0288461538461536
365	-0.0192307692307694
366	-0.0096153846153848
367	0.0480769230769229
368	-0.0480769230769234
369	-0.0192307692307694
370	-0.0576923076923077
371	-0.0576923076923077
372	-0.076923076923077
373	-0.0865384615384618
374	0.00961538461538458
375	-0.0096153846153848
376	0.10576923076923
377	0.163461538461538
378	0.153846153846154
379	0.163461538461538
380	0.153846153846154
381	0.134615384615384
382	0.125
383	0.134615384615384
384	0.0865384615384612
385	0.0384615384615379
386	0.0769230769230766
387	0.0576923076923073
388	-0.0384615384615388
389	-0.0384615384615388
390	-0.115384615384616
391	-0.115384615384616
392	-0.0961538461538463
393	-0.0961538461538463
394	-0.0192307692307696
395	-0.0192307692307696
396	-0.115384615384615
397	-0.182692307692308
398	-0.336538461538462
399	-0.336538461538462
400	-0.346153846153846
401	-0.288461538461539
402	-0.317307692307692
403	-0.134615384615385
404	-0.0961538461538464
405	-0.125
406	-0.115384615384616
407	-0.115384615384616
408	0.00961538461538458
409	0.0673076923076918
410	0.0192307692307693
411	0.0288461538461536
412	-0.0480769230769234
413	-0.0961538461538465
414	-0.0865384615384619
415	0.0288461538461536
416	0.0480769230769229
417	0.0288461538461536
418	0.0480769230769229
419	0.0480769230769228
420	0.0576923076923075
421	0.105769230769231
422	0.134615384615384
423	0.25
424	0.403846153846154
425	0.423076923076923
426	0.413461538461538
427	0.423076923076923
428	0.403846153846154
429	0.394230769230769
430	0.336538461538461
431	0.336538461538461
432	0.355769230769231
433	0.384615384615384
434	0.384615384615384
435	0.413461538461538
436	0.413461538461538
437	0.413461538461538
438	0.461538461538461
439	0.230769230769231
440	0.211538461538462
441	0.182692307692308
442	0.278846153846154
443	0.346153846153846
444	0.269230769230769
445	0.298076923076923
446	0.355769230769231
447	0.336538461538461
448	0.221153846153846
449	0.182692307692307
450	0.240384615384615
451	0.134615384615385
452	0.125
453	0.298076923076923
454	0.259615384615384
455	0.211538461538461
456	0.201923076923077
457	0.259615384615384
458	0.375
459	0.365384615384615
460	0.211538461538461
461	0.201923076923077
462	0.288461538461538
463	0.211538461538461
464	0.259615384615384
465	0.25
466	0.240384615384615
467	0.25
468	0.221153846153846
469	0.288461538461538
470	0.394230769230769
471	0.307692307692307
472	0.451923076923077
473	0.538461538461538
474	0.509615384615384
475	0.557692307692308
476	0.730769230769231
477	0.769230769230769
478	0.673076923076923
479	0.605769230769231
480	0.576923076923077
481	0.490384615384615
482	0.548076923076923
483	0.567307692307692
484	0.586538461538461
485	0.615384615384615
486	0.538461538461538
487	0.509615384615384
488	0.5
489	0.336538461538461
490	0.432692307692307
491	0.471153846153846
492	0.48076923076923
493	0.5
494	0.375
495	0.307692307692307
496	0.317307692307692
497	0.317307692307692
498	0.230769230769231
499	0.230769230769231
500	0.163461538461538
501	0.182692307692307
502	0.163461538461538
503	0.173076923076923
504	0.269230769230769
505	0.201923076923077
506	0.125
507	0.125
544	0.0576923076923076
551	0.048076923076923
557	0.144230769230769
558	0.163461538461538
559	0.163461538461538
560	0.25
561	0.259615384615384
562	0.269230769230769
563	0.326923076923077
564	0.451923076923077
565	0.451923076923077
566	0.413461538461538
567	0.509615384615384
568	0.519230769230769
569	0.528846153846154
570	0.490384615384615
571	0.451923076923077
572	0.615384615384615
573	0.509615384615384
574	0.461538461538461
575	0.634615384615384
576	0.653846153846154
577	0.644230769230769
578	0.644230769230769
579	0.615384615384615
580	0.605769230769231
581	0.644230769230769
582	0.625
583	0.615384615384615
584	0.509615384615384
585	0.509615384615384
586	0.490384615384615
587	0.403846153846154
588	0.346153846153846
589	0.375
590	0.326923076923077
591	0.317307692307692
592	0.307692307692307
593	0.192307692307692
594	0.163461538461538
595	0.115384615384615
596	0.0192307692307687
597	0.0192307692307687
598	-0.115384615384616
599	0.00961538461538414
600	-0.105769230769231
601	-0.038461538461539
602	-0.0769230769230775
603	-0.153846153846154
604	-0.115384615384616
605	-0.134615384615385
606	-0.201923076923077
607	-0.182692307692308
608	-0.326923076923077
609	-0.26923076923077
610	-0.259615384615385
611	-0.413461538461539
612	-0.365384615384616
613	-0.375
614	-0.375
615	-0.375
616	-0.5
618	-0.413461538461539
619	-0.403846153846154
620	-0.375000000000001
621	-0.346153846153847
622	-0.269230769230769
623	-0.288461538461539
624	-0.278846153846154
625	-0.326923076923077
626	-0.288461538461539
627	-0.182692307692308
628	-0.211538461538462
629	-0.144230769230769
630	-0.125
631	-0.0961538461538463
632	-0.115384615384615
633	-0.153846153846154
634	-0.105769230769231
635	-0.307692307692308
636	-0.201923076923077
637	-0.288461538461539
638	-0.230769230769231
639	-0.25
653	-0.173076923076923
657	-0.163461538461539
658	-0.240384615384616
659	-0.211538461538461
660	-0.173076923076923
661	-0.182692307692308
662	-0.192307692307692
670	-0.182692307692308
671	-0.192307692307692
672	-0.182692307692308
673	-0.182692307692308
674	-0.0865384615384619
675	-0.0576923076923079
676	-0.0769230769230773
677	-0.0673076923076926
678	-0.0769230769230773
679	-0.0576923076923079
680	0.0192307692307693
681	0.0192307692307693
682	0.00961538461538458
683	-0.0384615384615387
684	-0.0865384615384619
685	0.0192307692307692
686	0.0192307692307692
687	-0.0192307692307694
688	0.0769230769230768
689	-2.22044604925031e-16
690	-0.0192307692307694
691	-0.0769230769230773
692	-0.0480769230769235
693	-0.105769230769231
694	-0.163461538461539
695	-0.201923076923077
696	-0.211538461538461
697	-0.115384615384616
698	-0.0288461538461541
699	0.0192307692307692
700	-0.153846153846154
701	-0.115384615384616
702	0.0192307692307692
703	0.0673076923076921
704	0.0961538461538459
705	0.0865384615384615
706	0.0192307692307692
707	0.0384615384615382
708	-0.0384615384615389
709	-0.0673076923076926
710	-0.0576923076923079
711	-0.0769230769230773
712	-2.22044604925031e-16
713	0.0192307692307692
714	0.125
715	0.269230769230769
716	0.240384615384615
717	0.221153846153846
718	0.221153846153846
719	0.211538461538461
720	0.23076923076923
721	0.221153846153846
722	0.192307692307692
723	0.259615384615384
724	0.182692307692307
725	0.182692307692307
726	0.23076923076923
727	0.240384615384615
728	0.221153846153846
729	0.144230769230769
730	0.211538461538461
731	0.211538461538461
732	0.182692307692308
733	0.0865384615384615
734	-0.00961538461538503
735	-0.0384615384615389
736	0.0384615384615382
737	0.182692307692307
738	0.0384615384615382
739	0.0192307692307692
740	0.0961538461538461
741	0.0769230769230768
742	0.0576923076923075
743	0.0480769230769228
744	0.00961538461538447
745	-0.0192307692307696
746	-0.0288461538461543
747	-0.0384615384615389
748	-0.0961538461538463
749	-0.105769230769231
761	-0.192307692307692
762	-0.125
763	-0.125
764	-0.0961538461538465
765	-0.125
766	-0.0865384615384618
767	-0.0480769230769234
768	0.0769230769230768
769	0.0769230769230768
770	0.0865384615384615
771	0.0673076923076922
772	0.0865384615384615
773	-0.0384615384615387
774	-0.0480769230769234
775	0.0288461538461536
776	-0.0576923076923077
777	-0.0576923076923077
778	-0.0865384615384618
779	-0.0192307692307694
780	0.00961538461538458
781	-0.0288461538461542
782	-0.0384615384615388
783	0
784	0.0865384615384612
785	0.10576923076923
786	0.0961538461538458
787	0.0673076923076921
788	0.0576923076923075
789	0.0865384615384615
790	0.0865384615384615
791	0.144230769230769
792	0.182692307692307
793	0.182692307692307
794	0.0576923076923073
795	0.00961538461538458
796	-0.163461538461539
800	-0.25
801	-0.240384615384616
887	-0.192307692307692
888	-0.201923076923077
889	-0.173076923076923
890	-0.240384615384616
891	-0.192307692307693
892	-0.125
893	-0.134615384615385
894	-0.115384615384616
895	-0.163461538461539
896	-0.259615384615385
897	-0.288461538461539
898	-0.375
899	-0.403846153846154
900	-0.432692307692308
901	-0.413461538461539
902	-0.423076923076923
904	-0.471153846153846
905	-0.451923076923077
906	-0.451923076923077
916	-0.538461538461539
917	-0.576923076923077
918	-0.586538461538462
919	-0.586538461538462
920	-0.557692307692308
921	-0.509615384615385
922	-0.5
926	-0.471153846153846
927	-0.346153846153847
928	-0.432692307692308
929	-0.471153846153846
930	-0.5
931	-0.451923076923077
932	-0.451923076923077
933	-0.346153846153847
934	-0.336538461538462
935	-0.326923076923077
936	-0.317307692307693
937	-0.307692307692308
938	-0.288461538461539
939	-0.173076923076923
940	-0.173076923076923
941	-0.153846153846154
942	-0.0673076923076923
943	0.00961538461538436
944	0.0288461538461533
945	0.0961538461538458
946	0.0769230769230766
947	0.0288461538461535
948	-0.0384615384615388
949	-4.44089209850063e-16
950	0.0192307692307687
951	0.0192307692307687
952	-0.0673076923076923
953	-0.0288461538461542
954	0
955	0
956	-0.0288461538461542
957	-0.0096153846153848
958	0.00961538461538458
959	-0.0192307692307694
960	-0.0096153846153848
961	0.00961538461538458
962	0.0480769230769229
963	-0.115384615384616
964	-0.0865384615384619
965	0.0865384615384615
966	0.125
967	0.115384615384615
968	0.278846153846154
969	0.259615384615384
970	0.230769230769231
971	0.230769230769231
972	0.211538461538461
973	0.125
974	0.144230769230769
975	0.0961538461538459
976	-0.0096153846153848
977	0.0480769230769225
978	-0.0288461538461542
979	-0.0673076923076924
980	-0.0384615384615387
981	-0.125
982	-0.115384615384616
983	-0.0480769230769235
984	-0.0384615384615389
985	-0.0192307692307696
986	-0.00961538461538503
987	-0.0865384615384617
988	-0.125
989	-0.0769230769230773
990	-0.0961538461538465
991	-0.0865384615384619
992	-0.0769230769230773
993	-0.0961538461538465
994	-0.0288461538461541
995	-0.0384615384615387
996	0.0384615384615383
997	0.230769230769231
998	0.192307692307692
999	0.153846153846154
1000	0.144230769230769
1001	0.0480769230769229
1002	0.0384615384615383
1003	0.0288461538461536
1004	-0.0961538461538465
1005	-0.0961538461538465
1006	0.0192307692307693
1007	0.0192307692307693
1008	0.0480769230769229
1009	0.0576923076923076
1010	0.0384615384615383
1011	0.00961538461538447
1012	0.0192307692307692
1013	-0.0576923076923079
1014	-0.0961538461538465
1015	-0.144230769230769
1016	-0.192307692307693
1017	-0.192307692307693
1018	-0.134615384615385
1019	-0.115384615384616
1020	-0.105769230769231
1021	-0.125
1022	-0.134615384615385
1023	-0.115384615384616
1024	-0.115384615384616
1025	-0.163461538461539
1026	-0.153846153846154
1027	-0.0865384615384618
1028	-0.0865384615384618
1029	-0.182692307692308
1030	-0.307692307692308
1031	-0.307692307692308
1133	-0.25
1336	-0.634615384615385
1337	-0.605769230769231
1338	-0.567307692307692
1345	-0.471153846153846
1346	-0.394230769230769
1347	-0.355769230769231
1348	-0.298076923076923
1349	-0.317307692307693
1350	-0.326923076923077
1351	-0.201923076923077
1352	-0.288461538461539
1353	-0.269230769230769
1354	-0.201923076923077
1355	-0.173076923076923
1356	-0.134615384615385
1357	-0.173076923076923
1358	-0.144230769230769
1359	-0.125
1360	-0.0384615384615388
1361	0.125
1362	0.125
1363	0.115384615384615
1364	0.144230769230769
1365	0.134615384615384
1366	0.221153846153846
1367	0.173076923076923
1368	0.221153846153846
1369	0.307692307692307
1370	0.298076923076923
1371	0.182692307692307
1372	0.10576923076923
1373	0.10576923076923
1374	0.0480769230769229
1375	0.0480769230769229
1376	0.0288461538461536
1377	0
1378	0.0865384615384612
1379	0.115384615384615
1380	0.0769230769230768
1381	-2.22044604925031e-16
1382	-0.0769230769230773
1383	-0.125
1384	-0.173076923076923
1385	-0.0961538461538464
1386	-0.105769230769231
1387	-0.230769230769231
1388	-0.259615384615385
1389	-0.201923076923077
1390	-0.25
1395	-0.182692307692308
1396	-0.182692307692308
1466	-0.192307692307692
1467	-0.125
1468	-0.230769230769231
1469	-0.269230769230769
1470	-0.240384615384616
1471	-0.269230769230769
1472	-0.317307692307692
1473	-0.298076923076923
1474	-0.288461538461539
1475	-0.201923076923077
1476	-0.211538461538462
1477	-0.221153846153846
1478	-0.259615384615385
1479	-0.355769230769231
1480	-0.346153846153846
1481	-0.307692307692308
1482	-0.192307692307692
1483	-0.182692307692308
1484	-0.288461538461539
1485	-0.375
1486	-0.384615384615385
1487	-0.365384615384616
1488	-0.413461538461539
1489	-0.346153846153847
1490	-0.336538461538462
1491	-0.211538461538462
1492	-0.0865384615384619
1493	0.0192307692307689
1494	0.0192307692307689
1495	-0.0096153846153848
1496	-0.0673076923076927
1497	-0.0480769230769234
1498	-0.0576923076923079
1499	-0.221153846153846
1500	-0.211538461538462
1501	-0.288461538461539
1502	-0.355769230769231
1503	-0.432692307692308
1504	-0.423076923076923
1505	-0.423076923076923
1506	-0.365384615384616
1507	-0.269230769230769
1508	-0.269230769230769
1509	-0.259615384615385
1510	-0.230769230769231
1511	-0.144230769230769
1512	-0.125
1513	-0.0865384615384617
1514	-0.105769230769231
1515	-0.105769230769231
1516	-0.105769230769231
1517	-0.105769230769231
1518	-0.173076923076923
1519	-0.163461538461539
1520	-0.144230769230769
1521	-0.0769230769230771
1522	-0.0769230769230771
1523	-0.0192307692307696
1524	-0.00961538461538503
1525	-0.105769230769231
1526	-0.115384615384615
1527	-0.221153846153846
1528	-0.317307692307692
1538	-0.317307692307692
1539	-0.298076923076923
1540	-0.278846153846154
1541	-0.269230769230769
1542	-0.269230769230769
1543	-0.278846153846154
1544	-0.25
1545	-0.317307692307692
1546	-0.336538461538462
1550	-0.307692307692308
1551	-0.288461538461539
1552	-0.317307692307692
1564	-0.403846153846154
1565	-0.346153846153847
1566	-0.355769230769231
1567	-0.317307692307693
1568	-0.365384615384616
1569	-0.336538461538462
1570	-0.326923076923077
1571	-0.278846153846154
1572	-0.0865384615384617
1573	-0.0576923076923079
1574	-0.115384615384616
1575	-0.134615384615385
1576	-0.0865384615384617
1577	-0.0576923076923079
1578	-0.105769230769231
1579	-0.201923076923077
1580	-0.211538461538462
1581	-0.153846153846154
1582	-0.173076923076923
1583	-0.25
1584	-0.288461538461539
1585	-0.144230769230769
1586	-0.201923076923077
1587	-0.221153846153846
1588	-0.134615384615385
1589	-0.0576923076923077
1590	-0.0865384615384618
1591	-0.0865384615384618
1592	-0.0673076923076924
1593	-0.0096153846153848
1594	0.00961538461538447
1595	-0.0769230769230773
1596	-0.0961538461538465
1597	-0.105769230769231
1598	-0.0769230769230773
1599	-0.115384615384616
1612	-0.163461538461539
1613	-0.0961538461538465
1614	-0.125
1615	-0.105769230769231
1616	-0.0192307692307694
1617	-0.0480769230769234
1618	-0.0384615384615387
1619	-0.0480769230769234
1620	-0.0480769230769234
1621	-0.125
1622	-0.163461538461539
1623	-0.163461538461539
1633	-0.25
1634	-0.317307692307692
1635	-0.375
1636	-0.365384615384616
1637	-0.346153846153846
1638	-0.240384615384616
1639	-0.278846153846154
1640	-0.278846153846154
1641	-0.259615384615385
1642	-0.173076923076923
1643	-0.0961538461538464
1644	-0.0961538461538464
1645	-0.115384615384616
1646	-0.153846153846154
1647	-0.153846153846154
1657	-0.125
1658	-0.105769230769231
1659	-0.105769230769231
1660	-0.0576923076923079
1661	-0.0480769230769235
1662	-0.0480769230769235
1663	-0.0576923076923079
1664	0.0288461538461536
1665	0.0384615384615382
1666	0.0480769230769228
1667	0.0673076923076921
1668	0.0576923076923075
1669	-3.33066907387547e-16
1670	0.0673076923076918
1671	0.10576923076923
1672	0.10576923076923
1673	0.10576923076923
1674	0.0192307692307693
1675	0.0384615384615383
1676	0.0192307692307693
1677	0.0673076923076918
1678	0.0384615384615381
1679	-0.0192307692307693
1680	-0.0192307692307693
1683	0.0288461538461535
1684	0.0384615384615381
1685	0.163461538461538
1686	0.0961538461538459
1687	0.105769230769231
1688	0.0961538461538459
1689	0.105769230769231
1690	0.115384615384615
1691	0.125
1692	0.134615384615384
1693	-0.0192307692307693
1694	-0.0096153846153848
1695	0.0192307692307693
1696	0.0288461538461537
1697	0.0288461538461537
1698	0.00961538461538458
1699	-0.0192307692307693
1703	-0.0961538461538463
1704	-0.134615384615385
1705	-0.182692307692308
1706	-0.192307692307692
1707	-0.134615384615385
1708	-0.134615384615385
1709	-0.125
1710	0.0384615384615383
1711	0.115384615384615
1712	0.115384615384615
1713	0.0480769230769229
1714	-0.0192307692307694
1715	0.134615384615384
1716	0.144230769230769
1717	0.221153846153846
1718	0.288461538461538
1719	0.326923076923077
1720	0.298076923076923
1721	0.0961538461538461
1722	0.0961538461538461
1723	0.0769230769230768
1724	0.163461538461538
1725	0.144230769230769
1726	0.211538461538461
1727	0.201923076923077
1728	0.269230769230769
1729	0.192307692307692
1730	0.346153846153846
1731	0.317307692307692
1732	0.365384615384615
1733	0.35576923076923
1734	0.346153846153846
1735	0.365384615384615
1736	0.375
1737	0.461538461538461
1738	0.461538461538461
1739	0.423076923076923
1740	0.5
1741	0.519230769230769
1742	0.5
1743	0.451923076923077
1744	0.442307692307692
1745	0.413461538461538
1746	0.240384615384615
1747	0.134615384615384
1748	0.163461538461538
1749	0.192307692307692
1750	0.221153846153846
1751	0.0673076923076918
1752	0.144230769230769
1753	0.0769230769230766
1754	0.0576923076923073
1755	-0.105769230769231
1756	-0.0288461538461542
1757	-0.0480769230769234
1758	0.0865384615384615
1759	0.0480769230769229
1760	-0.0480769230769236
1761	0.0288461538461535
1762	-0.0480769230769236
1763	-0.0769230769230773
1764	-0.153846153846154
1765	-0.125
1766	-0.298076923076923
1767	-0.230769230769231
1768	-0.326923076923077
1769	-0.346153846153847
1770	-0.355769230769231
1771	-0.288461538461539
1772	-0.307692307692308
1773	-0.471153846153846
1774	-0.461538461538462
1775	-0.451923076923077
1776	-0.413461538461539
1777	-0.432692307692308
1778	-0.403846153846154
1779	-0.451923076923077
1780	-0.461538461538462
1781	-0.442307692307692
1782	-0.432692307692308
1783	-0.461538461538462
1785	-0.480769230769231
1786	-0.5
1787	-0.5
1815	-0.211538461538462
1816	-0.192307692307693
1817	-0.201923076923077
1818	-0.192307692307693
1819	-0.182692307692308
1820	-0.163461538461539
1821	-0.201923076923077
1822	-0.192307692307692
1823	-0.192307692307692
1824	-0.0192307692307696
1825	0.0384615384615381
1826	0.0480769230769228
1827	0.0192307692307688
1828	0.0288461538461535
1829	0.182692307692308
1830	0.182692307692308
1831	0.192307692307692
1832	0.201923076923077
1833	-0.0096153846153848
1834	0.0192307692307693
1835	0.00961538461538458
1836	-0.0384615384615385
1837	-0.0576923076923078
1838	-0.105769230769231
1839	-0.0673076923076926
1840	-0.0384615384615389
1841	-0.0384615384615389
1842	-0.0384615384615389
1843	0.0192307692307692
1844	0.0961538461538461
1845	0.105769230769231
1846	0.125
1847	-0.0576923076923079
1848	-0.153846153846154
1849	-0.115384615384616
1850	-0.0480769230769234
1851	-0.115384615384616
1852	-0.163461538461539
1853	-0.211538461538462
1854	-0.230769230769231
1855	-0.115384615384616
1856	-0.163461538461539
1857	-0.144230769230769
1858	-0.144230769230769
1859	-0.163461538461539
1860	-0.259615384615385
1861	-0.25
1862	-0.288461538461539
1863	-0.307692307692308
1864	-0.317307692307693
1923	-0.182692307692308
1924	-0.201923076923077
1925	-0.211538461538462
1926	-0.125
1927	-0.0865384615384617
1928	-0.153846153846154
1929	-0.173076923076923
1930	-0.173076923076923
1931	-0.153846153846154
1932	-0.298076923076923
1933	-0.307692307692308
1934	-0.278846153846154
1935	-0.298076923076923
1936	-0.288461538461539
1937	-0.259615384615385
1938	-0.288461538461539
1939	-0.394230769230769
1977	-0.394230769230769
1978	-0.375
1979	-0.442307692307692
1980	-0.442307692307692
1981	-0.394230769230769
1982	-0.394230769230769
1983	-0.278846153846154
1984	-0.278846153846154
1985	-0.211538461538462
1986	-0.163461538461539
1987	-0.115384615384615
1988	-0.115384615384615
1989	-0.144230769230769
1990	-0.115384615384615
1991	-0.0961538461538463
1992	-0.00961538461538503
1993	-0.0480769230769236
1994	-0.0384615384615388
1995	-0.0576923076923082
1996	-0.134615384615385
1997	-0.192307692307692
1998	-0.173076923076923
1999	-0.278846153846154
2000	-0.355769230769231
2001	-0.375
2002	-0.375
2003	-0.259615384615385
2004	-0.230769230769231
2005	-0.0961538461538463
2006	-0.115384615384615
2007	-0.0961538461538463
2008	-0.115384615384615
2009	-0.134615384615385
2010	-0.278846153846154
2011	-0.413461538461539
2012	-0.432692307692308
2015	-0.413461538461539
2016	-0.394230769230769
2034	-0.326923076923077
2035	-0.326923076923077
2036	-0.221153846153846
2037	-0.201923076923077
2038	-0.211538461538462
2039	-0.307692307692308
2040	-0.288461538461539
2047	-0.182692307692308
2048	-0.144230769230769
2049	-0.153846153846154
2050	-0.134615384615385
2056	-0.201923076923077
2057	-0.173076923076923
2058	-0.230769230769231
2059	-0.221153846153846
2060	-0.221153846153846
2061	-0.211538461538461
2062	-0.105769230769231
2063	-0.182692307692308
2067	-0.25
2068	-0.25
2117	-0.221153846153846
2161	-0.0384615384615389
2162	-0.0288461538461543
2163	-0.0384615384615389
2164	-0.0673076923076926
2165	-0.0769230769230773
2166	0.00961538461538447
2167	-0.0192307692307694
2168	0.115384615384615
2169	0.0865384615384615
2170	0.125
2171	0.0769230769230768
2172	0.0480769230769229
2173	0.0288461538461536
2174	0.125
2175	0.125
2176	0.134615384615384
2177	-0.0288461538461541
2178	-0.0769230769230773
2179	-0.192307692307692
2180	-0.25
2181	-0.163461538461539
2182	-0.278846153846154
2183	-0.278846153846154
2184	-0.182692307692308
2185	-0.221153846153846
2186	-0.25
2187	-0.326923076923077
2188	-0.346153846153846
2189	-0.336538461538462
2199	-0.346153846153846
2200	-0.346153846153846
2201	-0.317307692307693
2202	-0.336538461538462
2203	-0.317307692307693
2204	-0.394230769230769
2205	-0.375
2206	-0.375
2207	-0.336538461538462
2208	-0.25
2209	-0.25
2210	-0.326923076923077
2211	-0.317307692307692
2212	-0.317307692307692
2213	-0.317307692307692
2214	-0.173076923076923
2215	-0.153846153846154
2216	-0.182692307692308
2217	-0.125
2218	-0.0865384615384618
2219	-0.0961538461538464
2220	-0.173076923076923
2221	-0.173076923076923
2222	-0.144230769230769
2223	-0.125
2224	-0.0769230769230773
2225	-0.0865384615384619
2226	-0.105769230769231
2227	-0.0961538461538465
2228	-0.125
2229	-0.211538461538461
2230	-0.173076923076923
2231	-0.182692307692308
2232	-0.153846153846154
2280	-0.201923076923077
2300	-0.307692307692308
2301	-0.326923076923077
2302	-0.326923076923077
2303	-0.346153846153847
2304	-0.14423076923077
2305	-0.269230769230769
2306	-0.240384615384616
2307	-0.288461538461539
2308	-0.259615384615385
2309	-0.25
2310	-0.221153846153846
2311	-0.163461538461539
2312	-0.125
2313	-0.115384615384615
2314	-0.0288461538461542
2315	-0.0192307692307696
2316	-0.0576923076923082
2317	-0.0480769230769236
2318	0.00961538461538436
2319	0.0576923076923073
2320	0.0865384615384612
2321	0.125
2322	0.0576923076923076
2323	-0.0096153846153848
2324	-0.0576923076923079
2325	-0.0961538461538465
2326	-0.0961538461538465
2327	-0.163461538461539
2328	-0.144230769230769
2329	-0.163461538461539
2334	-0.192307692307692
2335	-0.230769230769231
2344	-0.211538461538461
2345	-0.182692307692308
2346	-0.182692307692308
2348	-0.134615384615385
2349	-0.0288461538461543
2350	-0.0192307692307696
2351	0.0769230769230768
2352	-3.33066907387547e-16
2353	-0.00961538461538503
2354	0.0576923076923075
2355	0.115384615384615
2356	0.0769230769230768
2357	0.0865384615384615
2358	0.0769230769230768
2359	0.0769230769230768
2360	0.105769230769231
2361	0.144230769230769
2362	0.201923076923076
2363	0.182692307692307
2364	0.173076923076923
2365	0.192307692307692
2366	0.336538461538461
2367	0.346153846153846
2368	0.375
2369	0.365384615384615
2370	0.557692307692307
2371	0.528846153846153
2372	0.586538461538461
2373	0.596153846153846
2374	0.605769230769231
2375	0.673076923076923
2376	0.365384615384615
2377	0.451923076923077
2378	0.442307692307692
2379	0.403846153846154
2380	0.269230769230769
2381	0.259615384615384
2382	0.25
2383	0.201923076923077
2384	0.125
2385	0.0384615384615383
2386	-0.0480769230769234
2387	-0.153846153846154
2388	-0.115384615384616
2389	-0.105769230769231
2390	-0.221153846153846
2392	-0.221153846153846
2393	-0.105769230769231
2394	-0.153846153846154
2395	-0.163461538461539
2396	-0.105769230769231
2397	-0.115384615384615
2398	-0.163461538461539
2399	-0.153846153846154
2400	-0.134615384615385
2401	-0.144230769230769
2402	-0.346153846153846
2403	-0.346153846153846
2404	-0.336538461538462
2405	-0.336538461538462
2417	-0.134615384615385
2418	-0.125
2419	-0.125
2420	0.0961538461538459
2421	0.0673076923076918
2422	0.144230769230769
2423	0.163461538461538
2424	0.115384615384615
2425	0.192307692307692
2426	0.288461538461538
2427	0.317307692307692
2428	0.298076923076923
2429	0.153846153846154
2430	0.278846153846154
2431	0.307692307692307
2432	0.230769230769231
2433	0.211538461538461
2434	0.192307692307692
2435	0.221153846153846
2436	0.211538461538461
2437	0.192307692307692
2438	0.230769230769231
2439	0.298076923076923
2440	0.288461538461538
2441	0.317307692307692
2442	0.269230769230769
2443	0.307692307692307
2444	0.269230769230769
2445	0.278846153846154
2446	0.201923076923077
2447	0.211538461538461
2448	0.115384615384615
2449	0.10576923076923
2450	-0.0096153846153848
2451	0.0192307692307693
2452	0.0192307692307693
2453	-0.0480769230769234
2454	-0.0288461538461541
2455	-2.22044604925031e-16
2469	-0.153846153846154
2470	-0.173076923076923
2471	-0.163461538461539
2472	-0.134615384615385
2473	-0.105769230769231
2474	-0.0865384615384619
2475	-0.163461538461539
2476	-0.173076923076923
2477	-0.105769230769231
2478	-0.105769230769231
2479	-0.192307692307692
2480	-0.115384615384616
2481	-0.0576923076923077
2482	-0.0673076923076924
2483	-0.0865384615384618
2484	-0.125
2485	-0.105769230769231
2486	-0.0961538461538464
2487	-0.173076923076923
2488	-0.211538461538462
2489	-0.278846153846154
2490	-0.192307692307692
2491	-0.182692307692308
2492	-0.182692307692308
2493	-0.182692307692308
2494	-0.221153846153846
2495	-0.221153846153846
2496	-0.326923076923077
2497	-0.153846153846154
2498	-0.0769230769230773
2499	0.0384615384615383
2500	0.0576923076923075
2501	0.0673076923076921
2502	0.10576923076923
2503	0.00961538461538436
2504	-0.144230769230769
2505	-0.240384615384616
2506	-0.144230769230769
2507	-0.182692307692308
2508	-0.201923076923077
2509	-0.192307692307693
2510	-0.192307692307693
2511	-0.115384615384616
2512	-0.115384615384616
2513	-0.192307692307693
2514	-0.173076923076923
2515	-0.230769230769231
2516	-0.173076923076923
2517	-0.230769230769231
2518	-0.25
2519	-0.163461538461539
2520	-0.115384615384616
2521	0.0384615384615379
2522	0.0576923076923073
2523	0.125
2524	0.240384615384615
2525	0.125
2526	0.0288461538461536
2527	0.0288461538461536
2528	0.0480769230769229
2529	0.0288461538461536
2530	0.0576923076923076
2531	0.10576923076923
2532	0.125
2533	-0.0480769230769234
2534	-0.0576923076923077
2535	-0.144230769230769
2536	-0.144230769230769
2537	-0.134615384615385
2538	-0.240384615384616
2539	-0.230769230769231
2540	-0.211538461538461
2541	-0.230769230769231
2542	-0.153846153846154
2543	-0.125
2544	-0.0288461538461541
2545	0.0576923076923076
2546	0.0961538461538459
2547	0.0384615384615383
2548	0.0384615384615383
2549	0.0288461538461536
2550	0.115384615384615
2551	0.173076923076923
2552	0.0192307692307692
2553	-2.22044604925031e-16
2554	0.0961538461538461
2555	0.0192307692307692
2556	0.0192307692307692
2557	-0.153846153846154
2558	-0.173076923076923
2559	-0.153846153846154
2560	-0.0673076923076926
2561	-0.0384615384615389
2562	-0.0384615384615389
2563	-0.0480769230769235
2564	-0.0576923076923079
2565	0.0480769230769228
2566	0.0673076923076921
2567	0.00961538461538436
2568	0.0288461538461535
2569	0.0384615384615381
2570	-0.0192307692307693
2571	-0.0096153846153848
2572	-0.0480769230769231
2573	-0.0384615384615385
2574	-0.0673076923076923
2575	-0.0576923076923078
2576	-0.0480769230769231
2577	-0.0192307692307693
2671	-0.0288461538461543
2672	0.0673076923076921
2673	0.0384615384615382
2674	-0.0096153846153848
2675	0.0480769230769229
2676	0.173076923076923
2677	0.115384615384615
2678	0.153846153846154
2679	0.153846153846154
2680	0.163461538461538
2681	0.153846153846154
2682	0.115384615384615
2683	0.0480769230769225
2684	0.0384615384615379
2685	-0.0384615384615388
2686	0.0769230769230766
2687	0.0480769230769229
2688	0.00961538461538436
2689	-0.0096153846153848
2690	-2.22044604925031e-16
2691	0.125
2692	0.182692307692307
2693	0.134615384615384
2694	0.25
2695	0.182692307692307
2696	0.211538461538461
2697	0.23076923076923
2698	0.182692307692307
2699	0.201923076923077
2700	0.192307692307692
2701	0.0288461538461535
2702	0.0576923076923075
2703	0.0769230769230766
2704	0.0769230769230766
2705	0.0865384615384615
2706	0.0769230769230766
2707	-0.144230769230769
2708	-0.25
2709	-0.211538461538462
2710	-0.192307692307693
2711	-0.269230769230769
2713	-0.192307692307692
2714	-0.182692307692308
2715	-0.105769230769231
2716	-0.0673076923076924
2717	-0.0480769230769234
2718	-0.0865384615384619
2719	-0.0288461538461541
2720	-0.0480769230769234
2721	-0.0673076923076924
2722	-0.192307692307692
2723	-0.221153846153846
2724	-0.105769230769231
2725	-0.0576923076923077
2726	-0.076923076923077
2727	-0.230769230769231
2728	-0.230769230769231
2729	-0.25
2736	-0.125
2737	-0.105769230769231
2738	-0.182692307692308
2739	-0.211538461538461
2740	-0.201923076923077
2741	-0.125
2742	-0.0961538461538465
2743	-0.0961538461538465
2744	-0.0096153846153848
2745	-0.0096153846153848
2746	0.0192307692307692
2747	0.115384615384615
2748	0.105769230769231
2749	0.0769230769230768
2750	0.230769230769231
2751	0.230769230769231
2752	0.192307692307692
2753	0.192307692307692
2754	0.201923076923077
2755	0.221153846153846
2756	0.403846153846154
2757	0.403846153846154
2758	0.384615384615384
2759	0.432692307692307
2760	0.35576923076923
2761	0.326923076923077
2762	0.346153846153846
2763	0.355769230769231
2764	0.317307692307692
2765	0.365384615384615
2766	0.375
2767	0.365384615384615
2768	0.375
2769	0.384615384615384
2770	0.384615384615384
2771	0.375
2772	0.288461538461538
2773	0.269230769230769
2774	0.221153846153846
2775	0.221153846153846
2776	0.192307692307692
2777	0.0961538461538461
2778	0.0673076923076922
2779	0.163461538461538
2780	0.105769230769231
2781	0.0865384615384615
2782	0.0480769230769229
2783	0.0384615384615383
2784	-0.0480769230769234
2785	-0.115384615384616
2847	-0.182692307692308
2848	-0.0673076923076924
2849	-0.0865384615384618
2850	0.0192307692307693
2851	-0.0096153846153848
2852	0.0576923076923073
2853	0.0384615384615379
2854	0.0384615384615379
2855	0.125
2856	0.211538461538461
2857	0.211538461538461
2858	0.25
2859	0.240384615384615
2860	0.25
2861	0.240384615384615
2862	0.201923076923076
2863	0.173076923076923
2864	0.0961538461538458
2865	-4.44089209850063e-16
2866	-4.44089209850063e-16
2867	-0.00961538461538503
2868	-4.44089209850063e-16
2869	-0.163461538461539
2870	-0.182692307692308
2871	-0.182692307692308
2872	-0.201923076923077
2873	-0.230769230769231
2874	-0.25
2875	-0.230769230769231
2876	-0.221153846153846
2877	-0.230769230769231
2878	-0.173076923076923
2879	-0.192307692307693
2880	-0.269230769230769
2881	-0.163461538461539
2882	-0.153846153846154
2907	0
2908	0.048076923076923
2909	0.0576923076923076
2910	0.0673076923076923
2911	0.0769230769230769
2912	0.0576923076923076
2913	0.105769230769231
2978	-0.0673076923076923
2979	-0.0576923076923078
2980	-0.0480769230769231
2981	-0.0480769230769231
2982	0.00961538461538436
2983	-0.00961538461538503
2984	-0.0865384615384617
2985	0.0673076923076921
2986	0.0769230769230768
2987	0.0961538461538459
2988	0.115384615384615
2989	0.125
2990	0.134615384615384
2991	0.134615384615384
2992	0.0961538461538459
2993	0.134615384615384
2994	0.288461538461538
2995	0.336538461538461
2996	0.317307692307692
2997	0.442307692307692
2998	0.480769230769231
2999	0.548076923076923
3000	0.557692307692307
3001	0.567307692307692
3002	0.548076923076923
3003	0.548076923076923
3004	0.60576923076923
3005	0.557692307692307
3006	0.548076923076923
3007	0.375
3008	0.461538461538461
3009	0.461538461538461
3010	0.375
3011	0.394230769230769
3012	0.23076923076923
3013	0.240384615384615
3014	0.153846153846154
3015	0.163461538461538
3016	0.134615384615384
3017	0.144230769230769
3018	0.0673076923076921
3019	0.0769230769230768
3020	0.0576923076923075
3021	-0.115384615384616
3022	-0.125
3023	-0.144230769230769
3024	-0.153846153846154
3025	-0.153846153846154
3026	-0.134615384615385
3027	-0.134615384615385
3028	-0.0961538461538463
3029	-0.105769230769231
3055	0.048076923076923
3056	0.144230769230769
3057	0.0961538461538461
3058	0.211538461538461
3059	0.403846153846154
3060	0.432692307692308
3061	0.375
3062	0.375
3063	0.442307692307692
3064	0.451923076923077
3065	0.471153846153846
3066	0.586538461538461
3067	0.596153846153846
3068	0.423076923076923
3069	0.336538461538461
3070	0.365384615384615
3071	0.355769230769231
3072	0.432692307692307
3073	0.682692307692307
3074	0.692307692307692
3075	0.615384615384615
3076	0.653846153846154
3077	0.615384615384615
3078	0.423076923076923
3079	0.432692307692307
3080	0.442307692307692
3081	0.442307692307692
3082	0.451923076923077
3083	0.557692307692307
3084	0.634615384615384
3085	0.711538461538461
3086	0.692307692307692
3087	0.615384615384615
3088	0.596153846153846
3089	0.538461538461538
3090	0.413461538461538
3091	0.346153846153846
3092	0.278846153846154
3093	0.269230769230769
3094	0.269230769230769
3095	0.10576923076923
3096	0.115384615384615
3097	0.144230769230769
3098	0.115384615384615
3099	0.048076923076923
3100	0.0576923076923076
3101	0.0288461538461537
3167	0.259615384615385
3168	0.25
3169	0.230769230769231
3170	0.221153846153846
3171	0.25
3172	0.259615384615385
3173	0.336538461538461
3174	0.307692307692307
3175	0.336538461538461
3176	0.394230769230769
3177	0.384615384615384
3178	0.221153846153846
3179	0.163461538461538
3285	-0.105769230769231
3286	-0.0192307692307696
3287	-0.0288461538461543
3288	-0.0192307692307696
3289	-0.0192307692307696
3290	0.00961538461538436
3291	-0.0192307692307696
3292	0.0576923076923075
3293	-0.0288461538461543
3294	-0.115384615384616
3295	-0.115384615384616
3296	-0.0673076923076923
3297	0.0576923076923074
3298	0.153846153846154
3299	0.163461538461538
3300	0.153846153846154
3301	0.153846153846154
3308	0.0576923076923076
3309	0.0769230769230769
3310	0.0384615384615383
3311	0.0384615384615383
3312	0.0192307692307693
3313	0.0288461538461537
3355	0.144230769230769
3356	0.163461538461538
3357	0.134615384615385
3358	0.125
3412	-0.0192307692307693
3413	0.0576923076923074
3414	0.144230769230769
3415	0.192307692307692
3416	0.163461538461538
3417	0.163461538461538
3418	0.201923076923076
3419	0.134615384615384
3420	0.0769230769230768
3421	-0.0192307692307694
3422	-0.0576923076923077
3423	-0.0480769230769234
3424	-0.0576923076923077
3425	-0.0192307692307694
3426	0.0384615384615383
3427	0.0288461538461536
3428	0.10576923076923
3429	0.0769230769230766
3430	0.144230769230769
3431	0.0576923076923073
3432	-0.0192307692307694
3433	-0.0096153846153848
3434	0.0769230769230766
3435	0.0192307692307693
3436	0.0288461538461536
3437	0.0384615384615383
3438	0.0865384615384615
3439	0.0673076923076922
3440	0.163461538461538
3441	0.0673076923076922
3442	0.10576923076923
3443	0.221153846153846
3444	0.201923076923077
3445	0.115384615384615
3446	0.182692307692307
3447	0.25
3448	0.182692307692307
3449	0.115384615384615
3450	0.0288461538461536
3451	0.0384615384615383
3452	-0.0192307692307694
3453	0.00961538461538447
3454	0.0480769230769228
3455	0.0576923076923075
3456	0.163461538461538
3457	0.259615384615384
3458	0.346153846153846
3459	0.403846153846154
3460	0.48076923076923
3461	0.442307692307692
3462	0.35576923076923
3463	0.442307692307692
3464	0.375
3465	0.548076923076923
3466	0.451923076923077
3467	0.442307692307692
3468	0.451923076923077
3469	0.451923076923077
3470	0.394230769230769
3471	0.461538461538461
3472	0.461538461538461
3473	0.490384615384615
3474	0.471153846153846
3475	0.48076923076923
3476	0.394230769230769
3477	0.509615384615384
3478	0.471153846153846
3479	0.384615384615384
3480	0.317307692307692
3481	0.307692307692307
3482	0.278846153846154
3483	0.201923076923077
3484	0.182692307692308
3485	0.201923076923077
3486	0.173076923076923
3487	0.0769230769230768
3488	0.163461538461538
3489	0.23076923076923
3490	0.144230769230769
3491	0.182692307692307
3492	0.0769230769230768
3493	0.0865384615384615
3494	0.0288461538461536
3495	0.115384615384615
3496	0.0384615384615382
3497	0.115384615384615
3498	0.125
3499	0.0480769230769228
3500	0.0384615384615382
3501	-0.115384615384616
3502	-0.115384615384616
3503	-0.105769230769231
3504	-0.115384615384616
3505	-0.0865384615384619
3506	-0.0865384615384619
3507	-0.173076923076923
3508	-0.192307692307692
3509	-0.144230769230769
3510	-0.134615384615385
3511	-0.115384615384616
3512	-0.125
3513	-0.221153846153846
3514	-0.163461538461539
3515	-0.182692307692308
3516	-0.163461538461539
3517	-0.182692307692308
3518	-0.211538461538461
3519	-0.192307692307692
3520	-0.153846153846154
3521	-0.182692307692308
3522	-0.192307692307692
3523	-0.173076923076923
3524	-0.182692307692308
3525	-0.211538461538461
3526	-0.221153846153846
3527	-0.221153846153846
3528	-0.192307692307692
3563	-0.0192307692307696
3564	0.0673076923076921
3565	0.0288461538461536
3566	0.0384615384615382
3567	-0.0480769230769235
3568	-0.0384615384615389
3569	-0.0576923076923079
3570	0.0192307692307692
3571	-2.22044604925031e-16
3572	-0.0288461538461541
3573	-0.0480769230769234
3574	-0.0673076923076924
3575	-0.0480769230769234
3576	0.0480769230769229
3577	0.0384615384615383
3578	-0.0288461538461541
3579	-0.0384615384615387
3580	-0.0576923076923077
3581	-0.0480769230769234
3582	-0.0480769230769234
3583	-0.182692307692308
3584	-0.144230769230769
3585	-0.163461538461539
3586	-0.201923076923077
3589	-0.115384615384616
3590	-0.125
3591	-0.153846153846154
3592	-0.173076923076923
3593	-0.134615384615385
3594	-0.144230769230769
3595	-0.163461538461539
3596	-0.173076923076923
3597	-0.163461538461539
3598	-0.25
3603	-0.326923076923077
3604	-0.230769230769231
3605	-0.230769230769231
3606	-0.317307692307693
3607	-0.326923076923077
3608	-0.25
3609	-0.25
3610	-0.240384615384616
3611	-0.259615384615385
3612	-0.326923076923077
3613	-0.326923076923077
3614	-0.288461538461539
3615	-0.288461538461539
3616	-0.288461538461539
3617	-0.298076923076923
3618	-0.278846153846154
3619	-0.298076923076923
3620	-0.317307692307693
3621	-0.288461538461539
3622	-0.259615384615385
3623	-0.269230769230769
3624	-0.278846153846154
3627	-0.336538461538462
3628	-0.278846153846154
3677	-0.0865384615384617
3678	-0.105769230769231
3679	-0.0384615384615389
3680	-0.0480769230769235
3681	-0.0865384615384619
3682	-0.182692307692308
3683	-0.0865384615384619
3684	-0.105769230769231
3685	-0.0769230769230773
3686	-0.0865384615384619
3687	-0.163461538461539
3688	-0.163461538461539
3689	-0.0673076923076926
3690	-0.0480769230769235
3691	-0.0288461538461543
3692	0.0288461538461536
3693	0.0961538461538461
3694	-0.0192307692307694
3695	-0.0192307692307694
3696	-0.173076923076923
3697	-0.0961538461538465
3698	-0.0769230769230773
3699	-0.105769230769231
3700	-0.134615384615385
3701	-0.134615384615385
3702	-0.0673076923076926
3703	-0.0288461538461543
3704	-0.0288461538461543
3705	0.0288461538461536
3706	0.0384615384615382
3707	0.0384615384615382
3708	-0.0480769230769235
3709	-0.0480769230769235
3710	-0.0576923076923079
3711	-0.0384615384615389
3712	-0.0576923076923079
3723	-0.125
3724	-0.125
3861	-0.278846153846154
3862	-0.269230769230769
3868	-0.278846153846154
3900	-0.0192307692307693
3901	0.0288461538461535
3902	0.0576923076923074
3903	0.0288461538461535
3904	0.0192307692307688
3905	0.00961538461538436
3906	0.0384615384615381
3907	0.0384615384615381
3908	0.0288461538461535
3909	0.0192307692307688
3910	0.0673076923076921
3911	0.0384615384615382
3912	0.0576923076923075
3913	0.0865384615384615
3914	0.0576923076923075
3915	0.0384615384615382
3916	-0.0288461538461543
3917	-0.0480769230769235
3918	-0.0769230769230773
3922	-0.173076923076923
3923	-0.0673076923076924
3924	-0.0865384615384618
3925	-0.076923076923077
3926	-0.0865384615384618
3927	0.00961538461538458
3928	0.0192307692307693
3929	0.0961538461538459
3930	0.0576923076923073
3931	0.10576923076923
3932	0.10576923076923
3933	0.0961538461538459
3934	0.0865384615384612
3935	-0.076923076923077
3936	-0.0673076923076924
3937	-0.125
3938	-0.0673076923076924
3939	-0.0576923076923077
3940	-0.125
3941	-0.163461538461539
3942	-0.0865384615384618
3943	-0.0288461538461542
3944	-0.0576923076923079
3945	0.0480769230769229
3946	-0.0384615384615388
3947	-0.0288461538461542
3948	-0.0192307692307694
3949	-0.0673076923076927
3950	-0.0576923076923082
3951	0.0576923076923073
3952	-0.0192307692307696
3953	-0.00961538461538503
3954	0.00961538461538414
3955	-0.0865384615384619
3956	-0.0769230769230773
3957	-0.0769230769230773
3958	-0.163461538461539
3959	-0.298076923076924
3960	-0.278846153846154
3961	-0.288461538461539
3962	-0.307692307692308
3963	-0.394230769230769
3964	-0.403846153846154
3965	-0.480769230769231
3966	-0.442307692307693
3967	-0.375
3968	-0.365384615384616
3969	-0.26923076923077
3970	-0.259615384615385
3971	-0.259615384615385
3972	-0.413461538461539
3973	-0.413461538461539
3974	-0.442307692307693
3975	-0.413461538461539
3976	-0.413461538461539
3977	-0.375
3978	-0.509615384615385
3979	-0.576923076923077
3980	-0.528846153846154
3995	-0.240384615384616
3997	-0.211538461538461
3998	-0.182692307692308
3999	-0.0480769230769234
4000	-0.0384615384615387
4001	0.0384615384615383
4002	0.144230769230769
4003	0.134615384615384
4004	0.221153846153846
4005	0.125
4006	0.201923076923077
4007	0.288461538461538
4008	0.269230769230769
4009	0.326923076923077
4010	0.375
4011	0.336538461538461
4012	0.336538461538461
4013	0.346153846153846
4014	0.394230769230769
4015	0.384615384615384
4016	0.365384615384615
4017	0.375
4018	0.346153846153846
4019	0.326923076923077
4020	0.230769230769231
4021	0.10576923076923
4022	0.125
4023	0.0865384615384612
4024	0.0288461538461533
4025	0.0480769230769225
4026	0.0384615384615379
4027	0.0288461538461533
4028	-0.0192307692307694
4029	0.0769230769230766
4030	0.115384615384615
4031	0.0384615384615383
4032	0.0192307692307693
4033	-0.076923076923077
4034	-0.0961538461538464
4035	-0.221153846153846
4036	-0.230769230769231
4037	-0.221153846153846
4039	-0.211538461538461
4069	-0.269230769230769
4070	-0.182692307692308
4071	-0.0576923076923079
4072	0.0288461538461533
4073	-0.105769230769231
4074	0.0769230769230766
4075	-0.0865384615384619
4076	-0.0673076923076927
4077	-0.0769230769230773
4078	-0.0673076923076927
4079	-0.0480769230769236
4080	-0.0288461538461542
4081	-0.0384615384615388
4082	-0.115384615384615
4083	-0.125
4084	-0.0192307692307696
4085	-0.0769230769230773
4086	-0.0192307692307696
4087	0.00961538461538436
4088	0.0961538461538458
4089	0.163461538461538
4090	0.0865384615384612
4091	0.10576923076923
4092	-2.22044604925031e-16
4093	-2.22044604925031e-16
4094	-0.0096153846153848
4095	0.144230769230769
4096	0.153846153846154
4097	0.25
4098	0.125
4099	0.125
4100	0.0384615384615381
4101	0.0961538461538458
4102	0.10576923076923
4103	0.173076923076923
4104	0.269230769230769
4105	0.144230769230769
4106	0.0673076923076921
4107	-0.0480769230769236
4108	-0.115384615384615
4109	0.10576923076923
4110	-0.0865384615384617
4111	-0.115384615384616
4112	-0.182692307692308
4113	-0.0865384615384617
4114	-0.0865384615384617
4115	-0.0192307692307696
4116	-0.0192307692307696
4117	-0.0192307692307696
4118	-0.00961538461538503
4119	0.0192307692307687
4120	-0.0576923076923079
4121	-0.0096153846153848
4122	-0.0865384615384618
4123	-0.0480769230769234
4124	-0.0865384615384618
4125	-0.192307692307693
4126	-0.163461538461539
4127	-0.0865384615384618
4128	0.125
4129	0.125
4130	0.153846153846153
4131	-2.22044604925031e-16
4132	0.0384615384615382
4133	0.0288461538461536
4134	0.0480769230769228
4135	0.0384615384615382
4136	0.0288461538461536
4137	0.0192307692307692
4138	-0.00961538461538503
4139	-0.076923076923077
4140	-0.076923076923077
4141	-0.076923076923077
4142	-0.0673076923076923
4143	0.00961538461538436
4144	0.0865384615384615
4145	-0.0961538461538463
4146	-0.0865384615384617
4147	0.0288461538461535
4148	0.0961538461538459
4149	0.0288461538461537
4150	-0.0192307692307693
4152	-0.0288461538461539
4153	0.0384615384615381
4154	0.0480769230769228
4155	0.0576923076923074
4156	0.0576923076923074
4157	0.0192307692307688
4158	0.173076923076923
4159	0.278846153846154
4160	0.269230769230769
4161	0.384615384615384
4162	0.528846153846153
4163	0.451923076923077
4164	0.278846153846154
4165	0.326923076923077
4166	0.298076923076923
4167	0.269230769230769
4168	0.25
4169	0.163461538461538
4170	0.182692307692307
4171	0.25
4172	0.288461538461538
4173	0.288461538461538
4174	0.317307692307692
4175	0.317307692307692
4176	0.221153846153846
4177	0.211538461538461
4178	0.211538461538461
4179	0.125
4180	0.0480769230769228
4181	0.125
4182	0.163461538461538
4183	0.0576923076923075
4184	0.0576923076923075
4185	0.0673076923076921
4186	0.0865384615384615
4187	0.182692307692308
4188	0.105769230769231
4189	0.0961538461538459
4190	0.0769230769230768
4191	0.0673076923076921
4192	-2.22044604925031e-16
4193	0.0288461538461536
4194	-0.0576923076923079
4278	0.0961538461538459
4279	0.0576923076923076
4280	0.230769230769231
4281	0.0673076923076923
4282	0.048076923076923
4283	0.0384615384615383
4284	0.201923076923077
4285	0.230769230769231
4286	0.211538461538461
4287	0.221153846153846
4288	0.269230769230769
4289	0.173076923076923
4290	0.182692307692307
4291	0.192307692307692
4292	0.173076923076923
4293	0.163461538461538
4294	0.105769230769231
4295	0.144230769230769
4296	0.192307692307692
4297	0.163461538461538
4298	0.163461538461538
4299	0.144230769230769
4300	0.0576923076923074
4301	0.0576923076923074
4302	0.00961538461538436
4303	0.0192307692307688
4304	-3.33066907387547e-16
4305	-0.00961538461538503
4306	0.0288461538461535
4307	0.00961538461538436
4308	0.0192307692307688
4309	-0.0673076923076923
4310	-0.0384615384615385
4311	-0.0865384615384617
4312	-0.0288461538461543
4313	0.0576923076923075
4314	-0.0673076923076923
4315	-0.0673076923076923
4354	-0.240384615384616
4355	-0.278846153846154
4356	-0.269230769230769
4357	-0.201923076923077
4358	-0.221153846153846
4359	-0.0576923076923079
4360	0.0288461538461533
4361	-0.0480769230769234
4362	-0.0576923076923079
4363	-0.0673076923076923
4364	0.0192307692307687
4365	0.0961538461538458
4366	-0.00961538461538503
4367	-0.0288461538461542
4368	-0.0384615384615388
4369	-0.105769230769231
4370	-0.201923076923077
4371	-0.221153846153846
4372	-0.230769230769231
4373	-0.134615384615385
4374	-0.182692307692308
4375	-0.105769230769231
4376	-0.00961538461538503
4377	-0.00961538461538503
4378	0.0865384615384615
4379	0.0865384615384615
4380	0.0961538461538458
4381	0.0769230769230766
4382	0.0961538461538458
4383	0.0769230769230766
4384	-0.0384615384615388
4385	-0.0480769230769236
4386	-0.0865384615384617
4387	-0.125
4388	-0.134615384615385
4389	0.0288461538461533
4390	-0.0384615384615388
4391	0.134615384615384
4392	0.144230769230769
4393	0.0576923076923073
4394	0.0865384615384612
4395	-0.0480769230769234
4396	-0.0673076923076924
4397	-0.0961538461538464
4398	-0.0673076923076924
4399	0.0384615384615383
4400	-0.0576923076923077
4401	-0.125
4402	-0.0961538461538465
4403	-0.0480769230769235
4404	-0.0192307692307696
4405	-3.33066907387547e-16
4406	0.0288461538461535
4407	0.0384615384615381
4408	0.0576923076923074
4409	0.0192307692307688
4410	0.0769230769230766
4411	0.10576923076923
4412	0.0288461538461537
4413	-0.0192307692307693
4417	-0.0192307692307693
4418	-0.0576923076923078
4419	-0.0480769230769231
4420	-0.0288461538461539
4421	0.0192307692307693
4422	0.10576923076923
4423	0.0961538461538459
4424	0.0673076923076918
4426	-0.0384615384615385
4428	-0.0576923076923078
4429	0.163461538461538
4430	0.134615384615384
4431	0.394230769230769
4432	0.336538461538461
4433	0.375
4434	0.35576923076923
4435	0.278846153846154
4436	0.35576923076923
4437	0.326923076923077
4438	0.346153846153846
4439	0.413461538461538
4440	0.413461538461538
4441	0.403846153846154
4442	0.451923076923077
4443	0.480769230769231
4444	0.442307692307692
4445	0.461538461538461
4446	0.461538461538461
4447	0.384615384615384
4448	0.461538461538461
4449	0.576923076923077
4450	0.653846153846154
4451	0.740384615384615
4452	0.749999999999999
4453	0.749999999999999
4454	0.759615384615384
4455	0.759615384615384
4456	0.653846153846154
4457	0.798076923076923
4458	0.73076923076923
4459	0.701923076923076
4460	0.721153846153845
4461	0.711538461538461
4462	0.634615384615385
4463	0.692307692307692
4464	0.567307692307692
4465	0.375
4466	0.557692307692308
4467	0.288461538461538
4468	0.278846153846154
4469	0.317307692307692
4470	0.326923076923077
4471	0.413461538461538
4472	0.384615384615384
4473	0.403846153846154
4474	0.394230769230769
4475	0.269230769230769
4476	0.269230769230769
4477	0.25
4478	0.221153846153846
4479	0.221153846153846
4480	0.326923076923077
4481	0.25
4482	0.259615384615384
4483	0.259615384615384
4484	0.173076923076923
4485	0.105769230769231
4486	0.0192307692307688
4487	-0.0673076923076923
4488	-0.0384615384615389
4489	-0.105769230769231
4490	-0.0961538461538463
4491	-0.0865384615384617
4492	-0.0673076923076923
4539	-0.182692307692308
4540	-0.288461538461539
4596	-0.259615384615385
4597	-0.269230769230769
4598	-0.192307692307693
4599	-0.134615384615385
4600	-0.0961538461538464
4601	-0.105769230769231
4602	-0.259615384615385
4603	-0.278846153846154
4604	-0.307692307692308
4605	-0.298076923076923
4606	-0.346153846153846
4607	-0.201923076923077
4608	-0.201923076923077
4609	-0.221153846153846
4610	-0.25
4611	-0.211538461538462
4612	-0.163461538461539
4616	-0.125
4617	-0.134615384615385
4618	-0.144230769230769
4619	-0.240384615384616
4620	-0.230769230769231
4621	-0.182692307692308
4622	-0.173076923076923
4623	-0.192307692307692
4624	-0.201923076923077
4627	-0.163461538461539
4628	-0.153846153846154
4629	-0.0576923076923079
4630	-0.0673076923076926
4631	-0.0769230769230773
4632	-0.201923076923077
4633	-0.201923076923077
4640	0.0192307692307692
4641	-2.22044604925031e-16
4642	-0.0096153846153848
4643	-0.0961538461538465
4644	-0.144230769230769
4645	-0.163461538461539
4646	-0.0576923076923077
4647	0.00961538461538458
4648	0.0576923076923073
4649	0.0673076923076918
4650	0.0673076923076918
4651	0.0576923076923073
4652	-0.0865384615384618
4653	-0.0865384615384618
4654	-0.076923076923077
4655	-0.0961538461538464
4656	-0.0480769230769234
4657	-0.115384615384615
4658	0.00961538461538436
4659	-0.0288461538461542
4660	0.134615384615384
4661	0.153846153846153
4662	0.10576923076923
4663	-0.0576923076923082
4664	-0.0769230769230773
4665	-0.153846153846154
4666	-0.153846153846154
4667	-0.173076923076923
4668	-0.0961538461538465
4669	-0.105769230769231
4670	-0.0961538461538465
4671	-0.0865384615384621
4672	-0.0865384615384621
4673	-0.0673076923076927
4674	-0.134615384615385
4675	-0.125
4676	-0.451923076923077
4677	-0.461538461538462
4678	-0.403846153846154
4679	-0.423076923076923
4680	-0.394230769230769
4681	-0.307692307692308
4682	-0.394230769230769
4683	-0.490384615384615
4684	-0.403846153846154
4685	-0.423076923076923
4686	-0.432692307692308
4687	-0.451923076923077
4688	-0.39423076923077
4689	-0.259615384615385
4690	-0.201923076923077
4691	-0.173076923076923
4692	-0.211538461538462
4693	-0.153846153846154
4694	-0.269230769230769
4695	-0.144230769230769
4696	-0.307692307692308
4697	-0.346153846153846
4698	-0.326923076923077
4699	-0.326923076923077
4700	-0.221153846153846
4701	-0.278846153846154
4702	-0.288461538461539
4703	-0.298076923076923
4704	-0.288461538461539
4705	-0.201923076923077
4706	-0.240384615384616
4707	-0.0673076923076923
4708	-0.0673076923076923
4709	-0.0673076923076923
4710	-0.105769230769231
4711	-0.125
4712	-0.105769230769231
4713	-0.0961538461538463
4714	-0.134615384615385
4715	-0.144230769230769
4716	-0.153846153846154
4717	-0.134615384615385
4718	-0.134615384615385
4719	-0.105769230769231
4720	-0.153846153846154
4721	-0.144230769230769
4722	-0.173076923076923
4723	0.00961538461538436
4724	-0.0480769230769234
4725	-0.182692307692308
4726	-0.278846153846154
4727	-0.278846153846154
4728	-0.269230769230769
4729	-0.278846153846154
4730	-0.298076923076923
4733	-0.25
4734	-0.230769230769231
4735	-0.0480769230769234
4736	-0.144230769230769
4737	-0.201923076923077
4738	-0.125
4739	-0.0673076923076924
4740	-0.105769230769231
4741	-0.125
4742	-0.0384615384615387
4743	-0.211538461538461
4744	-0.221153846153846
4745	-0.221153846153846
4746	-0.211538461538461
4747	-0.192307692307693
4748	-0.201923076923077
4749	-0.221153846153846
4750	-0.192307692307693
4751	-0.0961538461538464
4752	-0.115384615384616
4753	-0.259615384615385
4754	-0.25
4755	-0.259615384615385
4756	-0.384615384615385
4757	-0.423076923076923
4758	-0.403846153846154
4764	-0.384615384615385
4765	-0.288461538461539
4766	-0.259615384615385
4767	-0.269230769230769
4768	-0.269230769230769
4769	-0.375
4770	-0.173076923076923
4771	-0.346153846153847
4772	-0.221153846153846
4773	-0.211538461538462
4774	-0.201923076923077
4775	-0.25
4776	-0.259615384615385
4777	-0.326923076923077
4778	-0.298076923076923
4779	-0.307692307692308
4780	-0.278846153846154
4781	-0.259615384615385
4782	-0.211538461538462
4783	-0.230769230769231
4784	-0.201923076923077
4785	-0.182692307692308
4786	-0.192307692307693
4787	-0.240384615384616
4788	-0.201923076923077
4789	-0.134615384615385
4790	-0.134615384615385
4791	-0.0480769230769235
4792	0.0576923076923075
4793	0.182692307692308
4794	0.259615384615384
4795	0.211538461538461
4796	0.221153846153846
4797	0.240384615384615
4798	0.25
4799	0.346153846153846
4800	0.336538461538461
4801	0.240384615384615
4802	0.317307692307692
4803	0.288461538461538
4804	0.307692307692307
4805	0.307692307692307
4806	0.125
4807	0.125
4863	-0.365384615384616
4864	-0.336538461538462
4865	-0.346153846153846
4866	-0.346153846153846
4867	-0.259615384615385
4868	-0.163461538461539
4869	-0.240384615384616
4870	-0.259615384615385
4871	-0.240384615384616
4872	-0.298076923076923
4873	-0.403846153846154
4874	-0.384615384615385
4875	-0.365384615384616
4878	-0.394230769230769
4879	-0.413461538461539
4880	-0.413461538461539
4881	-0.336538461538462
4887	-0.25
4888	-0.278846153846154
4889	-0.240384615384616
4890	-0.25
4891	-0.317307692307693
4892	-0.326923076923077
4893	-0.307692307692308
4894	-0.307692307692308
4895	-0.153846153846154
4896	-0.278846153846154
4897	-0.153846153846154
4898	-0.0769230769230771
4899	-0.125
4900	-0.134615384615385
4901	-0.134615384615385
4902	-0.201923076923077
4903	-0.25
4907	-0.105769230769231
4908	-0.0096153846153848
4909	-0.0288461538461541
4910	0.0384615384615383
4911	0.00961538461538458
4912	0
4913	0.0288461538461536
4914	-0.0865384615384618
4915	-0.0576923076923077
4916	-0.0480769230769234
4917	-0.0576923076923077
4918	-0.0288461538461541
4919	0.0673076923076922
4920	0.0480769230769229
4921	0.0384615384615383
4922	0.0288461538461536
4964	-0.403846153846154
4965	-0.307692307692308
4966	-0.298076923076923
4967	-0.326923076923077
4968	-0.346153846153847
4969	-0.278846153846154
4970	-0.240384615384616
4971	-0.326923076923077
4972	-0.365384615384616
4973	-0.384615384615385
4974	-0.307692307692308
4975	-0.307692307692308
4976	-0.230769230769231
4977	-0.25
4978	-0.269230769230769
4979	-0.25
4980	-0.346153846153847
4981	-0.365384615384616
4982	-0.365384615384616
5006	-0.432692307692308
5007	-0.355769230769231
5008	-0.298076923076923
5009	-0.259615384615385
5010	-0.240384615384616
5011	-0.153846153846154
5012	-0.221153846153846
5013	-0.125
5014	-0.0480769230769234
5015	-0.0865384615384617
5016	-0.0865384615384617
5017	-0.0192307692307696
5018	-0.0961538461538463
5019	-0.105769230769231
5020	-0.0769230769230771
5021	0.00961538461538436
5022	-0.0288461538461542
5023	-0.0384615384615388
5024	0.0480769230769225
5025	0.144230769230769
5026	0.125
5027	0.125
5028	0.0384615384615379
5029	0.0192307692307687
5030	0.0384615384615379
5031	0.00961538461538436
5032	-0.00961538461538503
5033	-0.0480769230769236
5034	-4.44089209850063e-16
5035	-0.144230769230769
5036	-0.0288461538461542
5037	-0.0192307692307694
5038	0.0192307692307693
5039	0.0961538461538459
5040	0.0480769230769229
5041	0.0384615384615383
5042	-0.0576923076923077
5043	-0.115384615384616
5044	-0.144230769230769
5045	-0.144230769230769
5046	-0.192307692307692
5082	-0.836538461538462
5083	-0.855769230769231
5084	-0.875
5095	-0.625
5096	-0.432692307692308
5097	-0.451923076923077
5098	-0.442307692307693
5099	-0.39423076923077
5100	-0.355769230769231
5101	-0.240384615384615
5102	-0.211538461538462
5103	-0.25
5104	-0.269230769230769
5105	-0.25
5106	-0.25
5107	-0.317307692307692
5108	-0.298076923076923
5109	-0.221153846153846
5110	-0.230769230769231
5111	-0.259615384615385
5112	-0.278846153846154
5113	-0.346153846153846
5114	-0.365384615384616
5115	-0.336538461538462
5116	-0.326923076923077
5117	-0.346153846153846
5124	-0.221153846153846
5125	-0.201923076923077
5126	-0.25
5127	-0.201923076923077
5128	-0.230769230769231
5129	-0.307692307692308
5130	-0.403846153846154
5131	-0.471153846153846
5239	-0.615384615384616
5240	-0.721153846153846
5241	-0.730769230769231
5242	-0.730769230769231
5243	-0.586538461538462
5244	-0.557692307692308
5245	-0.557692307692308
5246	-0.586538461538462
5247	-0.490384615384616
5248	-0.480769230769231
5249	-0.5
5250	-0.519230769230769
5251	-0.557692307692308
5252	-0.596153846153846
5253	-0.548076923076924
5254	-0.490384615384616
5255	-0.596153846153846
5256	-0.788461538461539
5257	-0.865384615384616
5258	-0.807692307692308
5259	-0.846153846153847
5260	-0.798076923076923
5261	-0.807692307692308
5262	-0.951923076923077
5263	-0.903846153846154
5264	-0.971153846153847
5265	-1.00961538461539
5266	-1.03846153846154
5267	-0.980769230769231
5268	-1.01923076923077
5269	-1.03846153846154
5270	-1
5271	-1.02884615384615
5272	-0.990384615384616
5273	-1
5281	-0.653846153846154
5282	-0.586538461538462
5283	-0.5
5284	-0.528846153846154
5285	-0.423076923076924
5286	-0.336538461538462
5287	-0.346153846153847
5288	-0.326923076923078
5289	-0.39423076923077
5290	-0.442307692307693
5291	-0.423076923076924
5292	-0.451923076923077
5293	-0.528846153846154
5294	-0.538461538461539
5295	-0.461538461538462
5296	-0.451923076923077
5297	-0.509615384615385
5298	-0.480769230769231
5299	-0.509615384615385
5300	-0.5
5301	-0.471153846153846
5302	-0.5
5303	-0.596153846153846
5304	-0.625000000000001
5305	-0.567307692307693
5306	-0.528846153846154
5307	-0.471153846153846
5308	-0.480769230769231
5309	-0.403846153846154
5310	-0.451923076923077
5311	-0.509615384615385
5312	-0.682692307692308
5313	-0.692307692307693
5314	-0.634615384615385
5315	-0.730769230769231
5316	-0.759615384615385
5317	-1.25
5318	-1.32692307692308
5319	-1.46153846153846
5320	-1.46153846153846
5324	-1.46153846153846
5325	-1.44230769230769
5326	-1.48076923076923
5327	-1.45192307692308
5328	-1.33653846153846
5329	-1.24038461538462
5330	-1.23076923076923
5331	-1.21153846153846
5332	-1.26923076923077
5333	-1.19230769230769
5334	-0.923076923076923
5335	-0.923076923076923
5336	-0.923076923076923
5337	-0.836538461538462
5338	-0.788461538461539
5339	-0.721153846153846
5340	-0.75
5341	-0.663461538461539
5342	-0.711538461538462
5343	-0.701923076923077
5344	-0.682692307692308
5345	-0.76923076923077
5346	-0.701923076923077
5347	-0.634615384615385
5348	-0.471153846153846
5349	-0.394230769230769
5350	-0.375
5351	-0.326923076923077
5352	-0.153846153846154
5353	-4.44089209850063e-16
5354	0.0480769230769229
5355	0.0865384615384615
5356	0.192307692307692
5357	0.259615384615384
5358	0.375
5359	0.298076923076922
5360	0.288461538461538
5361	0.278846153846153
5362	0.25
5363	0.25
5364	0.144230769230769
5365	0.259615384615384
5366	0.394230769230769
5367	0.375
5368	0.355769230769231
5369	0.384615384615384
5370	0.144230769230769
5371	0.201923076923076
5372	0.192307692307692
5373	0.10576923076923
5374	0.259615384615384
5375	0.163461538461538
5376	0.365384615384615
5377	0.240384615384615
5378	0.288461538461538
5379	0.201923076923077
5380	0.163461538461538
5381	0.23076923076923
5382	0.163461538461538
5383	0.192307692307692
5384	0.153846153846153
5385	0.134615384615384
5386	0.182692307692307
5387	0.221153846153846
5388	0.163461538461538
5389	0.0865384615384608
5390	0.0673076923076916
5391	0.201923076923076
5392	0.173076923076922
5393	0.153846153846153
5394	0.134615384615384
5395	0.249999999999999
5396	0.182692307692307
5397	0.173076923076922
5398	0.201923076923076
5399	0.375
5400	0.490384615384615
5401	0.346153846153846
5402	0.115384615384615
5403	0.125
5404	0.086538461538461
5405	0.00961538461538436
5406	0
5407	0.0961538461538458
5408	0.259615384615384
5409	0.336538461538461
5410	0.192307692307692
5411	0.134615384615384
5412	-0.067307692307693
5413	-8.88178419700125e-16
5414	-0.0384615384615392
5415	-8.88178419700125e-16
5416	0.0865384615384608
5417	0.0384615384615379
5418	0.0769230769230766
5419	0.0384615384615385
5420	-0.0288461538461542
5421	-0.105769230769231
5422	-0.173076923076924
5423	-0.173076923076924
5424	-0.26923076923077
5425	-0.288461538461539
5426	-0.336538461538463
5427	-0.461538461538461
5428	-0.528846153846154
5429	-0.548076923076924
5430	-0.461538461538462
5431	-0.557692307692308
5432	-0.605769230769231
5433	-0.663461538461539
5434	-0.653846153846154
5435	-0.759615384615385
5436	-0.759615384615385
5437	-0.673076923076923
5438	-0.701923076923078
5439	-0.625000000000001
5440	-0.538461538461539
5441	-0.528846153846154
5442	-0.509615384615385
5443	-0.51923076923077
5444	-0.682692307692308
5445	-0.759615384615385
5446	-0.759615384615385
5447	-0.692307692307693
5448	-0.634615384615385
5449	-0.509615384615385
5450	-0.538461538461539
5451	-0.557692307692308
5452	-0.451923076923078
5453	-0.413461538461539
5454	-0.278846153846154
5455	-0.336538461538462
5456	-0.317307692307693
5457	-0.211538461538462
5458	-0.182692307692308
5459	-0.221153846153846
5460	-0.192307692307693
5461	-0.144230769230769
5462	0.00961538461538392
5463	0.0288461538461533
5464	0.0673076923076916
5465	0.115384615384615
5466	0.0384615384615379
5467	0.0384615384615379
5468	0.134615384615384
5469	0.173076923076923
5470	0.182692307692307
5471	0.125
5472	0.0384615384615377
5473	-0.028846153846154
5474	0.00961538461538436
5475	-0.0865384615384617
5476	-0.0480769230769231
5477	-0.0096153846153848
5478	0.0384615384615377
5479	-0.0865384615384617
5480	-0.0961538461538463
5481	0.00961538461538436
5482	0.0288461538461537
5483	0.192307692307692
5484	0.317307692307692
5485	0.0480769230769227
5486	0.153846153846153
5487	0.288461538461538
5488	0.201923076923076
5489	0.192307692307692
5490	0.0769230769230769
5491	0.0865384615384615
5492	0.0865384615384615
5493	0.0384615384615385
5494	0.0192307692307689
5495	0.249999999999999
5496	0.278846153846153
5497	0.192307692307692
5498	0.0769230769230766
5499	0.0192307692307689
5500	-0.0288461538461544
5501	-0.0192307692307696
5502	-0.0192307692307696
5503	-4.44089209850063e-16
5504	-0.0384615384615388
5505	0.0769230769230764
5506	0.0961538461538456
5507	0.0769230769230764
5508	0.0769230769230764
5509	0.0192307692307687
5510	0.115384615384615
5511	0.105769230769231
5512	0.0576923076923073
5513	0.0384615384615381
5514	-0.00961538461538525
5515	0.086538461538461
5516	0.10576923076923
5517	-4.44089209850063e-16
5518	0.0576923076923073
5519	-0.0769230769230773
5520	-0.134615384615385
5521	-0.0769230769230773
5522	-0.173076923076923
5523	-0.201923076923078
5524	-0.201923076923078
5525	-0.26923076923077
5526	-0.26923076923077
5527	-0.230769230769231
5528	-0.259615384615385
5529	-0.192307692307693
5530	-0.26923076923077
5531	-0.538461538461539
5532	-0.548076923076923
5533	-0.490384615384616
5534	-0.39423076923077
5535	-0.413461538461539
5536	-0.317307692307693
5537	-0.39423076923077
5538	-0.5
5539	-0.519230769230769
5540	-0.51923076923077
5541	-0.538461538461539
5542	-0.605769230769231
5543	-0.576923076923077
5544	-0.605769230769231
5545	-0.490384615384616
5546	-0.423076923076923
5547	-0.451923076923078
5548	-0.490384615384616
5549	-0.451923076923077
5550	-0.336538461538462
5551	-0.403846153846154
5552	-0.375000000000001
5553	-0.26923076923077
5554	-0.250000000000001
5555	-0.259615384615386
5556	-0.375000000000001
5557	-0.413461538461539
5558	-0.413461538461539
5559	-0.490384615384616
5560	-0.615384615384616
5561	-0.567307692307693
5562	-0.605769230769231
5563	-0.586538461538462
5564	-0.557692307692308
5565	-0.653846153846154
5566	-0.576923076923077
5567	-0.576923076923077
5568	-0.365384615384615
5569	-0.307692307692308
5570	-0.394230769230769
5571	-0.336538461538461
5572	-0.413461538461539
5573	-0.384615384615385
5574	-0.355769230769231
5575	-0.413461538461539
5576	-0.317307692307693
5577	-0.375
5578	-0.317307692307693
5579	-0.432692307692308
5580	-0.39423076923077
5581	-0.471153846153847
5582	-0.538461538461539
5583	-0.557692307692308
5584	-0.528846153846154
5585	-0.413461538461539
5586	-0.576923076923077
5587	-0.596153846153846
5588	-0.596153846153846
5589	-0.730769230769231
5590	-0.673076923076923
5591	-0.596153846153846
5592	-0.480769230769231
5593	-0.384615384615385
5594	-0.336538461538462
5595	-0.39423076923077
5596	-0.413461538461539
5597	-0.25
5598	-0.192307692307693
5599	-0.201923076923077
5600	-0.153846153846154
5601	-0.182692307692308
5602	-0.307692307692308
5603	-0.125
5604	-0.221153846153846
5605	-0.403846153846154
5606	-0.384615384615385
5607	-0.413461538461539
5608	-0.403846153846154
5609	-0.451923076923077
5610	-0.442307692307693
5611	-0.432692307692308
5612	-0.413461538461539
5613	-0.346153846153847
5614	-0.355769230769231
5615	-0.346153846153847
5616	-0.326923076923077
5617	-0.25
5618	-0.182692307692308
5619	-0.115384615384616
5620	-0.105769230769232
5621	-0.105769230769232
5622	-0.0865384615384621
5623	-0.0769230769230778
5624	-0.0961538461538469
5625	-0.0576923076923086
5626	-0.115384615384616
5627	-0.211538461538462
5628	-0.336538461538461
5629	-0.375
5630	-0.423076923076923
5631	-0.259615384615385
5632	-0.211538461538462
5633	-0.413461538461539
5634	-0.432692307692308
5635	-0.432692307692308
5636	-0.480769230769231
5637	-0.355769230769231
5638	-0.336538461538462
5639	-0.432692307692308
5640	-0.576923076923077
5641	-0.490384615384616
5642	-0.548076923076924
5643	-0.442307692307693
5644	-0.461538461538462
5645	-0.461538461538462
5646	-0.480769230769231
5647	-0.461538461538462
5648	-0.528846153846154
5649	-0.605769230769231
5650	-0.480769230769231
5651	-0.384615384615385
5652	-0.307692307692308
5653	-0.26923076923077
5654	-0.336538461538462
5655	-0.375
5656	-0.384615384615385
5657	-0.548076923076924
5658	-0.509615384615385
5659	-0.442307692307693
5660	-0.471153846153847
5661	-0.461538461538462
5662	-0.538461538461539
5663	-0.355769230769231
5664	-0.326923076923078
5665	-0.326923076923078
5666	-0.317307692307693
5667	-0.336538461538462
5668	-0.336538461538462
5669	-0.326923076923078
5670	-0.336538461538462
5671	-0.307692307692308
5672	-0.240384615384616
5673	-0.0865384615384621
5674	-0.0865384615384621
5675	-0.0961538461538467
5676	-0.134615384615385
5677	-0.201923076923077
5678	-0.182692307692308
5679	-0.26923076923077
5680	-0.182692307692308
5681	-0.0961538461538467
5682	0.105769230769231
5683	0.105769230769231
5684	0.125
5685	0.182692307692307
5686	0.182692307692307
5687	0.115384615384615
5688	0.0192307692307687
5689	-0.105769230769231
5690	-0.115384615384616
5691	-0.0480769230769234
5692	-0.0192307692307696
5693	0.221153846153845
5694	0.336538461538461
5695	0.35576923076923
5696	0.384615384615384
5697	0.375
5698	0.336538461538461
5699	0.182692307692307
5700	0.134615384615384
5701	0.326923076923076
5702	0.298076923076923
5703	0.538461538461538
5704	0.653846153846154
5705	0.865384615384615
5706	0.884615384615384
5707	0.836538461538461
5708	0.721153846153846
5709	0.711538461538461
5710	0.711538461538461
5711	0.730769230769231
5712	0.778846153846154
5713	0.874999999999999
5714	0.884615384615384
5715	0.884615384615384
5716	0.692307692307692
5717	0.701923076923076
5718	0.509615384615384
5719	0.471153846153846
5720	0.326923076923077
5721	0.432692307692307
5722	0.307692307692307
5723	0.288461538461538
5724	0.278846153846153
5725	0.432692307692307
5726	0.423076923076922
5727	0.336538461538461
5728	0.461538461538461
5729	0.557692307692307
5730	0.403846153846154
5731	0.317307692307692
5732	0.615384615384615
5733	0.798076923076922
5734	0.875
5735	0.85576923076923
5736	0.903846153846153
5737	0.749999999999999
5738	0.769230769230769
5739	0.528846153846154
5740	0.403846153846154
5741	0.163461538461538
5742	0.144230769230768
5743	0.163461538461538
5744	0.23076923076923
5745	0.0288461538461535
5746	0.211538461538461
5747	0.144230769230769
5748	0.0865384615384615
5749	0.0288461538461535
5750	0.0673076923076916
5751	0.0576923076923073
5752	0.125
5753	0.0288461538461535
5754	0.0480769230769227
5755	0.144230769230769
5756	0.269230769230769
5757	0.259615384615384
5758	0.288461538461538
5759	0.375
5760	0.394230769230769
5761	0.288461538461538
5762	0.298076923076923
5763	0.365384615384615
5764	0.307692307692307
5765	-0.00961538461538503
5766	-0.0288461538461542
5767	-0.115384615384616
5768	-0.442307692307693
5769	-0.557692307692308
5770	-0.490384615384616
5771	-0.480769230769232
5772	-0.403846153846154
5773	-0.365384615384616
5774	-0.230769230769231
5775	-0.278846153846154
5776	-0.26923076923077
5777	-0.221153846153846
5778	-0.201923076923077
5779	-0.182692307692308
5780	-0.182692307692308
5781	-0.134615384615385
5782	-0.298076923076924
5783	-0.317307692307693
5784	-0.173076923076923
5785	-0.163461538461539
5786	-0.192307692307693
5787	-0.201923076923077
5788	-0.163461538461539
5789	-0.0576923076923082
5790	-0.0673076923076927
5791	-0.0961538461538465
5792	-0.0769230769230773
5793	-0.230769230769231
5794	-0.240384615384616
5795	-0.317307692307693
5796	-0.336538461538462
5797	-0.365384615384616
5798	-0.346153846153846
5799	-0.413461538461539
5800	-0.461538461538462
5801	-0.451923076923077
5802	-0.432692307692308
5803	-0.221153846153847
5804	-0.0769230769230773
5805	-0.201923076923077
5806	-0.317307692307693
5807	-0.365384615384616
5808	-0.375
5809	-0.480769230769231
5810	-0.605769230769231
5811	-0.615384615384616
5812	-0.5
5813	-0.480769230769231
5814	-0.384615384615385
5815	-0.355769230769231
5816	-0.355769230769231
5817	-0.317307692307693
5818	-0.278846153846154
5819	-0.288461538461539
5820	-0.365384615384616
5821	-0.394230769230769
5822	-0.394230769230769
5823	-0.423076923076923
5824	-0.423076923076923
5825	-0.413461538461539
5826	-0.403846153846154
5827	-0.403846153846154
5828	-0.490384615384616
5829	-0.480769230769231
5830	-0.5
5831	-0.528846153846154
5832	-0.538461538461539
5833	-0.413461538461539
5834	-0.442307692307693
5835	-0.355769230769231
5836	-0.413461538461539
5837	-0.384615384615385
5838	-0.39423076923077
5839	-0.567307692307693
5840	-0.701923076923077
5841	-0.644230769230769
5842	-0.682692307692308
5843	-0.557692307692308
5844	-0.596153846153847
5845	-0.596153846153847
5846	-0.451923076923077
5847	-0.451923076923077
5848	-0.490384615384616
5849	-0.5
5850	-0.423076923076923
5851	-0.442307692307693
5852	-0.432692307692308
5853	-0.5
5854	-0.5
5855	-0.461538461538462
5856	-0.442307692307693
5857	-0.394230769230769
5858	-0.346153846153847
5859	-0.259615384615385
5860	-0.230769230769231
5861	-0.317307692307692
5862	-0.298076923076923
5863	-0.192307692307693
5864	-0.163461538461539
5865	-0.144230769230769
5866	-0.0961538461538465
5867	-0.0576923076923079
5868	-0.00961538461538503
5869	-0.0865384615384617
5870	-0.0480769230769231
5979	-1
5980	-0.932692307692308
5981	-0.884615384615385
5982	-0.884615384615385
5983	-0.798076923076923
5984	-0.875000000000001
5985	-0.884615384615385
5986	-0.865384615384616
5987	-0.769230769230769
5988	-0.798076923076923
5989	-0.788461538461539
5990	-0.769230769230769
5991	-0.759615384615385
5992	-0.721153846153846
5993	-0.682692307692308
5994	-0.625
5995	-0.586538461538462
5996	-0.528846153846154
5997	-0.5
5998	-0.461538461538462
5999	-0.432692307692308
6000	-0.423076923076923
6001	-0.384615384615385
6002	-0.413461538461539
6003	-0.365384615384616
6004	-0.307692307692308
6005	-0.269230769230769
6006	-0.288461538461539
6007	-0.240384615384616
6008	-0.182692307692308
6010	-0.0865384615384617
6011	-0.076923076923077
6012	0
6018	1.16346153846154
6019	1.80769230769231
6020	2.02884615384615
6021	3.09615384615384
6022	4.60576923076923
6023	6.88461538461539
6024	7.42307692307692
6025	7.36538461538461
6026	7.625
6027	7.78846153846154
6028	7.99038461538461
6029	8
6030	8
6031	7.92307692307692
6032	7.92307692307692
6033	7.95192307692308
6034	7.97115384615384
6035	7.98076923076923
6036	7.99038461538461
6037	8.00961538461538
6038	8.00961538461538
6039	8.02884615384615
6040	8.04807692307692
6041	8.04807692307692
6042	8.07692307692308
6043	8.07692307692308
6044	8.07692307692308
6045	8.07692307692308
6046	8.02884615384615
6047	8.05769230769231
6048	8.05769230769231
6049	8.05769230769231
6050	8.06730769230769
6051	8.08653846153846
6052	8.11538461538461
6053	8.1826923076923
6054	6.76923076923077
6055	6.08653846153846
6056	5.91346153846154
6057	4.88461538461538
6058	3.40384615384615
6059	1.08653846153846
6060	0.5
6061	0.586538461538462
