23	0.240384615384615
24	0.375
25	0.413461538461538
26	0.403846153846154
27	0.557692307692307
28	0.499999999999999
29	0.634615384615384
30	0.663461538461538
31	0.653846153846153
32	0.60576923076923
33	0.663461538461538
34	0.73076923076923
35	0.653846153846154
36	0.673076923076923
37	0.769230769230769
38	0.769230769230769
39	0.759615384615384
40	0.701923076923077
41	0.807692307692307
42	0.875
43	0.932692307692307
44	0.942307692307692
45	0.932692307692307
46	0.826923076923077
47	0.75
48	0.759615384615384
49	0.769230769230769
50	0.701923076923077
51	0.673076923076923
52	0.653846153846154
53	0.75
54	0.673076923076923
55	0.75
56	0.913461538461538
57	0.836538461538461
58	0.875
59	0.798076923076923
60	0.644230769230769
61	0.663461538461538
62	0.625
63	0.615384615384615
64	0.721153846153846
65	0.576923076923076
66	0.692307692307692
67	0.673076923076923
68	0.788461538461538
69	0.682692307692307
70	0.586538461538461
71	0.586538461538461
72	0.576923076923076
73	0.5
74	0.461538461538461
75	0.586538461538461
76	0.711538461538462
77	0.538461538461538
78	0.528846153846154
79	0.365384615384615
80	0.461538461538461
81	0.5
82	0.60576923076923
83	0.75
84	0.75
85	0.836538461538461
86	0.798076923076923
87	0.798076923076923
88	0.817307692307692
89	0.836538461538461
90	0.817307692307692
91	0.846153846153846
92	0.778846153846154
93	0.759615384615384
94	0.721153846153846
95	0.653846153846154
96	0.625
97	0.548076923076923
98	0.596153846153846
99	0.5
100	0.442307692307692
101	0.519230769230769
102	0.346153846153846
103	0.346153846153846
104	0.326923076923076
105	0.240384615384615
106	0.326923076923076
107	0.336538461538461
108	0.317307692307692
109	0.298076923076923
110	0.375
111	0.336538461538461
112	0.211538461538461
113	0.269230769230769
114	0.384615384615384
115	0.480769230769231
116	0.403846153846154
117	0.336538461538461
118	0.259615384615384
119	0.115384615384615
120	0.10576923076923
121	0.0769230769230766
122	0.0961538461538459
123	0.125
124	0.201923076923077
125	0.125
126	0.134615384615384
127	0.0480769230769229
128	-0.0384615384615387
129	-0.0576923076923077
130	-0.0865384615384618
131	0.0288461538461536
132	0.0576923076923076
133	0.0384615384615383
134	-0.0192307692307694
135	0.0769230769230768
136	0.00961538461538458
137	-0.0865384615384618
138	-0.076923076923077
139	-0.0673076923076924
140	0.0288461538461536
141	0.307692307692307
142	0.317307692307692
143	0.346153846153846
144	0.336538461538461
145	0.490384615384615
146	0.346153846153846
147	0.365384615384615
148	0.35576923076923
149	0.519230769230769
150	0.423076923076923
151	0.317307692307692
152	0.317307692307692
153	0.326923076923077
154	0.336538461538461
155	0.432692307692307
156	0.423076923076923
157	0.60576923076923
158	0.60576923076923
159	0.673076923076923
160	0.615384615384615
161	0.682692307692307
162	0.836538461538461
163	0.894230769230769
164	0.894230769230769
165	0.990384615384615
166	1.00961538461538
167	1
168	1.00961538461538
169	1.02884615384615
170	1.04807692307692
171	1.02884615384615
172	1.00961538461538
173	0.980769230769231
174	1.05769230769231
175	1.03846153846154
176	0.932692307692308
177	0.769230769230769
178	0.913461538461538
179	1
180	1.01923076923077
181	0.894230769230769
182	1.18269230769231
183	1.125
184	1.19230769230769
185	1.00961538461538
186	1.03846153846154
187	1.05769230769231
188	1.07692307692308
189	1.24038461538461
190	1.30769230769231
191	1.17307692307692
192	1.22115384615385
193	0.990384615384615
194	1.06730769230769
195	1.07692307692308
196	1.17307692307692
197	1.25
198	1.05769230769231
199	0.98076923076923
200	1.07692307692308
201	1.03846153846154
202	1
203	1
204	1.125
205	1.13461538461538
206	1.28846153846154
207	1.23076923076923
208	1.25
209	1.43269230769231
210	1.52884615384615
211	1.625
212	1.64423076923077
213	1.56730769230769
214	1.51923076923077
215	1.41346153846154
216	1.49038461538461
217	1.48076923076923
218	1.18269230769231
219	1.29807692307692
220	1.22115384615385
221	1.21153846153846
222	1.29807692307692
223	1.46153846153846
224	1.51923076923077
225	1.48076923076923
226	1.57692307692308
227	1.625
228	1.72115384615385
229	1.85576923076923
230	1.875
231	1.80769230769231
232	1.68269230769231
233	1.63461538461538
234	1.74038461538461
235	1.71153846153846
236	1.57692307692308
237	1.54807692307692
238	1.69230769230769
239	1.73076923076923
240	1.63461538461538
241	1.57692307692308
242	1.50961538461538
243	1.57692307692308
244	1.625
245	1.53846153846154
246	1.49038461538461
247	1.57692307692308
248	1.72115384615385
249	1.85576923076923
250	1.80769230769231
251	1.96153846153846
252	1.88461538461538
253	1.98076923076923
254	2.21153846153846
255	2.14423076923077
256	2.16346153846154
257	2.47115384615385
258	2.35576923076923
259	2.33653846153846
260	2.31730769230769
261	2.25
262	2.25
263	2.25961538461538
264	2.11538461538461
265	1.95192307692308
266	2.00961538461538
267	1.97115384615385
268	1.93269230769231
269	1.79807692307692
270	1.81730769230769
271	1.93269230769231
272	1.86538461538461
273	1.91346153846154
274	1.82692307692308
275	1.86538461538461
276	1.97115384615385
277	2.07692307692308
278	2.00961538461538
279	1.94230769230769
280	1.89423076923077
281	1.80769230769231
282	1.88461538461538
283	1.72115384615385
284	1.72115384615385
285	1.61538461538461
286	1.49038461538461
287	1.46153846153846
288	1.51923076923077
289	1.625
290	1.38461538461538
291	1.39423076923077
292	1.38461538461538
293	1.13461538461538
294	1.11538461538461
295	0.98076923076923
296	0.923076923076923
297	0.855769230769231
298	0.711538461538461
299	0.711538461538461
300	0.817307692307692
301	0.932692307692307
302	0.798076923076923
303	0.836538461538461
304	0.894230769230769
305	0.836538461538461
306	0.923076923076923
307	0.846153846153846
308	0.855769230769231
309	0.855769230769231
310	1.09615384615385
311	0.932692307692308
312	0.788461538461538
313	0.701923076923077
314	0.711538461538461
315	0.711538461538461
316	0.663461538461538
317	0.663461538461538
318	0.519230769230769
319	0.663461538461538
320	0.519230769230769
321	0.480769230769231
322	0.461538461538461
323	0.35576923076923
324	0.374999999999999
325	0.288461538461538
326	0.384615384615384
327	0.60576923076923
328	0.596153846153846
329	0.557692307692307
330	0.644230769230769
331	0.711538461538461
332	0.692307692307692
333	0.682692307692307
334	0.836538461538461
335	0.846153846153846
336	0.884615384615384
337	0.865384615384615
338	0.903846153846154
339	1.06730769230769
340	1.03846153846154
341	1.05769230769231
342	0.971153846153846
343	0.980769230769231
344	1.07692307692308
345	1.02884615384615
346	0.798076923076923
347	0.951923076923077
348	1.00961538461538
349	1.05769230769231
350	0.980769230769231
351	0.971153846153846
352	1.03846153846154
353	1.125
354	1.07692307692308
355	0.923076923076923
356	1.00961538461538
357	1.00961538461538
358	1.16346153846154
359	1.22115384615385
360	1.17307692307692
361	1.13461538461538
362	1.03846153846154
363	0.701923076923077
364	0.798076923076923
365	0.75
366	0.682692307692307
367	0.817307692307692
368	1.02884615384615
369	1.21153846153846
370	1.09615384615385
371	1.17307692307692
372	1
373	0.990384615384615
374	0.932692307692307
375	0.913461538461538
376	1.02884615384615
377	1.08653846153846
378	1.07692307692308
379	1.08653846153846
380	1
381	1.13461538461538
382	1.20192307692308
383	0.980769230769231
384	0.932692307692307
385	0.884615384615384
386	0.923076923076923
387	0.903846153846154
388	0.884615384615384
389	0.884615384615384
390	0.961538461538461
391	0.961538461538461
392	0.826923076923077
393	0.826923076923077
394	0.826923076923077
395	0.673076923076923
396	0.576923076923077
397	0.586538461538461
398	0.740384615384615
399	0.817307692307692
400	0.730769230769231
401	0.788461538461538
402	0.836538461538461
403	0.788461538461538
404	0.596153846153846
405	0.413461538461538
406	0.346153846153846
407	0.423076923076922
408	0.471153846153846
409	0.451923076923076
410	0.480769230769231
411	0.336538461538461
412	0.259615384615384
413	0.211538461538461
414	0.221153846153846
415	0.182692307692307
416	0.278846153846153
417	0.10576923076923
418	0.0480769230769229
419	0.125
420	0.211538461538461
421	0.336538461538461
422	0.442307692307692
423	0.557692307692307
424	0.557692307692307
425	0.576923076923077
426	0.490384615384615
427	0.499999999999999
428	0.557692307692307
429	0.548076923076923
430	0.490384615384615
431	0.644230769230769
432	0.740384615384615
433	0.769230769230769
434	0.692307692307692
435	0.644230769230769
436	0.721153846153846
437	0.721153846153846
438	0.615384615384615
439	0.615384615384615
440	0.596153846153846
441	0.721153846153846
442	0.740384615384615
443	0.653846153846153
444	0.730769230769231
445	0.682692307692307
446	0.663461538461538
447	0.721153846153846
448	0.682692307692307
449	0.721153846153846
450	0.855769230769231
451	0.903846153846154
452	0.817307692307692
453	0.913461538461538
454	0.875
455	0.903846153846154
456	0.894230769230769
457	0.798076923076923
458	0.682692307692307
459	0.596153846153846
460	0.596153846153846
461	0.586538461538461
462	0.673076923076923
463	0.673076923076923
464	0.644230769230769
465	0.634615384615384
466	0.625
467	0.48076923076923
468	0.451923076923077
469	0.442307692307692
470	0.471153846153846
471	0.615384615384615
472	0.528846153846153
473	0.615384615384615
474	0.740384615384615
475	0.788461538461538
476	0.961538461538461
477	0.846153846153846
478	0.903846153846154
479	0.836538461538461
480	0.73076923076923
481	0.798076923076923
482	0.778846153846154
483	0.951923076923077
484	0.971153846153846
485	0.923076923076923
486	0.846153846153846
487	1.04807692307692
488	1.03846153846154
489	1.02884615384615
490	1.04807692307692
491	1.00961538461538
492	0.942307692307692
493	0.961538461538461
494	1.06730769230769
495	1.07692307692308
496	1.16346153846154
497	1.16346153846154
498	1.07692307692308
499	1.07692307692308
500	1.08653846153846
501	1.10576923076923
502	1.16346153846154
503	1.17307692307692
504	1.11538461538461
505	1.125
506	1.04807692307692
507	0.894230769230769
508	0.903846153846154
509	0.836538461538461
510	0.711538461538461
511	0.586538461538461
512	0.432692307692307
513	0.403846153846154
514	0.346153846153846
515	0.346153846153846
516	0.375
517	0.326923076923077
518	0.346153846153846
520	0.153846153846154
521	0.240384615384615
522	0.153846153846154
523	0.173076923076923
524	0.192307692307692
525	0.201923076923077
526	0.211538461538461
527	0.288461538461538
528	0.230769230769231
529	0.221153846153846
530	0.153846153846154
531	0.125
532	0.125
535	0.0865384615384613
536	0.0769230769230768
537	0.134615384615384
538	0.096153846153846
539	0.0673076923076922
540	0.0673076923076922
541	0.201923076923077
542	0.192307692307692
543	0.221153846153846
544	0.288461538461538
545	0.35576923076923
546	0.365384615384615
547	0.336538461538461
548	0.346153846153846
549	0.432692307692307
550	0.442307692307692
551	0.586538461538461
552	0.596153846153846
553	0.663461538461538
554	0.836538461538461
555	0.826923076923077
556	0.798076923076923
557	0.682692307692307
558	0.701923076923077
559	0.625
560	0.711538461538461
561	0.644230769230769
562	0.73076923076923
563	0.634615384615384
564	0.682692307692307
565	0.682692307692307
566	0.644230769230769
567	0.740384615384615
568	0.673076923076923
569	0.759615384615384
570	0.798076923076923
571	0.682692307692307
572	0.692307692307692
573	0.663461538461538
574	0.769230769230769
575	0.711538461538461
576	0.884615384615384
577	0.721153846153846
578	0.798076923076923
579	0.769230769230769
580	0.759615384615384
581	0.644230769230769
582	0.625
583	0.692307692307692
584	0.663461538461538
585	0.509615384615384
586	0.644230769230769
587	0.48076923076923
588	0.5
589	0.375
590	0.173076923076923
591	0.163461538461538
592	0.23076923076923
593	0.269230769230769
594	0.317307692307692
595	0.115384615384615
596	0.0192307692307687
597	0.0961538461538456
598	-0.0384615384615388
599	-0.0673076923076927
600	0.0480769230769225
601	0.115384615384615
602	0.153846153846153
603	0.0769230769230764
604	0.0384615384615383
605	0.0192307692307689
606	0.0288461538461535
607	0.125
608	0.211538461538461
609	0.192307692307692
610	0.125
611	0.125
612	0.0192307692307687
613	0.00961538461538414
614	0.00961538461538414
615	0.086538461538461
616	0.0384615384615381
617	0.144230769230769
618	0.125
619	0.0576923076923075
620	0.086538461538461
621	0.192307692307692
622	0.115384615384615
623	0.173076923076923
624	0.182692307692307
625	0.288461538461538
626	0.326923076923076
627	0.432692307692307
628	0.48076923076923
629	0.471153846153846
630	0.413461538461538
631	0.442307692307692
632	0.5
633	0.384615384615384
634	0.432692307692307
635	0.461538461538461
636	0.336538461538461
637	0.326923076923076
638	0.307692307692307
639	0.365384615384615
640	0.384615384615384
641	0.326923076923077
642	0.278846153846153
643	0.211538461538461
644	0.153846153846153
645	0.134615384615384
646	0.163461538461538
647	0.221153846153846
648	0.144230769230769
649	0.134615384615384
650	0.0576923076923076
651	0.0769230769230768
652	0.0480769230769229
653	0.134615384615384
654	0.134615384615384
655	0.134615384615384
656	0.10576923076923
657	0.0673076923076918
658	0.0673076923076918
659	0.0192307692307693
660	-0.0192307692307694
661	0.0480769230769229
662	0.0384615384615383
663	-0.0673076923076924
664	-0.192307692307693
665	-0.221153846153846
666	-0.115384615384616
667	-0.144230769230769
668	-0.221153846153846
669	-0.182692307692308
670	-0.0288461538461541
671	-0.0384615384615387
672	0.0480769230769229
673	-0.0288461538461541
674	-0.0096153846153848
675	-0.0576923076923077
676	-0.0769230769230771
677	-0.0673076923076924
678	-2.22044604925031e-16
679	0.0192307692307692
680	-0.0576923076923077
681	-0.0576923076923077
682	-0.0673076923076924
683	-0.115384615384616
684	-0.0865384615384617
685	0.0192307692307692
686	0.0192307692307692
687	-0.0192307692307694
688	-2.22044604925031e-16
689	-0.153846153846154
690	-0.173076923076923
691	-0.153846153846154
692	-0.125
696	-0.211538461538462
712	-0.153846153846154
713	0.0192307692307692
714	-0.0288461538461541
715	0.0384615384615382
716	0.163461538461538
717	0.144230769230769
718	0.221153846153846
719	0.211538461538461
720	0.23076923076923
721	0.144230769230769
722	0.115384615384615
723	0.105769230769231
724	0.105769230769231
725	0.105769230769231
726	0.23076923076923
727	0.394230769230769
728	0.682692307692307
729	0.913461538461538
730	0.980769230769231
731	1.05769230769231
732	1.02884615384615
733	1.00961538461538
734	0.990384615384615
735	1.03846153846154
736	1.03846153846154
737	1.02884615384615
738	0.961538461538461
739	1.17307692307692
740	1.25
741	1.15384615384615
742	1.13461538461538
743	1.20192307692308
744	1.16346153846154
745	1.28846153846154
746	1.20192307692308
747	1.19230769230769
748	1.13461538461538
749	1.04807692307692
750	1.04807692307692
751	0.971153846153846
752	0.903846153846154
753	0.913461538461538
754	0.903846153846154
755	0.855769230769231
756	0.817307692307692
757	0.817307692307692
758	0.836538461538461
759	0.75
760	0.759615384615384
761	0.730769230769231
762	0.644230769230769
763	0.490384615384615
764	0.211538461538461
765	-0.0480769230769234
766	-0.0865384615384618
767	-0.125
768	-0.153846153846154
769	-0.153846153846154
770	-0.144230769230769
815	-0.278846153846154
816	-0.26923076923077
817	-0.173076923076923
818	-0.0865384615384618
819	-0.105769230769231
820	-0.125
821	-0.0096153846153848
822	0.0769230769230766
823	0.0673076923076918
824	0.0769230769230766
825	0.0673076923076918
826	0.125
827	0.153846153846153
828	0.144230769230769
829	0.134615384615384
830	0.0384615384615379
831	0.0192307692307687
832	0.0288461538461533
833	0.0288461538461533
834	0.0480769230769225
835	0.0288461538461533
836	0.173076923076922
837	0.221153846153846
838	0.288461538461538
839	0.35576923076923
840	0.35576923076923
841	0.538461538461538
842	0.596153846153846
843	0.60576923076923
844	0.663461538461538
845	0.509615384615384
846	0.682692307692307
847	0.692307692307692
848	0.759615384615384
849	0.663461538461538
850	0.673076923076923
851	0.740384615384615
852	0.711538461538461
853	0.634615384615384
854	0.528846153846154
855	0.528846153846154
856	0.461538461538461
857	0.394230769230769
858	0.307692307692307
859	0.423076923076922
860	0.413461538461538
861	0.423076923076922
862	0.384615384615384
863	0.35576923076923
864	0.451923076923077
865	0.432692307692307
866	0.480769230769231
867	0.5
868	0.567307692307692
869	0.548076923076923
870	0.538461538461538
871	0.634615384615384
872	0.711538461538462
873	0.692307692307692
874	0.673076923076923
875	0.673076923076923
876	0.653846153846154
877	0.528846153846153
878	0.375
879	0.298076923076923
880	0.317307692307692
881	0.403846153846154
882	0.25
883	0.307692307692307
884	0.221153846153846
885	0.192307692307692
886	0.115384615384615
887	-0.0384615384615387
888	0.0288461538461536
889	0.0576923076923073
890	0.144230769230769
891	0.115384615384615
892	0.10576923076923
893	0.0961538461538458
894	0.192307692307692
895	0.0673076923076921
896	0.0480769230769229
897	0.0961538461538456
898	0.163461538461538
899	0.134615384615384
900	0.10576923076923
901	0.125
902	0.0384615384615379
903	0.163461538461538
904	0.0673076923076921
905	0.086538461538461
906	0.163461538461538
907	0.086538461538461
908	-0.182692307692308
909	-0.182692307692308
910	-0.163461538461539
911	-0.259615384615385
912	-0.0192307692307696
913	-0.067307692307693
914	0.0192307692307687
915	0.0673076923076916
916	-4.44089209850063e-16
917	-0.0384615384615388
918	-0.0480769230769234
919	-0.125
920	-0.0961538461538467
921	-0.0480769230769238
922	-0.038461538461539
923	-0.038461538461539
924	-0.0961538461538463
925	-0.0769230769230773
926	-0.163461538461539
927	-0.0384615384615388
928	-0.0480769230769234
929	-0.00961538461538503
930	-0.115384615384616
931	-0.0673076923076927
932	-0.0673076923076927
933	-0.115384615384616
934	-0.182692307692308
935	-0.0961538461538467
936	-0.163461538461539
937	-0.0769230769230773
938	-0.0576923076923082
939	-0.0192307692307696
940	-0.0192307692307696
941	0.0769230769230766
942	0.240384615384615
943	0.240384615384615
944	0.336538461538461
945	0.403846153846153
946	0.384615384615384
947	0.336538461538461
948	0.115384615384615
949	0.23076923076923
950	0.173076923076922
951	0.0961538461538458
952	0.0865384615384615
953	0.0480769230769225
954	0.153846153846154
955	0.153846153846154
956	0.125
957	0.221153846153846
958	0.240384615384615
959	0.288461538461538
960	0.298076923076923
961	0.240384615384615
962	0.278846153846153
963	0.192307692307692
964	0.221153846153846
965	0.163461538461538
966	0.201923076923076
967	0.192307692307692
968	0.278846153846154
969	0.413461538461538
970	0.384615384615384
971	0.384615384615384
972	0.365384615384615
973	0.432692307692307
974	0.528846153846153
975	0.480769230769231
976	0.451923076923076
977	0.35576923076923
978	0.125
979	0.163461538461538
980	0.269230769230769
981	0.182692307692307
982	0.192307692307692
983	0.336538461538461
984	0.346153846153846
985	0.288461538461538
986	0.298076923076923
987	0.298076923076923
988	0.259615384615384
989	0.307692307692307
990	0.211538461538461
991	0.221153846153846
992	0.307692307692307
993	0.211538461538461
994	0.278846153846153
995	0.192307692307692
996	0.192307692307692
997	0.307692307692307
998	0.346153846153846
999	0.307692307692307
1000	0.375
1001	0.432692307692307
1002	0.576923076923077
1003	0.721153846153846
1004	0.673076923076923
1005	0.596153846153846
1006	0.557692307692308
1007	0.557692307692308
1008	0.586538461538461
1009	0.519230769230769
1010	0.423076923076923
1011	0.471153846153846
1012	0.557692307692307
1013	0.634615384615384
1014	0.596153846153846
1015	0.625
1016	0.423076923076922
1017	0.423076923076922
1018	0.403846153846153
1019	0.346153846153846
1020	0.35576923076923
1021	0.336538461538461
1022	0.326923076923076
1023	0.423076923076922
1024	0.423076923076922
1025	0.375
1026	0.384615384615384
1027	0.375
1028	0.375
1029	0.432692307692307
1030	0.307692307692307
1031	0.384615384615384
1032	0.35576923076923
1033	0.259615384615384
1034	0.23076923076923
1035	0.23076923076923
1036	0.144230769230769
1037	0.115384615384615
1038	0.0480769230769229
1039	-0.0480769230769236
1040	-0.0769230769230773
1041	-0.0769230769230773
1042	-0.00961538461538503
1043	-0.0865384615384617
1044	-0.134615384615385
1045	-0.211538461538462
1046	-0.201923076923077
1047	-0.394230769230769
1095	-0.163461538461539
1096	-0.173076923076923
1097	-0.182692307692308
1098	-0.182692307692308
1099	-0.0384615384615387
1100	0.0192307692307693
1101	0.0288461538461536
1102	0.00961538461538458
1103	-0.0288461538461542
1104	0
1105	-0.0480769230769234
1106	-0.125
1107	-0.134615384615385
1108	-0.144230769230769
1109	-0.240384615384616
1110	-0.326923076923077
1111	-0.355769230769231
1112	-0.307692307692308
1113	-0.25
1114	-0.259615384615385
1115	-0.278846153846154
1116	-0.298076923076923
1117	-0.307692307692308
1118	-0.298076923076923
1119	-0.326923076923077
1120	-0.163461538461539
1121	-0.173076923076923
1122	-0.192307692307692
1123	-0.182692307692308
1124	-0.201923076923077
1125	-0.240384615384616
1126	-0.240384615384616
1127	-0.259615384615385
1187	-0.125
1188	-0.144230769230769
1189	-0.163461538461539
1190	-0.288461538461539
1203	-0.192307692307693
1204	-0.173076923076923
1205	-0.163461538461539
1206	-0.134615384615385
1207	-0.115384615384616
1212	-0.0384615384615387
1213	-0.0769230769230771
1214	-0.0576923076923079
1215	0.125
1216	0.125
1217	0.125
1218	0.144230769230769
1219	0.0769230769230769
1220	0.125
1232	-0.0576923076923079
1233	-0.0576923076923079
1247	-0.0576923076923077
1248	-0.134615384615385
1249	-0.115384615384616
1250	-0.134615384615385
1253	-0.173076923076923
1254	-0.173076923076923
1255	-0.192307692307693
1256	-0.0288461538461541
1257	-0.0288461538461541
1258	-0.0192307692307694
1259	0.00961538461538447
1260	-0.0288461538461541
1261	0.0480769230769229
1262	0.0865384615384615
1263	0.240384615384615
1264	0.259615384615384
1265	0.278846153846153
1266	0.278846153846153
1267	0.134615384615384
1268	0.0480769230769228
1269	-2.22044604925031e-16
1270	0.0288461538461536
1271	0.00961538461538458
1272	0.163461538461538
1273	0.153846153846154
1274	0.144230769230769
1275	0.221153846153846
1276	0.182692307692307
1277	0.288461538461538
1278	0.35576923076923
1279	0.336538461538461
1280	0.259615384615384
1281	0.25
1282	0.259615384615384
1283	0.0961538461538459
1284	0.0865384615384612
1285	0.153846153846154
1286	0.163461538461538
1287	0.0673076923076918
1288	0.0576923076923073
1289	0.0384615384615383
1290	0.0288461538461536
1291	0.0288461538461536
1292	-0.144230769230769
1293	-0.163461538461539
1294	-0.153846153846154
1295	-0.0865384615384618
1296	0.0288461538461536
1297	-0.0480769230769234
1298	-0.0576923076923077
1299	-0.0961538461538464
1300	-0.134615384615385
1301	-0.0480769230769234
1302	-0.0096153846153848
1303	-0.0288461538461542
1304	-0.0961538461538463
1305	-0.105769230769231
1306	-0.182692307692308
1307	-0.211538461538462
1308	-0.336538461538462
1309	-0.326923076923077
1310	-0.326923076923077
1312	-0.269230769230769
1313	-0.326923076923077
1320	-0.451923076923077
1323	-0.480769230769231
1324	-0.5
1325	-0.451923076923077
1326	-0.375
1327	-0.365384615384616
1328	-0.39423076923077
1329	-0.14423076923077
1330	-0.067307692307693
1331	-0.0769230769230775
1332	-0.201923076923077
1333	-0.221153846153846
1334	-0.230769230769231
1335	-0.394230769230769
1336	-0.403846153846154
1337	-0.451923076923077
1338	-0.490384615384616
1339	-0.480769230769231
1340	-0.451923076923077
1341	-0.403846153846154
1342	-0.365384615384616
1343	-0.346153846153846
1344	-0.384615384615385
1345	-0.394230769230769
1346	-0.394230769230769
1347	-0.355769230769231
1349	-0.394230769230769
1350	-0.326923076923077
1351	-0.355769230769231
1352	-0.365384615384616
1353	-0.346153846153846
1354	-0.278846153846154
1355	-0.173076923076923
1356	-0.211538461538462
1357	-0.25
1358	-0.144230769230769
1359	-0.201923076923077
1360	-0.192307692307692
1361	-0.259615384615385
1362	-0.336538461538462
1363	-0.346153846153846
1364	-0.317307692307693
1378	-0.144230769230769
1379	-0.115384615384616
1380	-2.22044604925031e-16
1381	-2.22044604925031e-16
1382	-2.22044604925031e-16
1383	0.10576923076923
1384	0.0576923076923073
1385	-0.0192307692307694
1386	-0.0288461538461542
1387	0
1388	-0.0288461538461542
1389	-0.0480769230769234
1390	-0.0961538461538464
1391	-0.211538461538462
1392	-0.211538461538462
1393	-0.0961538461538463
1394	-0.173076923076923
1395	-0.105769230769231
1396	-0.105769230769231
1397	-0.144230769230769
1398	-0.134615384615385
1399	-0.163461538461539
1400	-0.182692307692308
1401	-0.105769230769231
1402	-0.192307692307693
1403	-0.211538461538462
1404	-0.307692307692308
1405	-0.326923076923077
1406	-0.317307692307693
1407	-0.163461538461539
1408	-0.144230769230769
1409	-0.153846153846154
1410	-0.173076923076923
1411	-0.221153846153846
1412	-0.192307692307693
1413	-0.201923076923077
1424	-0.182692307692308
1425	-0.182692307692308
1426	-0.192307692307693
1427	-0.182692307692308
1428	-0.163461538461539
1429	-0.125
1430	-0.125
1431	-0.192307692307693
1432	-0.163461538461539
1433	-0.115384615384616
1434	-0.144230769230769
1435	-0.115384615384616
1436	0.0961538461538461
1437	-0.0480769230769232
1438	-0.0673076923076924
1439	0.0673076923076922
1440	0.0576923076923076
1441	0.0769230769230768
1442	0.163461538461538
1443	0.0961538461538461
1444	0.153846153846153
1445	0.182692307692307
1446	0.0673076923076922
1447	0.0480769230769229
1448	0.0769230769230768
1449	0.125
1450	0.192307692307692
1451	0.211538461538461
1452	0.25
1453	0.346153846153846
1454	0.384615384615384
1455	0.490384615384615
1456	0.471153846153846
1457	0.374999999999999
1458	0.326923076923077
1459	0.259615384615384
1460	0.201923076923076
1461	0.230769230769231
1462	0.375
1463	0.35576923076923
1464	0.346153846153846
1465	0.346153846153846
1466	0.423076923076923
1467	0.413461538461538
1468	0.384615384615384
1469	0.346153846153846
1470	0.451923076923076
1471	0.423076923076922
1472	0.221153846153846
1473	0.240384615384615
1474	0.25
1475	0.182692307692307
1476	0.25
1477	0.240384615384615
1478	0.201923076923077
1479	0.10576923076923
1480	0.0384615384615383
1481	0.0769230769230764
1482	0.115384615384615
1483	0.201923076923077
1484	0.173076923076923
1485	0.240384615384615
1486	0.23076923076923
1487	0.25
1488	0.278846153846153
1489	0.115384615384615
1490	0.125
1491	0.0192307692307687
1492	0.0673076923076918
1493	0.0961538461538456
1494	0.173076923076923
1495	0.144230769230769
1496	0.00961538461538392
1497	0.0288461538461533
1498	-0.134615384615385
1499	-0.14423076923077
1500	-0.134615384615385
1501	-0.211538461538462
1502	-0.278846153846154
1503	-0.355769230769231
1504	-0.192307692307693
1505	-0.115384615384616
1506	-0.211538461538462
1507	-0.192307692307693
1508	-0.192307692307693
1509	-0.182692307692308
1510	-0.0769230769230773
1511	-0.0673076923076927
1512	-0.125
1513	-0.0865384615384617
1514	-0.182692307692308
1515	-0.182692307692308
1516	-0.182692307692308
1517	-0.182692307692308
1518	-0.0961538461538463
1519	-0.163461538461539
1520	-0.144230769230769
1521	-0.230769230769231
1522	-0.230769230769231
1523	-0.25
1524	-0.317307692307693
1525	-0.336538461538462
1528	-0.317307692307693
1529	-0.326923076923077
1534	-0.240384615384616
1535	-0.25
1536	-0.288461538461539
1537	-0.298076923076923
1538	-0.317307692307693
1539	-0.298076923076923
1584	-0.288461538461539
1585	-0.221153846153846
1589	-0.211538461538462
1590	-0.163461538461539
1591	-0.240384615384616
1592	-0.144230769230769
1593	-0.163461538461539
1594	-0.144230769230769
1595	-0.0769230769230771
1596	-0.0961538461538463
1597	-0.105769230769231
1598	-2.22044604925031e-16
1599	0.0384615384615382
1600	-0.0192307692307694
1601	-0.105769230769231
1605	-0.0865384615384618
1606	0.0576923076923075
1607	0.00961538461538447
1608	-0.0192307692307694
1609	0.0673076923076922
1610	0.0576923076923076
1611	0.0576923076923076
1612	0.0673076923076922
1613	-0.0961538461538463
1614	-0.125
1615	-0.0288461538461541
1616	-0.0192307692307694
1617	0.0288461538461536
1618	0.115384615384615
1619	0.0288461538461536
1620	-0.0480769230769234
1621	-0.0480769230769234
1622	-0.0865384615384618
1623	-0.0865384615384618
1624	-0.0384615384615388
1625	-0.134615384615385
1626	-0.173076923076923
1627	-0.144230769230769
1628	-0.25
1629	-0.278846153846154
1630	-0.153846153846154
1631	-0.0769230769230771
1632	-0.0576923076923079
1633	-0.0192307692307694
1634	-0.163461538461539
1635	-0.0673076923076927
1636	-0.0576923076923082
1637	0.0384615384615383
1638	0.0673076923076921
1639	0.10576923076923
1640	0.10576923076923
1641	0.0480769230769225
1642	-0.0961538461538464
1643	-0.0192307692307694
1644	-0.0192307692307694
1645	-0.115384615384616
1646	-0.076923076923077
1647	0
1648	0.00961538461538458
1649	0.0288461538461536
1650	0.0384615384615383
1651	-0.0192307692307694
1652	-0.0384615384615387
1653	-0.0961538461538463
1654	-0.153846153846154
1655	-0.153846153846154
1656	-0.153846153846154
1657	-0.201923076923077
1658	-0.182692307692308
1659	-0.182692307692308
1706	-0.192307692307693
1707	-0.211538461538462
1708	-0.211538461538462
1709	-0.201923076923077
1710	-0.192307692307693
1711	-0.192307692307693
1726	-0.0961538461538463
1727	-0.105769230769231
1728	-0.115384615384616
1729	-0.0384615384615387
1730	-0.115384615384616
1731	-0.144230769230769
1732	-0.0192307692307694
1733	-0.0288461538461542
1734	-0.115384615384616
1735	-0.0961538461538464
1736	-0.0096153846153848
1737	0
1738	0.0769230769230766
1739	0.0384615384615383
1740	-0.0384615384615387
1741	-0.0192307692307694
1742	-0.115384615384616
1743	-0.0865384615384617
1744	-0.0961538461538463
1745	-0.125
1746	-0.144230769230769
1747	-0.173076923076923
1748	-0.0673076923076923
1749	0.0384615384615379
1750	0.144230769230769
1751	0.144230769230769
1752	0.221153846153846
1753	0.307692307692307
1754	0.288461538461538
1755	0.201923076923076
1756	0.278846153846153
1757	0.259615384615384
1758	0.163461538461538
1759	0.0480769230769229
1760	0.0288461538461535
1761	0.0288461538461535
1762	-0.125
1763	-0.153846153846154
1764	-0.153846153846154
1765	-0.201923076923077
1766	-0.144230769230769
1767	-0.0769230769230773
1768	-0.173076923076923
1769	-0.192307692307693
1770	-0.201923076923077
1771	-0.211538461538462
1772	-0.307692307692308
1773	-0.317307692307692
1774	-0.307692307692308
1775	-0.298076923076923
1776	-0.259615384615385
1777	-0.278846153846154
1778	-0.173076923076923
1779	-0.14423076923077
1780	-0.153846153846154
1781	-0.0576923076923079
1782	-0.0480769230769234
1783	-6.66133814775094e-16
1784	-0.0288461538461542
1785	-0.25
1786	-0.346153846153846
1787	-0.269230769230769
1788	-0.326923076923077
1789	-0.461538461538462
1790	-0.461538461538462
1791	-0.442307692307693
1792	-0.259615384615385
1793	-0.221153846153847
1794	-0.230769230769231
1795	-0.211538461538462
1796	-0.173076923076923
1797	-0.0480769230769238
1798	-0.0576923076923084
1799	-0.0288461538461542
1800	0.0673076923076921
1801	0.0480769230769229
1802	0.0576923076923075
1803	0.0769230769230764
1804	-6.66133814775094e-16
1805	0.0961538461538458
1806	0.125
1807	0.153846153846154
1808	0.173076923076923
1809	0.192307692307692
1810	0.115384615384615
1811	0.125
1812	0.144230769230769
1813	0.163461538461538
1814	0.0673076923076921
1815	0.0192307692307687
1816	0.0384615384615379
1817	0.0288461538461533
1818	0.0384615384615379
1819	-0.0288461538461542
1820	-0.0865384615384618
1821	-0.0480769230769234
1822	-0.0384615384615387
1823	-0.115384615384616
1824	-0.0961538461538464
1825	-0.0384615384615387
1826	-0.028846153846154
1827	-0.0576923076923079
1897	0.00961538461538447
1898	0.105769230769231
1899	0.163461538461538
1900	0.144230769230769
1901	0.0961538461538461
1902	0.153846153846154
1903	0.134615384615384
1904	0.0769230769230768
1905	0.0384615384615382
1906	-0.0576923076923077
1907	-0.0384615384615387
1908	-0.0288461538461541
1909	-0.0384615384615387
1910	0.0480769230769228
1911	0.105769230769231
1912	0.0961538461538461
1913	0.153846153846153
1914	0.0673076923076922
1915	-0.0288461538461541
1916	-0.0384615384615387
1917	-0.0576923076923077
1918	-0.0865384615384618
1919	-0.163461538461539
1920	-0.0096153846153848
1921	0.0576923076923073
1922	0.00961538461538458
1923	-0.0288461538461542
1924	-0.0480769230769234
1925	-0.134615384615385
1926	-0.125
1927	-0.0865384615384617
1928	-0.230769230769231
1929	-0.25
1930	-0.173076923076923
1931	-0.153846153846154
1932	-0.144230769230769
1933	-0.230769230769231
1934	-0.201923076923077
1935	-0.144230769230769
1936	-0.134615384615385
1937	-0.105769230769231
1938	-0.134615384615385
1939	-0.163461538461539
1940	-0.153846153846154
1941	-0.0384615384615388
1942	-0.0576923076923082
1943	-0.0480769230769236
1944	-0.144230769230769
1945	-0.125
1946	-0.201923076923077
1947	-0.201923076923077
1948	-0.211538461538462
1949	-0.278846153846154
1950	-0.211538461538462
1951	-0.230769230769231
1952	-0.240384615384616
1953	-0.230769230769231
1954	-0.240384615384616
1955	-0.288461538461539
1956	-0.432692307692308
1960	-0.394230769230769
1961	-0.413461538461539
1962	-0.432692307692308
1992	-0.240384615384616
1993	-0.201923076923077
1994	-0.192307692307692
1995	-0.211538461538462
1996	-0.288461538461539
1997	-0.269230769230769
1998	-0.25
1999	-0.278846153846154
2000	-0.278846153846154
2001	-0.298076923076923
2002	-0.375
2003	-0.336538461538462
2004	-0.307692307692308
2005	-0.25
2006	-0.346153846153846
2007	-0.326923076923077
2008	-0.346153846153846
2009	-0.365384615384616
2010	-0.355769230769231
2011	-0.413461538461539
2012	-0.278846153846154
2013	-0.259615384615385
2014	-0.192307692307693
2015	-0.182692307692308
2016	-0.163461538461539
2017	-0.201923076923077
2018	-0.211538461538462
2019	-0.221153846153846
2020	-0.201923076923077
2021	-0.201923076923077
2022	-0.0384615384615388
2023	-0.0865384615384619
2024	-0.0769230769230773
2025	-0.0480769230769236
2026	-0.0769230769230773
2027	-0.0576923076923082
2028	-0.201923076923077
2029	-0.163461538461539
2030	-0.144230769230769
2031	-0.125
2032	-0.134615384615385
2033	-0.0576923076923079
2034	-0.0192307692307696
2035	-0.0192307692307696
2036	0.00961538461538436
2037	0.0288461538461533
2038	0.0961538461538458
2039	0.0769230769230766
2040	0.0961538461538458
2041	0.0192307692307687
2042	0.0288461538461533
2043	0.0576923076923073
2044	0.0673076923076918
2045	0.0961538461538459
2046	0.0384615384615383
2047	0.125
2048	0.0865384615384615
2049	0.0769230769230768
2050	0.0961538461538461
2051	0.0288461538461536
2052	0.0192307692307692
2053	-2.22044604925031e-16
2054	-2.22044604925031e-16
2055	-0.0192307692307694
2056	-0.0480769230769234
2057	-0.173076923076923
2075	-0.26923076923077
2076	-0.259615384615385
2077	-0.259615384615385
2078	-0.26923076923077
2079	-0.288461538461539
2080	-0.278846153846154
2081	-0.26923076923077
2082	-0.230769230769231
2083	-0.288461538461539
2094	-0.346153846153846
2095	-0.355769230769231
2096	-0.346153846153846
2195	-0.298076923076923
2196	-0.288461538461539
2197	-0.298076923076923
2198	-0.259615384615385
2199	-0.269230769230769
2200	-0.269230769230769
2201	-0.394230769230769
2202	-0.413461538461539
2203	-0.394230769230769
2204	-0.317307692307692
2205	-0.298076923076923
2206	-0.221153846153846
2207	-0.259615384615385
2208	-0.326923076923077
2209	-0.326923076923077
2210	-0.25
2211	-0.317307692307693
2212	-0.317307692307693
2213	-0.317307692307693
2214	-0.326923076923077
2215	-0.230769230769231
2216	-0.182692307692308
2217	-0.125
2218	-0.0865384615384618
2219	-0.173076923076923
2220	-0.173076923076923
2221	-0.173076923076923
2222	-0.144230769230769
2223	-0.0480769230769234
2224	0.153846153846153
2225	0.0673076923076922
2226	-0.0288461538461541
2227	-0.0192307692307694
2228	-0.0480769230769234
2229	-0.0576923076923077
2230	-0.0192307692307694
2231	-0.182692307692308
2232	-0.0769230769230771
2233	-0.0480769230769232
2234	-0.115384615384616
2235	-0.0961538461538464
2236	-0.0961538461538464
2237	-0.0769230769230771
2238	-0.0769230769230771
2239	-0.0576923076923079
2241	-0.0480769230769232
2242	-0.0769230769230771
2243	-0.0576923076923079
2244	-0.028846153846154
2245	-0.0192307692307694
2290	-0.317307692307693
2291	-0.317307692307693
2292	-0.201923076923077
2293	-0.125
2294	-0.115384615384615
2295	-0.105769230769231
2296	-0.182692307692308
2297	-0.192307692307692
2298	-0.201923076923077
2299	-0.288461538461539
2300	-0.307692307692308
2301	-0.25
2302	-0.25
2303	-0.346153846153846
2304	-0.298076923076923
2305	-0.346153846153846
2306	-0.317307692307692
2307	-0.365384615384616
2308	-0.336538461538462
2309	-0.403846153846154
2310	-0.298076923076923
2311	-0.317307692307692
2312	-0.278846153846154
2313	-0.269230769230769
2314	-0.259615384615385
2315	-0.25
2316	-0.288461538461539
2317	-0.278846153846154
2318	-0.221153846153846
2319	-0.173076923076923
2320	-0.144230769230769
2321	-0.105769230769231
2322	-0.173076923076923
2323	-0.163461538461539
2336	-0.201923076923077
2339	-0.192307692307693
2340	-0.105769230769231
2341	-0.0673076923076924
2342	-0.076923076923077
2343	-0.0288461538461541
2344	-0.0576923076923077
2345	0.0480769230769229
2346	0.0480769230769229
2347	0.0769230769230768
2348	0.0961538461538461
2349	0.125
2350	0.134615384615384
2351	0.0769230769230768
2352	0.0769230769230768
2353	0.144230769230769
2354	0.134615384615384
2355	0.115384615384615
2356	0.153846153846153
2357	0.163461538461538
2358	0.230769230769231
2359	0.230769230769231
2360	0.259615384615384
2361	0.298076923076923
2362	0.278846153846154
2363	0.182692307692307
2364	0.0961538461538461
2365	0.115384615384615
2366	0.105769230769231
2367	0.115384615384615
2368	0.144230769230769
2369	0.211538461538461
2370	0.173076923076923
2371	0.144230769230769
2372	0.0480769230769228
2373	0.0576923076923075
2374	0.0673076923076921
2375	-0.0192307692307694
2376	-0.0961538461538464
2380	-0.115384615384616
2396	-0.336538461538462
2397	-0.346153846153846
2398	-0.240384615384616
2399	-0.307692307692308
2400	-0.288461538461539
2401	-0.221153846153846
2402	-0.192307692307692
2403	-0.192307692307692
2404	-0.182692307692308
2405	-0.259615384615385
2406	-0.25
2407	-0.298076923076923
2408	-0.26923076923077
2409	-0.259615384615385
2410	-0.26923076923077
2411	-0.25
2413	-0.201923076923077
2414	-0.182692307692308
2415	-0.115384615384616
2416	-0.192307692307693
2417	-0.134615384615385
2418	-0.125
2419	-0.125
2420	-0.211538461538462
2421	-0.240384615384616
2422	-0.163461538461539
2423	-0.144230769230769
2424	-0.115384615384616
2425	-0.192307692307693
2426	-0.173076923076923
2427	-0.0673076923076924
2428	-0.0865384615384618
2429	-0.076923076923077
2430	-0.105769230769231
2431	-2.22044604925031e-16
2432	-0.0769230769230771
2433	-0.0192307692307694
2434	0.115384615384615
2435	0.144230769230769
2436	0.211538461538461
2437	0.115384615384615
2438	0.0769230769230768
2439	0.0673076923076922
2440	0.0576923076923076
2441	0.0865384615384615
2442	0.0384615384615383
2443	0.0769230769230768
2444	0.0384615384615383
2445	0.0480769230769229
2446	0.0480769230769229
2447	0.0576923076923076
2448	0.0384615384615383
2449	-0.0480769230769234
2450	-0.0865384615384618
2451	-0.134615384615385
2452	-0.134615384615385
2453	-0.201923076923077
2454	-0.105769230769231
2455	-0.0769230769230771
2456	0.0576923076923076
2457	0.163461538461538
2458	0.0865384615384615
2459	0.0961538461538461
2460	0.0480769230769228
2461	0.134615384615384
2462	0.144230769230769
2463	0.0288461538461536
2464	0.105769230769231
2465	0.0961538461538461
2466	0.0769230769230768
2467	-0.0192307692307694
2468	-0.0384615384615387
2469	-0.0769230769230771
2473	-0.182692307692308
2474	-0.163461538461539
2475	-0.0865384615384617
2476	-0.0961538461538463
2477	-0.105769230769231
2478	0.0480769230769229
2479	0.115384615384615
2480	0.115384615384615
2481	0.0961538461538459
2482	0.163461538461538
2483	0.144230769230769
2484	0.182692307692307
2485	0.201923076923076
2486	0.211538461538461
2487	0.211538461538461
2488	0.173076923076923
2489	0.182692307692307
2490	0.115384615384615
2491	0.125
2492	0.0480769230769229
2493	-0.0288461538461542
2494	-0.0673076923076927
2495	-0.0673076923076927
2496	-0.0961538461538467
2497	-0.153846153846154
2498	-0.153846153846154
2499	-0.115384615384615
2500	-0.173076923076923
2501	-0.0865384615384617
2502	-0.0480769230769234
2503	-0.0673076923076923
2504	0.0865384615384615
2505	0.0673076923076921
2506	0.00961538461538436
2507	0.0480769230769225
2508	-0.0480769230769234
2509	-0.115384615384616
2510	-0.115384615384616
2511	-0.115384615384616
2512	-0.115384615384616
2513	-0.115384615384616
2514	-0.25
2516	-0.326923076923077
2517	-0.307692307692308
2661	-0.0673076923076924
2662	-0.0480769230769232
2669	-0.115384615384616
2687	-0.336538461538462
2688	-0.298076923076923
2689	-0.317307692307692
2690	-0.307692307692308
2691	-0.336538461538462
2692	-0.432692307692308
2693	-0.326923076923077
2694	-0.288461538461539
2695	-0.278846153846154
2696	-0.25
2697	-0.230769230769231
2698	-0.278846153846154
2699	-0.259615384615385
2700	-0.269230769230769
2701	-0.278846153846154
2702	-0.25
2703	-0.230769230769231
2836	-0.211538461538462
2837	-0.0576923076923077
2838	-0.0480769230769232
2839	-0.0096153846153848
2840	-0.0961538461538464
2841	-0.115384615384616
2842	-0.173076923076923
2843	-0.192307692307693
2844	-0.134615384615385
2845	-0.163461538461539
2846	-0.230769230769231
2847	-0.182692307692308
2848	-0.221153846153846
2849	-0.240384615384616
2889	-0.0961538461538464
2890	-0.0865384615384618
2891	-0.0769230769230771
2892	-0.0673076923076924
2893	-0.0961538461538464
2903	-0.00961538461538491
2910	0.0673076923076922
2911	0.0769230769230768
2912	0.134615384615384
2913	0.105769230769231
2914	0.0865384615384613
2967	-0.0576923076923077
2968	-0.0384615384615387
2969	-0.0192307692307694
2970	-0.0096153846153848
2971	0.00961538461538458
2972	-0.0673076923076924
2973	0.00961538461538458
2974	0.0192307692307691
2975	0.0961538461538459
2976	0.173076923076923
2977	0.0673076923076921
2978	0.163461538461538
2979	0.173076923076923
2980	0.105769230769231
2981	0.105769230769231
2982	0.0865384615384615
2983	0.144230769230769
2984	0.144230769230769
2985	0.144230769230769
2986	-1.11022302462516e-16
2987	0.0192307692307691
2988	0.0384615384615383
2989	0.048076923076923
2990	-0.0192307692307694
2991	-0.0192307692307694
2992	-0.0576923076923079
2993	-0.0192307692307694
2994	-0.0192307692307694
2995	-0.0480769230769232
2996	-0.0673076923076924
2997	0.0576923076923076
2998	0.0961538461538461
2999	0.163461538461538
3000	0.0961538461538461
3001	0.182692307692307
3002	0.240384615384615
3003	0.163461538461538
3004	0.144230769230769
3005	0.0961538461538459
3006	0.00961538461538458
3007	0.0673076923076921
3008	0.307692307692307
3009	0.23076923076923
3010	0.221153846153846
3011	0.240384615384615
3012	0.153846153846154
3013	0.240384615384615
3014	0.153846153846154
3015	0.163461538461538
3016	0.134615384615384
3017	0.221153846153846
3018	0.221153846153846
3019	0.153846153846154
3020	0.288461538461538
3021	0.269230769230769
3022	0.182692307692307
3023	0.240384615384615
3024	0.307692307692307
3025	0.307692307692307
3026	0.326923076923077
3027	0.326923076923077
3028	0.365384615384615
3029	0.35576923076923
3030	0.374999999999999
3031	0.423076923076923
3032	0.442307692307692
3033	0.365384615384615
3034	0.346153846153846
3035	0.278846153846154
3036	0.269230769230769
3037	0.173076923076923
3038	0.105769230769231
3039	0.048076923076923
3040	0.048076923076923
3041	0.105769230769231
3042	0.115384615384615
3043	0.105769230769231
3368	0.173076923076923
3369	0.144230769230769
3374	0.0865384615384613
3375	0.173076923076923
3376	0.182692307692308
3377	0.163461538461538
3378	0.163461538461538
3379	0.163461538461538
3380	0.0865384615384613
3381	0.0576923076923075
3392	0.0769230769230768
3463	-0.0961538461538464
3464	-0.0865384615384618
3465	-0.0673076923076924
3466	-0.0865384615384618
3477	0.048076923076923
3478	0.0865384615384615
3479	0.153846153846154
3480	0.0865384615384615
3481	0.0769230769230769
3482	-0.028846153846154
3483	-0.028846153846154
3484	-0.0480769230769232
3485	0.048076923076923
3486	0.0961538461538459
3487	-1.11022302462516e-16
3488	0.00961538461538458
3489	-1.11022302462516e-16
3490	-0.0096153846153848
3491	-0.0480769230769232
3492	-0.0769230769230771
3493	-0.144230769230769
3496	-0.115384615384616
3503	-0.105769230769231
3504	-0.115384615384616
3505	-0.163461538461539
3506	-0.163461538461539
3507	-0.173076923076923
3508	-0.192307692307693
3510	-0.211538461538462
3511	-0.192307692307693
3512	-0.125
3514	-0.240384615384616
3516	-0.240384615384616
3517	-0.259615384615385
3518	-0.211538461538462
3519	-0.192307692307693
3520	-0.0769230769230771
3521	-0.105769230769231
3522	-0.115384615384616
3523	-0.0961538461538463
3524	-0.105769230769231
3525	-0.134615384615385
3526	-0.144230769230769
3527	-0.144230769230769
3528	-0.0384615384615387
3529	-0.0096153846153848
3530	0.0576923076923076
3531	0.0480769230769229
3532	-0.0288461538461541
3533	-2.22044604925031e-16
3534	0.0576923076923076
3535	-2.22044604925031e-16
3536	-2.22044604925031e-16
3537	-0.0096153846153848
3538	0.105769230769231
3539	0.00961538461538447
3540	-0.0096153846153848
3541	-2.22044604925031e-16
3542	-0.0384615384615387
3543	-0.0673076923076924
3544	-0.076923076923077
3545	-0.076923076923077
3546	-0.173076923076923
3547	-0.192307692307693
3548	-0.278846153846154
3549	-0.259615384615385
3626	-0.346153846153846
3632	-0.307692307692308
3633	-0.269230769230769
3634	-0.25
3635	-0.269230769230769
3636	-0.288461538461539
3637	-0.259615384615385
3638	-0.326923076923077
3639	-0.307692307692308
3644	-0.173076923076923
3683	-0.163461538461539
3684	-0.182692307692308
3685	-0.0769230769230771
3686	-0.0865384615384617
3687	-0.0865384615384617
3688	-0.0096153846153848
3689	0.00961538461538447
3690	0.0288461538461536
3691	-0.0288461538461541
3692	-0.0480769230769232
3693	-0.134615384615385
3694	-0.173076923076923
3697	-0.173076923076923
3698	-0.153846153846154
3699	-0.182692307692308
3700	-0.211538461538462
3701	-0.134615384615385
3702	-0.0673076923076924
3703	-0.0288461538461541
3704	-0.105769230769231
3718	-0.134615384615385
3763	-0.134615384615385
3764	-0.105769230769231
3765	0.144230769230769
3766	0.0192307692307692
3767	0.00961538461538447
3768	0.0288461538461536
3769	-2.22044604925031e-16
3770	-0.0673076923076924
3771	0.0576923076923076
3772	0.0576923076923076
3773	0.0288461538461536
3774	-0.0096153846153848
3775	-0.0096153846153848
3776	-0.192307692307693
3777	-0.134615384615385
3778	-0.153846153846154
3779	-0.0865384615384617
3780	-0.125
3781	-0.0673076923076927
3782	0.0673076923076921
3783	0.0961538461538456
3784	0.0961538461538456
3785	0.0961538461538456
3786	0.0961538461538456
3787	0.0673076923076918
3788	0.086538461538461
3789	0.0769230769230764
3790	0.057692307692307
3791	0.134615384615384
3792	0.134615384615384
3793	0.153846153846154
3794	0.0769230769230764
3795	0.0192307692307689
3796	-0.0096153846153848
3797	-0.0576923076923082
3798	-0.0961538461538463
3799	-0.0865384615384617
3800	-0.0961538461538463
3801	-0.326923076923077
3802	-0.278846153846154
3803	-0.173076923076923
3804	-0.192307692307693
3805	-0.125
3806	-0.182692307692308
3807	-0.221153846153846
3808	-0.144230769230769
3809	-0.144230769230769
3810	-0.0384615384615387
3811	-0.0288461538461541
3812	-0.0384615384615387
3813	-0.0961538461538463
3814	-0.0480769230769232
3815	-0.173076923076923
3816	-0.144230769230769
3825	-0.0192307692307694
3826	-0.00961538461538491
3827	0.0865384615384615
3828	0.00961538461538447
3829	0.0192307692307692
3830	0.0288461538461536
3831	0.0384615384615382
3832	0.125
3833	0.105769230769231
3834	0.105769230769231
3835	0.00961538461538447
3836	-1.11022302462516e-16
3837	0.0673076923076921
3838	0.0384615384615383
3839	-0.0673076923076924
3840	-0.0769230769230771
3842	-0.0576923076923079
3843	-0.105769230769231
3844	-0.115384615384616
3845	-0.0865384615384618
3846	-0.0865384615384618
3847	-0.125
3848	-0.0673076923076924
3849	-0.0961538461538464
3850	-0.105769230769231
3851	-0.0673076923076924
3852	-0.0865384615384618
3853	-0.0096153846153848
3854	-0.0673076923076924
3855	-0.0769230769230771
3856	-0.105769230769231
3857	-0.115384615384616
3858	-0.144230769230769
3859	-0.0673076923076924
3860	-0.134615384615385
3861	-0.201923076923077
3862	-0.192307692307693
3863	-0.298076923076923
3865	-0.26923076923077
3866	-0.288461538461539
3867	-0.288461538461539
3876	-0.0865384615384618
3877	-0.115384615384616
3948	-0.480769230769231
3949	-0.528846153846154
3955	-0.548076923076923
3956	-0.538461538461539
3957	-0.538461538461539
3958	-0.471153846153846
3959	-0.451923076923077
3960	-0.432692307692308
3961	-0.442307692307693
3962	-0.461538461538462
3963	-0.394230769230769
3964	-0.403846153846154
3965	-0.326923076923077
3966	-0.211538461538462
3967	-0.221153846153846
3968	-0.211538461538462
3969	-0.192307692307693
3970	-0.259615384615385
3971	-0.259615384615385
3972	-0.259615384615385
3973	-0.336538461538462
3974	-0.442307692307693
3975	-0.413461538461539
3976	-0.490384615384616
3977	-0.451923076923077
3978	-0.432692307692308
3979	-0.423076923076923
3980	-0.298076923076923
3981	-0.288461538461539
3982	-0.413461538461538
3983	-0.336538461538462
3984	-0.288461538461539
3985	-0.192307692307692
3986	-0.201923076923077
3987	-0.0576923076923079
3988	0.0288461538461536
3989	0.0961538461538459
3990	0.0288461538461536
3991	-0.0192307692307694
3992	-0.0096153846153848
3993	-0.0480769230769234
3994	-0.173076923076923
3995	-0.163461538461539
3996	-0.153846153846154
3997	-0.0576923076923077
3998	-0.0288461538461541
3999	-0.125
4000	-0.115384615384616
4001	-0.0384615384615387
4002	-0.0865384615384617
4003	-0.0961538461538463
4004	-0.0865384615384617
4005	-0.105769230769231
4006	-0.182692307692308
4007	-0.173076923076923
4008	-0.115384615384616
4009	-0.0576923076923077
4010	-0.0096153846153848
4011	0.0288461538461536
4012	0.10576923076923
4013	0.115384615384615
4014	0.0865384615384615
4015	0.153846153846153
4016	0.134615384615384
4017	0.144230769230769
4018	0.115384615384615
4019	0.0961538461538459
4020	0.153846153846154
4021	0.10576923076923
4022	0.125
4023	0.00961538461538458
4024	-0.0480769230769234
4025	-0.105769230769231
4026	-0.115384615384616
4027	-0.201923076923077
4028	-0.0961538461538464
4029	-0.076923076923077
4030	-0.0384615384615387
4031	-0.0384615384615387
4032	-0.0576923076923077
4033	-0.153846153846154
4034	-0.173076923076923
4035	0.00961538461538458
4036	0
4037	-0.144230769230769
4038	-0.173076923076923
4039	-0.134615384615385
4040	-0.163461538461539
4041	-0.182692307692308
4042	-0.182692307692308
4043	-0.211538461538462
4044	-0.278846153846154
4118	-0.317307692307693
4119	-0.288461538461539
4120	-0.288461538461539
4121	-0.240384615384616
4122	-0.240384615384616
4123	-0.278846153846154
4124	-0.240384615384616
4125	-0.26923076923077
4126	-0.240384615384616
4196	-0.153846153846154
4197	-0.134615384615385
4198	-0.221153846153846
4199	-0.240384615384616
4200	-0.144230769230769
4201	-0.125
4202	-0.105769230769231
4203	-0.0673076923076924
4204	-0.0673076923076924
4205	0.00961538461538447
4206	-2.22044604925031e-16
4207	-0.0480769230769232
4208	-0.0384615384615387
4209	-0.0384615384615387
4210	-0.0865384615384617
4211	-0.0961538461538463
4212	-0.0865384615384617
4213	-0.0673076923076924
4214	-0.105769230769231
4215	-0.201923076923077
4216	-0.201923076923077
4217	-0.211538461538462
4218	-0.221153846153846
4219	-0.201923076923077
4220	-0.230769230769231
4374	-0.336538461538462
4375	-0.336538461538462
4376	-0.317307692307693
4377	-0.317307692307693
4378	-0.298076923076923
4499	-0.0576923076923079
4506	-0.0384615384615387
4519	-0.307692307692308
4520	-0.25
4521	-0.182692307692308
4522	-0.0961538461538463
4523	-0.0769230769230771
4524	-0.0288461538461542
4525	-0.0673076923076923
4526	-0.0961538461538463
4527	-0.105769230769231
4528	-0.0865384615384617
4529	-0.0576923076923079
4530	-0.0576923076923079
4531	-0.0192307692307694
4532	-0.0673076923076923
4533	0.0865384615384615
4534	0.0673076923076921
4535	-0.105769230769231
4536	-0.105769230769231
4537	-0.125
4538	-0.115384615384616
4539	-0.105769230769231
4540	-0.134615384615385
4541	-0.240384615384616
4542	-0.25
4543	-0.230769230769231
4544	-0.211538461538462
4545	-0.230769230769231
4546	-0.278846153846154
4547	-0.259615384615385
4548	-0.317307692307693
4549	-0.278846153846154
4550	-0.125
4551	-0.115384615384616
4552	-0.0961538461538464
4553	-0.0961538461538464
4554	-0.153846153846154
4555	-0.259615384615385
4567	-0.423076923076923
4568	-0.221153846153846
4569	-0.375
4570	-0.278846153846154
4571	-0.355769230769231
4572	-0.278846153846154
4573	-0.240384615384616
4574	-0.144230769230769
4575	-0.182692307692308
4576	-0.115384615384616
4577	-0.125
4578	-0.192307692307693
4579	-0.221153846153846
4580	-0.14423076923077
4581	-0.115384615384616
4582	-0.0865384615384619
4583	-0.0673076923076927
4584	0.0480769230769229
4585	0.0288461538461535
4586	-0.134615384615385
4587	-0.0480769230769236
4588	-0.0576923076923082
4589	-0.0961538461538467
4590	-0.0192307692307696
4591	0.0192307692307689
4592	0.00961538461538436
4593	0.0673076923076921
4594	0.0961538461538458
4595	0.201923076923076
4596	0.201923076923076
4597	0.192307692307692
4598	0.269230769230769
4599	0.326923076923076
4600	0.288461538461538
4601	0.201923076923076
4602	0.201923076923076
4603	0.0288461538461533
4604	-0.0769230769230771
4605	0.00961538461538436
4606	0.0384615384615383
4607	0.10576923076923
4608	0.0288461538461533
4609	0.00961538461538436
4610	-0.0961538461538463
4611	-0.0576923076923079
4612	-0.0865384615384618
4613	0
4614	0.0769230769230766
4615	0.10576923076923
4616	0.0288461538461536
4617	0.0192307692307693
4618	0.0865384615384612
4619	0.0673076923076918
4620	0
4621	0.0480769230769229
4622	0.0576923076923076
4623	-0.0384615384615387
4624	-0.0480769230769234
4625	-0.0192307692307694
4626	-0.0096153846153848
4627	0.0673076923076922
4628	0.0769230769230768
4629	0.0961538461538461
4630	0.0865384615384615
4631	-2.22044604925031e-16
4632	0.0288461538461536
4633	0.0288461538461536
4634	-0.0961538461538463
4635	-0.153846153846154
4636	-0.173076923076923
4637	-0.173076923076923
4638	-0.201923076923077
4639	-0.153846153846154
4677	-0.538461538461539
4678	-0.480769230769231
4679	-0.346153846153846
4680	-0.317307692307692
4681	-0.307692307692308
4682	-0.317307692307692
4683	-0.413461538461538
4684	-0.403846153846154
4685	-0.423076923076923
4686	-0.355769230769231
4687	-0.451923076923077
4688	-0.39423076923077
4689	-0.490384615384616
4690	-0.509615384615385
4691	-0.480769230769231
4692	-0.51923076923077
4693	-0.461538461538462
4694	-0.346153846153846
4695	-0.298076923076923
4697	-0.269230769230769
4698	-0.25
4699	-0.25
4701	-0.278846153846154
4702	-0.288461538461539
4703	-0.298076923076923
4704	-0.288461538461539
4705	-0.125
4706	-0.163461538461539
4707	-0.144230769230769
4708	-0.144230769230769
4709	-0.221153846153846
4710	-0.259615384615385
4711	-0.278846153846154
4712	-0.182692307692308
4713	-0.25
4714	-0.288461538461539
4716	-0.307692307692308
4717	-0.288461538461539
4718	-0.288461538461539
4719	-0.182692307692308
4720	-0.153846153846154
4721	-0.144230769230769
4722	-0.25
4723	-0.221153846153846
4724	-0.278846153846154
4725	-0.259615384615385
4726	-0.278846153846154
4727	-0.201923076923077
4728	-0.192307692307693
4729	-0.125
4730	-0.221153846153846
4731	-0.221153846153846
4732	-0.221153846153846
4821	-0.028846153846154
4822	-0.028846153846154
4823	-0.0961538461538464
4824	-0.125
4825	-0.134615384615385
4826	-0.153846153846154
4827	-0.182692307692308
4828	-0.201923076923077
4829	-0.211538461538462
4830	-0.211538461538462
4831	-0.163461538461539
4832	-0.25
4833	-0.307692307692308
4834	-0.307692307692308
4835	-0.269230769230769
4836	-0.259615384615385
4837	-0.240384615384616
4838	-0.259615384615385
4839	-0.230769230769231
4840	-0.346153846153846
4841	-0.336538461538462
4842	-0.346153846153846
4843	-0.259615384615385
4844	-0.173076923076923
4845	-0.173076923076923
4846	-0.221153846153846
4847	-0.182692307692308
4848	-0.259615384615385
4855	-0.288461538461539
4862	-0.25
4863	-0.211538461538462
4864	-0.182692307692308
4865	-0.192307692307692
4866	-0.192307692307692
4867	-0.259615384615385
4868	-0.240384615384616
4869	-0.240384615384616
4870	-0.259615384615385
4871	-0.317307692307693
4872	-0.375
4873	-0.403846153846154
4874	-0.230769230769231
4875	-0.211538461538462
4876	-0.182692307692308
4877	-0.144230769230769
4878	-0.163461538461539
4879	-0.182692307692308
4880	-0.259615384615385
4881	-0.259615384615385
4882	-0.269230769230769
4883	-0.221153846153846
4884	-0.14423076923077
4885	-0.14423076923077
4886	-0.163461538461539
4887	-0.0961538461538463
4888	-0.0480769230769234
4889	-0.0865384615384619
4890	-0.173076923076923
4891	-0.240384615384616
4892	-0.25
4893	-0.230769230769231
4894	-0.0769230769230773
4895	-0.0769230769230771
4896	-0.125
4897	-4.44089209850063e-16
4898	-0.0769230769230771
4899	-0.125
4900	-0.134615384615385
4901	-0.0576923076923079
4902	-0.0480769230769234
4903	-0.0192307692307694
4904	0.0673076923076918
4905	0.10576923076923
4906	0.125
4907	0.201923076923077
4908	0.298076923076923
4909	0.278846153846153
4910	0.115384615384615
4911	0.163461538461538
4912	0.153846153846154
4913	0.10576923076923
4914	0.0673076923076918
4915	0.0192307692307693
4916	0.0288461538461536
4917	0.0192307692307693
4918	0.0480769230769229
4919	-0.0096153846153848
4920	0.0480769230769229
4921	0.0384615384615383
4922	0.0288461538461536
4923	-0.076923076923077
4924	-0.144230769230769
4925	-0.182692307692308
4926	-0.173076923076923
4927	-0.115384615384616
4928	-0.125
4929	-0.134615384615385
4930	-0.298076923076923
4931	-0.230769230769231
4932	-0.105769230769231
4933	-0.25
4934	-0.355769230769231
4935	-0.240384615384616
4936	-0.25
4937	-0.25
4938	-0.201923076923077
4939	-0.211538461538462
4940	-0.317307692307692
4941	-0.317307692307692
4942	-0.336538461538462
4943	-0.413461538461539
4945	-0.375
4946	-0.317307692307692
4947	-0.394230769230769
4948	-0.365384615384616
4949	-0.355769230769231
4950	-0.230769230769231
4951	-0.278846153846154
4952	-0.269230769230769
4953	-0.336538461538462
4954	-0.259615384615385
4955	-0.192307692307693
4956	-0.336538461538462
4957	-0.307692307692308
4958	-0.278846153846154
4959	-0.278846153846154
4960	-0.336538461538462
4961	-0.326923076923077
4962	-0.269230769230769
4963	-0.355769230769231
4964	-0.326923076923077
4965	-0.307692307692308
4966	-0.221153846153846
4967	-0.173076923076923
4968	-0.192307692307693
4969	-0.125
4970	-0.0865384615384617
4971	-0.0961538461538463
4972	-0.134615384615385
4973	-0.230769230769231
4974	-0.307692307692308
4975	-0.307692307692308
4976	-0.307692307692308
4977	-0.326923076923077
4978	-0.346153846153846
4979	-0.326923076923077
4980	-0.346153846153846
4981	-0.442307692307693
4984	-0.451923076923077
4985	-0.394230769230769
4986	-0.346153846153846
4987	-0.326923076923077
4988	-0.365384615384616
4989	-0.288461538461539
4990	-0.365384615384616
4991	-0.365384615384616
4992	-0.259615384615385
4993	-0.269230769230769
4994	-0.269230769230769
4995	-0.25
4996	-0.201923076923077
4997	-0.0961538461538463
4998	-0.201923076923077
4999	-0.211538461538462
5000	-0.163461538461539
5001	-0.173076923076923
5002	-0.307692307692308
5003	-0.461538461538462
5012	-0.298076923076923
5013	-0.201923076923077
5014	-0.201923076923077
5015	-0.240384615384616
5016	-0.240384615384616
5017	-0.25
5018	-0.25
5019	-0.259615384615385
5020	-0.230769230769231
5021	-0.298076923076923
5060	-0.288461538461539
5061	-0.259615384615385
5062	-0.25
5063	-0.201923076923077
5064	-0.240384615384615
5065	-0.288461538461539
5066	-0.355769230769231
5067	-0.490384615384616
5068	-0.461538461538462
5069	-0.384615384615385
5070	-0.403846153846154
5071	-0.5
5072	-0.538461538461539
5073	-0.615384615384616
5074	-0.528846153846154
5075	-0.461538461538462
5076	-0.471153846153846
5077	-0.490384615384616
5078	-0.490384615384616
5079	-0.538461538461539
5080	-0.384615384615385
5081	-0.403846153846154
5082	-0.451923076923077
5083	-0.548076923076924
5084	-0.490384615384616
5085	-0.432692307692308
5086	-0.432692307692308
5087	-0.39423076923077
5088	-0.413461538461539
5089	-0.384615384615385
5090	-0.442307692307693
5091	-0.403846153846154
5092	-0.384615384615385
5093	-0.365384615384616
5094	-0.201923076923078
5095	-0.317307692307693
5096	-0.432692307692308
5097	-0.528846153846154
5098	-0.442307692307693
5099	-0.471153846153847
5100	-0.432692307692308
5101	-0.394230769230769
5102	-0.365384615384616
5103	-0.403846153846154
5104	-0.423076923076923
5105	-0.480769230769231
5106	-0.403846153846154
5107	-0.394230769230769
5108	-0.451923076923077
5109	-0.375
5128	-0.461538461538462
5129	-0.384615384615385
5130	-0.480769230769231
5131	-0.471153846153846
5132	-0.490384615384615
5133	-0.432692307692308
5134	-0.451923076923077
5135	-0.480769230769231
5136	-0.432692307692308
5137	-0.413461538461538
5138	-0.211538461538462
5139	-0.173076923076923
5140	-0.144230769230769
5141	-0.134615384615385
5142	-0.211538461538462
5143	-0.192307692307692
5144	-0.221153846153846
5145	-0.221153846153846
5146	-0.240384615384616
5147	-0.269230769230769
5148	-0.144230769230769
5149	-0.0865384615384619
5150	-0.163461538461539
5151	-0.125
5152	-0.0576923076923079
5153	0.10576923076923
5154	0.0192307692307687
5155	0.0288461538461533
5156	0.0480769230769225
5157	0.182692307692307
5158	0.182692307692307
5159	0.163461538461538
5160	0.163461538461538
5161	0.221153846153846
5162	0.182692307692307
5163	0.211538461538461
5164	0.0192307692307687
5165	-0.105769230769231
5166	-0.00961538461538503
5167	-0.0384615384615388
5168	-0.0384615384615388
5169	-0.0769230769230773
5170	-0.182692307692308
5171	-0.173076923076923
5172	-0.153846153846154
5173	-0.163461538461539
5174	-0.182692307692308
5175	-0.0961538461538467
5176	-0.0192307692307696
5177	-0.0576923076923079
5178	-0.0288461538461542
5179	-0.0384615384615388
5180	0.0673076923076918
5181	0.0384615384615379
5182	0.057692307692307
5183	0.0192307692307687
5184	-0.134615384615385
5185	-0.211538461538462
5186	-0.211538461538462
5187	-0.259615384615385
5188	-0.326923076923077
5189	-0.480769230769231
5190	-0.480769230769231
5191	-0.413461538461538
5192	-0.403846153846154
5193	-0.490384615384615
5194	-0.5
5195	-0.480769230769231
5196	-0.471153846153847
5197	-0.538461538461539
5199	-0.528846153846154
5200	-0.576923076923077
5201	-0.615384615384616
5204	-0.615384615384616
5205	-0.432692307692308
5206	-0.432692307692308
5207	-0.451923076923077
5208	-0.403846153846154
5209	-0.413461538461539
5210	-0.490384615384616
5211	-0.538461538461539
5212	-0.634615384615385
5213	-0.625
5214	-0.634615384615385
5215	-0.538461538461539
5216	-0.634615384615385
5217	-0.538461538461539
5218	-0.538461538461539
5219	-0.509615384615385
5220	-0.442307692307693
5221	-0.442307692307693
5222	-0.423076923076923
5223	-0.413461538461539
5224	-0.423076923076923
5225	-0.413461538461539
5226	-0.336538461538462
5227	-0.375
5228	-0.355769230769231
5229	-0.365384615384616
5230	-0.259615384615385
5231	-0.317307692307693
5232	-0.336538461538462
5233	-0.259615384615385
5234	-0.298076923076923
5235	-0.384615384615385
5236	-0.39423076923077
5237	-0.25
5238	-0.163461538461539
5239	-0.153846153846154
5240	-0.336538461538462
5241	-0.423076923076923
5242	-0.26923076923077
5243	-0.278846153846154
5244	-0.403846153846154
5245	-0.326923076923077
5246	-0.432692307692308
5247	-0.490384615384616
5248	-0.403846153846154
5249	-0.423076923076923
5250	-0.442307692307693
5251	-0.557692307692308
5252	-0.51923076923077
5253	-0.548076923076924
5254	-0.567307692307693
5255	-0.519230769230769
5256	-0.557692307692308
5257	-0.557692307692308
5258	-0.576923076923077
5259	-0.615384615384616
5260	-0.64423076923077
5261	-0.653846153846154
5262	-0.798076923076923
5263	-0.75
5264	-0.740384615384616
5265	-0.778846153846155
5266	-0.807692307692308
5267	-0.75
5268	-0.711538461538462
5269	-0.807692307692308
5270	-0.76923076923077
5271	-0.721153846153847
5272	-0.682692307692308
5273	-0.76923076923077
5274	-0.855769230769231
5275	-0.865384615384616
5276	-0.759615384615385
5277	-0.778846153846154
5278	-0.923076923076923
5279	-0.894230769230769
5280	-0.846153846153846
5281	-0.961538461538462
5282	-0.971153846153846
5283	-0.884615384615385
5284	-0.990384615384616
5285	-0.961538461538462
5286	-0.951923076923077
5287	-0.884615384615385
5288	-0.942307692307693
5304	-1.08653846153846
5305	-1.10576923076923
5306	-1.14423076923077
5310	-1.14423076923077
5311	-1.20192307692308
5312	-1.29807692307692
5313	-1.38461538461539
5314	-1.40384615384615
5315	-1.42307692307692
5321	-1.39423076923077
5322	-1.43269230769231
5323	-1.5
5324	-1.46153846153846
5325	-1.44230769230769
5326	-1.40384615384615
5327	-1.375
5328	-1.33653846153846
5329	-1.24038461538462
5330	-1.30769230769231
5331	-1.28846153846154
5332	-1.26923076923077
5333	-1.19230769230769
5334	-1.15384615384615
5335	-0.923076923076923
5336	-0.76923076923077
5337	-0.836538461538462
5338	-0.788461538461539
5339	-0.875
5340	-0.980769230769231
5341	-0.817307692307693
5342	-0.711538461538462
5343	-0.625
5344	-0.605769230769231
5345	-0.615384615384616
5346	-0.548076923076924
5347	-0.403846153846154
5348	-0.240384615384616
5349	-0.0865384615384619
5350	-0.0673076923076927
5351	0.0576923076923073
5352	0.0769230769230764
5353	0.0769230769230764
5354	0.0480769230769227
5355	0.0865384615384612
5356	0.346153846153846
5357	0.182692307692307
5358	0.144230769230769
5359	0.144230769230769
5360	0.134615384615384
5361	0.35576923076923
5362	0.25
5363	0.25
5364	0.221153846153846
5365	0.336538461538461
5366	0.317307692307692
5367	0.375
5368	0.355769230769231
5369	0.307692307692307
5370	0.298076923076923
5371	0.0480769230769227
5372	-0.0384615384615388
5373	-0.0480769230769234
5374	-0.125
5375	-0.0673076923076925
5376	-0.0192307692307696
5377	-0.14423076923077
5378	-0.250000000000001
5379	-0.336538461538462
5380	-0.375000000000001
5381	-0.384615384615385
5382	-0.528846153846154
5383	-0.576923076923077
5384	-0.615384615384616
5385	-0.711538461538462
5386	-0.740384615384616
5387	-0.855769230769231
5388	-0.759615384615385
5389	-0.682692307692308
5390	-0.625000000000001
5391	-0.567307692307693
5392	-0.750000000000001
5393	-0.76923076923077
5394	-0.788461538461539
5395	-0.750000000000001
5396	-0.740384615384616
5397	-0.980769230769232
5398	-0.951923076923078
5399	-0.932692307692308
5400	-0.89423076923077
5401	-1.03846153846154
5402	-1.03846153846154
5403	-1.10576923076923
5404	-1.14423076923077
5405	-1.14423076923077
5406	-1.15384615384615
5407	-1.13461538461538
5408	-1.20192307692308
5409	-1.20192307692308
5410	-1.26923076923077
5412	-1.29807692307692
5413	-1.30769230769231
5414	-1.19230769230769
5415	-1.15384615384615
5416	-1.14423076923077
5417	-1.11538461538462
5418	-1.15384615384615
5419	-1.19230769230769
5420	-1.18269230769231
5421	-1.18269230769231
5422	-1.17307692307692
5423	-1.17307692307692
5424	-1.19230769230769
5433	-1.20192307692308
5434	-1.19230769230769
5435	-1.14423076923077
5436	-1.06730769230769
5437	-1.05769230769231
5438	-1.08653846153846
5439	-1.08653846153846
5440	-0.923076923076923
5441	-0.913461538461539
5442	-0.894230769230769
5443	-0.903846153846154
5444	-0.913461538461539
5445	-0.913461538461539
5446	-0.836538461538462
5447	-0.76923076923077
5448	-0.865384615384616
5449	-0.817307692307693
5450	-0.923076923076923
5451	-0.942307692307693
5452	-0.913461538461539
5453	-0.875
5454	-0.817307692307693
5455	-0.875
5456	-0.932692307692308
5457	-0.980769230769231
5458	-1.02884615384615
5459	-0.913461538461539
5460	-0.961538461538462
5461	-0.990384615384616
5462	-0.913461538461539
5463	-0.817307692307692
5468	-0.942307692307693
5469	-0.903846153846154
5470	-0.894230769230769
5478	-0.884615384615385
5479	-0.778846153846154
5480	-0.788461538461539
5481	-0.759615384615385
5482	-0.740384615384616
5483	-0.653846153846154
5484	-0.682692307692308
5485	-0.798076923076924
5486	-0.769230769230769
5487	-0.711538461538462
5488	-0.721153846153846
5489	-0.576923076923077
5490	-0.615384615384616
5491	-0.605769230769231
5492	-0.528846153846154
5493	-0.5
5494	-0.442307692307693
5495	-0.519230769230769
5496	-0.490384615384616
5497	-0.423076923076923
5498	-0.461538461538462
5499	-0.519230769230769
5500	-0.490384615384616
5501	-0.403846153846154
5502	-0.326923076923077
5503	-0.307692307692308
5504	-0.346153846153846
5505	-0.307692307692308
5506	-0.288461538461539
5507	-0.307692307692308
5508	-0.307692307692308
5509	-0.288461538461539
5510	-0.192307692307693
5511	-0.201923076923077
5512	-0.0961538461538467
5513	-0.26923076923077
5514	-0.240384615384616
5515	-0.298076923076923
5516	-0.278846153846154
5517	-0.230769230769231
5518	-0.0961538461538467
5519	-4.44089209850063e-16
5520	0.0192307692307687
5521	0.0769230769230764
5522	0.134615384615384
5523	0.10576923076923
5524	0.10576923076923
5525	-0.115384615384616
5526	-0.192307692307693
5527	-0.153846153846154
5528	-0.182692307692308
5529	-0.115384615384616
5530	-0.115384615384616
5531	-0.153846153846154
5532	-0.240384615384616
5533	-0.259615384615385
5534	-0.240384615384616
5535	-0.105769230769231
5536	-0.00961538461538503
5537	-0.0865384615384619
5538	-0.26923076923077
5539	-0.288461538461539
5540	-0.288461538461539
5541	-0.307692307692308
5542	-0.298076923076924
5543	-0.269230769230769
5544	-0.375000000000001
5545	-0.336538461538462
5546	-0.423076923076923
5547	-0.375000000000001
5548	-0.413461538461539
5549	-0.451923076923077
5550	-0.490384615384616
5551	-0.403846153846154
5552	-0.451923076923077
5553	-0.346153846153846
5554	-0.480769230769231
5555	-0.567307692307693
5556	-0.682692307692308
5557	-0.721153846153847
5558	-0.798076923076924
5559	-0.721153846153847
5560	-0.76923076923077
5561	-0.721153846153847
5562	-0.682692307692308
5563	-0.586538461538462
5564	-0.634615384615385
5565	-0.730769230769231
5566	-0.730769230769231
5567	-0.730769230769231
5568	-0.673076923076923
5569	-0.692307692307693
5570	-0.625
5571	-0.798076923076923
5572	-0.875
5573	-0.923076923076923
5574	-0.894230769230769
5575	-0.951923076923077
5576	-1.00961538461539
5577	-1.06730769230769
5578	-1.08653846153846
5579	-1.125
5580	-1.08653846153846
5581	-1.08653846153846
5582	-1
5583	-0.942307692307693
5584	-0.990384615384616
5585	-0.951923076923077
5586	-0.961538461538462
5602	-0.923076923076923
5603	-0.894230769230769
5604	-0.913461538461539
5605	-0.865384615384616
5606	-0.923076923076923
5607	-0.951923076923077
5608	-0.942307692307693
5609	-0.913461538461539
5610	-0.903846153846154
5611	-0.894230769230769
5612	-0.875
5613	-0.807692307692308
5614	-0.663461538461539
5615	-0.653846153846154
5616	-0.711538461538462
5617	-0.788461538461539
5618	-0.875
5619	-0.884615384615385
5620	-0.721153846153847
5621	-0.721153846153847
5622	-0.625
5623	-0.615384615384616
5624	-0.634615384615385
5625	-0.51923076923077
5626	-0.576923076923077
5627	-0.673076923076923
5628	-0.798076923076923
5629	-0.605769230769232
5630	-0.653846153846154
5631	-0.567307692307693
5632	-0.519230769230769
5633	-0.64423076923077
5634	-0.663461538461539
5635	-0.586538461538462
5636	-0.480769230769231
5637	-0.432692307692308
5638	-0.567307692307693
5639	-0.509615384615385
5640	-0.423076923076924
5641	-0.413461538461539
5642	-0.317307692307693
5643	-0.211538461538462
5644	-0.230769230769231
5645	-0.230769230769231
5646	-0.173076923076924
5647	-2.22044604925031e-16
5648	0.0865384615384612
5649	0.0865384615384612
5650	-0.0192307692307696
5651	-0.0769230769230773
5652	-0.0769230769230773
5653	-0.115384615384616
5654	-0.105769230769231
5655	-0.14423076923077
5656	-0.153846153846154
5657	-0.163461538461539
5658	-0.201923076923077
5659	-0.211538461538462
5660	-0.163461538461539
5661	-0.153846153846154
5662	0.153846153846154
5663	0.182692307692307
5664	0.211538461538461
5665	0.134615384615384
5666	0.144230769230769
5667	0.125
5668	0.125
5669	0.134615384615384
5670	0.125
5671	0.0769230769230764
5672	-0.00961538461538525
5673	-0.00961538461538525
5674	-0.00961538461538525
5675	0.0576923076923073
5676	0.0192307692307689
5677	0.0288461538461535
5678	-0.105769230769232
5679	-0.192307692307693
5680	-0.182692307692308
5681	-0.0961538461538469
5682	0.0288461538461535
5683	-0.125
5684	-0.182692307692308
5685	-0.278846153846154
5686	-0.278846153846154
5687	-0.192307692307693
5688	-0.134615384615385
5689	-0.105769230769231
5690	-0.115384615384616
5691	-0.125
5692	-0.25
5693	-0.240384615384616
5694	-0.278846153846154
5695	-0.336538461538462
5696	-0.461538461538462
5697	-0.625
5698	-0.817307692307692
5699	-0.817307692307692
5700	-0.865384615384616
5701	-0.903846153846154
5702	-1.00961538461538
5703	-1
5704	-1.03846153846154
5705	-0.980769230769231
5706	-0.961538461538462
5707	-1.00961538461539
5708	-1.04807692307692
5709	-1.05769230769231
5710	-0.903846153846154
5711	-1.03846153846154
5712	-0.990384615384616
5713	-0.894230769230769
5714	-0.807692307692308
5715	-0.807692307692308
5716	-0.923076923076923
5717	-0.990384615384616
5718	-1.18269230769231
5719	-1.06730769230769
5720	-1.13461538461538
5721	-1.02884615384615
5722	-1.07692307692308
5723	-1.09615384615385
5724	-1.10576923076923
5725	-1.02884615384615
5726	-0.961538461538462
5727	-0.89423076923077
5728	-0.923076923076924
5729	-0.980769230769231
5730	-0.903846153846154
5731	-0.836538461538462
5732	-0.76923076923077
5733	-0.740384615384616
5734	-0.740384615384616
5735	-0.759615384615385
5736	-0.711538461538462
5737	-0.711538461538462
5738	-0.692307692307693
5739	-0.778846153846155
5740	-0.75
5741	-0.836538461538462
5742	-0.855769230769231
5743	-0.836538461538462
5744	-0.692307692307693
5745	-0.740384615384616
5746	-0.865384615384616
5747	-0.778846153846155
5748	-0.913461538461539
5749	-0.894230769230769
5750	-0.932692307692308
5751	-0.942307692307693
5752	-0.798076923076923
5753	-0.740384615384616
5754	-0.721153846153847
5755	-0.778846153846154
5756	-0.653846153846154
5757	-0.740384615384616
5758	-0.711538461538462
5759	-0.701923076923077
5760	-0.605769230769231
5761	-0.634615384615385
5762	-0.701923076923077
5763	-0.788461538461539
5764	-0.769230769230769
5765	-0.701923076923077
5766	-0.644230769230769
5767	-0.730769230769231
5768	-0.673076923076923
5769	-0.711538461538462
5770	-0.64423076923077
5771	-0.634615384615385
5772	-0.634615384615385
5773	-0.442307692307693
5774	-0.384615384615385
5775	-0.201923076923078
5776	-0.192307692307693
5777	-0.0673076923076927
5778	0.0288461538461535
5779	0.0480769230769227
5780	0.125
5781	0.173076923076923
5782	0.240384615384615
5783	0.298076923076923
5784	0.365384615384615
5785	0.221153846153846
5786	0.192307692307692
5787	0.182692307692307
5788	0.298076923076922
5789	0.25
5790	0.317307692307692
5791	0.365384615384615
5792	0.307692307692307
5793	0.307692307692307
5794	0.298076923076922
5795	0.298076923076922
5796	0.278846153846154
5797	0.25
5798	0.269230769230769
5799	0.278846153846154
5800	0.307692307692307
5801	0.317307692307692
5802	0.182692307692307
5803	0.240384615384615
5804	0.23076923076923
5805	0.259615384615384
5806	0.298076923076922
5807	0.326923076923077
5808	0.317307692307692
5809	0.134615384615384
5810	0.086538461538461
5811	0.0769230769230764
5812	0.115384615384615
5813	0.0576923076923073
5814	-4.44089209850063e-16
5815	-0.0480769230769234
5816	-0.201923076923077
5817	-0.240384615384616
5818	-0.355769230769231
5819	-0.519230769230769
5820	-0.442307692307693
5821	-0.471153846153846
5822	-0.471153846153846
5823	-0.5
5824	-0.576923076923077
5825	-0.413461538461539
5826	-0.480769230769231
5827	-0.557692307692308
5828	-0.567307692307693
5829	-0.557692307692308
5830	-0.576923076923077
5831	-0.528846153846154
5832	-0.461538461538462
5833	-0.259615384615385
5834	-0.288461538461539
5835	-0.278846153846154
5836	-0.336538461538462
5837	-0.384615384615385
5838	-0.39423076923077
5839	-0.336538461538462
5840	-0.39423076923077
5841	-0.413461538461539
5842	-0.451923076923077
5843	-0.480769230769231
5844	-0.365384615384616
5845	-0.365384615384616
5846	-0.298076923076923
5847	-0.375
5848	-0.413461538461539
5849	-0.346153846153846
5850	-0.26923076923077
5851	-0.211538461538462
5852	-0.125
5853	-0.115384615384616
5854	-0.0384615384615388
5855	-4.44089209850063e-16
5856	-0.0576923076923084
5857	-0.00961538461538503
5858	0.0384615384615379
5859	0.125
5860	0.0769230769230766
5861	-0.0865384615384617
5862	-0.0673076923076923
5863	-0.0384615384615388
5864	-0.0096153846153848
5865	0.00961538461538458
5866	0.0576923076923076
5867	0.0961538461538461
5868	-0.0096153846153848
5933	-0.365384615384616
5934	-0.326923076923077
5935	-0.384615384615385
5936	-0.288461538461539
5937	-0.278846153846154
5938	-0.355769230769231
5939	-0.288461538461539
5940	-0.26923076923077
5941	-0.25
5942	-0.259615384615385
5943	-0.25
5944	-0.26923076923077
5947	-0.240384615384616
5948	-0.269230769230769
5949	-0.269230769230769
5950	-0.288461538461539
5951	-0.298076923076923
5952	-0.288461538461539
5953	-0.230769230769231
5954	-0.230769230769231
5955	-0.240384615384616
5956	-0.201923076923077
5957	-0.298076923076923
5958	-0.326923076923077
5959	-0.355769230769231
5960	-0.326923076923077
5961	-0.384615384615385
5962	-0.375
5963	-0.461538461538462
5964	-0.461538461538462
5965	-0.403846153846154
5966	-0.355769230769231
5967	-0.461538461538462
5968	-0.576923076923077
5969	-0.653846153846154
5970	-0.644230769230769
5971	-0.605769230769231
5992	-0.875
5993	-0.836538461538462
5994	-0.701923076923077
5995	-0.663461538461539
5996	-0.682692307692308
5997	-0.653846153846154
6015	0.394230769230769
6016	2.92307692307692
6017	5.17307692307692
6018	18.4711538461538
6019	28.7307692307692
6020	29.1826923076923
6021	40.0961538461538
6022	55.2980769230769
6023	69.8846153846154
6024	70.6538461538461
6025	70.9038461538461
6026	70.9326923076923
6027	71.1730769230769
6028	71.1442307692307
6029	71.3076923076923
6030	71.2307692307692
6031	71.2307692307692
6032	71.2307692307692
6033	71.2596153846154
6034	71.2788461538461
6035	71.2884615384615
6036	71.2980769230769
6037	71.3173076923077
6038	71.3173076923077
6039	71.3365384615385
6040	71.3557692307692
6041	71.3557692307692
6042	71.3846153846154
6043	71.3846153846154
6044	71.3846153846154
6045	71.3846153846154
6046	71.3365384615384
6047	71.2884615384615
6048	71.2884615384615
6049	71.2115384615385
6050	71.1442307692308
6051	70.8557692307692
6052	68.3461538461538
6053	66.1057692307692
6054	52.8461538461538
6055	42.5480769230769
6056	42.0673076923077
6057	31.1923076923077
6058	16.0192307692308
6059	1.47115384615385
6060	0.730769230769231
