81	-0.205128205128205
82	-0.0929487179487182
83	-0.102564102564103
84	-0.102564102564103
85	-0.0929487179487182
86	-0.131410256410257
87	-0.21474358974359
88	-0.195512820512821
89	-0.176282051282051
92	-0.157051282051282
93	-0.176282051282051
94	-0.137820512820513
95	-0.044871794871795
96	0.00961538461538458
97	0.00961538461538458
98	-0.0192307692307694
99	-0.0384615384615388
100	-0.0192307692307694
101	-0.0192307692307694
102	-0.0384615384615388
103	0.0448717948717947
104	0.108974358974359
105	0.0993589743589745
106	0.108974358974359
107	0.118589743589743
108	-0.150641025641026
109	-0.169871794871795
110	-0.169871794871795
111	-0.208333333333334
112	-0.17948717948718
113	-0.205128205128205
114	-0.166666666666667
191	-0.224358974358975
192	-0.253205128205128
194	-0.246794871794872
195	-0.153846153846154
196	-0.211538461538462
197	-0.211538461538462
198	-0.166666666666667
199	-0.166666666666667
200	0.0192307692307692
201	0.0641025641025641
202	0.0256410256410255
203	0.0256410256410255
204	-0.00320512820512819
205	0.0897435897435896
206	0.173076923076923
207	0.192307692307692
208	0.294871794871795
209	0.323717948717949
210	0.342948717948718
211	0.362179487179487
212	0.381410256410256
213	0.381410256410256
214	0.326923076923077
215	0.375
216	0.375
217	0.365384615384615
218	0.375
219	0.419871794871795
220	0.419871794871795
221	0.493589743589743
222	0.419871794871795
223	0.346153846153846
224	0.403846153846154
225	0.365384615384615
226	0.217948717948718
227	0.182692307692308
228	0.201923076923077
229	0.182692307692308
230	0.19551282051282
231	0.121794871794872
232	0.150641025641026
233	0.17948717948718
234	0.125
235	0.17948717948718
236	-0.044871794871795
237	-0.0801282051282052
238	0.153846153846154
239	0.198717948717949
240	0.0961538461538461
241	0.121794871794872
242	0.0480769230769229
243	0.0384615384615383
244	-0.0737179487179488
245	0
246	0.0352564102564101
247	0.0448717948717947
248	0.0352564102564101
249	0.0160256410256412
250	-0.0320512820512819
251	-0.0320512820512819
252	-0.0320512820512819
253	-0.0961538461538463
254	-0.0961538461538463
255	-0.0865384615384617
256	0.0993589743589745
257	0.0160256410256412
258	0.0544871794871793
259	0.0352564102564101
260	0.0993589743589745
261	0.108974358974359
262	0.108974358974359
263	0.118589743589743
264	0.128205128205128
265	0.118589743589743
266	0.0160256410256412
267	0.0608974358974359
268	0.0224358974358974
269	-0.0352564102564104
270	0.0673076923076923
271	0.189102564102564
272	0.365384615384615
273	0.503205128205128
274	0.493589743589743
275	0.448717948717949
276	0.477564102564103
277	0.33974358974359
278	0.349358974358974
279	0.442307692307692
280	0.471153846153846
281	0.378205128205128
282	0.378205128205128
283	0.368589743589743
284	0.368589743589743
285	0.506410256410256
286	0.53525641025641
287	0.506410256410256
288	0.487179487179487
289	0.439102564102564
290	0.42948717948718
291	0.355769230769231
292	0.17948717948718
293	0.237179487179487
294	0.217948717948718
295	0.237179487179487
296	0.173076923076923
297	0.182692307692308
298	0.192307692307692
299	0.192307692307692
300	0.221153846153846
301	0.259615384615385
302	0.278846153846154
303	0.233974358974359
304	0.291666666666667
305	0.310897435897436
306	0.237179487179487
307	0.153846153846154
308	-0.00320512820512819
340	-0.128205128205128
341	-0.108974358974359
342	-0.118589743589744
343	-0.0256410256410258
344	-0.00641025641025661
345	-0.0544871794871797
346	-0.0544871794871797
347	-0.0544871794871797
348	-0.0737179487179488
349	-0.0256410256410258
350	-0.0256410256410258
351	-0.0352564102564105
352	0.0320512820512818
353	0.0416666666666664
354	0.153846153846154
355	0.153846153846154
356	0.163461538461538
357	0.0801282051282051
358	0.0801282051282051
359	0.0608974358974357
360	0.0897435897435895
361	0.0512820512820511
362	0.0320512820512818
363	-0.0801282051282052
364	0.0224358974358972
365	-0.108974358974359
366	-0.0993589743589745
367	-0.0352564102564105
368	-0.137820512820513
369	0.0576923076923076
370	0.0192307692307693
371	0.0192307692307693
372	0
373	-0.0929487179487182
374	0.0929487179487181
375	0.0737179487179487
376	0.19551282051282
377	0.0929487179487181
378	0.166666666666667
379	0.00961538461538458
380	0
381	0.0576923076923076
382	-0.0352564102564105
383	-0.102564102564103
384	0.0929487179487181
385	-0.0384615384615388
386	0
387	-0.0192307692307694
388	0.0448717948717947
389	0.0448717948717947
390	0.128205128205128
391	0.128205128205128
392	0.0705128205128205
393	-0.0128205128205128
394	0.0705128205128205
395	0.32051282051282
396	0.301282051282051
397	0.310897435897436
398	0.310897435897436
399	0.310897435897436
400	0.217948717948718
401	0.358974358974359
402	0.330128205128205
403	0.358974358974359
404	0.397435897435897
405	0.201923076923077
406	0.211538461538461
407	0.211538461538461
408	0.342948717948718
409	0.323717948717949
410	0.185897435897436
411	0.19551282051282
412	0.19551282051282
413	0.224358974358974
414	0.150641025641026
415	0.112179487179487
416	0.21474358974359
417	0.19551282051282
418	0.21474358974359
419	0.291666666666667
420	0.134615384615384
421	0.182692307692308
422	0.294871794871795
423	0.333333333333333
424	0.25
425	0.352564102564103
426	0.176282051282051
427	0.269230769230769
428	0.326923076923077
429	0.317307692307692
430	0.253205128205128
597	-0.455128205128205
598	-0.512820512820513
599	-0.541666666666667
600	-0.580128205128205
601	-0.58974358974359
604	-0.666666666666667
605	-0.685897435897436
606	-0.676282051282051
607	-0.657051282051282
608	-0.647435897435898
614	-0.46474358974359
615	-0.46474358974359
617	-0.407051282051282
618	-0.426282051282051
619	-0.416666666666667
620	-0.387820512820513
621	-0.358974358974359
622	-0.275641025641026
623	-0.294871794871795
624	-0.28525641025641
625	-0.256410256410257
626	-0.301282051282051
627	-0.189102564102564
628	-0.301282051282051
631	-0.262820512820513
632	-0.282051282051282
647	-0.0993589743589745
648	0.150641025641026
649	0.141025641025641
650	0.0576923076923076
651	0.0769230769230768
652	0.0480769230769229
653	-0.0256410256410258
654	-0.0256410256410258
655	-0.0256410256410258
656	-0.137820512820513
657	-0.176282051282051
659	-0.147435897435897
660	-0.108974358974359
661	-0.118589743589744
662	-0.128205128205128
906	-0.387820512820513
907	-0.387820512820513
908	-0.426282051282051
1386	-0.195512820512821
1387	-0.0833333333333334
1388	-0.112179487179488
1389	-0.131410256410257
1390	-0.0192307692307694
1391	0.0192307692307693
1392	0.0192307692307693
1393	0.141025641025641
1394	0.0576923076923076
1395	0.0480769230769229
1396	-0.0352564102564105
1397	0.00961538461538458
1398	0.0192307692307693
1399	0.0737179487179487
1400	0.0544871794871793
1401	0.0544871794871793
1402	-0.0384615384615388
1403	-0.0576923076923079
1404	-0.0769230769230771
1405	-0.0961538461538463
1406	0.0801282051282051
1407	0.163461538461539
1408	0.0993589743589745
1409	0.0897435897435896
1410	0.0705128205128205
1411	0.0993589743589745
1412	0.128205128205128
1413	0.0352564102564101
1414	0.00641025641025639
1415	-0.115384615384615
1416	-0.0705128205128205
1417	-0.153846153846154
1418	-0.134615384615385
1419	-0.0512820512820513
1420	-0.0320512820512819
1421	-0.0224358974358974
1422	-0.253205128205128
1464	-0.128205128205128
1465	-0.044871794871795
1466	-0.044871794871795
1467	-0.0544871794871797
1468	0
1469	-0.0384615384615388
1470	-0.0096153846153848
1471	-0.0384615384615388
1472	-0.0865384615384617
1473	-0.0673076923076923
1474	-0.0576923076923079
1475	-0.0480769230769234
1476	-0.141025641025641
1477	-0.150641025641026
1478	-0.189102564102564
1479	-0.291666666666667
1480	-0.198717948717949
1481	-0.237179487179487
1482	-0.198717948717949
1483	-0.189102564102564
1484	-0.134615384615385
1485	-0.144230769230769
1486	-0.153846153846154
1487	-0.134615384615385
1488	-0.182692307692308
1492	-0.330128205128205
1523	-0.262820512820513
1524	-0.253205128205128
1525	-0.272435897435897
1526	-0.282051282051282
1527	-0.233974358974359
1530	-0.16025641025641
1531	-0.16025641025641
1532	-0.102564102564103
1533	-0.102564102564103
1534	-0.0096153846153848
1535	-0.0192307692307694
1536	-0.0576923076923079
1537	-0.150641025641026
1538	-0.169871794871795
1539	-0.150641025641026
1540	0.118589743589743
1541	0.128205128205128
1542	0.0448717948717947
1543	0.0352564102564101
1544	0.0641025641025641
1545	-0.00320512820512819
1546	-0.105769230769231
1547	-0.0961538461538463
1548	-0.150641025641026
1549	-0.208333333333334
1550	-0.243589743589744
1551	-0.224358974358975
1552	-0.253205128205128
1922	-0.157051282051282
2067	-0.185897435897436
2068	-0.185897435897436
2206	-0.310897435897436
2207	-0.272435897435897
2208	-0.262820512820513
2209	-0.262820512820513
2210	-0.262820512820513
2211	-0.253205128205128
2212	-0.253205128205128
2378	-0.0320512820512822
2379	-0.0705128205128205
2437	-0.044871794871795
2438	-0.00641025641025661
2439	0.0673076923076922
2440	0.141025641025641
2441	0.169871794871795
2442	0.288461538461539
2443	0.326923076923077
2444	0.288461538461539
2445	0.298076923076923
2446	0.298076923076923
2447	0.307692307692308
2448	0.371794871794872
2449	0.278846153846154
2450	0.240384615384615
2451	0.269230769230769
2452	0.269230769230769
2453	0.19551282051282
2454	0.131410256410256
2455	0.16025641025641
2456	0.141025641025641
2457	0.253205128205128
2458	0.169871794871795
2459	0.0961538461538461
2460	0.125
2461	0.134615384615384
2462	0.144230769230769
2463	0.189102564102564
2464	0.272435897435897
2465	0.262820512820513
2466	0.243589743589744
2467	0.391025641025641
2468	0.371794871794872
2469	0.41025641025641
2470	0.391025641025641
2471	0.240384615384615
2472	0.102564102564103
2473	0.0480769230769229
2474	0.150641025641026
2475	0.150641025641026
2476	0.0576923076923076
2477	0.131410256410256
2478	-0.0352564102564105
2479	-0.044871794871795
2480	-0.044871794871795
2481	0.0192307692307693
2482	0.00961538461538458
2483	-0.0096153846153848
2484	-0.0480769230769234
2485	-0.0288461538461542
2486	-0.0192307692307694
2487	-0.0961538461538463
2488	-0.134615384615385
2489	-0.125
2490	-0.115384615384615
2491	-0.105769230769231
2492	-0.105769230769231
2493	-0.189102564102564
2494	-0.310897435897436
2495	-0.310897435897436
2496	-0.33974358974359
2497	-0.320512820512821
2498	-0.320512820512821
2591	0.112179487179487
2880	-0.205128205128205
2881	-0.176282051282051
2882	-0.166666666666667
2883	-0.176282051282051
2898	-0.0512820512820514
2899	0.0897435897435895
2900	0.0608974358974357
2901	0.016025641025641
2902	0.0352564102564102
2903	0.0544871794871793
2904	0.0256410256410255
2905	0.0448717948717948
2906	0.0737179487179487
2907	0.0641025641025641
2908	0.112179487179487
2909	0.121794871794872
3296	0.0801282051282051
3297	0.128205128205128
3298	0.147435897435897
3299	0.157051282051282
3300	0.147435897435897
3301	0.0641025641025641
3302	0.0833333333333334
3307	0.131410256410256
3308	0.121794871794872
3309	0.141025641025641
3310	0.102564102564102
3311	0.102564102564102
3314	0.0833333333333334
3491	-0.060897435897436
3492	-0.0897435897435899
3493	-0.0801282051282052
3494	-0.060897435897436
3495	0.0320512820512818
3496	0.115384615384615
3497	0.115384615384615
3498	0.208333333333333
3499	0.208333333333333
3500	0.198717948717949
3501	0.198717948717949
3502	0.198717948717949
3503	0.291666666666667
3504	0.282051282051282
3505	0.233974358974359
3506	0.233974358974359
3507	0.224358974358974
3508	0.205128205128205
3509	0.176282051282051
3510	0.185897435897436
3511	0.205128205128205
3512	0.19551282051282
3513	0.0929487179487181
3514	0.0737179487179487
3515	-0.0288461538461542
3516	-0.0096153846153848
3517	-0.0288461538461542
3518	0.102564102564103
3519	0.121794871794872
3520	0.16025641025641
3521	-0.0352564102564105
3522	-0.044871794871795
3523	-0.108974358974359
3525	-0.147435897435897
3640	-0.205128205128205
3641	-0.195512820512821
3642	-0.147435897435897
4146	0.0608974358974357
4147	0.0993589743589742
4148	0.166666666666667
4149	0.176282051282051
4150	0.0448717948717948
4151	0.0352564102564102
4152	0.0352564102564102
4549	-0.21474358974359
4550	-0.21474358974359
4566	-0.320512820512821
4567	-0.358974358974359
4674	-0.455128205128205
4675	-0.445512820512821
4676	-0.46474358974359
4677	-0.391025641025641
4678	-0.333333333333333
4679	-0.352564102564103
4681	-0.397435897435898
4682	-0.407051282051282
4684	-0.416666666666667
4747	-0.205128205128205
4748	-0.21474358974359
4778	-0.387820512820513
4779	-0.397435897435898
4780	-0.368589743589744
4793	0.016025641025641
4794	0.0993589743589742
4795	0.0448717948717948
4796	0.0544871794871793
4797	0.0737179487179487
4798	0.0833333333333334
4799	0.102564102564102
5316	-1.38782051282051
5317	-1.33974358974359
5318	-1.25641025641026
5319	-1.1474358974359
5320	-1.1474358974359
5321	-1.07371794871795
5322	-1.11217948717949
5323	-1.01923076923077
5324	-0.980769230769231
5325	-0.961538461538461
5326	-0.916666666666667
5327	-0.887820512820513
5328	-0.766025641025641
5329	-0.836538461538461
5330	-0.826923076923077
5331	-0.891025641025642
5332	-0.871794871794872
5333	-0.794871794871795
5334	-0.673076923076923
5335	-0.673076923076923
5336	-0.756410256410257
5337	-0.746794871794872
5338	-0.698717948717949
5339	-0.791666666666667
5340	-0.820512820512821
5341	-0.810897435897436
5342	-0.782051282051282
5343	-0.69551282051282
5344	-0.676282051282051
5345	-0.685897435897436
5346	-0.618589743589744
5347	-0.634615384615385
5348	-0.631410256410256
5349	-0.46474358974359
5350	-0.362179487179487
5351	-0.480769230769231
5352	-0.461538461538462
5353	-0.461538461538462
5354	-0.573717948717949
5355	-0.618589743589744
5356	-0.506410256410257
5357	-0.516025641025641
5358	-0.471153846153846
5359	-0.471153846153846
5360	-0.480769230769231
5361	-0.490384615384616
5362	-0.602564102564103
5363	-0.602564102564103
5364	-0.631410256410256
5365	-0.669871794871795
5366	-0.605769230769231
5367	-0.625
5368	-0.644230769230769
5369	-0.608974358974359
5370	-0.618589743589744
5371	-0.637820512820513
5372	-0.564102564102564
5373	-0.573717948717949
5374	-0.323717948717949
5375	-0.342948717948718
5376	-0.294871794871795
5377	-0.182692307692308
5378	-0.211538461538462
5379	-0.298076923076923
5380	-0.336538461538462
5381	-0.346153846153846
5382	-0.413461538461538
5383	-0.461538461538461
5384	-0.333333333333333
5385	-0.435897435897436
5386	-0.548076923076923
5387	-0.586538461538461
5388	-0.650641025641026
5389	-0.567307692307692
5390	-0.426282051282052
5391	-0.528846153846154
5392	-0.641025641025642
5393	-0.660256410256411
5394	-0.67948717948718
5395	-0.724358974358975
5396	-0.71474358974359
5397	-0.724358974358975
5398	-0.695512820512821
5399	-0.676282051282052
5400	-0.637820512820513
5401	-0.628205128205128
5402	-0.628205128205128
5403	-0.53525641025641
5404	-0.573717948717949
5405	-0.657051282051282
5406	-0.75
5407	-0.647435897435897
5408	-0.721153846153846
5409	-0.721153846153846
5410	-1.03846153846154
5411	-1.01282051282051
5412	-1.06089743589744
5413	-1.15384615384615
5414	-1.11538461538462
5415	-1.07692307692308
5416	-1.06730769230769
5417	-1.03846153846154
5418	-1
5419	-0.878205128205128
5420	-1.03525641025641
5421	-1.11858974358974
5422	-1.10897435897436
5423	-1.10897435897436
5424	-1.12820512820513
5428	-1.15705128205128
5435	-1.15705128205128
5445	-1.08012820512821
5446	-1.00320512820513
5449	-0.983974358974359
5450	-1.01282051282051
5451	-1.03205128205128
5452	-1.00320512820513
5453	-0.96474358974359
5454	-0.907051282051282
5457	-0.916666666666667
5458	-0.881410256410257
5459	-0.842948717948718
5460	-0.814102564102564
5461	-0.842948717948718
5462	-0.849358974358975
5463	-0.830128205128205
5464	-0.868589743589744
5465	-0.897435897435898
5466	-0.897435897435898
5467	-0.897435897435898
5468	-0.794871794871795
5469	-0.756410256410256
5470	-0.830128205128205
5647	-0.775641025641026
5648	-0.849358974358975
5649	-0.849358974358975
5650	-0.801282051282051
5651	-0.858974358974359
5652	-0.858974358974359
5653	-0.897435897435898
5654	-0.80448717948718
5655	-0.766025641025641
5656	-0.858974358974359
5658	-0.830128205128205
5659	-0.83974358974359
5660	-0.868589743589744
5661	-0.858974358974359
5662	-0.782051282051282
5663	-0.669871794871795
5664	-0.724358974358975
5668	-0.733974358974359
5669	-0.724358974358975
5670	-0.657051282051282
5671	-0.628205128205129
5672	-0.637820512820513
5673	-0.55448717948718
5674	-0.637820512820513
5675	-0.647435897435898
5716	-1.16666666666667
5717	-1.15705128205128
5718	-1.19551282051282
5719	-1.23397435897436
5720	-1.30128205128205
5721	-1.2724358974359
5722	-1.32051282051282
5723	-1.33974358974359
5852	-0.599358974358975
5853	-0.58974358974359
5854	-0.512820512820513
5855	-0.474358974358975
5856	-0.455128205128205
6018	1.52884615384615
6019	3.58974358974359
6020	3.6698717948718
6021	5.71794871794872
6022	8.66346153846154
6023	12.6089743589744
6024	12.8717948717949
6025	13.0641025641026
6026	13.1826923076923
6027	13.275641025641
6028	13.3301282051282
6029	13.3461538461538
6030	13.3461538461538
6031	13.3461538461538
6032	13.3461538461538
6033	13.375
6034	13.3942307692308
6035	13.4038461538462
6036	13.4134615384615
6037	13.4326923076923
6038	13.4326923076923
6039	13.4519230769231
6040	13.4711538461538
6041	13.4711538461538
6042	13.5
6043	13.5
6044	13.5
6045	13.5
6046	13.5288461538462
6047	13.5576923076923
6048	13.5576923076923
6049	13.5576923076923
6050	13.5673076923077
6051	13.5032051282051
6052	13.4423076923077
6053	13.3429487179487
6054	11.6025641025641
6055	9.58012820512821
6056	9.54807692307692
6057	7.53846153846154
6058	4.62179487179487
6059	0.71474358974359
