7	0.72972972972973
8	0.944015444015444
9	0.916988416988417
10	0.988416988416988
11	1.05984555984556
12	1.03281853281853
13	1.03281853281853
14	1.07722007722008
15	1.05019305019305
16	1.12162162162162
17	1.11196911196911
18	1.18339768339768
19	1.32625482625483
20	1.3976833976834
21	1.46911196911197
22	1.68339768339768
23	1.75482625482625
24	1.75482625482625
25	1.96911196911197
26	2.11196911196911
27	2.18339768339768
28	2.22779922779923
29	2.2992277992278
30	2.2992277992278
31	2.37065637065637
32	2.44208494208494
33	2.44208494208494
34	2.51351351351351
35	2.55791505791506
36	2.57528957528958
37	2.74517374517375
38	2.74517374517375
39	2.64671814671815
40	2.91505791505792
41	3.21042471042471
42	3.21042471042471
43	3.26447876447876
44	3.23745173745174
45	3.33590733590734
46	3.38030888030888
47	3.30888030888031
48	3.47876447876448
49	3.66602316602317
50	3.59459459459459
51	3.76447876447876
52	3.83590733590734
53	3.91698841698842
54	4.13127413127413
55	4.1042471042471
56	4.24710424710425
57	4.24710424710425
58	4.03281853281853
59	4.00579150579151
60	4.22007722007722
61	4.16602316602317
62	4.16602316602317
63	4.37065637065637
64	4.54054054054054
65	4.46911196911197
66	4.68339768339768
67	4.94208494208494
68	4.94208494208494
69	5.12934362934363
70	5.003861003861
71	5.04826254826255
72	5.07528957528958
73	5.003861003861
74	4.58494208494209
75	5.15637065637066
76	4.94208494208494
77	4.84362934362934
78	4.86100386100386
79	4.59266409266409
80	4.37837837837838
81	4.44980694980695
82	4.54826254826255
83	4.52123552123552
84	4.44980694980695
85	4.52123552123552
86	4.64671814671815
87	4.54826254826255
88	4.42277992277992
89	4.42277992277992
90	4.13706563706564
91	4.09266409266409
92	3.99420849420849
93	3.8957528957529
94	4.11003861003861
95	4.35135135135135
96	4.27992277992278
97	4.54826254826255
98	4.49420849420849
99	4.33397683397683
100	4.09266409266409
101	4.44980694980695
102	4.44980694980695
103	4.52123552123552
104	4.56563706563707
105	4.30694980694981
106	4.43243243243243
107	4.36100386100386
108	4.38803088803089
109	4.53088803088803
110	4.503861003861
111	4.57528957528958
112	4.71814671814672
113	4.503861003861
114	4.55791505791506
115	4.82625482625483
116	4.92471042471043
117	4.85328185328185
118	5.06756756756757
119	5.30888030888031
120	5.25482625482625
121	5.11196911196911
122	4.96911196911197
123	4.996138996139
124	5.12162162162162
125	5.26447876447877
126	5.33590733590734
127	5.47876447876448
128	5.43436293436293
129	5.46138996138996
130	5.38996138996139
131	5.31853281853282
132	5.38996138996139
133	5.03281853281853
134	5.08687258687259
135	5.08687258687259
137	4.94401544401545
138	4.77413127413127
139	4.37258687258687
163	5.22972972972973
164	5.65830115830116
165	6.01544401544402
166	6.22972972972973
167	6.37258687258687
168	6.55984555984556
169	6.63127413127413
170	6.77413127413127
171	6.98841698841699
172	7.05984555984556
177	8.3011583011583
178	8.74710424710425
179	8.79150579150579
180	9.12162162162162
181	9.23745173745174
182	9.46911196911197
183	9.58494208494209
184	9.87065637065637
185	9.72779922779923
186	9.67374517374517
187	9.91505791505792
188	10.4324324324324
189	10.6023166023166
190	10.7007722007722
191	10.9864864864865
192	11.1023166023166
193	11.3880308880309
194	11.6467181467181
195	12.0752895752896
196	12.0926640926641
197	12.3783783783784
198	12.7355212355212
199	13.3069498069498
200	13.1370656370656
201	13.011583011583
202	13.0559845559846
203	12.984555984556
204	12.984555984556
205	13.1447876447876
206	12.8590733590734
207	12.7876447876448
208	12.5733590733591
209	12.3320463320463
210	12.1081081081081
211	12.1351351351351
212	12.2779922779923
213	11.992277992278
214	11.4034749034749
215	11.4305019305019
216	11.457528957529
217	11.484555984556
218	11.2528957528958
219	11.1370656370656
220	10.8243243243243
221	10.6814671814672
222	10.6640926640927
223	10.2084942084942
224	9.76254826254826
225	9.78957528957529
226	9.93243243243243
227	9.503861003861
228	9.74517374517375
229	9.64671814671815
230	9.91505791505792
231	9.91505791505792
232	9.91505791505792
233	10.1293436293436
234	10.0579150579151
235	9.94208494208494
236	9.58494208494209
237	9.71042471042471
238	9.92471042471043
239	9.92471042471043
240	9.61196911196911
241	9.61196911196911
242	9.96911196911197
243	10.2548262548263
244	10.3976833976834
245	10.996138996139
246	11.550193050193
247	11.3088803088803
248	11.2818532818533
249	11.6389961389961
250	11.8532818532819
251	12.0675675675676
252	12.0675675675676
253	12.2104247104247
254	12.4420849420849
255	12.5849420849421
256	12.5405405405405
257	12.8706563706564
258	12.7277992277992
259	12.7277992277992
260	12.9864864864865
261	13.1023166023166
262	12.7895752895753
263	12.9054054054054
264	12.5212355212355
265	12.3339768339768
266	11.8339768339768
267	11.5212355212355
268	11.5752895752896
269	11.3610038610039
270	11.3610038610039
271	11.2895752895753
272	11.6023166023166
273	11.4594594594595
274	11.1737451737452
275	11.2451737451737
276	11.2992277992278
277	11.3532818532819
278	11.2104247104247
279	10.969111969112
280	10.969111969112
281	10.3262548262548
282	9.996138996139
283	9.95173745173745
284	9.88030888030888
285	9.83590733590733
286	10.023166023166
287	9.92471042471043
288	9.78185328185328
289	9.73745173745174
290	9.26447876447876
291	9.26447876447876
292	9.19305019305019
293	8.86293436293436
294	8.86293436293436
295	9.17567567567567
296	9.27413127413128
297	9.01544401544402
313	9.13127413127413
314	9.1042471042471
315	8.91698841698842
316	9.48841698841699
317	9.55984555984556
318	9.77413127413128
319	9.65830115830116
320	9.58687258687259
321	9.65830115830116
322	9.15830115830116
325	9.01544401544402
326	9.08687258687259
327	9.05984555984556
328	9.2027027027027
329	9.00579150579151
330	9.40733590733591
331	9.21042471042471
332	8.75482625482625
333	8.94208494208494
334	8.65637065637066
335	8.7992277992278
336	8.72779922779923
337	8.55791505791506
338	8.07528957528957
339	8.003861003861
340	8.003861003861
341	7.98648648648649
342	7.84362934362934
343	7.7007722007722
344	7.57528957528957
345	7.50386100386101
346	7.26254826254826
347	7.54826254826255
348	7.11969111969112
349	7.2007722007722
350	7.12934362934363
351	7.1023166023166
352	6.53088803088803
353	6.40540540540541
354	6.04826254826255
355	6.19111969111969
356	6.11969111969112
357	5.76254826254826
358	5.93243243243243
359	5.86100386100386
360	5.71814671814672
361	5.67374517374517
362	5.71814671814672
363	5.57528957528958
364	5.43243243243243
365	5.77220077220077
366	5.32625482625483
367	5.56756756756757
368	5.88030888030888
369	5.83590733590734
370	5.97876447876448
371	5.83590733590734
372	5.83590733590734
373	5.93436293436293
374	5.81853281853282
375	5.81853281853282
376	5.91698841698842
377	5.91698841698842
378	5.84555984555985
379	5.96138996138996
380	5.98841698841699
381	6.01544401544402
384	6.3011583011583
385	6.15830115830116
387	6.44401544401544
388	6.38996138996139
389	6.51544401544402
390	6.51544401544402
391	6.51544401544402
392	6.58687258687259
393	6.63127413127413
394	6.77413127413127
395	6.67567567567568
396	6.88996138996139
397	7.03281853281853
398	7.31853281853282
399	7.24710424710425
400	7.40733590733591
401	7.40733590733591
402	7.76447876447876
403	7.83590733590734
404	7.73745173745174
405	7.52316602316602
406	7.71042471042471
407	7.85328185328185
408	7.78185328185328
409	7.51351351351351
410	7.58494208494209
411	7.55791505791506
412	7.62934362934363
413	7.84362934362934
414	7.7007722007722
415	7.44208494208494
416	7.51351351351351
417	7.44208494208494
418	7.15637065637066
419	6.94208494208494
420	6.8976833976834
421	6.96911196911197
422	6.77220077220077
423	6.61196911196911
424	6.95173745173745
425	7.09459459459459
426	7.02316602316602
427	6.996138996139
428	7.06756756756757
429	7.02316602316602
430	6.73745173745174
431	6.55019305019305
432	6.45173745173745
433	6.45173745173745
434	6.26447876447876
435	6.33590733590734
436	6.24710424710425
437	5.88996138996139
438	5.6042471042471
439	5.14864864864865
440	5.07722007722008
441	4.97876447876448
442	4.83590733590734
443	4.76447876447877
444	4.69305019305019
445	4.74710424710425
446	4.88996138996139
447	4.98841698841699
448	4.67567567567568
449	4.47876447876448
450	4.47876447876448
451	4.26447876447877
452	4.19305019305019
453	4.19305019305019
454	4.47876447876448
455	4.59459459459459
456	4.55019305019305
457	4.47876447876448
458	4.6042471042471
459	4.53281853281853
460	4.00579150579151
461	3.69305019305019
462	3.83590733590734
463	3.72007722007722
464	3.72007722007722
465	3.72007722007722
466	3.90733590733591
467	3.83590733590734
468	3.73745173745174
469	3.59459459459459
470	3.38030888030888
471	3.47876447876448
472	3.50579150579151
473	3.50579150579151
474	3.50579150579151
475	3.72007722007722
476	3.66602316602317
477	3.88030888030888
478	3.97876447876448
479	4.02316602316602
480	4.02316602316602
481	4.38030888030888
482	4.16602316602317
483	4.06756756756757
484	4.16602316602317
485	4.22007722007722
486	4.36293436293436
487	4.36293436293436
488	4.36293436293436
489	4.36293436293436
490	4.14864864864865
491	3.88996138996139
492	3.74710424710425
493	3.74710424710425
494	3.81853281853282
495	3.79150579150579
496	3.96138996138996
497	3.91698841698842
498	3.91698841698842
499	4.05984555984556
500	3.91698841698842
501	3.91698841698842
502	4.01544401544402
503	3.94401544401544
529	2.27413127413127
530	2.2027027027027
531	2.51544401544402
532	2.37258687258687
533	2.34555984555985
534	2.17567567567568
535	1.96138996138996
536	1.96138996138996
537	1.88996138996139
538	1.6042471042471
539	1.6042471042471
540	1.67567567567568
541	1.64864864864865
542	1.73745173745174
543	1.73745173745174
544	1.73745173745174
545	1.80888030888031
546	1.88030888030888
547	1.85328185328185
548	1.85328185328185
549	1.8976833976834
550	2.06756756756757
551	1.996138996139
552	1.92471042471042
553	1.96911196911197
554	2.04054054054054
555	2.25482625482625
556	2.28185328185328
557	2.21042471042471
558	2.23745173745174
559	2.26447876447876
560	2.22007722007722
561	2.30888030888031
562	2.28185328185328
563	2.35328185328185
564	2.38030888030888
565	2.36293436293436
566	2.30888030888031
567	1.96911196911197
568	1.94208494208494
569	1.96911196911197
570	1.95945945945946
571	1.99420849420849
572	2.01158301158301
573	2.01158301158301
574	2.08301158301158
575	2.24324324324324
576	2.21621621621622
577	2.26061776061776
578	2.17181467181467
579	2.21621621621622
580	2.28764478764479
581	2.28764478764479
582	2.4034749034749
583	2.37644787644788
584	2.34942084942085
585	2.16216216216216
586	2.23359073359073
587	2.17953667953668
588	2.25096525096525
589	2.32239382239382
590	2.25096525096525
591	2.10810810810811
592	2.22393822393822
593	2.24131274131274
594	2.16988416988417
595	2.24131274131274
596	2.31274131274131
597	2.22393822393822
598	2.39382239382239
599	2.32239382239382
600	2.2953667953668
601	2.36679536679537
602	2.34942084942085
603	2.37644787644788
604	2.47490347490347
605	2.41119691119691
606	2.59073359073359
607	2.52895752895753
608	2.62741312741313
609	2.6988416988417
610	2.57335907335907
611	2.6988416988417
612	2.6003861003861
613	2.65444015444015
614	2.55598455598456
615	2.48455598455598
616	2.58301158301158
617	2.58301158301158
618	2.44015444015444
619	2.61003861003861
620	2.77992277992278
621	2.94015444015444
622	3.02895752895753
623	3.01158301158301
624	2.86872586872587
625	2.96718146718147
626	2.86872586872587
627	2.84169884169884
628	2.62741312741313
629	2.55598455598456
630	2.55598455598456
631	2.55598455598456
632	2.45752895752896
633	2.5019305019305
634	2.5019305019305
635	2.54633204633205
636	2.43050193050193
637	2.37644787644788
638	2.30501930501931
639	2.37644787644788
640	2.34942084942085
641	2.45752895752896
642	2.31467181467182
643	2.41312741312741
644	2.34169884169884
645	2.31467181467182
646	2.2972972972973
647	2.01158301158301
648	2.06563706563707
649	2.13706563706564
650	2.02123552123552
651	2.11969111969112
652	2.13706563706564
653	1.96718146718147
654	1.99420849420849
655	1.87837837837838
656	1.61003861003861
657	1.32432432432432
658	1.30694980694981
659	1.40540540540541
660	1.47683397683398
661	1.40540540540541
662	1.47683397683398
663	1.503861003861
664	1.6023166023166
665	1.65637065637066
666	1.65637065637066
667	1.58494208494208
668	1.68339768339768
669	1.68339768339768
670	1.54054054054054
671	1.54054054054054
672	1.68339768339768
673	1.73745173745174
674	1.73745173745174
675	1.69305019305019
676	1.72007722007722
677	1.81853281853282
678	1.85328185328185
679	1.78185328185328
680	1.73745173745174
681	1.66602316602317
682	1.63899613899614
683	1.71042471042471
684	1.54054054054054
685	1.54054054054054
686	1.54054054054054
687	1.51351351351351
688	1.35328185328185
689	1.35328185328185
690	1.25482625482625
691	1.25482625482625
692	1.28185328185328
693	1.38030888030888
694	1.30888030888031
695	1.23745173745174
696	1.13899613899614
697	1.11196911196911
698	1.06756756756757
699	1.01351351351351
700	0.915057915057915
701	0.986486486486487
702	1.05791505791506
703	0.986486486486487
704	0.95945945945946
705	1.03088803088803
706	1.07528957528958
707	1.21814671814672
708	1.14671814671815
709	1.07528957528958
710	0.94980694980695
711	0.922779922779923
712	0.922779922779923
713	0.797297297297297
714	0.806949806949807
715	0.77992277992278
716	0.752895752895753
717	0.77992277992278
718	0.806949806949807
719	0.806949806949807
720	0.833976833976834
721	0.762548262548263
722	0.905405405405406
723	0.932432432432433
724	0.976833976833977
725	1.07528957528958
726	1.17374517374517
727	1.1023166023166
728	1.2007722007722
729	1.17374517374517
730	1.14671814671815
731	1.09266409266409
732	1.16409266409266
733	1.23552123552124
734	1.27992277992278
735	1.30694980694981
736	1.33397683397683
737	1.30694980694981
738	1.20849420849421
739	1.22586872586873
740	1.32432432432432
741	1.20849420849421
742	1.30694980694981
743	1.33397683397683
744	1.47683397683398
745	1.47683397683398
746	1.53088803088803
747	1.55791505791506
748	1.62934362934363
749	1.75482625482625
750	1.75482625482625
751	1.78185328185328
752	1.78185328185328
753	1.75482625482625
754	1.7992277992278
755	1.84362934362934
756	1.81660231660232
757	1.81660231660232
758	1.74517374517375
759	1.81660231660232
760	1.74517374517375
761	1.67374517374517
762	1.6023166023166
763	1.6023166023166
764	1.53088803088803
765	1.48648648648649
766	1.62934362934363
767	1.72779922779923
768	1.75482625482625
769	1.68339768339768
770	1.63899613899614
771	1.68339768339768
772	1.65637065637066
773	1.68339768339768
774	1.78185328185328
775	1.80888030888031
776	1.85328185328185
777	2.13899613899614
778	2.11196911196911
779	2.04054054054054
780	1.8976833976834
781	1.8976833976834
782	1.8976833976834
783	1.94208494208494
784	1.87065637065637
785	1.7992277992278
786	1.75482625482625
787	1.72779922779923
788	1.77220077220077
789	1.77220077220077
790	1.84362934362934
791	1.87065637065637
792	1.77220077220077
793	1.77220077220077
794	1.64671814671815
795	1.71814671814672
796	1.78957528957529
797	1.93243243243243
798	2.003861003861
799	2.003861003861
800	2.07528957528958
801	2.04826254826255
802	1.90540540540541
803	1.86100386100386
804	1.78957528957529
805	1.78957528957529
806	1.86100386100386
807	1.74517374517375
808	1.77220077220077
809	1.7007722007722
810	1.7007722007722
811	1.65637065637066
812	1.46911196911197
813	1.25482625482625
814	1.25482625482625
815	1.12934362934363
816	1.17374517374517
817	1.09266409266409
818	1.30694980694981
819	1.26254826254826
820	1.13706563706564
821	1.03861003861004
822	1.22586872586873
823	1.25289575289575
824	1.25289575289575
825	1.22586872586873
826	1.05598455598456
827	0.930501930501931
828	1.1003861003861
829	1.17181467181467
830	1.1988416988417
831	1.07335907335907
832	1.04633204633205
833	1.03667953667954
834	0.938223938223938
835	0.955598455598456
836	0.972972972972973
837	1.0984555984556
838	1.12548262548263
839	1.16988416988417
840	1.16988416988417
841	1.14285714285714
842	1.11583011583012
843	1.08880308880309
844	1.06177606177606
845	1.03474903474903
846	0.882239382239382
847	0.855212355212355
848	0.872586872586873
849	0.845559845559846
850	0.845559845559846
851	0.944015444015444
852	0.916988416988417
853	0.998069498069498
854	0.702702702702703
855	0.577220077220077
856	0.631274131274131
857	0.72972972972973
858	0.488416988416989
859	0.434362934362934
860	0.532818532818533
861	0.586872586872587
862	0.640926640926641
863	0.694980694980695
864	0.552123552123552
865	0.480694980694981
866	0.453667953667954
867	0.480694980694981
868	0.463320463320463
869	0.276061776061776
870	0.374517374517374
871	0.428571428571429
872	0.33976833976834
873	0.33976833976834
874	0.33976833976834
875	0.33976833976834
876	0.357142857142857
877	0.33976833976834
878	0.384169884169884
879	0.401544401544402
880	0.266409266409266
881	0.212355212355212
882	0.293436293436294
883	0.391891891891892
884	0.374517374517374
885	0.374517374517374
886	0.472972972972973
887	0.401544401544402
888	0.411196911196911
889	0.411196911196911
890	0.635135135135135
891	0.635135135135135
892	0.679536679536679
893	0.625482625482625
894	0.625482625482625
895	0.679536679536679
896	0.536679536679537
897	0.465250965250965
898	0.411196911196911
899	0.258687258687259
900	0.258687258687259
901	0.231660231660232
902	0.33011583011583
903	0.258687258687259
904	0.231660231660232
905	0.285714285714286
906	0.16023166023166
907	0.0888030888030886
908	0.106177606177606
909	0.0791505791505793
910	0.167953667953668
911	0.0694980694980696
912	0.0250965250965252
913	-0.00193050193050182
914	-0.0907335907335909
915	0.0173745173745172
916	0.0984555984555984
917	0.0714285714285714
918	0.0444015444015444
919	-0.0810810810810811
920	-0.108108108108108
921	-0.0637065637065637
922	-0.332046332046332
923	-0.305019305019305
924	-0.233590733590734
925	-0.189189189189189
926	-0.494208494208494
927	-0.422779922779923
928	-0.422779922779923
929	-0.368725868725869
930	-0.341698841698842
931	-0.422779922779923
932	-0.503861003861004
933	-0.557915057915058
934	-0.503861003861004
935	-0.422779922779923
936	-0.395752895752896
937	-0.324324324324325
938	-0.324324324324325
939	-0.198841698841699
940	-0.225868725868726
941	-0.154440154440154
942	-0.0559845559845558
943	-0.0830115830115827
944	-0.154440154440154
945	-0.252895752895753
946	-0.297297297297297
947	-0.154440154440154
948	-0.154440154440154
949	-0.154440154440154
950	-0.154440154440154
951	-0.252895752895753
952	-0.198841698841699
953	-0.0193050193050195
954	0.00772200772200771
955	0.106177606177606
956	0.150579150579151
957	0.150579150579151
958	0.0965250965250966
959	0.212355212355212
960	0.140926640926641
961	0.0965250965250966
962	0.258687258687259
963	0.187258687258687
964	0.115830115830116
965	0.187258687258687
966	0.187258687258687
967	0.33976833976834
968	0.420849420849421
969	0.447876447876448
970	0.420849420849421
971	0.393822393822394
972	0.33976833976834
973	0.268339768339768
974	0.268339768339768
975	0.285714285714286
976	0.357142857142857
977	0.258687258687259
978	0.285714285714286
979	0.455598455598456
980	0.482625482625483
981	0.536679536679537
982	0.536679536679537
983	0.420849420849421
984	0.420849420849421
985	0.447876447876448
986	0.420849420849421
987	0.447876447876448
988	0.420849420849421
989	0.322393822393822
990	0.393822393822394
991	0.349420849420849
992	0.403474903474904
993	0.386100386100386
994	0.44015444015444
995	0.324324324324324
996	0.297297297297297
997	0.243243243243243
998	0.216216216216216
999	0.287644787644788
1000	0.314671814671815
1001	0.171814671814672
1002	0.216216216216216
1003	0.117760617760618
1004	0.0637065637065637
1005	0.135135135135135
1006	0.135135135135135
1007	0.233590733590734
1008	0.287644787644788
1009	0.359073359073359
1010	0.314671814671815
1011	0.198841698841699
1012	0.127413127413128
1013	0.154440154440154
1014	0.0289575289575289
1015	-0.123552123552124
1016	-0.0521235521235521
1017	-0.0521235521235521
1018	-0.0965250965250966
1019	0.144787644787645
1020	0.171814671814672
1021	0.171814671814672
1022	0.287644787644788
1023	0.287644787644788
1024	0.341698841698842
1025	0.368725868725869
1026	0.297297297297297
1027	0.216216216216216
1028	0.162162162162162
1029	0.0637065637065637
1030	0.117760617760618
1031	0.0907335907335908
1032	0.117760617760618
1033	0.144787644787645
1034	0.216216216216216
1035	0.171814671814672
1036	-0.0250965250965252
1037	0.189189189189189
1038	0.144787644787645
1039	0.287644787644788
1040	0.386100386100386
1041	0.341698841698842
1042	0.44015444015444
1043	0.413127413127413
1044	0.386100386100386
1045	0.341698841698842
1046	0.341698841698842
1047	0.368725868725869
1048	0.368725868725869
1049	0.386100386100386
1050	0.44015444015444
1051	0.44015444015444
1052	0.341698841698842
1053	0.332046332046332
1054	0.420849420849421
1055	0.349420849420849
1056	0.322393822393822
1057	0.322393822393822
1058	0.305019305019305
1059	0.305019305019305
1060	0.277992277992278
1061	0.179536679536679
1062	0.179536679536679
1063	0.206563706563706
1064	0.260617760617761
1065	0.430501930501931
1066	0.430501930501931
1067	0.386100386100386
1068	0.359073359073359
1069	0.386100386100386
1070	0.341698841698842
1071	0.386100386100386
1072	0.44015444015444
1073	0.225868725868726
1074	0.484555984555985
1075	0.484555984555985
1076	0.44015444015444
1077	0.386100386100386
1078	0.314671814671815
1079	0.189189189189189
1080	0.216216216216216
1081	0.216216216216216
1082	0.216216216216216
1083	0.206563706563706
1084	0.233590733590734
1085	0.162162162162162
1086	0.135135135135135
1087	0.144787644787645
1088	0.198841698841699
1089	0.208494208494209
1090	0.11969111969112
1097	0.0926640926640927
1098	0.0926640926640927
1099	0.11969111969112
1100	0.0926640926640927
1104	0.11003861003861
1105	0.11003861003861
1106	0.11003861003861
1107	0.137065637065637
1108	0.127413127413128
1109	0.127413127413128
1112	0.0386100386100385
1113	0.164092664092664
1114	0.083011583011583
1115	0.137065637065637
1116	0.083011583011583
1117	0.083011583011583
1118	0.083011583011583
1119	0.0386100386100385
1120	0.0115830115830116
1121	0.0656370656370657
1122	0.0926640926640927
1123	0.0926640926640927
1124	0.0926640926640927
1125	0.0656370656370657
1126	0.0386100386100385
1127	0.11003861003861
1128	0.11003861003861
1129	0.154440154440154
1130	0.181467181467181
1131	0.154440154440154
1132	0.154440154440154
1133	0.181467181467181
1134	0.225868725868726
1135	0.324324324324324
1136	0.324324324324324
1137	0.378378378378378
1138	0.351351351351351
1139	0.565637065637066
1140	0.297297297297297
1141	0.27027027027027
1142	0.287644787644788
1143	0.216216216216216
1144	0.225868725868726
1145	0.198841698841699
1146	0.252895752895753
1147	0.127413127413128
1148	0.0559845559845561
1149	-0.0154440154440153
1150	0.0656370656370657
1151	0.0386100386100385
1152	0.11003861003861
1153	0.11003861003861
1154	0.127413127413128
1155	0.225868725868726
1156	0.243243243243243
1157	0.189189189189189
1158	0.162162162162162
1159	0.108108108108108
1160	0.0810810810810811
1161	0.0540540540540541
1162	0.0810810810810811
1163	0.0366795366795366
1164	-0.0347490347490348
1165	-0.133204633204633
1166	-0.0888030888030887
1167	0.00965250965250974
1168	0.0366795366795366
1169	-0.142857142857143
1170	-0.115830115830116
1171	-0.142857142857143
1172	-0.115830115830116
1173	-0.115830115830116
1174	-0.0173745173745173
1175	-0.285714285714286
1176	-0.16023166023166
1177	-0.0888030888030887
1178	-0.16023166023166
1179	-0.115830115830116
1180	-0.0444015444015444
1181	0.0540540540540541
1182	-0.027027027027027
1183	0.0984555984555984
1184	0.0984555984555984
1185	0.16988416988417
1186	0.16988416988417
1187	0.196911196911197
1188	0.152509652509653
1189	0.142857142857143
1190	0.241312741312741
1191	0.268339768339768
1192	0.250965250965251
1193	0.277992277992278
1194	0.305019305019305
1195	0.359073359073359
1196	0.457528957528958
1197	0.511583011583012
1198	0.484555984555985
1199	0.430501930501931
1200	0.447876447876448
1201	0.474903474903475
1202	0.403474903474904
1203	0.403474903474904
1204	0.403474903474904
1205	0.501930501930502
1206	0.430501930501931
1207	0.386100386100386
1208	0.359073359073359
1209	0.332046332046332
1210	0.233590733590734
1211	0.359073359073359
1212	0.260617760617761
1213	0.135135135135135
1214	0.189189189189189
1215	0.0907335907335908
1216	0.0193050193050194
1217	-0.0521235521235521
1218	0.0289575289575289
1219	-0.0965250965250966
1220	-0.0965250965250966
1223	-0.0965250965250966
1224	-0.0694980694980695
1260	-0.0694980694980695
1261	0.0289575289575289
1262	0.0289575289575289
1263	-0.0694980694980695
1264	-0.123552123552124
1265	-0.150579150579151
1266	-0.177606177606178
1267	-0.177606177606178
1268	-0.177606177606178
1269	-0.106177606177606
1270	-0.231660231660232
1271	-0.231660231660232
1272	-0.258687258687259
1273	-0.204633204633205
1274	-0.133204633204633
1275	-0.133204633204633
1276	-0.187258687258687
1277	-0.177606177606178
1278	-0.150579150579151
1279	-0.150579150579151
1280	-0.0521235521235521
1281	-0.0791505791505792
1282	-0.0521235521235521
1283	-0.00772200772200771
1284	-0.0888030888030887
1285	-0.0173745173745173
1286	0.179536679536679
1287	0.108108108108108
1288	0.108108108108108
1289	0.206563706563706
1290	0.260617760617761
1291	0.341698841698842
1292	0.341698841698842
1293	0.216216216216216
1294	0.216216216216216
1295	0.216216216216216
1296	-0.00772200772200771
1297	-0.133204633204633
1298	-0.0617760617760617
1299	-0.0347490347490348
1300	0.0193050193050194
1301	0.0733590733590734
1302	0.127413127413128
1303	0.0463320463320464
1304	0.0193050193050194
1305	-0.0791505791505792
1306	-0.0250965250965252
1307	0.0193050193050194
1308	0.0463320463320464
1309	0.189189189189189
1310	0.287644787644788
1311	0.216216216216216
1312	0.27027027027027
1313	0.484555984555985
1314	0.359073359073359
1315	0.250965250965251
1316	0.295366795366796
1317	0.268339768339768
1318	0.241312741312741
1319	0.142857142857143
1320	0.196911196911197
1321	0.125482625482625
1322	-0.0444015444015444
1323	0.0984555984555984
1324	0.142857142857143
1325	0.0173745173745172
1326	-0.162162162162162
1327	-0.0907335907335909
1328	-0.154440154440154
1329	-0.127413127413127
1330	0.00579150579150567
1331	-0.0752895752895753
1332	-0.0752895752895753
1333	-0.0752895752895753
1334	-0.173745173745173
1335	-0.281853281853282
1336	-0.308880308880309
1337	-0.318532818532818
1338	-0.345559845559846
1339	-0.175675675675675
1340	-0.22972972972973
1341	-0.22972972972973
1342	-0.158301158301158
1343	-0.158301158301158
1344	-0.140926640926641
1345	-0.283783783783784
1346	-0.453667953667954
1347	-0.453667953667954
1348	-0.426640926640927
1349	-0.667953667953668
1350	-0.667953667953668
1351	-0.640926640926641
1352	-0.756756756756757
1353	-0.72972972972973
1354	-0.702702702702703
1355	-0.72972972972973
1356	-0.756756756756757
1357	-0.783783783783784
1358	-0.756756756756757
1359	-0.845559845559846
1360	-0.944015444015444
1361	-0.971042471042471
1362	-0.88996138996139
1363	-0.961389961389961
1364	-0.853281853281853
1365	-0.781853281853282
1371	-0.501930501930502
1372	-0.474903474903475
1400	-0.312741312741313
1404	-0.33976833976834
1405	-0.285714285714286
1406	-0.33976833976834
1408	-0.366795366795367
1409	-0.366795366795367
1410	-0.393822393822394
1411	-0.349420849420849
1412	-0.322393822393822
1413	-0.250965250965251
1414	-0.250965250965251
1415	-0.206563706563706
1416	-0.233590733590734
1417	-0.206563706563706
1418	-0.206563706563706
1419	-0.17953667953668
1420	-0.17953667953668
1421	-0.206563706563706
1422	-0.17953667953668
1423	-0.17953667953668
1424	-0.196911196911197
1425	-0.0714285714285714
1426	-0.027027027027027
1427	0
1428	0.0173745173745172
1429	0.0173745173745172
1430	0.0444015444015444
1431	-0.0810810810810811
1432	-0.108108108108108
1433	-0.162162162162162
1434	-0.0540540540540542
1435	-0.027027027027027
1436	-0.16988416988417
1437	-0.142857142857143
1438	-0.115830115830116
1439	-0.0617760617760617
1440	-0.133204633204633
1441	-0.187258687258687
1442	-0.0617760617760617
1443	-0.0888030888030887
1444	-0.16023166023166
1445	-0.16023166023166
1446	-0.133204633204633
1447	-0.204633204633205
1448	-0.204633204633205
1450	-0.285714285714286
1457	-0.258687258687259
1458	-0.312741312741313
1459	-0.33976833976834
1460	-0.393822393822394
1472	-0.312741312741313
1473	-0.285714285714286
1474	-0.312741312741313
1475	-0.33976833976834
1476	-0.33976833976834
1483	-0.312741312741313
1484	-0.258687258687259
1485	-0.177606177606178
1486	-0.123552123552124
1487	-0.0965250965250966
1491	-0.0965250965250966
1492	0.0193050193050194
1493	0.0907335907335908
1494	0.144787644787645
1495	0.144787644787645
1496	0.144787644787645
1497	0.243243243243243
1498	0.243243243243243
1499	0.243243243243243
1500	0.198841698841699
1501	0.171814671814672
1502	0.243243243243243
1503	0.117760617760618
1504	0.189189189189189
1505	0.189189189189189
1506	0.144787644787645
1507	0.144787644787645
1508	0.0463320463320464
1509	-0.00772200772200771
1510	-0.0347490347490348
1511	-0.0888030888030887
1512	-0.0888030888030887
1513	-0.115830115830116
1514	-0.187258687258687
1515	-0.142857142857143
1516	-0.142857142857143
1517	-0.142857142857143
1518	-0.0173745173745173
1519	-0.0617760617760617
1520	-0.115830115830116
1521	-0.16988416988417
1522	-0.196911196911197
1523	-0.223938223938224
1524	-0.142857142857143
1525	-0.305019305019305
1526	-0.332046332046332
1527	-0.386100386100386
1528	-0.528957528957529
1539	-0.484555984555984
1540	-0.555984555984556
1541	-0.555984555984556
1542	-0.511583011583011
1543	-0.511583011583011
1544	-0.386100386100386
1545	-0.260617760617761
1546	-0.206563706563706
1547	-0.125482625482626
1548	-0.125482625482626
1549	-0.152509652509653
1550	-0.17953667953668
1551	-0.250965250965251
1552	-0.305019305019305
1553	-0.260617760617761
1554	-0.359073359073359
1555	-0.413127413127413
1556	-0.413127413127413
1557	-0.386100386100386
1558	-0.484555984555984
1559	-0.413127413127413
1560	-0.413127413127413
1561	-0.277992277992278
1562	-0.305019305019305
1563	-0.322393822393822
1564	-0.376447876447877
1565	-0.376447876447877
1566	-0.403474903474904
1567	-0.349420849420849
1568	-0.376447876447877
1569	-0.403474903474904
1570	-0.322393822393822
1571	-0.233590733590734
1572	-0.277992277992278
1573	-0.196911196911197
1574	-0.295366795366795
1594	-0.474903474903475
1597	-0.376447876447877
1598	-0.322393822393822
1599	-0.349420849420849
1600	-0.268339768339768
1601	-0.17953667953668
1602	-0.152509652509653
1603	-0.152509652509653
1604	-0.152509652509653
1605	-0.125482625482626
1606	-0.206563706563706
1607	-0.322393822393822
1608	-0.322393822393822
1609	-0.349420849420849
1610	-0.376447876447877
1611	-0.457528957528958
1612	-0.403474903474904
1613	-0.457528957528958
1614	-0.457528957528958
1615	-0.359073359073359
1616	-0.314671814671815
1617	-0.341698841698842
1618	-0.287644787644788
1619	-0.233590733590734
1620	-0.189189189189189
1621	-0.0907335907335909
1622	-0.108108108108108
1623	0.0173745173745172
1624	0.0173745173745172
1625	0.0444015444015444
1626	0.0984555984555984
1627	0.125482625482625
1628	-0.00772200772200771
1629	0.0193050193050194
1630	-0.00772200772200771
1631	0.0193050193050194
1632	0.0907335907335908
1633	-0.0521235521235521
1634	-0.106177606177606
1635	-0.0521235521235521
1636	-0.0791505791505792
1641	-0.0347490347490348
1642	0.0733590733590734
1643	0.171814671814672
1644	0.189189189189189
1645	0.260617760617761
1646	0.368725868725869
1647	0.422779922779923
1648	0.565637065637066
1649	0.691119691119691
1650	0.691119691119691
1651	0.538610038610039
1652	0.494208494208494
1653	0.575289575289575
1654	0.575289575289575
1655	0.548262548262548
1656	0.530888030888031
1657	0.459459459459459
1658	0.459459459459459
1659	0.388030888030888
1660	0.388030888030888
1661	0.432432432432432
1662	0.432432432432432
1663	0.503861003861004
1664	0.503861003861004
1665	0.503861003861004
1666	0.432432432432432
1667	0.432432432432432
1668	0.530888030888031
1669	0.530888030888031
1670	0.629343629343629
1671	0.602316602316602
1672	0.575289575289575
1673	0.575289575289575
1674	0.602316602316602
1675	0.503861003861004
1676	0.476833976833977
1677	0.530888030888031
1678	0.530888030888031
1679	0.503861003861004
1680	0.486486486486487
1681	0.442084942084942
1682	0.442084942084942
1683	0.442084942084942
1684	0.245173745173745
1685	0.218146718146718
1686	0.245173745173745
1687	0.299227799227799
1688	0.343629343629344
1689	0.486486486486487
1690	0.459459459459459
1691	0.486486486486487
1692	0.486486486486487
1693	0.432432432432432
1694	0.432432432432432
1695	0.432432432432432
1696	0.405405405405405
1697	0.361003861003861
1698	0.432432432432432
1699	0.405405405405405
1700	0.44980694980695
1701	0.565637065637066
1702	0.565637065637066
1703	0.61003861003861
1704	0.61003861003861
1705	0.583011583011583
1706	0.511583011583012
1707	0.484555984555985
1708	0.511583011583012
1709	0.511583011583012
1710	0.511583011583012
1711	0.565637065637066
1712	0.592664092664093
1713	0.422779922779923
1714	0.44015444015444
1715	0.368725868725869
1716	0.368725868725869
1717	0.413127413127413
1718	0.413127413127413
1719	0.44015444015444
1720	0.467181467181467
1721	0.494208494208494
1722	0.467181467181467
1723	0.494208494208494
1724	0.422779922779923
1725	0.181467181467181
1726	0.252895752895753
1727	0.198841698841699
1728	0.243243243243243
1729	0.27027027027027
1730	0.27027027027027
1731	0.297297297297297
1732	0.225868725868726
1733	0.27027027027027
1734	0.297297297297297
1735	0.314671814671815
1736	0.144787644787645
1737	0.0733590733590734
1738	0.0733590733590734
1739	0.0733590733590734
1740	0.117760617760618
1741	0.144787644787645
1742	0.144787644787645
1743	0.198841698841699
1744	0.171814671814672
1745	0.171814671814672
1746	0.144787644787645
1747	0.171814671814672
1748	0.243243243243243
1749	0.198841698841699
1750	0.324324324324324
1751	0.324324324324324
1752	0.27027027027027
1753	0.198841698841699
1754	0.117760617760618
1755	0.162162162162162
1756	0.162162162162162
1757	0.0637065637065637
1758	0.0907335907335908
1759	0.0637065637065637
1760	0.0366795366795366
1761	0.0637065637065637
1762	0.0366795366795366
1763	0.00965250965250974
1764	-0.0617760617760617
1765	-0.0617760617760617
1766	-0.0888030888030887
1767	-0.0714285714285714
1768	0
1769	-0.0444015444015444
1770	-0.0714285714285714
1771	-0.0444015444015444
1772	0.0540540540540541
1773	0.00965250965250974
1774	0.0366795366795366
1775	0.135135135135135
1776	0.0193050193050194
1777	-0.0347490347490348
1778	-0.0888030888030887
1779	-0.0888030888030887
1780	-0.0444015444015444
1781	-0.0714285714285714
1782	0
1783	-0.0540540540540542
1784	-0.0540540540540542
1785	-0.0540540540540542
1786	-0.125482625482626
1787	-0.233590733590734
1788	-0.17953667953668
1789	-0.17953667953668
1790	-0.0984555984555984
1791	-0.152509652509653
1792	-0.0810810810810811
1793	-0.0540540540540542
1794	0.0888030888030886
1795	0.0888030888030886
1796	0.142857142857143
1797	0.142857142857143
1798	0.196911196911197
1799	0.420849420849421
1800	0.420849420849421
1801	0.447876447876448
1802	0.474903474903475
1803	0.457528957528958
1804	0.332046332046332
1805	0.305019305019305
1806	0.305019305019305
1807	0.260617760617761
1808	0.233590733590734
1809	0.233590733590734
1810	0.233590733590734
1811	0.162162162162162
1812	0.0637065637065637
1813	0.0907335907335908
1814	0.0907335907335908
1815	0.0907335907335908
1816	0.0733590733590734
1817	0.198841698841699
1818	0.127413127413128
1819	0.225868725868726
1820	0.127413127413128
1821	0.127413127413128
1822	0.00193050193050193
1823	0.137065637065637
1824	0.208494208494209
1825	0.208494208494209
1826	0.208494208494209
1827	0.083011583011583
1828	0.11003861003861
1829	0.11003861003861
1833	0.0115830115830116
1834	0.0559845559845561
1835	-0.0424710424710425
1836	-0.0694980694980695
1837	-0.0694980694980695
1838	-0.0965250965250966
1839	-0.123552123552124
1840	-0.0424710424710425
1841	-0.0154440154440153
1882	0.0926640926640927
1883	0.146718146718147
1884	0.218146718146718
1885	0.370656370656371
1886	0.469111969111969
1887	0.594594594594595
1888	0.594594594594595
1889	0.469111969111969
1890	0.469111969111969
1891	0.397683397683398
1892	0.397683397683398
1893	0.370656370656371
1894	0.299227799227799
1895	0.245173745173745
1896	0.218146718146718
1897	0.245173745173745
1898	0.173745173745174
1899	0.200772200772201
1900	0.11969111969112
1901	0.11969111969112
1902	0.146718146718147
1903	0.11969111969112
1904	0.11969111969112
1905	0.0115830115830116
1935	-0.555984555984556
1936	-0.474903474903475
1937	-0.430501930501931
1938	-0.386100386100386
1939	-0.413127413127413
1940	-0.27027027027027
1941	-0.189189189189189
1942	-0.162162162162162
1943	-0.162162162162162
1944	-0.162162162162162
1945	-0.216216216216216
1946	-0.117760617760618
1947	-0.0193050193050195
1948	-0.0463320463320465
1949	0.0965250965250966
1950	-0.00193050193050182
1951	-0.0733590733590734
1952	-0.11003861003861
1953	-0.0559845559845558
1954	-0.0830115830115827
1955	-0.0830115830115827
1956	-0.11003861003861
1957	-0.0830115830115827
1958	-0.127413127413127
1959	-0.127413127413127
1960	-0.1003861003861
1961	0.00772200772200771
1962	0.00772200772200771
1963	0.00772200772200771
1964	-0.0463320463320465
1965	-0.0733590733590734
1966	-0.0193050193050195
1967	-0.1003861003861
1968	-0.154440154440154
1969	-0.1003861003861
1970	-0.0733590733590734
1971	-0.144787644787645
1972	-0.0733590733590734
1973	-0.171814671814672
1974	-0.243243243243243
1975	-0.189189189189189
1976	-0.341698841698842
1977	-0.341698841698842
1978	-0.324324324324325
1979	-0.306949806949807
1980	-0.388030888030888
1981	-0.432432432432432
1982	-0.557915057915058
1983	-0.629343629343629
1984	-0.602316602316602
1985	-0.772200772200772
1986	-0.602316602316602
1987	-0.602316602316602
1988	-0.565637065637066
1989	-0.521235521235521
1990	-0.61969111969112
1991	-0.61969111969112
1992	-0.565637065637066
1993	-0.538610038610039
1994	-0.368725868725869
1995	-0.287644787644788
1996	-0.0907335907335909
1997	-0.1003861003861
1998	-0.0733590733590734
1999	-0.0289575289575288
2000	-0.0463320463320465
2001	0.0521235521235521
2002	0.00772200772200771
2003	0.0888030888030886
2004	0.214285714285714
2005	0.241312741312741
2006	0.33976833976834
2007	0.33976833976834
2008	0.295366795366796
2009	0.295366795366796
2010	0.322393822393822
2011	0.33976833976834
2012	0.322393822393822
2013	0.349420849420849
2014	0.332046332046332
2015	0.260617760617761
2016	0.27027027027027
2017	0.27027027027027
2018	0.27027027027027
2019	0.314671814671815
2020	0.260617760617761
2021	0.287644787644788
2022	0.171814671814672
2023	0.171814671814672
2024	0.171814671814672
2025	0.171814671814672
2026	0.198841698841699
2027	0.171814671814672
2028	0.0463320463320464
2029	-0.00772200772200771
2030	-0.177606177606178
2031	-0.177606177606178
2088	-0.312741312741313
2089	-0.312741312741313
2090	-0.312741312741313
2091	-0.33976833976834
2092	-0.366795366795367
2093	-0.312741312741313
2094	-0.312741312741313
2095	-0.312741312741313
2096	-0.312741312741313
2108	-0.231660231660232
2111	-0.204633204633205
2112	-0.204633204633205
2113	-0.231660231660232
2114	-0.187258687258687
2115	-0.16988416988417
2116	-0.187258687258687
2117	-0.214285714285714
2118	-0.214285714285714
2119	-0.33976833976834
2120	-0.366795366795367
2121	-0.312741312741313
2276	-0.0791505791505792
2277	-0.133204633204633
2278	-0.295366795366795
2279	-0.322393822393822
2280	-0.376447876447877
2281	-0.250965250965251
2282	-0.305019305019305
2283	-0.233590733590734
2284	-0.162162162162162
2285	-0.162162162162162
2286	-0.206563706563706
2287	-0.233590733590734
2288	-0.233590733590734
2289	-0.260617760617761
2290	-0.297297297297297
2291	-0.324324324324325
2292	-0.297297297297297
2293	-0.243243243243243
2294	-0.189189189189189
2295	-0.189189189189189
2296	-0.162162162162162
2297	-0.287644787644788
2298	-0.233590733590734
2299	-0.216216216216216
2300	-0.243243243243243
2301	-0.27027027027027
2302	-0.44980694980695
2303	-0.548262548262548
2304	-0.602316602316602
2305	-0.754826254826255
2306	-0.727799227799228
2307	-0.727799227799228
2308	-0.799227799227799
2309	-0.781853281853282
2325	-0.312741312741313
2330	-0.204633204633205
2331	-0.204633204633205
2332	-0.258687258687259
2333	-0.258687258687259
2334	-0.16023166023166
2335	-0.0617760617760617
2336	-0.0347490347490348
2337	-0.0347490347490348
2338	0.0733590733590734
2339	0.0637065637065637
2340	0.117760617760618
2341	0.144787644787645
2342	-0.00772200772200771
2343	-0.00772200772200771
2344	-0.0347490347490348
2345	-0.0250965250965252
2346	-0.0521235521235521
2347	-0.0521235521235521
2348	-0.123552123552124
2349	-0.123552123552124
2350	-0.123552123552124
2351	-0.123552123552124
2352	-0.0965250965250966
2353	-0.0521235521235521
2354	-0.231660231660232
2355	-0.231660231660232
2356	-0.16023166023166
2357	-0.214285714285714
2360	-0.285714285714286
2362	-0.33976833976834
2363	-0.366795366795367
2364	-0.250965250965251
2365	-0.250965250965251
2366	-0.349420849420849
2367	-0.349420849420849
2368	-0.250965250965251
2369	-0.250965250965251
2370	-0.277992277992278
2371	-0.322393822393822
2372	-0.349420849420849
2373	-0.349420849420849
2374	-0.349420849420849
2375	-0.33976833976834
2376	-0.312741312741313
2377	-0.312741312741313
2378	-0.231660231660232
2379	-0.258687258687259
2380	-0.133204633204633
2381	-0.0173745173745173
2382	0.0366795366795366
2383	0.0366795366795366
2384	0.0366795366795366
2385	-0.0888030888030887
2386	-0.115830115830116
2387	-0.16988416988417
2388	-0.142857142857143
2389	-0.241312741312741
2390	-0.0617760617760617
2391	0.00965250965250974
2392	-0.142857142857143
2393	-0.16988416988417
2394	-0.16988416988417
2395	-0.16988416988417
2396	-0.133204633204633
2397	-0.133204633204633
2398	-0.258687258687259
2399	-0.204633204633205
2449	0.0559845559845561
2450	0.0733590733590734
2451	0.0463320463320464
2452	0.0463320463320464
2453	0.0733590733590734
2454	0.0193050193050194
2455	0.0193050193050194
2456	0.0540540540540541
2457	0.125482625482625
2458	0.196911196911197
2459	0.142857142857143
2460	0.142857142857143
2461	0.142857142857143
2462	0.133204633204633
2463	0.0521235521235521
2464	-0.00193050193050182
2465	-0.0830115830115827
2466	-0.0830115830115827
2467	-0.11003861003861
2468	-0.0830115830115827
2469	-0.154440154440154
2470	-0.154440154440154
2471	-0.137065637065637
2472	-0.235521235521235
2473	-0.262548262548263
2474	-0.343629343629344
2475	-0.245173745173745
2476	-0.316602316602316
2477	-0.272200772200772
2478	-0.272200772200772
2479	-0.200772200772201
2480	-0.173745173745173
2481	-0.245173745173745
2482	-0.370656370656371
2483	-0.370656370656371
2484	-0.567567567567568
2485	-0.737451737451737
2486	-0.916988416988417
2487	-0.944015444015444
2488	-0.916988416988417
2489	-0.916988416988417
2490	-0.862934362934363
2491	-0.781853281853282
2497	-0.745173745173745
2499	-0.583011583011583
2500	-0.457528957528958
2501	-0.376447876447877
2502	-0.295366795366795
2503	-0.125482625482626
2504	-0.206563706563706
2505	-0.162162162162162
2506	-0.260617760617761
2507	-0.17953667953668
2508	-0.152509652509653
2509	-0.152509652509653
2510	-0.152509652509653
2511	-0.250965250965251
2512	-0.223938223938224
2513	-0.196911196911197
2514	-0.322393822393822
2518	-0.312741312741313
2519	-0.312741312741313
2520	-0.258687258687259
2521	-0.214285714285714
2522	-0.106177606177606
2523	-0.123552123552124
2524	-0.123552123552124
2525	-0.106177606177606
2526	-0.0791505791505792
2527	-0.0791505791505792
2528	-0.106177606177606
2529	-0.0347490347490348
2530	-0.00772200772200771
2531	0.0637065637065637
2532	-0.106177606177606
2533	-0.177606177606178
2534	-0.231660231660232
2550	-0.123552123552124
2551	-0.123552123552124
2552	-0.177606177606178
2553	-0.258687258687259
2555	-0.285714285714286
2556	-0.285714285714286
2557	-0.16023166023166
2558	-0.133204633204633
2559	-0.0617760617760617
2560	-0.0617760617760617
2561	0.0366795366795366
2562	0.0810810810810811
2563	0.0810810810810811
2564	0.0540540540540541
2565	0.108108108108108
2566	0.0810810810810811
2567	-0.0444015444015444
2568	-0.0888030888030887
2569	-0.0617760617760617
2570	-0.0347490347490348
2571	-0.0173745173745173
2572	0.0810810810810811
2573	0.0540540540540541
2574	0.027027027027027
2575	0.027027027027027
2576	0
2577	0
2578	-0.027027027027027
2579	0.0366795366795366
2580	0.0366795366795366
2581	0.0366795366795366
2582	0.135135135135135
2583	0.108108108108108
2584	0.0810810810810811
2585	-0.0173745173745173
2586	-0.0617760617760617
2587	-0.0347490347490348
2588	0.0193050193050194
2589	0.0733590733590734
2590	0.0193050193050194
2591	-0.0791505791505792
2592	-0.0521235521235521
2606	-0.447876447876448
2660	-0.33976833976834
2661	-0.366795366795367
2662	-0.268339768339768
2663	-0.125482625482626
2664	-0.0984555984555984
2665	-0.0366795366795367
2666	-0.0810810810810811
2667	-0.17953667953668
2668	-0.17953667953668
2669	-0.152509652509653
2670	-0.206563706563706
2671	-0.233590733590734
2672	-0.135135135135135
2673	-0.243243243243243
2674	-0.413127413127413
2675	-0.457528957528958
2676	-0.511583011583011
2677	-0.538610038610039
2678	-0.484555984555984
2679	-0.538610038610039
2680	-0.538610038610039
2681	-0.511583011583011
2682	-0.538610038610039
2683	-0.494208494208494
2684	-0.521235521235521
2685	-0.521235521235521
2686	-0.467181467181467
2687	-0.494208494208494
2688	-0.548262548262548
2689	-0.503861003861004
2690	-0.486486486486487
2691	-0.540540540540541
2692	-0.503861003861004
2693	-0.557915057915058
2694	-0.584942084942085
2695	-0.540540540540541
2696	-0.638996138996139
2697	-0.584942084942085
2698	-0.656370656370656
2699	-0.853281853281853
2715	-0.447876447876448
2716	-0.474903474903475
2717	-0.305019305019305
2718	-0.393822393822394
2719	-0.322393822393822
2720	-0.322393822393822
2721	-0.295366795366795
2722	-0.241312741312741
2723	-0.187258687258687
2724	-0.0617760617760617
2725	-0.0521235521235521
2726	-0.0965250965250966
2727	-0.0154440154440153
2728	0.0289575289575289
2729	0.0559845559845561
2730	0.137065637065637
2731	0.0926640926640927
2732	0.11969111969112
2733	0.0926640926640927
2734	0.0656370656370657
2735	0.11003861003861
2736	0.083011583011583
2737	0.181467181467181
2738	0.225868725868726
2739	0.198841698841699
2740	0.198841698841699
2741	0.171814671814672
2742	0.171814671814672
2743	0.0907335907335908
2744	-0.0347490347490348
2745	-0.0521235521235521
2746	-0.133204633204633
2747	-0.187258687258687
2748	-0.241312741312741
2749	-0.0984555984555984
2750	-0.0984555984555984
2751	-0.16988416988417
2752	-0.142857142857143
2753	-0.33976833976834
2754	-0.241312741312741
2762	-0.268339768339768
2763	-0.268339768339768
2764	-0.366795366795367
2765	-0.420849420849421
2766	-0.420849420849421
2767	-0.420849420849421
2768	-0.295366795366795
2769	-0.295366795366795
2770	-0.322393822393822
2771	-0.33976833976834
2772	-0.312741312741313
2779	-0.393822393822394
2780	-0.393822393822394
2781	-0.393822393822394
2782	-0.366795366795367
2783	-0.312741312741313
2794	-0.484555984555984
2795	-0.538610038610039
2796	-0.538610038610039
2797	-0.583011583011583
2812	-0.664092664092664
2818	-0.853281853281853
2819	-0.781853281853282
2820	-0.808880308880309
2821	-0.799227799227799
2822	-0.799227799227799
2823	-0.691119691119691
2835	-0.583011583011583
2836	-0.583011583011583
2837	-0.555984555984556
2847	-0.501930501930502
2850	-0.393822393822394
2851	-0.349420849420849
2852	-0.295366795366795
2853	-0.223938223938224
2854	-0.241312741312741
2855	-0.285714285714286
2856	-0.312741312741313
2857	-0.33976833976834
2858	-0.366795366795367
2859	-0.322393822393822
2860	-0.295366795366795
2861	-0.349420849420849
2862	-0.430501930501931
2863	-0.403474903474904
2864	-0.474903474903475
2865	-0.349420849420849
2866	-0.420849420849421
2867	-0.528957528957529
2884	-0.799227799227799
2885	-0.826254826254826
2904	-0.61003861003861
2905	-0.511583011583011
2906	-0.403474903474904
2907	-0.430501930501931
2908	-0.403474903474904
2909	-0.403474903474904
2910	-0.376447876447877
2911	-0.349420849420849
2912	-0.250965250965251
2913	-0.223938223938224
2914	-0.142857142857143
2915	-0.142857142857143
2916	-0.115830115830116
2917	-0.106177606177606
2918	-0.16023166023166
2919	-0.231660231660232
2923	-0.258687258687259
2924	-0.312741312741313
2925	-0.258687258687259
2926	-0.285714285714286
2927	-0.312741312741313
2928	-0.33976833976834
2929	-0.312741312741313
2930	-0.33976833976834
2931	-0.285714285714286
2932	-0.214285714285714
2933	-0.16023166023166
2934	-0.16023166023166
2935	-0.16023166023166
2974	-0.258687258687259
2975	-0.285714285714286
2976	-0.312741312741313
2977	-0.322393822393822
2978	-0.376447876447877
2979	-0.359073359073359
2980	-0.233590733590734
2981	-0.277992277992278
2982	-0.332046332046332
2983	-0.332046332046332
2984	-0.332046332046332
2985	-0.250965250965251
2986	-0.206563706563706
2987	-0.152509652509653
2988	-0.17953667953668
2989	-0.17953667953668
2990	-0.233590733590734
2991	-0.233590733590734
2992	-0.260617760617761
2993	-0.233590733590734
2994	-0.162162162162162
2995	-0.206563706563706
2996	-0.17953667953668
2997	-0.17953667953668
2998	-0.17953667953668
2999	-0.0540540540540542
3000	-0.108108108108108
3001	-0.17953667953668
3002	-0.206563706563706
3003	-0.277992277992278
3004	-0.250965250965251
3005	-0.349420849420849
3006	-0.277992277992278
3007	-0.305019305019305
3008	-0.332046332046332
3009	-0.260617760617761
3010	-0.260617760617761
3011	-0.260617760617761
3012	-0.287644787644788
3013	-0.277992277992278
3014	-0.295366795366795
3015	-0.33976833976834
3026	-0.258687258687259
3027	-0.285714285714286
3028	-0.258687258687259
3029	-0.285714285714286
3032	-0.393822393822394
3033	-0.393822393822394
3034	-0.393822393822394
3039	-0.312741312741313
3040	-0.312741312741313
3071	0.0656370656370657
3072	0.0926640926640927
3073	0.0656370656370657
3074	0.0656370656370657
3076	0.0386100386100385
3077	0.0386100386100385
3078	0.0386100386100385
3079	0.0656370656370657
3080	0.0926640926640927
3081	0.0926640926640927
3082	0.11969111969112
3086	0.0926640926640927
3087	0.0926640926640927
3088	0.0656370656370657
3089	0.0115830115830116
3090	-0.0154440154440153
3091	0.0115830115830116
3092	-0.0154440154440153
3093	0.0386100386100385
3094	0.164092664092664
3096	0.0926640926640927
3097	0.11969111969112
3098	0.146718146718147
3099	0.191119691119691
3100	0.164092664092664
3101	0.0656370656370657
3102	0.11969111969112
3118	0.200772200772201
3119	0.227799227799228
3120	0.227799227799228
3121	0.254826254826255
3131	0.227799227799228
3135	0.326254826254826
3136	0.254826254826255
3137	0.200772200772201
3138	0.173745173745174
3139	0.146718146718147
3140	0.146718146718147
3141	0.146718146718147
3142	0.173745173745174
3143	0.173745173745174
3144	0.173745173745174
3149	0.173745173745174
3150	0.173745173745174
3189	0.335907335907336
3190	0.335907335907336
3191	0.362934362934363
3193	0.416988416988417
3194	0.38996138996139
3195	0.38996138996139
3196	0.38996138996139
3197	0.362934362934363
3198	0.362934362934363
3199	0.362934362934363
3200	0.335907335907336
3214	0.38030888030888
3215	0.308880308880309
3222	0.281853281853282
3225	0.227799227799228
3226	0.343629343629344
3227	0.343629343629344
3228	0.370656370656371
3229	0.299227799227799
3230	0.326254826254826
3231	0.299227799227799
3232	0.343629343629344
3233	0.415057915057915
3234	0.333976833976834
3235	0.333976833976834
3236	0.333976833976834
3237	0.333976833976834
3238	0.262548262548263
3239	0.208494208494209
3240	0.333976833976834
3241	0.405405405405405
3242	0.378378378378378
3243	0.27027027027027
3244	0.27027027027027
3245	0.27027027027027
3246	0.216216216216216
3247	0.27027027027027
3248	0.27027027027027
3249	0.27027027027027
3302	0.227799227799228
3303	0.281853281853282
3304	0.254826254826255
3305	0.227799227799228
3306	0.227799227799228
3307	0.200772200772201
3308	0.28957528957529
3309	0.235521235521236
3310	0.316602316602317
3311	0.316602316602317
3312	0.333976833976834
3313	0.333976833976834
3314	0.306949806949807
3315	0.378378378378378
3316	0.351351351351351
3317	0.422779922779923
3318	0.341698841698842
3319	0.341698841698842
3320	0.368725868725869
3321	0.386100386100386
3322	0.341698841698842
3323	0.341698841698842
3324	0.44015444015444
3325	0.44015444015444
3326	0.467181467181467
3327	0.511583011583012
3328	0.314671814671815
3329	0.314671814671815
3330	0.287644787644788
3331	0.260617760617761
3332	0.260617760617761
3333	0.287644787644788
3334	0.233590733590734
3335	0.0463320463320464
3336	0.0637065637065637
3337	0.0637065637065637
3338	-0.133204633204633
3339	-0.133204633204633
3340	-0.106177606177606
3341	-0.106177606177606
3342	-0.16023166023166
3343	-0.133204633204633
3487	-0.366795366795367
3488	-0.393822393822394
3500	-0.664092664092664
3501	-0.691119691119691
3502	-0.664092664092664
3503	-0.583011583011583
3504	-0.61003861003861
3505	-0.61003861003861
3506	-0.61003861003861
3507	-0.583011583011583
3510	-0.664092664092664
3514	-0.583011583011583
3515	-0.583011583011583
3516	-0.457528957528958
3517	-0.386100386100386
3518	-0.260617760617761
3519	-0.162162162162162
3520	-0.0366795366795367
3521	-0.0366795366795367
3522	-0.117760617760618
3523	-0.117760617760618
3524	-0.171814671814672
3525	-0.225868725868726
3526	-0.0733590733590734
3527	-0.0733590733590734
3528	0.00772200772200771
3529	0.00772200772200771
3530	0.00772200772200771
3531	0.0347490347490347
3532	0.16023166023166
3533	0.16023166023166
3534	0.142857142857143
3535	0.0984555984555984
3536	0
3537	-0.0444015444015444
3538	-0.0444015444015444
3539	-0.0444015444015444
3540	-0.0984555984555984
3541	-0.17953667953668
3542	-0.125482625482626
3543	-0.223938223938224
3544	-0.142857142857143
3545	-0.0714285714285714
3546	-0.115830115830116
3547	-0.16988416988417
3548	-0.16988416988417
3549	-0.027027027027027
3550	-0.125482625482626
3551	-0.250965250965251
3552	-0.322393822393822
3562	-0.393822393822394
3563	-0.33976833976834
3564	-0.366795366795367
3565	-0.33976833976834
3566	-0.420849420849421
3567	-0.420849420849421
3568	-0.447876447876448
3569	-0.305019305019305
3570	-0.359073359073359
3571	-0.287644787644788
3572	-0.216216216216216
3573	-0.243243243243243
3574	-0.171814671814672
3575	-0.198841698841699
3576	-0.144787644787645
3577	-0.0637065637065637
3578	-0.117760617760618
3579	-0.144787644787645
3580	-0.0559845559845558
3581	-0.0289575289575288
3582	-0.0830115830115827
3583	0.0424710424710426
3584	0.0424710424710426
3585	-0.1003861003861
3586	-0.127413127413127
3587	-0.0289575289575288
3588	-0.0386100386100388
3589	-0.0656370656370657
3590	-0.11969111969112
3591	-0.0752895752895753
3592	0.00579150579150567
3593	-0.11003861003861
3594	-0.11003861003861
3595	0.113899613899614
3596	0.140926640926641
3597	-0.00193050193050182
3598	-0.0463320463320465
3599	-0.1003861003861
3600	-0.154440154440154
3601	-0.0830115830115827
3602	0.0965250965250966
3603	0.0965250965250966
3604	0.0521235521235521
3605	-0.0637065637065637
3606	-0.0366795366795367
3607	-0.162162162162162
3608	-0.260617760617761
3609	-0.243243243243243
3610	-0.287644787644788
3611	-0.287644787644788
3612	-0.216216216216216
3613	-0.189189189189189
3614	-0.0637065637065637
3615	0.00772200772200771
3616	-0.0810810810810811
3617	-0.17953667953668
3618	-0.0540540540540542
3619	-0.0984555984555984
3620	-0.17953667953668
3621	-0.233590733590734
3622	-0.108108108108108
3623	-0.152509652509653
3624	-0.16988416988417
3625	-0.142857142857143
3626	-0.115830115830116
3627	-0.241312741312741
3628	-0.16988416988417
3629	-0.142857142857143
3630	-0.125482625482626
3631	-0.268339768339768
3632	-0.268339768339768
3633	-0.241312741312741
3634	-0.241312741312741
3635	-0.187258687258687
3636	-0.133204633204633
3637	-0.204633204633205
3640	-0.258687258687259
3641	-0.258687258687259
3642	-0.285714285714286
3643	-0.16023166023166
3644	-0.106177606177606
3645	-0.0694980694980695
3646	-0.0694980694980695
3647	0.00193050193050193
3648	-0.0694980694980695
3649	-0.0250965250965252
3650	-0.0965250965250966
3660	-0.0965250965250966
3661	-0.0965250965250966
3662	-0.0694980694980695
3663	-0.0154440154440153
3669	-0.0424710424710425
3670	-0.0694980694980695
3671	-0.123552123552124
3672	-0.0521235521235521
3673	-0.0521235521235521
3674	0.0193050193050194
3675	0.144787644787645
3676	0.1003861003861
3677	0.1003861003861
3678	0.127413127413128
3679	0.0289575289575289
3680	0.00193050193050193
3681	0.0733590733590734
3682	0.0193050193050194
3683	0.0463320463320464
3684	0.0733590733590734
3685	-0.0250965250965252
3686	-0.0250965250965252
3687	0.00193050193050193
3688	0.0733590733590734
3689	-0.00772200772200771
3690	0.0733590733590734
3691	0.225868725868726
3692	0.198841698841699
3693	0.171814671814672
3694	0.0733590733590734
3695	0.0463320463320464
3696	-0.0965250965250966
3697	-0.0250965250965252
3698	0.0193050193050194
3699	-0.0617760617760617
3700	-0.0347490347490348
3701	-0.00772200772200771
3702	0.117760617760618
3703	0.0907335907335908
3704	0.117760617760618
3705	0.0463320463320464
3706	0.0289575289575289
3707	0.0559845559845561
3708	-0.0154440154440153
3709	-0.0424710424710425
3710	-0.0694980694980695
3711	-0.123552123552124
3712	-0.123552123552124
3713	-0.177606177606178
3714	-0.0791505791505792
3715	0.0193050193050194
3716	-0.00772200772200771
3717	-0.0791505791505792
3718	-0.0791505791505792
3719	-0.285714285714286
3720	-0.33976833976834
3721	-0.285714285714286
3722	-0.214285714285714
3723	-0.241312741312741
3724	-0.33976833976834
3725	-0.312741312741313
3726	-0.33976833976834
3730	-0.268339768339768
3731	-0.295366795366795
3732	-0.322393822393822
3733	-0.420849420849421
3735	-0.33976833976834
3736	-0.33976833976834
3737	-0.366795366795367
3742	-0.366795366795367
3743	-0.33976833976834
3744	-0.312741312741313
3745	-0.285714285714286
3850	-0.312741312741313
3851	-0.295366795366795
3852	-0.322393822393822
3853	-0.295366795366795
3854	-0.295366795366795
3855	-0.223938223938224
3856	-0.16988416988417
3857	-0.115830115830116
3858	-0.115830115830116
3859	-0.0888030888030887
3860	-0.0617760617760617
3861	-0.133204633204633
3862	-0.0173745173745173
3863	-0.0444015444015444
3864	-0.125482625482626
3865	-0.0984555984555984
3866	-0.142857142857143
3867	-0.16988416988417
3868	-0.187258687258687
3869	-0.16023166023166
3870	-0.106177606177606
3871	-0.106177606177606
3872	-0.285714285714286
3873	-0.285714285714286
3874	-0.258687258687259
3879	-0.177606177606178
3880	-0.150579150579151
3881	-0.177606177606178
3882	-0.133204633204633
3883	-0.133204633204633
3884	-0.106177606177606
3885	-0.204633204633205
3922	-0.312741312741313
3926	-0.33976833976834
3927	-0.223938223938224
3928	-0.277992277992278
3929	-0.305019305019305
3930	-0.250965250965251
3931	-0.349420849420849
3932	-0.403474903474904
3933	-0.277992277992278
3934	-0.250965250965251
3935	-0.16988416988417
3936	-0.16988416988417
3937	-0.16988416988417
3938	-0.0984555984555984
3939	-0.152509652509653
3940	-0.0540540540540542
3941	-0.0810810810810811
3942	-0.0366795366795367
3943	-0.0637065637065637
3944	-0.0637065637065637
3945	-0.144787644787645
3946	-0.117760617760618
3947	-0.0907335907335909
3948	0.00772200772200771
3949	-0.0907335907335909
3950	-0.117760617760618
3951	0.0250965250965252
3952	-0.00193050193050182
3953	-0.0733590733590734
3954	-0.00193050193050182
3955	0.0250965250965252
3956	0.140926640926641
3957	0.0694980694980696
3958	-0.0463320463320465
3959	0.0424710424710426
3960	0.0694980694980696
3961	0.150579150579151
3962	0.177606177606178
3963	0.0617760617760617
3964	0.115830115830116
3965	0.16988416988417
3966	0.115830115830116
3967	0.0347490347490347
3968	0.0888030888030886
3969	-0.0810810810810811
3970	-0.108108108108108
3971	-0.162162162162162
3972	-0.189189189189189
3973	-0.135135135135135
3974	-0.162162162162162
3975	-0.108108108108108
3976	-0.189189189189189
3977	-0.135135135135135
3978	-0.152509652509653
3979	-0.125482625482626
3980	-0.125482625482626
3981	-0.0173745173745173
3982	0.00965250965250974
3983	0.0810810810810811
3984	0.00965250965250974
3985	0.0366795366795366
3986	-0.0347490347490348
3987	-0.177606177606178
3988	-0.150579150579151
3989	-0.177606177606178
3990	-0.177606177606178
3991	-0.231660231660232
3993	-0.258687258687259
3994	-0.258687258687259
4002	-0.231660231660232
4003	-0.106177606177606
4004	-0.0347490347490348
4005	0.00965250965250974
4006	0.00965250965250974
4007	0.0366795366795366
4008	0.0366795366795366
4009	0.0366795366795366
4010	-0.0347490347490348
4011	-0.0617760617760617
4012	-0.0521235521235521
4013	-0.0521235521235521
4014	-0.0791505791505792
4015	-0.133204633204633
4016	-0.133204633204633
4017	-0.187258687258687
4018	-0.16988416988417
4019	-0.16988416988417
4020	-0.196911196911197
4021	-0.16988416988417
4022	-0.115830115830116
4023	-0.115830115830116
4024	-0.115830115830116
4025	-0.0888030888030887
4026	-0.0617760617760617
4027	-0.0347490347490348
4028	-0.0791505791505792
4029	-0.150579150579151
4030	-0.177606177606178
4031	-0.150579150579151
4032	-0.312741312741313
4033	-0.241312741312741
4034	-0.268339768339768
4036	-0.447876447876448
4037	-0.447876447876448
4061	-0.718146718146718
4068	-0.637065637065637
4086	-0.231660231660232
4087	-0.231660231660232
4088	-0.258687258687259
4089	-0.177606177606178
4090	-0.258687258687259
4091	-0.214285714285714
4092	-0.366795366795367
4093	-0.366795366795367
4094	-0.33976833976834
4095	-0.366795366795367
4106	-0.258687258687259
4107	-0.177606177606178
4108	-0.177606177606178
4109	-0.123552123552124
4110	-0.150579150579151
4111	-0.0250965250965252
4112	-0.0791505791505792
4113	-0.0791505791505792
4114	-0.106177606177606
4115	-0.214285714285714
4116	-0.16023166023166
4117	-0.16023166023166
4118	-0.231660231660232
4119	-0.268339768339768
4120	-0.295366795366795
4128	-0.366795366795367
4129	-0.295366795366795
4130	-0.295366795366795
4131	-0.223938223938224
4132	-0.250965250965251
4133	-0.250965250965251
4134	-0.0637065637065637
4135	-0.0637065637065637
4136	-0.0907335907335909
4137	-0.0366795366795367
4138	-0.027027027027027
4139	-0.0540540540540542
4140	-0.152509652509653
4141	-0.108108108108108
4142	-0.17953667953668
4143	-0.17953667953668
4144	-0.152509652509653
4145	-0.287644787644788
4146	-0.314671814671815
4147	-0.359073359073359
4148	-0.277992277992278
4149	-0.305019305019305
4150	-0.305019305019305
4151	-0.322393822393822
4152	-0.332046332046332
4153	-0.162162162162162
4154	-0.0907335907335909
4155	-0.0810810810810811
4156	-0.0540540540540542
4157	-0.027027027027027
4158	-0.027027027027027
4159	-0.0984555984555984
4160	-0.027027027027027
4161	-0.0810810810810811
4162	-0.0810810810810811
4163	-0.125482625482626
4164	-0.16988416988417
4165	-0.241312741312741
4166	-0.366795366795367
4167	-0.366795366795367
4168	-0.420849420849421
4169	-0.420849420849421
4278	-0.312741312741313
4279	-0.231660231660232
4280	-0.258687258687259
4282	-0.258687258687259
4283	-0.204633204633205
4284	-0.0617760617760617
4285	0.00965250965250974
4286	-0.0444015444015444
4287	-0.0888030888030887
4288	-0.142857142857143
4289	-0.0444015444015444
4290	-0.0714285714285714
4291	-0.223938223938224
4292	-0.376447876447877
4293	-0.376447876447877
4294	-0.322393822393822
4295	-0.17953667953668
4296	-0.206563706563706
4297	-0.152509652509653
4298	0
4299	0
4300	0.0714285714285714
4301	0.179536679536679
4302	0.135135135135135
4303	0.108108108108108
4304	0.0366795366795366
4305	0.108108108108108
4306	0.0810810810810811
4307	0.027027027027027
4308	0.0714285714285714
4309	0.0173745173745172
4310	0.0888030888030886
4311	0.0617760617760617
4312	0.0888030888030886
4313	0.0617760617760617
4314	-0.117760617760618
4315	-0.216216216216216
4316	-0.287644787644788
4317	-0.216216216216216
4318	-0.287644787644788
4319	-0.287644787644788
4320	-0.538610038610039
4321	-0.61003861003861
4322	-0.555984555984556
4323	-0.484555984555984
4324	-0.413127413127413
4325	-0.521235521235521
4326	-0.494208494208494
4327	-0.386100386100386
4328	-0.305019305019305
4329	-0.305019305019305
4330	-0.260617760617761
4331	-0.376447876447877
4332	-0.305019305019305
4333	-0.332046332046332
4334	-0.457528957528958
4335	-0.457528957528958
4336	-0.528957528957529
4337	-0.555984555984556
4338	-0.583011583011583
4339	-0.467181467181467
4340	-0.494208494208494
4341	-0.494208494208494
4342	-0.521235521235521
4343	-0.44015444015444
4344	-0.467181467181467
4345	-0.457528957528958
4346	-0.501930501930502
4347	-0.528957528957529
4348	-0.501930501930502
4349	-0.474903474903475
4350	-0.376447876447877
4351	-0.403474903474904
4352	-0.332046332046332
4353	-0.457528957528958
4354	-0.511583011583011
4355	-0.565637065637066
4356	-0.386100386100386
4357	-0.314671814671815
4358	-0.368725868725869
4359	-0.44980694980695
4360	-0.575289575289575
4361	-0.467181467181467
4362	-0.467181467181467
4363	-0.521235521235521
4364	-0.629343629343629
4365	-0.71042471042471
4366	-0.764478764478765
4367	-0.693050193050193
4368	-0.774131274131274
4369	-0.801158301158301
4370	-0.774131274131274
4371	-0.855212355212355
4372	-0.837837837837838
4373	-0.810810810810811
4374	-0.756756756756757
4375	-0.845559845559846
4376	-0.764478764478765
4377	-0.862934362934363
4378	-0.862934362934363
4379	-0.791505791505791
4380	-0.835907335907336
4381	-0.862934362934363
4382	-0.747104247104247
4383	-0.604247104247104
4384	-0.685328185328185
4385	-0.766409266409266
4386	-0.712355212355213
4387	-0.658301158301158
4388	-0.72972972972973
4389	-0.648648648648649
4390	-0.55019305019305
4391	-0.496138996138996
4392	-0.567567567567568
4393	-0.638996138996139
4394	-0.594594594594595
4395	-0.540540540540541
4396	-0.513513513513514
4397	-0.638996138996139
4398	-0.666023166023166
4399	-0.693050193050193
4400	-0.611969111969112
4401	-0.459459459459459
4402	-0.44980694980695
4403	-0.575289575289575
4404	-0.538610038610039
4405	-0.511583011583011
4406	-0.538610038610039
4407	-0.430501930501931
4408	-0.474903474903475
4409	-0.501930501930502
4410	-0.501930501930502
4411	-0.474903474903475
4412	-0.403474903474904
4413	-0.403474903474904
4414	-0.349420849420849
4415	-0.376447876447877
4416	-0.295366795366795
4417	-0.322393822393822
4458	-0.484555984555984
4459	-0.511583011583011
4460	-0.538610038610039
4461	-0.44015444015444
4462	-0.324324324324325
4463	-0.324324324324325
4464	-0.378378378378378
4465	-0.225868725868726
4466	-0.359073359073359
4467	-0.430501930501931
4468	-0.403474903474904
4469	-0.457528957528958
4470	-0.376447876447877
4471	-0.420849420849421
4472	-0.420849420849421
4473	-0.403474903474904
4474	-0.349420849420849
4475	-0.393822393822394
4480	-0.312741312741313
4481	-0.312741312741313
4482	-0.312741312741313
4483	-0.285714285714286
4484	-0.187258687258687
4485	-0.133204633204633
4486	-0.106177606177606
4487	-0.0791505791505792
4488	-0.0617760617760617
4489	-0.0347490347490348
4490	-0.115830115830116
4491	-0.0888030888030887
4492	-0.17953667953668
4493	-0.0540540540540542
4494	-0.349420849420849
4495	-0.376447876447877
4496	-0.332046332046332
4497	-0.403474903474904
4499	-0.447876447876448
4500	-0.366795366795367
4502	-0.420849420849421
4503	-0.420849420849421
4504	-0.420849420849421
4505	-0.366795366795367
4506	-0.420849420849421
4507	-0.420849420849421
4508	-0.393822393822394
4515	-0.555984555984556
4516	-0.583011583011583
4517	-0.555984555984556
4518	-0.555984555984556
4519	-0.511583011583011
4520	-0.637065637065637
4522	-0.583011583011583
4523	-0.555984555984556
4524	-0.528957528957529
4525	-0.501930501930502
4526	-0.447876447876448
4527	-0.447876447876448
4548	-0.204633204633205
4549	-0.177606177606178
4550	-0.150579150579151
4588	-0.528957528957529
4589	-0.528957528957529
4590	-0.555984555984556
4591	-0.528957528957529
4592	-0.474903474903475
4605	-0.420849420849421
4606	-0.349420849420849
4607	-0.277992277992278
4608	-0.305019305019305
4609	-0.277992277992278
4610	-0.376447876447877
4611	-0.376447876447877
4612	-0.295366795366795
4613	-0.250965250965251
4614	-0.206563706563706
4615	-0.17953667953668
4616	-0.250965250965251
4617	-0.223938223938224
4618	-0.17953667953668
4619	-0.223938223938224
4620	-0.268339768339768
4621	-0.142857142857143
4622	-0.196911196911197
4623	-0.196911196911197
4624	-0.196911196911197
4625	-0.223938223938224
4626	-0.305019305019305
4627	-0.305019305019305
4628	-0.305019305019305
4629	-0.332046332046332
4630	-0.260617760617761
4631	-0.305019305019305
4632	-0.305019305019305
4633	-0.250965250965251
4634	-0.196911196911197
4635	-0.223938223938224
4636	-0.295366795366795
4637	-0.268339768339768
4638	-0.349420849420849
4639	-0.376447876447877
4640	-0.359073359073359
4641	-0.484555984555984
4642	-0.583011583011583
4658	-0.664092664092664
4659	-0.61969111969112
4660	-0.700772200772201
4661	-0.683397683397683
4662	-0.557915057915058
4663	-0.567567567567568
4664	-0.523166023166023
4665	-0.613899613899614
4666	-0.658301158301158
4667	-0.722007722007722
4668	-0.749034749034749
4669	-0.687258687258687
4670	-0.741312741312741
4671	-0.714285714285714
4672	-0.741312741312741
4673	-0.714285714285714
4674	-0.633204633204633
4675	-0.463320463320463
4676	-0.480694980694981
4677	-0.480694980694981
4678	-0.480694980694981
4679	-0.507722007722008
4680	-0.480694980694981
4681	-0.409266409266409
4682	-0.382239382239382
4683	-0.382239382239382
4684	-0.436293436293436
4685	-0.364864864864865
4686	-0.222007722007722
4687	-0.293436293436294
4688	-0.364864864864865
4689	-0.364864864864865
4690	-0.436293436293436
4691	-0.185328185328185
4692	-0.266409266409266
4693	-0.158301158301158
4694	-0.185328185328185
4695	-0.22972972972973
4696	-0.121621621621621
4697	-0.111969111969112
4698	-0.084942084942085
4699	-0.102316602316602
4700	-0.11969111969112
4701	0.0694980694980696
4702	-0.0386100386100388
4703	0.0791505791505793
4704	0.0791505791505793
4705	0.0173745173745172
4706	-0.00965250965250974
4707	-0.0810810810810811
4708	-0.108108108108108
4709	-0.108108108108108
4710	-0.0366795366795367
4711	-0.206563706563706
4712	-0.108108108108108
4713	-0.0540540540540542
4714	-0.027027027027027
4715	0
4716	0.027027027027027
4717	-0.0173745173745173
4718	0.0540540540540541
4719	0
4720	0.152509652509653
4721	0.108108108108108
4722	-0.0617760617760617
4723	0.0810810810810811
4724	0.027027027027027
4725	0.108108108108108
4726	0.0366795366795366
4727	-0.16023166023166
4728	-0.0791505791505792
4729	-0.231660231660232
4743	-0.474903474903475
4744	-0.528957528957529
4745	-0.555984555984556
4747	-0.528957528957529
4750	-0.637065637065637
4751	-0.691119691119691
4752	-0.772200772200772
4753	-0.826254826254826
4754	-0.826254826254826
4755	-0.727799227799228
4756	-0.826254826254826
4757	-0.907335907335907
4758	-0.88030888030888
4762	-0.961389961389961
4763	-0.934362934362934
4764	-0.988416988416989
4765	-0.835907335907336
4766	-0.835907335907336
4767	-0.693050193050193
4768	-0.666023166023166
4769	-0.666023166023166
4770	-0.594594594594595
4771	-0.621621621621622
4772	-0.621621621621622
4773	-0.567567567567568
4774	-0.486486486486487
4775	-0.530888030888031
4776	-0.530888030888031
4777	-0.44980694980695
4778	-0.494208494208494
4779	-0.484555984555984
4780	-0.403474903474904
4781	-0.305019305019305
4782	-0.332046332046332
4783	-0.430501930501931
4784	-0.305019305019305
4785	-0.223938223938224
4786	-0.295366795366795
4787	-0.241312741312741
4788	-0.187258687258687
4789	-0.0617760617760617
4790	-0.133204633204633
4791	-0.150579150579151
4792	-0.0965250965250966
4793	-0.0154440154440153
4794	0.0115830115830116
4795	0.0115830115830116
4802	0.0926640926640927
4821	-0.231660231660232
4822	-0.33976833976834
4823	-0.393822393822394
4824	-0.420849420849421
4826	-0.528957528957529
4827	-0.528957528957529
4828	-0.555984555984556
4829	-0.555984555984556
4830	-0.583011583011583
4831	-0.592664092664093
4832	-0.61969111969112
4833	-0.673745173745174
4834	-0.646718146718147
4835	-0.575289575289575
4836	-0.602316602316602
4837	-0.673745173745174
4851	-0.673745173745174
4852	-0.521235521235521
4853	-0.575289575289575
4854	-0.61969111969112
4855	-0.521235521235521
4856	-0.664092664092664
4873	-0.691119691119691
4874	-0.691119691119691
4875	-0.664092664092664
4876	-0.691119691119691
4877	-0.691119691119691
4878	-0.718146718146718
4879	-0.718146718146718
4880	-0.772200772200772
4881	-0.799227799227799
4882	-0.934362934362934
4883	-0.907335907335907
4884	-0.907335907335907
4885	-0.835907335907336
4886	-0.835907335907336
4887	-0.88030888030888
4911	-0.420849420849421
4912	-0.501930501930502
4913	-0.474903474903475
4914	-0.474903474903475
4915	-0.501930501930502
4916	-0.447876447876448
4917	-0.420849420849421
4918	-0.312741312741313
4919	-0.33976833976834
4920	-0.312741312741313
4925	-0.501930501930502
4926	-0.33976833976834
4927	-0.33976833976834
4928	-0.322393822393822
4929	-0.420849420849421
4930	-0.376447876447877
4931	-0.393822393822394
4932	-0.420849420849421
4933	-0.447876447876448
4934	-0.447876447876448
4935	-0.474903474903475
4936	-0.501930501930502
4937	-0.501930501930502
4938	-0.555984555984556
4939	-0.555984555984556
4940	-0.555984555984556
4943	-0.583011583011583
4944	-0.583011583011583
4946	-0.484555984555984
4947	-0.664092664092664
4948	-0.583011583011583
4949	-0.511583011583011
4950	-0.565637065637066
4951	-0.592664092664093
4952	-0.521235521235521
4953	-0.521235521235521
4954	-0.324324324324325
4955	-0.154440154440154
4956	-0.0830115830115827
4957	-0.0559845559845558
4958	-0.0289575289575288
4959	0.113899613899614
4960	0.0694980694980696
4961	0.0250965250965252
4962	-0.00193050193050182
4963	0.0521235521235521
4964	0.0347490347490347
4965	0.0347490347490347
4966	-0.00965250965250974
4967	-0.00965250965250974
4968	0.0173745173745172
4969	-0.027027027027027
4970	-0.027027027027027
4971	0
4972	0.027027027027027
4973	-0.027027027027027
4974	0
4975	0
4976	0
4977	-0.027027027027027
4978	0
4979	-0.115830115830116
4980	-0.0984555984555984
4981	-0.027027027027027
4982	-0.241312741312741
4983	-0.133204633204633
4984	-0.187258687258687
4985	-0.16023166023166
4986	-0.106177606177606
4987	-0.0250965250965252
4988	-0.0250965250965252
4989	0.00193050193050193
5006	-0.258687258687259
5007	-0.312741312741313
5008	-0.322393822393822
5009	-0.268339768339768
5010	-0.125482625482626
5011	-0.027027027027027
5012	0.0714285714285714
5013	0.0984555984555984
5014	0.0984555984555984
5015	0.0444015444015444
5016	-0.108108108108108
5017	-0.162162162162162
5018	-0.0637065637065637
5019	-0.0907335907335909
5020	-0.0637065637065637
5021	0.0521235521235521
5022	0.123552123552124
5023	0.194980694980695
5024	0.150579150579151
5025	0.123552123552124
5026	0.409266409266409
5027	0.382239382239382
5028	0.337837837837838
5029	0.239382239382239
5030	0.239382239382239
5031	0.239382239382239
5032	0.249034749034749
5033	0.347490347490347
5034	0.374517374517374
5035	0.401544401544402
5036	0.428571428571429
5037	0.347490347490347
5038	0.401544401544402
5039	0.249034749034749
5040	0.177606177606178
5041	0.123552123552124
5042	0.0694980694980696
5043	0.194980694980695
5044	0.204633204633205
5045	0.204633204633205
5046	0.0617760617760617
5047	-0.0637065637065637
5048	-0.0637065637065637
5049	0.00772200772200771
5050	0.00772200772200771
5051	0.231660231660232
5052	0.33976833976834
5053	0.393822393822394
5054	0.349420849420849
5055	0.349420849420849
5056	0.403474903474904
5057	0.260617760617761
5058	0.216216216216216
5059	0.117760617760618
5060	0.189189189189189
5061	0.287644787644788
5062	0.0733590733590734
5063	0.0733590733590734
5064	0.0463320463320464
5065	-0.0347490347490348
5066	0.00965250965250974
5067	0.0637065637065637
5068	0.0907335907335908
5069	-0.00772200772200771
5070	0.108108108108108
5071	0.0540540540540541
5072	0
5073	0.0810810810810811
5074	0.0540540540540541
5075	0.135135135135135
5076	0.108108108108108
5077	0.206563706563706
5078	0.277992277992278
5079	0.277992277992278
5080	0.465250965250965
5081	0.411196911196911
5082	0.411196911196911
5083	0.50965250965251
5084	0.455598455598456
5085	0.411196911196911
5086	0.482625482625483
5087	0.411196911196911
5088	0.411196911196911
5089	0.285714285714286
5090	0.231660231660232
5091	0.258687258687259
5092	0.258687258687259
5093	0.16023166023166
5094	0.133204633204633
5095	0.177606177606178
5096	0.0791505791505793
5097	-0.0193050193050195
5098	-0.0637065637065637
5099	-0.0366795366795367
5100	-0.00965250965250974
5101	0.0444015444015444
5102	-0.0540540540540542
5103	-0.00965250965250974
5104	0.0347490347490347
5105	0.0888030888030886
5106	-0.0540540540540542
5107	0.0984555984555984
5108	0.0984555984555984
5109	0.0984555984555984
5110	0.0444015444015444
5111	-0.00965250965250974
5112	-0.0366795366795367
5113	-0.0810810810810811
5114	-0.16988416988417
5115	-0.241312741312741
5152	-0.393822393822394
5153	-0.366795366795367
5154	-0.420849420849421
5157	-0.420849420849421
5158	-0.420849420849421
5159	-0.376447876447877
5160	-0.349420849420849
5161	-0.349420849420849
5162	-0.214285714285714
5163	-0.142857142857143
5164	-0.115830115830116
5165	-0.142857142857143
5166	-0.142857142857143
5167	-0.16988416988417
5168	0
5169	0.0984555984555984
5170	0.115830115830116
5171	0.268339768339768
5172	0.411196911196911
5173	0.50965250965251
5174	0.554054054054054
5175	0.527027027027027
5176	0.527027027027027
5177	0.723938223938224
5178	0.822393822393822
5179	0.920849420849421
5180	0.893822393822394
5181	0.920849420849421
5182	0.893822393822394
5183	0.849420849420849
5184	0.822393822393822
5185	0.768339768339768
5186	0.714285714285714
5187	0.768339768339768
5188	0.750965250965251
5189	0.696911196911197
5190	0.750965250965251
5191	0.696911196911197
5192	0.696911196911197
5193	0.625482625482625
5194	0.625482625482625
5195	0.554054054054054
5196	0.581081081081081
5197	0.5
5198	0.642857142857143
5199	0.534749034749035
5200	0.463320463320463
5201	0.436293436293436
5202	0.382239382239382
5203	0.382239382239382
5204	0.266409266409266
5205	0.194980694980695
5206	0.0694980694980696
5207	0.167953667953668
5208	0.0250965250965252
5209	0.0250965250965252
5210	0.00772200772200771
5211	0.0347490347490347
5212	0.00772200772200771
5213	-0.189189189189189
5214	-0.260617760617761
5215	-0.305019305019305
5216	-0.250965250965251
5217	-0.376447876447877
5218	-0.447876447876448
5219	-0.447876447876448
5222	-0.366795366795367
5223	-0.420849420849421
5224	-0.474903474903475
5225	-0.403474903474904
5226	-0.430501930501931
5227	-0.457528957528958
5228	-0.457528957528958
5229	-0.403474903474904
5230	-0.457528957528958
5231	-0.565637065637066
5232	-0.548262548262548
5233	-0.592664092664093
5238	-0.799227799227799
5239	-0.772200772200772
5240	-0.907335907335907
5241	-0.934362934362934
5242	-0.862934362934363
5243	-0.916988416988417
5244	-0.971042471042471
5245	-1.04247104247104
5246	-1.07915057915058
5247	-1.13320463320463
5248	-1.07915057915058
5249	-1.05212355212355
5250	-1.07915057915058
5251	-1.07915057915058
5252	-1.13320463320463
5253	-1.13320463320463
5254	-1.21428571428571
5255	-1.2953667953668
5256	-1.17953667953668
5257	-1.20656370656371
5258	-1.22393822393822
5259	-1.26833976833977
5260	-1.36679536679537
5266	-1.31274131274131
5267	-1.08880308880309
5268	-1.21428571428571
5269	-1.16988416988417
5270	-0.901544401544402
5271	-0.847490347490348
5272	-0.83011583011583
5273	-0.731660231660232
5274	-0.803088803088803
5275	-0.83011583011583
5276	-0.650579150579151
5277	-0.507722007722008
5278	-0.498069498069498
5279	-0.515444015444015
5280	-0.318532818532818
5281	-0.436293436293436
5282	-0.453667953667954
5283	-0.355212355212355
5284	-0.355212355212355
5285	-0.337837837837837
5286	-0.337837837837837
5287	-0.418918918918919
5288	-0.32046332046332
5289	-0.266409266409266
5290	-0.266409266409266
5291	-0.32046332046332
5292	-0.436293436293436
5293	-0.49034749034749
5294	-0.517374517374517
5295	-0.571428571428571
5296	-0.517374517374517
5297	-0.472972972972973
5298	-0.258687258687259
5299	-0.231660231660232
5300	-0.204633204633205
5301	-0.133204633204633
5302	-0.285714285714286
5303	-0.455598455598456
5304	-0.374517374517375
5305	-0.204633204633205
5306	-0.482625482625483
5307	-0.428571428571429
5308	-0.455598455598456
5309	-0.536679536679537
5310	-0.617760617760618
5311	-0.546332046332047
5312	-0.752895752895753
5313	-1.003861003861
5314	-1.11196911196911
5315	-1.23745173745174
5316	-1.35328185328185
5317	-1.24517374517374
5318	-1.32625482625483
5319	-1.32625482625483
5320	-1.48841698841699
5321	-1.53281853281853
5322	-1.48841698841699
5323	-1.38030888030888
5324	-1.42471042471042
5325	-1.47876447876448
5326	-1.42471042471042
5327	-1.34362934362934
5328	-1.24517374517374
5329	-1.16409266409266
5330	-1.13706563706564
5331	-0.967181467181467
5332	-0.994208494208494
5333	-1.06563706563707
5334	-1.08301158301158
5335	-1.16409266409266
5336	-1.27220077220077
5337	-1.34362934362934
5338	-1.21814671814672
5339	-1.09266409266409
5340	-0.94980694980695
5341	-1.11969111969112
5342	-1.02895752895753
5343	-1.05598455598456
5344	-0.947876447876448
5345	-0.822393822393823
5346	-0.758687258687259
5347	-0.803088803088803
5348	-0.667953667953668
5349	-0.416988416988417
5350	-0.237451737451737
5351	-0.21042471042471
5352	-0.21042471042471
5353	-0.22007722007722
5354	-0.138996138996139
5355	-0.291505791505791
5356	-0.111969111969112
5357	-0.0231660231660231
5358	0.00386100386100385
5359	0.191119691119691
5360	0.218146718146718
5361	0.191119691119691
5362	0.191119691119691
5363	0.191119691119691
5364	-0.0694980694980696
5365	-0.177606177606177
5366	-0.231660231660232
5367	-0.303088803088803
5368	-0.33011583011583
5369	-0.411196911196911
5370	-0.411196911196911
5371	-0.384169884169884
5372	-0.231660231660232
5373	-0.204633204633205
5374	-0.231660231660232
5375	-0.106177606177606
5376	-0.303088803088803
5377	-0.0617760617760619
5378	-0.0888030888030888
5379	-0.142857142857143
5380	-0.223938223938224
5381	-0.528957528957529
5382	-0.718146718146718
5383	-0.754826254826255
5384	-0.656370656370656
5385	-0.853281853281853
5386	-1.11389961389961
5387	-1.16795366795367
5388	-1.14092664092664
5389	-1.2027027027027
5390	-1.1042471042471
5391	-0.907335907335908
5392	-0.951737451737452
5393	-1.09459459459459
5394	-1.09459459459459
5395	-1.31853281853282
5396	-1.3996138996139
5397	-1.3011583011583
5398	-1.3011583011583
5399	-1.3011583011583
5400	-1.02316602316602
5401	-0.799227799227799
5402	-0.772200772200772
5403	-0.843629343629344
5404	-0.745173745173745
5405	-0.637065637065637
5406	-0.735521235521236
5407	-0.565637065637066
5408	-0.511583011583012
5409	-0.646718146718147
5410	-0.548262548262548
5411	-0.754826254826255
5412	-0.727799227799228
5413	-0.843629343629344
5414	-0.897683397683398
5415	-0.870656370656371
5416	-0.861003861003861
5417	-0.654440154440155
5418	-0.492277992277992
5419	-0.590733590733591
5420	-0.689189189189189
5421	-0.662162162162162
5422	-0.5
5423	-0.472972972972973
5424	-0.50965250965251
5425	-0.384169884169884
5426	-0.428571428571429
5427	-0.517374517374517
5428	-0.625482625482625
5429	-0.472972972972973
5430	-0.571428571428571
5431	-0.517374517374517
5432	-0.436293436293436
5433	-0.409266409266409
5434	-0.355212355212355
5435	-0.256756756756756
5436	-0.274131274131274
5437	-0.362934362934363
5438	-0.318532818532818
5439	-0.175675675675675
5440	-0.0772200772200773
5441	-0.0328185328185329
5442	-0.00579150579150589
5443	-0.202702702702703
5444	-0.328185328185328
5445	-0.301158301158301
5446	-0.498069498069498
5447	-0.461389961389961
5448	-0.416988416988417
5449	-0.532818532818533
5450	-0.335907335907336
5451	-0.21042471042471
5452	-0.21042471042471
5453	-0.308880308880309
5454	-0.21042471042471
5455	-0.00386100386100385
5456	-0.0135135135135134
5457	0.0675675675675678
5458	0.040540540540541
5459	0.0135135135135136
5460	-0.0308880308880306
5461	-0.084942084942085
5462	-0.138996138996139
5463	-0.247104247104247
5464	-0.138996138996139
5465	-0.237451737451737
5466	-0.21042471042471
5467	-0.281853281853282
5468	-0.335907335907336
5469	-0.362934362934363
5470	-0.444015444015444
5471	-0.471042471042471
5472	-0.56949806949807
5473	-0.596525096525097
5474	-0.694980694980695
5475	-0.640926640926641
5476	-0.810810810810811
5477	-0.766409266409266
5478	-0.766409266409266
5479	-0.623552123552123
5480	-0.623552123552123
5481	-0.453667953667954
5482	-0.345559845559846
5483	-0.345559845559846
5484	-0.291505791505791
5485	-0.318532818532818
5486	-0.461389961389961
5487	-0.586872586872587
5488	-0.586872586872587
5489	-0.532818532818533
5490	-0.532818532818533
5491	-0.712355212355213
5492	-0.55984555984556
5493	-0.586872586872587
5494	-0.55984555984556
5495	-0.478764478764479
5496	-0.424710424710425
5497	-0.469111969111969
5498	-0.397683397683398
5499	-0.343629343629344
5500	-0.343629343629344
5501	-0.370656370656371
5502	-0.370656370656371
5503	-0.272200772200772
5504	-0.218146718146718
5505	-0.28957528957529
5506	-0.28957528957529
5507	-0.442084942084942
5508	-0.469111969111969
5509	-0.442084942084942
5510	-0.370656370656371
5511	-0.496138996138996
5512	-0.451737451737452
5513	-0.469111969111969
5514	-0.469111969111969
5515	-0.557915057915058
5516	-0.459459459459459
5517	-0.548262548262548
5518	-0.476833976833977
5519	-0.476833976833977
5520	-0.521235521235521
5521	-0.476833976833977
5522	-0.476833976833977
5523	-0.351351351351352
5524	-0.405405405405405
5525	-0.405405405405405
5526	-0.557915057915058
5527	-0.584942084942085
5528	-0.781853281853282
5529	-0.835907335907336
5530	-0.737451737451737
5531	-0.899613899613899
5532	-0.899613899613899
5533	-0.72972972972973
5534	-0.774131274131274
5535	-0.72972972972973
5536	-0.631274131274131
5537	-0.577220077220077
5538	-0.577220077220077
5539	-0.577220077220077
5540	-0.577220077220077
5541	-0.532818532818533
5542	-0.55984555984556
5543	-0.424710424710425
5544	-0.424710424710425
5545	-0.451737451737452
5546	-0.397683397683398
5547	-0.415057915057915
5548	-0.432432432432432
5549	-0.459459459459459
5550	-0.584942084942085
5551	-0.442084942084942
5552	-0.469111969111969
5553	-0.397683397683398
5554	-0.469111969111969
5555	-0.496138996138996
5556	-0.353281853281853
5557	-0.227799227799228
5558	-0.200772200772201
5559	-0.38030888030888
5560	-0.353281853281853
5561	-0.335907335907336
5562	-0.281853281853282
5563	-0.146718146718147
5564	-0.0212355212355211
5565	0.0328185328185326
5566	0.104247104247104
5567	0.212355212355212
5568	0.212355212355212
5569	0.212355212355212
5570	0.239382239382239
5571	0.347490347490347
5572	0.374517374517374
5573	0.32046332046332
5574	0.32046332046332
5575	0.113899613899614
5576	0.086872586872587
5577	0.0154440154440156
5578	0.0694980694980696
5579	0.0154440154440156
5580	0.0424710424710426
5581	0.0772200772200771
5582	0.0231660231660231
5583	0.0135135135135136
5584	0.183397683397684
5585	0.111969111969112
5586	0.0579150579150578
5587	-0.0405405405405403
5588	-0.084942084942085
5589	-0.156370656370656
5590	-0.111969111969112
5591	-0.084942084942085
5592	-0.281853281853282
5593	-0.451737451737452
5594	-0.434362934362934
5595	-0.407335907335907
5596	-0.281853281853282
5597	-0.326254826254826
5598	-0.299227799227799
5599	-0.326254826254826
5600	-0.335907335907336
5601	-0.345559845559846
5602	-0.328185328185328
5603	-0.310810810810811
5604	-0.364864864864865
5605	-0.49034749034749
5606	-0.517374517374517
5607	-0.527027027027027
5608	-0.554054054054054
5609	-0.554054054054054
5610	-0.527027027027027
5611	-0.347490347490348
5612	-0.303088803088803
5613	-0.204633204633205
5614	-0.204633204633205
5615	-0.00772200772200771
5616	-0.0617760617760619
5617	-0.0521235521235519
5618	-0.123552123552123
5619	-0.0965250965250966
5620	-0.167953667953668
5621	-0.194980694980695
5622	-0.0965250965250966
5623	-0.204633204633205
5624	-0.0347490347490347
5625	-0.0888030888030888
5626	-0.16023166023166
5627	-0.115830115830116
5628	-0.0444015444015444
5629	-0.0984555984555986
5630	-0.17953667953668
5631	0.0173745173745172
5632	-0.135135135135135
5633	-0.0637065637065639
5634	-0.0733590733590734
5635	-0.0463320463320467
5636	-0.144787644787645
5637	-0.0907335907335911
5638	-0.189189189189189
5639	-0.206563706563706
5640	-0.125482625482625
5641	-0.277992277992278
5642	-0.206563706563706
5643	-0.403474903474904
5644	-0.555984555984556
5645	-0.555984555984556
5646	-0.511583011583012
5647	-0.511583011583012
5648	-0.538610038610039
5649	-0.745173745173745
5650	-0.673745173745173
5651	-0.781853281853282
5652	-0.683397683397683
5653	-0.71042471042471
5654	-0.683397683397683
5655	-0.629343629343629
5656	-0.611969111969112
5657	-0.584942084942085
5658	-0.602316602316602
5659	-0.44015444015444
5660	-0.664092664092664
5661	-0.61003861003861
5662	-0.664092664092664
5663	-0.565637065637066
5664	-0.619691119691119
5665	-0.565637065637066
5666	-0.43050193050193
5667	-0.654440154440155
5668	-0.573359073359073
5669	-0.590733590733591
5670	-0.536679536679537
5671	-0.563706563706564
5672	-0.411196911196911
5673	-0.482625482625483
5674	-0.625482625482625
5675	-0.554054054054054
5676	-0.662162162162162
5677	-0.50965250965251
5678	-0.635135135135135
5679	-0.492277992277992
5680	-0.465250965250966
5681	-0.411196911196911
5682	-0.536679536679537
5683	-0.536679536679537
5684	-0.455598455598456
5685	-0.32046332046332
5686	-0.445945945945946
5687	-0.436293436293436
5688	-0.409266409266409
5689	-0.480694980694981
5690	-0.561776061776062
5691	-0.714285714285714
5692	-0.83011583011583
5693	-0.857142857142857
5694	-0.965250965250966
5695	-1.14478764478764
5696	-1.17181467181467
5697	-1.17181467181467
5698	-1.25289575289575
5699	-1.42277992277992
5700	-1.46718146718147
5701	-1.44980694980695
5702	-1.57528957528958
5703	-1.42277992277992
5704	-1.35135135135135
5705	-1.38803088803089
5706	-1.41505791505792
5707	-1.44208494208494
5708	-1.51351351351351
5709	-1.45945945945946
5710	-1.45945945945946
5711	-1.503861003861
5712	-1.35135135135135
5713	-1.30694980694981
5714	-1.16409266409266
5715	-1.25289575289575
5716	-1.25289575289575
5717	-1.41505791505792
5718	-1.28957528957529
5719	-1.24517374517374
5720	-1.31660231660232
5721	-1.3976833976834
5722	-1.27220077220077
5723	-1.22779922779923
5724	-1.2992277992278
5725	-1.2992277992278
5726	-1.14671814671815
5727	-1.14671814671815
5728	-1.17374517374517
5729	-1.07528957528958
5730	-0.967181467181467
5731	-0.859073359073359
5732	-0.662162162162162
5733	-0.797297297297297
5734	-0.77027027027027
5735	-0.743243243243243
5736	-0.77027027027027
5737	-0.841698841698842
5738	-0.841698841698842
5739	-0.994208494208494
5740	-0.994208494208494
5741	-1.07528957528958
5742	-1.17374517374517
5743	-1.17374517374517
5744	-1.35328185328185
5745	-1.33590733590734
5746	-1.21042471042471
5747	-1.34555984555985
5748	-1.38996138996139
5749	-1.38030888030888
5750	-1.46911196911197
5751	-1.38803088803089
5752	-1.33397683397683
5753	-1.22586872586873
5754	-1.1988416988417
5755	-1.26061776061776
5756	-1.31467181467181
5757	-1.28764478764479
5758	-1.35907335907336
5759	-1.5019305019305
5760	-1.58301158301158
5761	-1.58301158301158
5775	-1.17760617760618
5776	-1.25868725868726
5795	-0.754826254826255
5796	-0.700772200772201
5797	-0.646718146718147
5798	-0.727799227799228
5799	-0.71042471042471
5800	-0.611969111969112
5801	-0.666023166023166
5802	-0.557915057915058
5803	-0.503861003861004
5804	-0.557915057915058
5805	-0.503861003861004
5806	-0.432432432432432
5807	-0.432432432432432
5808	-0.486486486486487
5809	-0.503861003861004
5810	-0.548262548262548
5811	-0.521235521235521
5812	-0.511583011583011
5813	-0.484555984555984
5814	-0.430501930501931
5815	-0.430501930501931
5816	-0.403474903474904
5817	-0.206563706563706
5818	-0.0540540540540542
5819	-0.206563706563706
5820	-0.152509652509653
5821	-0.152509652509653
5822	-0.17953667953668
5823	-0.206563706563706
5824	-0.206563706563706
5825	-0.250965250965251
5826	-0.277992277992278
5827	-0.287644787644788
5828	-0.359073359073359
5829	-0.457528957528958
5830	-0.413127413127413
5831	-0.61003861003861
5832	-0.592664092664093
5833	-0.700772200772201
5834	-0.61969111969112
5835	-0.664092664092664
5838	-0.718146718146718
5839	-0.718146718146718
5840	-0.646718146718147
5841	-0.754826254826255
5842	-0.88030888030888
5843	-0.862934362934363
5844	-0.808880308880309
5845	-0.781853281853282
5846	-0.754826254826255
5847	-0.826254826254826
5848	-0.754826254826255
5849	-0.808880308880309
5850	-0.781853281853282
5851	-0.754826254826255
5852	-0.754826254826255
5945	0.245173745173745
5946	0.245173745173745
5947	0.28957528957529
5948	0.361003861003861
5949	0.388030888030888
5950	0.415057915057915
5951	0.486486486486487
5952	0.486486486486487
5953	0.486486486486487
5954	0.486486486486487
5955	0.469111969111969
5956	0.496138996138996
5957	0.469111969111969
5958	0.540540540540541
5959	0.584942084942085
5960	0.557915057915058
5961	0.530888030888031
5962	0.602316602316602
5963	0.602316602316602
5964	0.602316602316602
5965	0.61969111969112
5966	0.718146718146718
5967	0.691119691119691
5968	0.592664092664093
5969	0.664092664092664
5970	0.565637065637066
5971	0.565637065637066
5972	0.592664092664093
5973	0.664092664092664
5974	0.592664092664093
5975	0.548262548262548
5976	0.503861003861004
5977	0.395752895752896
5978	0.260617760617761
5979	0.233590733590734
5980	0.206563706563706
5981	0.0907335907335908
5982	0.0366795366795366
5983	0.00965250965250974
5984	-0.0714285714285714
5985	-0.142857142857143
5986	-0.223938223938224
5987	-0.295366795366795
5988	-0.295366795366795
5989	-0.250965250965251
5990	-0.108108108108108
5991	-0.108108108108108
5992	-0.108108108108108
5993	-0.0810810810810811
5994	-0.0540540540540542
5995	-0.0714285714285714
5996	-0.0444015444015444
5997	0.00965250965250974
5998	-0.0617760617760617
5999	-0.0617760617760617
6000	-0.0617760617760617
6001	-0.0791505791505792
6002	-0.150579150579151
6003	-0.0965250965250966
6004	-0.123552123552124
6007	-0.0694980694980695
6008	-0.0424710424710425
6012	-0.123552123552124
6013	0.0559845559845561
6014	0.191119691119691
6015	0.235521235521236
6016	0.11003861003861
6017	0.144787644787645
6018	0.086872586872587
6019	0.183397683397684
6020	0.611969111969112
6021	0.965250965250965
6022	1.1042471042471
6023	0.83011583011583
6024	0.882239382239382
6025	0.810810810810811
6026	0.640926640926641
6027	0.640926640926641
6028	0.702702702702703
6029	0.584942084942084
6030	0.513513513513513
6031	0.513513513513513
6032	0.513513513513513
6033	0.513513513513513
6034	0.513513513513513
6035	0.513513513513513
6036	0.513513513513513
6037	0.513513513513513
6038	0.513513513513513
6039	0.513513513513513
6040	0.567567567567568
6041	0.567567567567568
6042	0.594594594594594
6043	0.523166023166023
6044	0.523166023166023
6045	0.577220077220078
6046	0.577220077220078
6047	0.55984555984556
6048	0.488416988416989
6049	0.416988416988417
6050	0.416988416988417
6051	0.399613899613899
6052	0.507722007722008
6053	0.472972972972973
6054	0.513513513513514
6055	0.399613899613899
6056	0.0521235521235521
6057	-0.301158301158301
6058	-0.359073359073359
