54	-0.102564102564103
55	-0.102564102564103
56	-0.0929487179487181
57	-0.0929487179487181
58	-0.131410256410257
59	-0.131410256410257
60	-0.21474358974359
61	-0.195512820512821
62	-0.233974358974359
63	-0.16025641025641
64	-0.21474358974359
65	-0.205128205128206
66	-0.166666666666667
67	-0.102564102564103
68	-0.147435897435897
69	-0.0929487179487181
70	-0.112179487179487
71	-0.112179487179487
72	-0.121794871794872
73	-0.121794871794872
75	-0.195512820512821
76	-0.064102564102564
77	-0.166666666666667
78	-0.176282051282052
79	-0.102564102564103
80	0
81	-0.0384615384615388
82	0.0737179487179485
83	0.0641025641025639
84	0.0641025641025639
85	0.0737179487179485
86	0.0352564102564099
87	-0.0480769230769234
88	-0.112179487179487
89	-0.0929487179487181
95	-0.0448717948717949
96	-0.0737179487179487
97	0.00961538461538458
98	0.0641025641025639
99	-0.0384615384615388
100	-0.0192307692307694
101	-0.0192307692307694
102	0.0448717948717945
103	0.128205128205128
104	0.108974358974359
105	0.016025641025641
106	0.192307692307692
107	0.201923076923077
108	0.0993589743589742
109	0.0801282051282048
110	0.0801282051282048
111	0.0416666666666663
112	-0.012820512820513
113	-0.0384615384615388
114	0
115	-0.064102564102564
116	-0.147435897435897
117	-0.137820512820513
118	-0.137820512820513
119	-0.128205128205128
120	-0.137820512820513
121	-0.166666666666667
122	-0.147435897435897
123	-0.118589743589744
124	-0.118589743589744
125	-0.118589743589744
126	-0.108974358974359
127	-0.118589743589744
128	-0.128205128205128
129	-0.147435897435897
130	-0.176282051282052
194	-0.330128205128205
197	-0.378205128205128
198	-0.416666666666667
199	-0.416666666666667
200	-0.314102564102564
201	-0.102564102564103
202	-0.141025641025641
203	-0.141025641025641
204	-0.253205128205128
205	-0.160256410256411
206	0.00641025641025617
207	0.0256410256410253
208	0.128205128205128
209	0.240384615384615
210	0.259615384615384
211	0.19551282051282
212	0.214743589743589
213	0.298076923076923
214	0.243589743589743
215	0.291666666666666
216	0.291666666666666
217	0.365384615384615
218	0.375
219	0.419871794871795
220	0.336538461538461
221	0.326923076923076
222	0.336538461538461
223	0.262820512820513
224	0.32051282051282
225	0.282051282051282
226	0.301282051282051
227	0.432692307692307
228	0.618589743589743
229	0.599358974358974
230	0.69551282051282
231	0.705128205128205
232	0.733974358974359
233	0.679487179487179
234	0.791666666666666
235	0.846153846153846
236	0.788461538461538
237	0.586538461538461
238	0.653846153846154
239	0.782051282051282
240	0.762820512820513
241	0.788461538461538
242	0.631410256410256
243	0.621794871794872
244	0.509615384615384
245	0.5
246	0.451923076923076
247	0.461538461538461
248	0.451923076923076
249	0.349358974358974
250	0.467948717948718
251	0.551282051282051
252	0.551282051282051
253	0.487179487179487
254	0.57051282051282
255	0.496794871794872
256	0.516025641025641
257	0.516025641025641
258	0.554487179487179
259	0.53525641025641
260	0.516025641025641
261	0.525641025641025
262	0.442307692307692
263	0.368589743589743
264	0.211538461538461
265	0.28525641025641
266	0.266025641025641
267	0.310897435897436
268	0.272435897435897
269	0.214743589743589
270	0.150641025641025
271	0.272435897435897
272	0.365384615384615
273	0.503205128205128
274	0.743589743589743
275	0.615384615384615
276	0.644230769230769
277	0.506410256410256
278	0.516025641025641
279	0.608974358974359
280	0.637820512820512
281	0.544871794871794
282	0.628205128205128
283	0.618589743589743
284	0.618589743589743
285	0.673076923076923
286	0.53525641025641
287	0.423076923076923
288	0.403846153846154
289	0.35576923076923
290	0.262820512820513
291	0.35576923076923
292	0.346153846153846
293	0.403846153846154
294	0.384615384615384
295	0.403846153846154
296	0.506410256410256
297	0.516025641025641
298	0.525641025641025
299	0.525641025641025
300	0.554487179487179
301	0.509615384615384
302	0.362179487179487
303	0.317307692307692
304	0.375
305	0.394230769230769
306	0.403846153846154
307	0.32051282051282
308	0.163461538461538
309	-0.0032051282051283
337	-0.0705128205128206
338	-0.108974358974359
339	-0.0993589743589746
340	-0.0448717948717949
341	0.0576923076923076
342	0.0480769230769229
343	0.141025641025641
344	0.16025641025641
345	0.112179487179487
346	0.0288461538461536
347	0.0288461538461536
348	0.0929487179487178
349	0.141025641025641
350	0.141025641025641
351	0.131410256410256
352	0.198717948717948
353	0.125
354	0.32051282051282
355	0.403846153846154
356	0.413461538461538
357	0.330128205128205
358	0.330128205128205
359	0.310897435897436
360	0.256410256410256
361	0.217948717948718
362	0.198717948717948
363	0.0865384615384615
364	0.105769230769231
365	-0.0256410256410257
366	-0.0160256410256411
367	-0.0352564102564104
368	-0.137820512820513
369	-0.0256410256410257
370	-0.064102564102564
371	-0.064102564102564
372	-0.0833333333333333
373	-0.176282051282052
374	-0.0737179487179487
375	-0.0929487179487181
376	-0.0544871794871796
381	-0.108974358974359
382	-0.118589743589744
383	-0.185897435897436
384	-0.157051282051282
388	-0.205128205128206
389	-0.205128205128206
390	-0.205128205128206
395	-0.0961538461538463
396	-0.115384615384615
397	-0.105769230769231
398	-0.105769230769231
399	-0.105769230769231
400	-0.115384615384615
401	0.0256410256410253
402	-0.00320512820512842
403	0.0256410256410253
404	0.0641025641025639
405	-0.0480769230769234
406	-0.0384615384615388
407	-0.0384615384615388
408	0.00961538461538458
409	-0.0096153846153848
410	-0.064102564102564
411	-0.0544871794871796
412	0.0288461538461536
413	0.141025641025641
414	0.150641025641025
415	0.0288461538461536
416	0.0480769230769229
417	-0.0544871794871796
418	-0.0352564102564104
419	0.0416666666666665
420	-0.0320512820512823
421	0.0160256410256409
422	0.128205128205128
423	0.166666666666667
424	0.0833333333333333
425	0.102564102564102
466	-0.0032051282051283
467	0.00641025641025617
468	-0.0224358974358977
469	-0.0320512820512823
470	-0.0032051282051283
479	-0.0224358974358977
480	0.115384615384615
481	0.105769230769231
482	0.0865384615384615
483	0.189102564102564
484	0.125
485	0.0705128205128205
486	0.0705128205128205
487	0.125
488	0.198717948717948
489	0.189102564102564
490	0.125
491	0.163461538461538
492	0.173076923076923
493	0.192307692307692
494	0.221153846153846
495	0.064102564102564
496	0.0737179487179486
497	0.0737179487179486
498	0.064102564102564
499	0.064102564102564
500	0.0737179487179486
501	0.0929487179487177
502	0.0737179487179486
503	0.0833333333333333
504	0.102564102564102
505	0.19551282051282
506	0.19551282051282
507	0.19551282051282
508	0.205128205128205
509	0.21474358974359
510	0.16025641025641
511	0.189102564102564
512	0.189102564102564
513	0.16025641025641
514	0.179487179487179
621	-0.358974358974359
622	-0.275641025641026
623	-0.378205128205128
624	-0.368589743589744
625	-0.33974358974359
646	-0.0801282051282053
647	-0.0160256410256411
648	-0.0160256410256411
649	-0.0256410256410257
650	-0.0256410256410257
651	-0.0064102564102565
652	-0.0352564102564104
653	-0.108974358974359
654	-0.108974358974359
655	-0.108974358974359
656	-0.137820512820513
728	-0.0224358974358977
729	-0.0224358974358977
730	0.0448717948717947
1408	-0.0673076923076923
1409	-0.0769230769230771
1410	-0.0961538461538463
1411	-0.0673076923076923
1412	-0.0384615384615388
1413	-0.0480769230769234
1414	-0.0769230769230771
1415	-0.198717948717949
1416	-0.237179487179487
1417	-0.320512820512821
1418	-0.301282051282052
1419	-0.301282051282052
1420	-0.282051282051282
1421	-0.272435897435898
1423	-0.233974358974359
1424	-0.195512820512821
1425	-0.195512820512821
1607	-0.0801282051282053
1608	-0.108974358974359
1610	-0.108974358974359
1620	-0.137820512820513
1621	-0.137820512820513
1622	-0.176282051282052
1623	-0.0929487179487181
1624	-0.121794871794872
1625	0.0256410256410253
1626	0.0641025641025639
1627	0.0929487179487178
1628	0.0641025641025639
1629	0.0352564102564099
1630	0.00641025641025617
1631	0.00641025641025617
1632	0.0256410256410253
1633	0.0641025641025639
1634	-0.00320512820512842
1635	-0.227564102564103
1636	-0.301282051282052
1637	-0.282051282051282
1638	-0.253205128205128
1639	-0.131410256410257
1640	-0.21474358974359
1641	-0.195512820512821
1838	-0.041666666666667
1839	-0.0801282051282053
1840	-0.0512820512820515
1842	-0.0512820512820515
1843	-0.0705128205128206
1844	-0.0705128205128206
1845	-0.0608974358974361
1846	-0.041666666666667
1847	-0.0705128205128206
1848	-0.08974358974359
1855	-0.205128205128206
1856	-0.253205128205128
1857	-0.150641025641026
1858	-0.150641025641026
1859	-0.253205128205128
1862	-0.301282051282052
1863	-0.320512820512821
1864	-0.330128205128205
1866	-0.301282051282052
2138	-0.0032051282051283
2139	-0.012820512820513
2140	-0.041666666666667
2141	-0.012820512820513
2188	-0.282051282051282
2200	-0.282051282051282
2201	-0.246794871794872
2202	-0.0993589743589747
2203	-0.0801282051282053
2204	-0.0801282051282053
2205	-0.0608974358974361
2206	-0.0608974358974361
2207	-0.105769230769231
2208	-0.012820512820513
2209	-0.012820512820513
2210	-0.012820512820513
2211	-0.00320512820512842
2212	-0.00320512820512842
2213	-0.0865384615384617
2214	-0.0961538461538463
2215	-0.16025641025641
2216	-0.112179487179487
2217	-0.131410256410257
2218	-0.176282051282052
2333	-0.0993589743589746
2334	-0.128205128205128
2335	-0.166666666666667
2336	-0.0544871794871796
2337	-0.137820512820513
2338	-0.118589743589744
2339	-0.128205128205128
2340	-0.118589743589744
2341	-0.157051282051282
2342	-0.166666666666667
2344	-0.064102564102564
2345	-0.0352564102564104
2346	-0.118589743589744
2347	-0.08974358974359
2348	-0.0705128205128206
2349	-0.041666666666667
2350	-0.0320512820512823
2351	-0.012820512820513
2352	-0.012820512820513
2353	0.0608974358974358
2354	0.0512820512820512
2355	-0.0512820512820515
2356	-0.08974358974359
2357	-0.0801282051282053
2358	-0.08974358974359
2359	-0.08974358974359
2360	-0.0608974358974361
2361	-0.0224358974358977
2362	-0.041666666666667
2614	0.0833333333333333
2615	0.0929487179487177
2616	0.064102564102564
2617	0.0737179487179486
2618	0.147435897435897
2619	0.137820512820513
2620	0.0256410256410254
2621	0.00641025641025617
3191	0.256410256410256
3197	0.237179487179487
3198	0.291666666666667
3199	0.394230769230769
3200	0.394230769230769
3201	0.394230769230769
3202	0.198717948717949
3203	0.179487179487179
3204	0.179487179487179
3205	0.208333333333333
3206	0.198717948717949
3207	0.198717948717949
3337	0.102564102564102
3338	0.112179487179487
3339	0.141025641025641
3608	-0.33974358974359
3609	-0.33974358974359
3610	-0.330128205128205
3611	-0.349358974358975
3613	-0.33974358974359
3683	-0.0993589743589746
3684	-0.118589743589744
3865	-0.121794871794872
3866	-0.0576923076923079
3867	-0.0576923076923079
3868	-0.0480769230769234
3869	-0.0192307692307694
3870	-0.0480769230769234
3871	-0.0192307692307694
3872	-0.0833333333333333
3873	-0.128205128205128
3874	-0.08974358974359
3875	0.0416666666666665
3876	0.0608974358974358
3877	-0.0512820512820515
3879	-0.0032051282051283
3880	-0.012820512820513
3881	-0.0224358974358977
3882	-0.012820512820513
3883	0.0256410256410254
3891	0.0256410256410254
3894	-0.0032051282051283
3895	-0.0320512820512823
3896	0.0256410256410254
3897	0.118589743589744
3898	0.108974358974359
3899	0.064102564102564
3923	-0.157051282051282
3924	-0.176282051282052
4061	-0.205128205128206
4062	-0.185897435897436
4063	-0.185897435897436
4064	-0.121794871794872
4065	-0.131410256410257
4066	-0.112179487179487
4067	-0.112179487179487
4068	-0.102564102564103
4069	-0.121794871794872
4070	-0.112179487179487
4071	-0.224358974358975
4246	-0.147435897435897
4247	-0.137820512820513
4248	-0.147435897435897
4431	-0.0801282051282053
4432	-0.0608974358974361
4433	-0.0224358974358977
4435	-0.041666666666667
4436	-0.041666666666667
4437	-0.0705128205128206
4438	-0.0512820512820515
4439	-0.0608974358974361
4440	0.0224358974358974
4441	0.0128205128205129
4442	-0.0160256410256411
4443	-0.064102564102564
4444	-0.102564102564103
4445	-0.0833333333333333
4446	-0.0833333333333333
4447	-0.0833333333333333
4448	-0.0833333333333333
4449	0.0384615384615383
4450	-0.0448717948717949
4451	-0.0352564102564104
4452	-0.108974358974359
4453	-0.108974358974359
4454	-0.0993589743589746
4702	-0.224358974358975
4703	-0.233974358974359
4714	-0.301282051282052
4715	-0.227564102564103
4716	-0.237179487179487
4717	-0.134615384615385
4718	-0.134615384615385
4719	-0.105769230769231
4720	0.00641025641025617
4721	0.016025641025641
4722	-0.0961538461538463
4723	-0.0673076923076923
4724	-0.0480769230769234
4725	-0.0288461538461542
4726	-0.0480769230769234
4727	-0.0480769230769234
4728	-0.0384615384615388
4729	-0.0480769230769234
4730	-0.150641025641026
4731	-0.0673076923076923
4732	-0.233974358974359
4733	-0.185897435897436
4736	-0.157051282051282
4737	-0.21474358974359
5070	-0.41025641025641
5071	-0.346153846153846
5072	-0.467948717948718
5073	-0.628205128205129
5074	-0.618589743589744
5076	-0.637820512820513
5077	-0.657051282051282
5078	-0.657051282051282
5079	-0.705128205128205
5080	-0.705128205128205
5081	-0.724358974358975
5082	-0.772435897435898
5087	-0.791666666666667
5293	-0.926282051282052
5294	-0.935897435897436
5295	-0.852564102564103
5296	-0.842948717948718
5297	-0.900641025641026
5298	-0.871794871794872
5299	-0.900641025641026
5300	-0.974358974358974
5301	-0.945512820512821
5302	-0.891025641025641
5303	-0.91025641025641
5304	-0.939102564102565
5305	-0.958333333333333
5306	-0.996794871794872
5307	-1.01602564102564
5308	-0.942307692307693
5309	-1.10897435897436
5311	-1.13141025641026
5312	-1.14423076923077
5313	-1.23717948717949
5314	-1.25641025641026
5315	-1.27564102564103
5316	-1.30448717948718
5317	-1.25641025641026
5318	-1.17307692307692
5319	-1.1474358974359
5320	-1.1474358974359
5321	-1.15705128205128
5322	-1.19551282051282
5323	-0.935897435897436
5324	-0.897435897435898
5325	-0.794871794871795
5326	-0.833333333333334
5327	-0.80448717948718
5328	-0.766025641025641
5329	-0.836538461538462
5330	-0.826923076923078
5331	-0.891025641025642
5332	-0.871794871794872
5333	-0.794871794871795
5334	-0.756410256410257
5335	-0.756410256410257
5336	-0.83974358974359
5337	-0.746794871794872
5338	-0.782051282051282
5339	-0.708333333333333
5340	-0.737179487179488
5341	-0.727564102564103
5342	-0.532051282051282
5343	-0.445512820512821
5344	-0.509615384615385
5345	-0.51923076923077
5346	-0.451923076923077
5347	-0.551282051282052
5348	-0.46474358974359
5349	-0.21474358974359
5350	-0.112179487179487
5351	-0.147435897435898
5352	-0.128205128205129
5353	-0.211538461538462
5354	-0.323717948717949
5355	-0.368589743589744
5356	-0.33974358974359
5357	-0.349358974358975
5358	-0.387820512820513
5359	-0.637820512820513
5360	-0.647435897435898
5362	-0.602564102564103
5363	-0.602564102564103
5364	-0.631410256410256
5365	-0.586538461538462
5366	-0.439102564102565
5367	-0.458333333333334
5368	-0.477564102564103
5369	-0.358974358974359
5370	-0.368589743589744
5371	-0.387820512820513
5372	-0.314102564102565
5373	-0.407051282051282
5374	-0.407051282051282
5375	-0.509615384615385
5376	-0.211538461538462
5377	-0.182692307692308
5378	-0.378205128205129
5379	-0.46474358974359
5380	-0.503205128205129
5381	-0.512820512820513
5382	-0.580128205128205
5383	-0.544871794871795
5384	-0.666666666666667
5385	-0.852564102564103
5386	-0.96474358974359
5387	-1.00320512820513
5388	-0.983974358974359
5389	-0.900641025641026
5390	-0.842948717948719
5391	-0.862179487179488
5392	-0.891025641025642
5393	-0.826923076923078
5394	-0.762820512820513
5395	-0.724358974358975
5396	-0.71474358974359
5397	-0.724358974358975
5398	-0.778846153846155
5399	-0.509615384615385
5400	-0.471153846153846
5401	-0.544871794871795
5402	-0.628205128205128
5403	-0.618589743589744
5404	-0.657051282051282
5405	-0.740384615384616
5406	-0.583333333333333
5407	-0.564102564102564
5408	-0.637820512820513
5409	-0.637820512820513
5410	-0.705128205128206
5411	-0.762820512820513
5412	-1.06089743589744
5413	-1.07051282051282
5414	-1.03205128205128
5415	-0.993589743589744
5416	-0.983974358974359
5417	-0.955128205128206
5418	-0.916666666666667
5419	-0.961538461538461
5420	-0.951923076923077
5421	-1.03525641025641
5422	-1.02564102564103
5423	-1.02564102564103
5424	-0.961538461538461
5425	-1.06410256410256
5426	-1.11217948717949
5427	-1
5428	-0.907051282051282
5429	-0.932692307692308
5430	-0.846153846153846
5431	-0.865384615384616
5432	-0.830128205128205
5433	-0.887820512820513
5434	-0.961538461538461
5457	-0.833333333333334
5458	-0.881410256410257
5459	-0.842948717948718
5460	-0.897435897435898
5461	-0.926282051282052
5462	-0.849358974358975
5491	-0.695512820512821
5492	-0.695512820512821
5496	-0.496794871794872
5497	-0.42948717948718
5498	-0.467948717948718
5499	-0.525641025641026
5500	-0.413461538461539
5501	-0.403846153846154
5502	-0.320512820512821
5503	-0.301282051282052
5504	-0.346153846153846
5505	-0.224358974358975
5506	-0.205128205128206
5507	-0.224358974358975
5508	-0.224358974358975
5509	-0.282051282051282
5510	-0.262820512820513
5511	-0.272435897435898
5512	-0.326923076923077
5513	-0.346153846153846
5514	-0.317307692307693
5515	-0.298076923076923
5516	-0.362179487179487
5517	-0.391025641025641
5518	-0.41025641025641
5519	-0.391025641025641
5520	-0.371794871794872
5521	-0.314102564102564
5524	-0.445512820512821
5552	-1.23397435897436
5553	-1.12179487179487
5554	-1.1025641025641
5555	-1.11217948717949
5556	-1.15064102564103
5557	-1.18910256410256
5558	-1.18910256410256
5559	-1.18910256410256
5560	-1.15384615384615
5561	-1.10576923076923
5562	-1.06730769230769
5563	-1.04807692307692
5564	-1.1025641025641
5565	-1.12179487179487
5566	-1.20512820512821
5567	-1.20512820512821
5677	-0.753205128205128
5692	-0.570512820512821
5693	-0.637820512820513
5694	-0.676282051282052
5695	-0.733974358974359
5696	-0.782051282051282
5701	-0.916666666666667
5702	-0.945512820512821
5703	-1.01282051282051
5704	-1.05128205128205
5705	-0.987179487179487
5706	-1.05128205128205
5707	-1.01602564102564
5708	-1.05448717948718
5709	-1.06410256410256
5710	-1.06410256410256
5711	-1.12820512820513
5712	-0.996794871794872
5713	-0.977564102564103
5714	-0.967948717948718
5715	-0.967948717948718
5716	-1.08333333333333
5717	-1.07371794871795
5718	-1.11217948717949
5719	-1.15064102564103
5720	-1.21794871794872
5721	-1.18910256410256
5722	-1.23717948717949
5723	-1.25641025641026
5757	-0.830128205128205
5758	-0.801282051282052
5759	-0.791666666666667
5760	-0.605769230769231
5761	-0.557692307692308
5762	-0.548076923076923
5763	-0.557692307692308
5764	-0.455128205128205
5765	-0.387820512820513
5766	-0.407051282051282
5767	-0.493589743589744
5768	-0.42948717948718
5769	-0.391025641025642
5770	-0.483974358974359
5771	-0.474358974358975
5772	-0.474358974358975
5773	-0.352564102564103
5774	-0.371794871794872
5775	-0.266025641025641
5776	-0.256410256410257
5777	-0.208333333333334
5778	-0.189102564102564
5779	-0.169871794871795
5780	-0.169871794871795
5781	-0.282051282051282
5782	-0.458333333333333
5783	-0.477564102564103
5784	-0.326923076923077
5785	-0.233974358974359
5786	-0.262820512820513
5787	-0.272435897435898
5788	-0.317307692307693
5789	-0.205128205128206
5790	-0.298076923076923
5791	-0.326923076923077
5792	-0.307692307692308
5793	-0.474358974358975
5794	-0.483974358974359
5795	-0.483974358974359
5815	-0.522435897435898
5816	-0.522435897435898
5817	-0.483974358974359
5818	-0.522435897435898
5819	-0.532051282051282
5823	-0.58974358974359
5824	-0.58974358974359
5828	-0.580128205128206
5831	-0.618589743589744
5832	-0.628205128205129
5833	-0.580128205128206
5836	-0.413461538461539
5837	-0.461538461538462
5838	-0.471153846153846
5839	-0.573717948717949
5840	-0.55448717948718
5841	-0.413461538461539
5842	-0.451923076923077
5843	-0.403846153846154
5844	-0.442307692307693
5845	-0.442307692307693
5846	-0.451923076923077
5847	-0.53525641025641
5850	-0.666666666666667
5852	-0.599358974358975
5853	-0.58974358974359
5854	-0.512820512820513
5855	-0.474358974358975
5856	-0.455128205128206
6017	0.0833333333333333
6018	2.02884615384615
6019	3.67307692307692
6020	3.91987179487179
6021	6.46794871794872
6022	11.0801282051282
6023	14.6089743589744
6024	15.1217948717949
6025	15.6474358974359
6026	15.6826923076923
6027	16.1923076923077
6028	16.4134615384615
6029	16.3461538461538
6030	16.3461538461538
6031	16.3461538461538
6032	16.3461538461538
6033	16.375
6034	16.3942307692308
6035	16.4038461538462
6036	16.4134615384615
6037	16.4326923076923
6038	16.4326923076923
6039	16.4519230769231
6040	16.4711538461538
6041	16.4711538461538
6042	16.5
6043	16.5
6044	16.5
6045	16.5
6046	16.5288461538462
6047	16.5576923076923
6048	16.5576923076923
6049	16.5576923076923
6050	16.5673076923077
6051	16.5032051282051
6052	16.1089743589744
6053	16.0096153846154
6054	14.1025641025641
6055	12.4967948717949
6056	12.2980769230769
6057	9.78846153846154
6058	5.2051282051282
6059	1.71474358974359
6060	1.23076923076923
6061	0.733974358974359
6062	0.708333333333333
