19	0.259615384615385
20	0.230769230769231
21	0.307692307692308
22	0.288461538461538
23	0.317307692307692
24	0.451923076923077
25	0.490384615384615
26	0.480769230769231
27	0.557692307692308
28	0.5
29	0.557692307692308
30	0.586538461538462
31	0.576923076923077
32	0.528846153846154
33	0.509615384615385
34	0.5
35	0.5
36	0.519230769230769
37	0.538461538461539
38	0.384615384615385
39	0.221153846153846
40	0.163461538461539
41	0.115384615384615
42	0.259615384615384
43	0.163461538461538
44	0.25
45	0.240384615384615
46	0.211538461538461
47	0.211538461538461
48	0.221153846153846
49	0.230769230769231
50	0.163461538461538
51	0.0576923076923077
52	0.0384615384615383
53	0.134615384615384
54	0.134615384615384
55	0.0576923076923077
56	0.0673076923076923
57	-0.0096153846153848
58	-0.0480769230769234
59	0.0288461538461537
60	-0.125
61	-0.105769230769231
62	-0.144230769230769
63	-0.153846153846154
64	-0.0480769230769234
65	-0.0384615384615388
66	0.0769230769230771
67	0.134615384615384
68	0.25
69	0.221153846153846
70	0.278846153846154
71	0.278846153846154
72	0.269230769230769
73	0.346153846153846
74	0.230769230769231
75	0.432692307692307
76	0.711538461538462
77	0.692307692307692
78	0.682692307692307
79	0.596153846153846
80	0.538461538461539
81	0.653846153846154
82	0.682692307692307
83	0.826923076923077
84	0.826923076923077
85	0.836538461538461
86	0.875
87	0.951923076923077
88	0.971153846153846
89	1.06730769230769
90	0.971153846153846
91	1
92	1.08653846153846
93	1.14423076923077
94	1.18269230769231
95	1.03846153846154
96	1.00961538461538
97	0.932692307692308
98	0.903846153846154
99	0.884615384615384
100	0.75
101	0.75
102	0.576923076923077
103	0.5
104	0.480769230769231
105	0.394230769230769
106	0.326923076923077
107	0.336538461538461
108	0.317307692307693
109	0.221153846153846
110	0.298076923076923
111	0.259615384615385
112	0.0576923076923075
113	0.115384615384615
114	0.0769230769230771
115	0.173076923076923
116	0.173076923076923
117	0.0288461538461536
118	0.0288461538461536
119	-0.115384615384616
120	-0.125
121	-0.0769230769230769
122	-0.134615384615385
123	-0.182692307692308
124	-0.105769230769231
125	-0.182692307692308
126	-0.173076923076923
127	-0.182692307692308
135	-0.153846153846154
136	-0.144230769230769
137	-0.163461538461539
138	-0.230769230769231
139	-0.221153846153846
140	-0.125
141	0.0769230769230768
142	0.0865384615384615
143	0.0384615384615383
144	0.0288461538461537
145	0.182692307692308
146	0.115384615384615
147	0.211538461538462
148	0.278846153846154
149	0.442307692307692
150	0.423076923076923
151	0.317307692307692
152	0.317307692307692
153	0.326923076923077
154	0.336538461538461
155	0.432692307692307
156	0.423076923076923
157	0.605769230769231
158	0.682692307692308
159	0.673076923076923
160	0.692307692307692
161	0.605769230769231
162	0.759615384615384
163	0.817307692307692
164	0.817307692307692
165	0.836538461538461
166	0.855769230769231
167	0.923076923076923
168	0.932692307692308
169	0.951923076923077
170	0.971153846153846
171	1.02884615384615
172	1.00961538461538
173	0.980769230769231
174	1.05769230769231
175	1.11538461538462
176	1.00961538461538
177	0.923076923076923
178	1.06730769230769
179	1.23076923076923
180	1.25
181	1.125
182	1.18269230769231
183	1.20192307692308
184	1.11538461538462
185	0.932692307692308
186	0.961538461538461
187	1.05769230769231
188	1.07692307692308
189	1.08653846153846
190	1.15384615384615
191	1.09615384615385
192	1.22115384615385
193	1.06730769230769
194	1.06730769230769
195	1.15384615384615
196	1.01923076923077
197	1.25
198	1.05769230769231
199	1.05769230769231
200	1.15384615384615
201	1.11538461538462
202	1.15384615384615
203	1.07692307692308
204	1.20192307692308
205	1.28846153846154
206	1.36538461538462
207	1.30769230769231
208	1.32692307692308
209	1.74038461538462
210	1.91346153846154
211	2.00961538461538
212	2.02884615384615
213	1.95192307692308
214	1.90384615384615
215	1.72115384615385
216	1.79807692307692
217	1.78846153846154
218	1.64423076923077
219	1.60576923076923
220	1.68269230769231
221	1.82692307692308
222	1.75961538461538
223	1.69230769230769
224	1.75
225	1.78846153846154
226	1.88461538461538
227	1.85576923076923
228	1.875
229	1.93269230769231
230	2.02884615384615
231	1.96153846153846
232	1.99038461538461
233	1.86538461538462
234	1.97115384615385
235	1.94230769230769
236	1.88461538461538
237	1.93269230769231
238	2
239	1.96153846153846
240	1.94230769230769
241	1.88461538461538
242	1.81730769230769
243	1.80769230769231
244	1.85576923076923
245	1.53846153846154
246	1.41346153846154
247	1.34615384615385
248	1.33653846153846
249	1.39423076923077
250	1.34615384615385
251	1.5
252	1.5
253	1.67307692307692
254	1.82692307692308
255	1.83653846153846
256	1.77884615384615
257	1.85576923076923
258	1.97115384615385
259	2.10576923076923
260	2.00961538461539
261	2.01923076923077
262	2.01923076923077
263	2.10576923076923
264	2.03846153846154
265	1.95192307692308
266	1.93269230769231
267	1.89423076923077
268	1.93269230769231
269	1.79807692307692
270	1.81730769230769
271	1.85576923076923
272	1.86538461538462
273	1.83653846153846
274	1.75
275	1.78846153846154
276	1.74038461538462
277	1.84615384615385
278	1.85576923076923
279	1.86538461538461
280	1.81730769230769
281	1.80769230769231
282	1.73076923076923
283	1.64423076923077
284	1.72115384615385
285	1.69230769230769
286	1.64423076923077
287	1.53846153846154
288	1.44230769230769
289	1.39423076923077
290	1.23076923076923
291	1.24038461538462
292	1.23076923076923
293	1.05769230769231
294	0.961538461538462
295	0.903846153846154
296	0.923076923076923
297	0.932692307692308
298	0.788461538461538
299	0.711538461538461
300	0.740384615384615
301	0.701923076923077
302	0.567307692307692
303	0.605769230769231
304	0.586538461538461
305	0.528846153846154
306	0.615384615384615
307	0.538461538461539
308	0.471153846153846
309	0.548076923076923
310	0.634615384615384
311	0.548076923076923
312	0.557692307692308
313	0.394230769230769
314	0.326923076923077
315	0.25
316	0.201923076923077
317	0.125
318	0.0576923076923076
319	0.125
320	0.0576923076923076
321	0.0192307692307693
322	-1.11022302462516e-16
323	-0.0288461538461541
324	-0.0096153846153848
325	-0.0192307692307693
326	0.0769230769230769
327	0.0673076923076921
328	0.0576923076923076
329	0.173076923076923
330	0.259615384615385
331	0.403846153846154
332	0.384615384615385
333	0.298076923076923
334	0.451923076923077
335	0.538461538461539
336	0.5
337	0.634615384615385
338	0.596153846153846
339	0.759615384615384
340	0.730769230769231
341	0.75
342	0.663461538461538
343	0.75
344	0.846153846153846
345	0.721153846153846
346	0.644230769230769
347	0.721153846153846
348	0.701923076923077
349	0.75
350	0.75
351	0.740384615384615
352	0.884615384615385
353	0.971153846153846
354	1
355	0.923076923076923
356	0.932692307692308
357	0.932692307692308
358	0.932692307692308
359	0.913461538461538
360	0.942307692307692
361	0.903846153846154
362	0.884615384615385
363	0.778846153846154
364	0.875
365	0.673076923076923
366	0.682692307692308
367	0.663461538461538
368	0.644230769230769
369	0.75
370	0.557692307692308
371	0.480769230769231
372	0.384615384615385
373	0.221153846153846
374	0.317307692307692
375	0.375
376	0.413461538461538
377	0.471153846153846
378	0.538461538461539
379	0.471153846153846
380	0.538461538461539
381	0.826923076923077
382	0.817307692307692
383	0.673076923076923
384	0.625
385	0.576923076923077
386	0.615384615384615
387	0.596153846153846
388	0.5
389	0.576923076923077
390	0.576923076923077
391	0.576923076923077
392	0.596153846153846
393	0.596153846153846
394	0.75
395	0.75
396	0.653846153846154
397	0.663461538461539
398	0.663461538461539
399	0.663461538461539
400	0.576923076923077
401	0.634615384615384
402	0.682692307692308
403	0.480769230769231
404	0.519230769230769
405	0.490384615384615
406	0.5
407	0.653846153846154
408	0.701923076923077
409	0.759615384615385
410	0.711538461538462
411	0.490384615384615
412	0.490384615384615
413	0.442307692307692
414	0.375
415	0.336538461538461
416	0.201923076923077
417	-0.0480769230769232
418	-0.028846153846154
419	0.0480769230769229
420	0.134615384615384
421	0.259615384615385
422	0.365384615384615
423	0.480769230769231
424	0.480769230769231
425	0.423076923076923
426	0.413461538461538
427	0.423076923076923
428	0.403846153846154
429	0.394230769230769
430	0.336538461538461
431	0.336538461538461
432	0.355769230769231
433	0.384615384615384
434	0.307692307692308
435	0.490384615384615
436	0.567307692307692
437	0.567307692307692
438	0.461538461538461
439	0.538461538461539
440	0.519230769230769
441	0.413461538461538
442	0.509615384615385
443	0.346153846153846
444	0.423076923076923
445	0.451923076923077
446	0.509615384615385
447	0.567307692307692
448	0.528846153846154
449	0.567307692307692
450	0.625
451	0.673076923076923
452	0.817307692307692
453	0.836538461538461
454	0.798076923076923
455	0.75
456	0.740384615384615
457	0.721153846153846
458	0.605769230769231
459	0.519230769230769
460	0.519230769230769
461	0.509615384615385
462	0.596153846153846
463	0.673076923076923
464	0.644230769230769
465	0.634615384615384
466	0.548076923076923
467	0.634615384615384
468	0.682692307692308
469	0.673076923076923
470	0.701923076923077
471	0.615384615384615
472	0.528846153846154
473	0.538461538461539
474	0.586538461538461
475	0.480769230769231
476	0.576923076923077
477	0.615384615384615
478	0.596153846153846
479	0.605769230769231
480	0.576923076923077
481	0.567307692307692
482	0.471153846153846
483	0.567307692307692
484	0.740384615384615
485	0.692307692307692
486	0.615384615384615
487	0.740384615384615
488	0.653846153846154
489	0.644230769230769
490	0.740384615384615
491	0.778846153846154
492	0.711538461538461
493	0.653846153846154
494	0.682692307692307
495	0.769230769230769
496	0.778846153846154
497	0.701923076923077
498	0.692307692307692
499	0.615384615384616
500	0.701923076923077
501	0.721153846153846
502	0.701923076923077
503	0.634615384615385
504	0.576923076923077
505	0.740384615384615
506	0.740384615384615
507	0.740384615384615
508	0.75
509	0.759615384615384
510	0.711538461538462
511	0.740384615384615
512	0.663461538461538
513	0.634615384615385
514	0.576923076923077
515	0.576923076923077
516	0.528846153846154
517	0.634615384615385
518	0.653846153846154
519	0.567307692307692
520	0.538461538461538
521	0.548076923076923
522	0.538461538461538
523	0.634615384615385
524	0.576923076923077
525	0.586538461538461
526	0.519230769230769
527	0.596153846153846
528	0.538461538461538
529	0.528846153846154
530	0.615384615384615
531	0.586538461538461
532	0.817307692307692
533	0.798076923076923
534	0.701923076923077
535	0.778846153846154
536	0.692307692307692
537	0.673076923076923
538	0.711538461538462
539	0.682692307692308
540	0.682692307692308
541	0.509615384615385
542	0.5
543	0.451923076923077
544	0.442307692307692
545	0.432692307692307
546	0.596153846153846
547	0.567307692307692
548	0.576923076923077
549	0.663461538461539
550	0.673076923076923
551	0.740384615384615
552	0.75
553	0.663461538461539
554	0.682692307692308
555	0.673076923076923
556	0.567307692307692
557	0.605769230769231
558	0.625
559	0.548076923076923
560	0.634615384615385
561	0.721153846153846
562	0.807692307692307
563	0.711538461538462
564	0.836538461538461
565	0.836538461538461
566	0.721153846153846
567	0.817307692307692
568	0.673076923076923
569	0.682692307692308
570	0.644230769230769
571	0.528846153846154
572	0.538461538461538
573	0.509615384615385
574	0.615384615384616
575	0.557692307692308
576	0.653846153846154
577	0.644230769230769
578	0.644230769230769
579	0.615384615384615
580	0.682692307692308
581	0.644230769230769
582	0.471153846153846
583	0.538461538461539
584	0.509615384615384
585	0.355769230769231
586	0.413461538461538
587	0.326923076923077
588	0.346153846153846
589	0.298076923076923
590	0.25
591	0.240384615384615
592	0.307692307692307
593	0.346153846153846
594	0.317307692307692
595	0.192307692307692
596	0.096153846153846
597	0.096153846153846
598	0.0384615384615385
599	0.00961538461538458
600	-0.028846153846154
601	0.0384615384615381
602	0.0769230769230766
603	-0.0769230769230771
604	-0.192307692307692
605	-0.134615384615385
606	-0.0480769230769234
607	0.0480769230769229
608	0.0576923076923075
609	0.269230769230769
610	0.201923076923077
611	0.278846153846154
612	0.25
613	0.240384615384615
614	0.394230769230769
615	0.394230769230769
616	0.346153846153846
617	0.375
618	0.355769230769231
619	0.288461538461539
620	0.317307692307692
621	0.423076923076923
622	0.5
623	0.480769230769231
624	0.413461538461538
625	0.442307692307692
626	0.557692307692307
627	0.509615384615385
628	0.480769230769231
629	0.471153846153846
630	0.490384615384615
631	0.442307692307692
632	0.5
633	0.461538461538461
634	0.432692307692308
635	0.461538461538461
636	0.413461538461538
637	0.326923076923077
638	0.307692307692308
639	0.442307692307692
640	0.461538461538461
641	0.403846153846154
642	0.355769230769231
643	0.288461538461538
644	0.307692307692308
645	0.288461538461538
646	0.317307692307692
647	0.298076923076923
648	0.221153846153846
649	0.211538461538461
650	0.0576923076923076
651	0.0769230769230768
652	0.0480769230769229
653	0.134615384615385
654	0.211538461538461
655	0.211538461538461
656	0.182692307692307
657	0.144230769230769
658	0.144230769230769
659	0.25
660	0.288461538461538
661	0.278846153846154
662	0.192307692307692
663	0.163461538461538
664	0.269230769230769
665	0.163461538461538
666	0.192307692307692
667	0.163461538461538
668	0.0865384615384617
669	0.0480769230769229
670	0.201923076923077
671	0.192307692307692
672	0.201923076923077
673	0.201923076923077
674	0.221153846153846
675	0.0961538461538461
676	0.0769230769230768
677	0.0865384615384615
678	0.0769230769230768
679	0.0961538461538461
680	0.0192307692307693
681	-0.134615384615385
682	-0.144230769230769
683	-0.192307692307692
684	-0.163461538461539
685	-0.0576923076923077
686	-0.0576923076923077
687	-0.0961538461538463
688	-1.11022302462516e-16
689	-0.0769230769230771
690	-0.0961538461538463
691	-1.11022302462516e-16
692	0.0288461538461537
693	-0.0288461538461541
694	-0.00961538461538469
695	-0.125
696	-0.134615384615385
697	-0.0384615384615385
698	-0.028846153846154
699	0.0192307692307693
700	-0.0769230769230771
701	-0.0384615384615387
702	-0.0576923076923077
703	-0.0096153846153848
704	0.096153846153846
705	0.0865384615384616
706	-0.134615384615385
707	-0.0384615384615387
708	-0.0384615384615387
709	-0.0673076923076924
710	0.0192307692307693
711	-1.11022302462516e-16
712	-1.11022302462516e-16
713	0.0961538461538461
714	0.125
715	0.115384615384615
716	0.163461538461538
717	0.144230769230769
718	0.144230769230769
719	0.365384615384615
720	0.384615384615385
721	0.298076923076923
722	0.269230769230769
723	0.336538461538461
724	0.259615384615384
725	0.259615384615384
726	0.230769230769231
727	0.240384615384616
728	0.375
729	0.451923076923077
730	0.365384615384615
731	0.442307692307692
732	0.490384615384615
733	0.317307692307692
734	0.375
735	0.423076923076923
736	0.346153846153846
737	0.336538461538461
738	0.346153846153846
739	0.480769230769231
740	0.557692307692308
741	0.538461538461538
742	0.673076923076923
743	0.740384615384615
744	0.701923076923077
745	0.75
746	0.817307692307692
747	0.807692307692307
748	0.826923076923077
749	0.740384615384615
750	0.817307692307692
751	0.817307692307692
752	0.903846153846154
753	0.913461538461538
754	0.903846153846154
755	0.625
756	0.586538461538461
757	0.663461538461538
758	0.682692307692308
759	0.596153846153846
760	0.682692307692308
761	0.730769230769231
762	0.721153846153846
763	0.644230769230769
764	0.519230769230769
765	0.567307692307692
766	0.605769230769231
767	0.644230769230769
768	0.615384615384615
769	0.615384615384615
770	0.548076923076923
771	0.451923076923077
772	0.548076923076923
773	0.5
774	0.490384615384615
775	0.336538461538461
776	0.25
777	0.25
778	0.144230769230769
779	0.0576923076923077
780	0.163461538461538
781	0.125
782	-0.0384615384615388
783	0
784	0.00961538461538458
785	0.0288461538461537
786	0.0192307692307692
787	-0.00961538461538458
788	-0.0961538461538463
789	-0.0673076923076923
790	0.0096153846153848
791	0.0673076923076923
792	0.105769230769231
793	0.0288461538461536
794	-0.0192307692307694
795	0.0865384615384617
796	-0.0096153846153848
797	-0.0576923076923076
798	-0.0576923076923076
799	-0.0865384615384617
800	-0.0192307692307694
801	-0.163461538461539
802	-0.269230769230769
805	-0.326923076923077
806	-0.278846153846154
807	-0.0961538461538463
808	-0.182692307692308
809	0.173076923076923
810	0.163461538461539
811	0.240384615384615
812	0.240384615384615
813	0.25
814	0.230769230769231
815	0.259615384615384
816	0.192307692307692
817	0.365384615384615
818	0.451923076923077
819	0.432692307692307
820	0.490384615384615
821	0.451923076923077
822	0.461538461538461
823	0.451923076923077
824	0.461538461538461
825	0.451923076923077
826	0.432692307692307
827	0.461538461538461
828	0.451923076923077
829	0.442307692307692
830	0.5
831	0.403846153846154
832	0.413461538461538
833	0.413461538461538
834	0.432692307692307
835	0.490384615384615
836	0.557692307692307
837	0.528846153846154
838	0.596153846153846
839	0.663461538461538
840	0.663461538461538
841	0.846153846153846
842	0.903846153846154
843	0.836538461538461
844	0.971153846153846
845	0.663461538461538
846	0.682692307692307
847	0.615384615384615
848	0.682692307692307
849	0.663461538461538
850	0.673076923076923
851	0.740384615384615
852	0.711538461538461
853	0.557692307692307
854	0.528846153846154
855	0.759615384615385
856	0.846153846153846
857	0.932692307692308
858	0.846153846153846
859	0.961538461538461
860	1.02884615384615
861	1.03846153846154
862	1.07692307692308
863	1.04807692307692
864	1.06730769230769
865	1.04807692307692
866	1.09615384615385
867	1.11538461538462
868	1.10576923076923
869	1.16346153846154
870	1.15384615384615
871	1.09615384615385
872	0.942307692307692
873	1
874	0.980769230769231
875	0.903846153846154
876	0.884615384615385
877	0.682692307692308
878	0.528846153846154
879	0.528846153846154
880	0.471153846153846
881	0.480769230769231
882	0.557692307692308
883	0.538461538461538
884	0.375
885	0.346153846153846
886	0.269230769230769
887	0.192307692307692
888	0.336538461538461
889	0.442307692307692
890	0.375
891	0.192307692307692
892	0.10576923076923
893	-0.0576923076923079
894	-0.0384615384615388
895	-0.163461538461539
896	-0.259615384615385
897	-0.211538461538462
898	-0.221153846153846
899	-0.25
900	-0.278846153846154
901	-0.259615384615385
902	-0.346153846153846
903	-0.375
904	-0.240384615384615
905	-0.298076923076923
906	-0.221153846153846
907	-0.221153846153846
908	-0.259615384615385
909	-0.259615384615385
910	-0.240384615384615
911	-0.259615384615385
912	-0.25
913	-0.221153846153846
914	0.0192307692307689
915	-0.0865384615384619
916	-0.153846153846154
917	-0.115384615384615
918	-0.201923076923077
919	-0.125
920	-0.0961538461538463
921	-0.0480769230769234
922	-0.0384615384615385
923	-0.0384615384615385
924	-0.0192307692307692
925	0.0769230769230766
926	0.0673076923076923
927	0.0384615384615383
928	0.105769230769231
929	0.0673076923076923
930	0.0384615384615383
931	0.0865384615384612
932	0.0865384615384612
933	0.0384615384615383
934	-0.0288461538461542
935	-0.0192307692307696
936	-0.0096153846153848
937	-2.22044604925031e-16
938	0.0192307692307689
939	0.0576923076923075
940	-0.0961538461538463
941	0
942	0.163461538461539
943	0.163461538461539
944	0.182692307692307
945	0.173076923076923
946	0.153846153846154
947	0.105769230769231
948	0.115384615384615
949	0.0769230769230766
950	-0.134615384615385
951	-0.134615384615385
952	-0.144230769230769
953	-0.182692307692308
954	-0.153846153846154
955	-0.230769230769231
956	-0.259615384615385
957	-0.240384615384616
958	-0.144230769230769
959	-0.173076923076923
975	-0.134615384615385
976	-0.163461538461539
977	-0.259615384615385
990	-0.173076923076923
991	-0.163461538461539
992	-0.0769230769230771
993	-0.0192307692307693
994	-0.028846153846154
995	-0.0384615384615385
996	-0.0384615384615385
997	0.0769230769230768
998	0.0384615384615383
999	0
1000	-0.0096153846153848
1001	0.0480769230769229
1002	0.0384615384615383
1003	0.105769230769231
1004	0.0576923076923076
1005	0.0576923076923076
1006	0.0192307692307693
1007	0.0192307692307693
1008	0.0480769230769229
1009	0.0576923076923076
1010	0.115384615384615
1011	0.163461538461539
1012	0.173076923076923
1013	0.25
1014	0.211538461538461
1015	0.240384615384615
1016	0.115384615384615
1017	0.115384615384615
1018	0.173076923076923
1019	0.192307692307692
1020	0.125
1021	0.10576923076923
1022	0.0961538461538458
1023	0.115384615384615
1024	0.192307692307692
1025	0.221153846153846
1026	0.230769230769231
1027	0.221153846153846
1028	0.221153846153846
1029	0.125
1030	0
1031	0.0769230769230766
1032	0.125
1033	0.0288461538461535
1034	0.0769230769230766
1035	0.0769230769230766
1036	0.0673076923076921
1037	0.0384615384615383
1038	-0.0288461538461537
1039	-0.125
1040	-0.153846153846154
1041	-0.153846153846154
1042	-0.0865384615384617
1043	-0.0865384615384617
1044	-0.134615384615385
1045	-0.211538461538462
1046	-0.278846153846154
1059	-0.432692307692308
1085	-0.278846153846154
1086	-0.105769230769231
1087	-0.115384615384616
1088	-0.163461538461539
1089	-0.134615384615385
1090	-0.0769230769230769
1091	-0.0480769230769232
1092	0.0769230769230771
1093	-0.0673076923076923
1094	-0.0673076923076924
1095	-0.0865384615384617
1096	-0.0961538461538463
1097	-0.028846153846154
1098	-0.028846153846154
1099	0.0384615384615383
1100	0.0192307692307693
1101	0.0288461538461536
1102	0.0865384615384617
1103	0.0480769230769229
1104	0.153846153846154
1105	0.182692307692307
1106	0.10576923076923
1107	0.0961538461538458
1108	0.0865384615384615
1109	0.0673076923076921
1110	0.0576923076923075
1111	0.0288461538461535
1112	0.0769230769230766
1113	0.211538461538461
1114	0.278846153846154
1115	0.413461538461538
1116	0.471153846153846
1117	0.461538461538461
1118	0.471153846153846
1119	0.442307692307692
1120	0.451923076923077
1121	0.288461538461539
1122	0.115384615384615
1123	0.201923076923077
1124	0.259615384615384
1125	0.221153846153846
1126	0.221153846153846
1127	0.201923076923077
1128	0.0865384615384615
1129	0.240384615384615
1130	0.259615384615384
1131	0.201923076923077
1132	0.269230769230769
1133	0.288461538461538
1134	0.403846153846154
1135	0.259615384615384
1136	0.269230769230769
1137	0.269230769230769
1138	0.182692307692307
1139	0.201923076923077
1140	0.125
1141	0.105769230769231
1142	0.125
1143	0.125
1144	0.134615384615384
1145	0.134615384615384
1146	0.115384615384615
1147	0.336538461538461
1148	0.269230769230769
1149	0.173076923076923
1150	0.153846153846154
1151	0.048076923076923
1152	0.0192307692307693
1153	0.00961538461538458
1154	0.0192307692307693
1155	0.0673076923076923
1198	-0.211538461538461
1199	-0.192307692307692
1200	-0.201923076923077
1207	-0.115384615384616
1239	-0.0576923076923078
1240	-0.0192307692307694
1241	-0.0673076923076924
1242	-0.0673076923076924
1243	-0.125
1244	-0.105769230769231
1245	-0.125
1246	-0.134615384615385
1247	-0.134615384615385
1252	-0.125
1253	-0.0961538461538463
1254	-0.0961538461538463
1255	-0.115384615384616
1256	-0.028846153846154
1257	-0.028846153846154
1258	-0.0192307692307693
1259	0.0865384615384615
1260	0.0480769230769229
1261	-0.105769230769231
1262	-0.0673076923076924
1263	-0.0673076923076924
1264	-0.125
1265	0.0480769230769229
1266	0.125
1267	0.0576923076923076
1268	0.0480769230769229
1269	-1.11022302462516e-16
1270	-0.125
1271	-0.144230769230769
1272	-0.144230769230769
1273	-0.153846153846154
1274	-0.0865384615384617
1275	-0.163461538461539
1276	-0.201923076923077
1277	-0.173076923076923
1278	-0.182692307692308
1279	-0.201923076923077
1280	-0.201923076923077
1281	-0.211538461538461
1282	-0.125
1283	-0.134615384615385
1284	-0.144230769230769
1285	-0.0769230769230769
1286	-0.0673076923076923
1287	-0.0865384615384617
1288	-0.173076923076923
1289	-0.192307692307692
1290	-0.201923076923077
1291	-0.201923076923077
1296	-0.201923076923077
1297	-0.201923076923077
1298	-0.134615384615385
1299	-0.0192307692307694
1300	0.0192307692307693
1301	-0.0480769230769232
1302	-0.163461538461539
1303	-0.259615384615385
1304	-0.326923076923077
1305	-0.336538461538462
1306	-0.336538461538462
1307	-0.365384615384616
1308	-0.336538461538462
1309	-0.326923076923077
1310	-0.326923076923077
1311	-0.307692307692308
1312	-0.269230769230769
1313	-0.173076923076923
1314	-0.240384615384615
1315	-0.192307692307693
1316	-0.211538461538462
1317	-0.115384615384615
1318	-0.192307692307693
1319	-0.192307692307693
1320	-0.221153846153846
1321	-0.278846153846154
1322	-0.326923076923077
1323	-0.25
1324	-0.269230769230769
1325	-0.298076923076923
1326	-0.14423076923077
1327	-0.134615384615385
1328	-0.163461538461539
1329	-0.0673076923076925
1330	0.00961538461538436
1331	-0.0769230769230771
1332	-0.125
1333	-0.144230769230769
1334	-0.230769230769231
1335	-0.471153846153846
1336	-0.480769230769231
1337	-0.528846153846154
1338	-0.490384615384616
1339	-0.480769230769231
1340	-0.375
1341	-0.326923076923077
1342	-0.288461538461539
1343	-0.269230769230769
1344	-0.307692307692308
1345	-0.240384615384615
1346	-0.317307692307692
1347	-0.278846153846154
1348	-0.221153846153846
1349	-0.240384615384615
1350	-0.173076923076923
1351	-0.278846153846154
1352	-0.288461538461539
1353	-0.346153846153846
1354	-0.355769230769231
1355	-0.326923076923077
1356	-0.288461538461539
1357	-0.326923076923077
1358	-0.298076923076923
1359	-0.355769230769231
1360	-0.346153846153846
1361	-0.336538461538462
1372	-0.201923076923077
1373	-0.201923076923077
1374	-0.182692307692308
1375	-0.105769230769231
1376	-0.201923076923077
1377	-0.230769230769231
1378	-0.0673076923076923
1379	-0.0384615384615385
1380	-1.11022302462516e-16
1381	-1.11022302462516e-16
1382	-1.11022302462516e-16
1383	0.105769230769231
1384	0.0576923076923077
1385	-0.0192307692307694
1386	0.0480769230769229
1387	0.0769230769230771
1388	0.0480769230769229
1389	0.0288461538461537
1390	0.0576923076923077
1391	0.0192307692307693
1392	0.0192307692307693
1393	0.0576923076923076
1394	0.0576923076923076
1395	0.125
1396	0.201923076923077
1397	0.240384615384615
1398	0.25
1399	0.221153846153846
1400	0.201923076923077
1401	0.278846153846154
1402	0.269230769230769
1403	0.25
1404	0.153846153846154
1405	0.134615384615385
1406	0.0673076923076921
1407	0.221153846153846
1408	0.0865384615384615
1409	0.0769230769230766
1410	0.134615384615385
1411	0.0865384615384615
1412	0.115384615384615
1413	0.10576923076923
1414	-0.0769230769230771
1415	-0.115384615384615
1416	-0.153846153846154
1417	-2.22044604925031e-16
1418	0.096153846153846
1419	-0.0576923076923077
1420	-0.115384615384615
1421	-0.105769230769231
1422	-0.163461538461539
1423	-0.144230769230769
1424	-0.105769230769231
1425	-0.105769230769231
1426	-0.115384615384616
1427	-0.105769230769231
1428	-0.0865384615384617
1429	-0.125
1430	-0.0480769230769234
1431	-0.115384615384616
1432	-0.163461538461539
1433	-0.115384615384616
1434	-0.144230769230769
1435	-0.115384615384616
1436	0.0192307692307693
1437	-0.0480769230769232
1438	0.00961538461538458
1439	-0.00961538461538469
1440	-0.0192307692307693
1441	-1.11022302462516e-16
1442	0.240384615384615
1443	0.173076923076923
1444	0.230769230769231
1445	0.259615384615384
1446	0.144230769230769
1447	0.201923076923077
1448	0.230769230769231
1449	0.278846153846154
1450	0.269230769230769
1451	0.288461538461538
1452	0.326923076923077
1453	0.115384615384615
1454	-1.11022302462516e-16
1455	0.0288461538461537
1456	0.00961538461538458
1457	-0.0096153846153848
1458	-0.0576923076923077
1459	-0.0480769230769232
1460	0.0480769230769229
1461	0.0769230769230768
1462	0.221153846153846
1463	0.201923076923077
1464	0.269230769230769
1465	0.269230769230769
1466	0.346153846153846
1467	0.490384615384615
1468	0.461538461538461
1469	0.346153846153846
1470	0.451923076923077
1471	0.423076923076923
1472	0.298076923076923
1473	0.394230769230769
1474	0.326923076923077
1475	0.413461538461538
1476	0.480769230769231
1477	0.471153846153846
1478	0.201923076923077
1479	0.105769230769231
1480	0.0384615384615383
1481	-2.22044604925031e-16
1482	0.115384615384615
1483	0.0480769230769229
1484	0.0192307692307689
1485	0.00961538461538436
1486	-2.22044604925031e-16
1487	0.0192307692307689
1488	-0.0288461538461542
1489	-0.0384615384615388
1490	-0.0288461538461542
1491	-0.0576923076923079
1492	-0.0096153846153848
1493	0.096153846153846
1494	0.173076923076923
1495	0.144230769230769
1496	0.0865384615384612
1497	0.0288461538461537
1498	-0.134615384615385
1499	-0.144230769230769
1500	-0.211538461538462
1501	-0.211538461538462
1502	-0.355769230769231
1504	-0.423076923076923
1505	-0.423076923076923
1510	-0.384615384615385
1522	-0.307692307692308
1523	-0.326923076923077
1524	-0.317307692307692
1525	-0.259615384615385
1526	-0.269230769230769
1527	-0.221153846153846
1528	-0.240384615384616
1529	-0.326923076923077
1573	-0.211538461538462
1574	-0.192307692307693
1575	-0.211538461538462
1576	-0.240384615384616
1577	-0.211538461538462
1578	-0.105769230769231
1579	-0.125
1580	-0.134615384615385
1581	-0.0769230769230769
1582	-0.0961538461538463
1583	-0.0961538461538463
1584	-0.134615384615385
1585	-0.0673076923076923
1586	-0.0480769230769232
1587	-0.0673076923076923
1588	-0.0576923076923076
1589	-0.0576923076923076
1590	-0.0865384615384617
1591	-0.0865384615384617
1592	-0.0673076923076923
1593	-0.00961538461538469
1594	-0.0673076923076924
1595	-0.0769230769230771
1596	-0.0961538461538463
1597	-0.105769230769231
1598	-0.153846153846154
1606	0.0576923076923076
1607	0.00961538461538458
1608	-0.0192307692307693
1609	-0.163461538461539
1610	-0.173076923076923
1611	-0.173076923076923
1612	-0.163461538461539
1618	-0.192307692307692
1630	-0.307692307692308
1631	-0.230769230769231
1632	-0.211538461538462
1633	-0.173076923076923
1634	-0.240384615384616
1635	-0.298076923076923
1636	-0.288461538461539
1637	-0.192307692307692
1638	-0.240384615384616
1639	-0.201923076923077
1640	-0.125
1641	-0.105769230769231
1647	-0.153846153846154
1648	-0.0673076923076923
1649	-0.0480769230769232
1650	0.0384615384615383
1651	-0.0192307692307693
1652	-0.0384615384615385
1653	-0.0192307692307693
1654	-0.0769230769230771
1655	-0.0769230769230771
1656	-0.0769230769230771
1657	-0.125
1658	-0.105769230769231
1659	-0.105769230769231
1660	-0.0576923076923077
1661	-0.0480769230769232
1662	-0.0480769230769232
1663	-0.0576923076923077
1664	0.0288461538461537
1665	0.0384615384615383
1666	-0.105769230769231
1709	-0.201923076923077
1716	-0.163461538461539
1717	-0.0865384615384617
1718	-0.0961538461538463
1719	-0.0576923076923077
1720	-0.0865384615384617
1721	-0.0576923076923077
1722	0.0192307692307693
1723	0.153846153846154
1724	0.163461538461539
1725	0.375
1726	0.211538461538461
1727	0.201923076923077
1728	0.115384615384615
1729	0.115384615384615
1730	0.115384615384615
1731	0.00961538461538458
1732	-0.173076923076923
1733	-0.182692307692308
1734	-0.269230769230769
1735	-0.25
1736	-0.163461538461539
1737	-0.153846153846154
1738	-0.0769230769230769
1739	-0.0384615384615385
1740	-0.115384615384616
1741	-0.0961538461538463
1742	-0.115384615384616
1743	-0.0865384615384617
1744	-0.0192307692307693
1745	-0.125
1746	-0.144230769230769
1747	-0.173076923076923
1748	-0.144230769230769
1749	-0.115384615384616
1750	-0.0096153846153848
1751	0.0673076923076923
1752	-0.0096153846153848
1753	-0.0769230769230769
1754	-0.0961538461538463
1755	-0.0288461538461542
1756	-0.0288461538461542
1757	-0.0480769230769234
1758	-0.144230769230769
1759	-0.336538461538462
1760	-0.355769230769231
1764	-0.384615384615385
1765	-0.355769230769231
1766	-0.375
1767	-0.384615384615385
1768	-0.326923076923077
1769	-0.346153846153846
1770	-0.355769230769231
1771	-0.365384615384616
1772	-0.461538461538462
1773	-0.471153846153846
1774	-0.461538461538462
1775	-0.451923076923077
1776	-0.413461538461539
1777	-0.432692307692308
1778	-0.403846153846154
1779	-0.375
1780	-0.461538461538462
1781	-0.365384615384616
1782	-0.278846153846154
1783	-0.153846153846154
1784	-0.105769230769231
1785	-0.173076923076923
1786	-0.115384615384616
1787	-0.115384615384616
1788	-0.173076923076923
1789	-0.230769230769231
1790	-0.230769230769231
1791	-0.288461538461539
1792	-0.259615384615385
1793	-0.221153846153846
1794	-0.230769230769231
1795	-0.211538461538462
1796	-0.0961538461538463
1797	-0.125
1798	-0.134615384615385
1799	-0.105769230769231
1800	-0.0865384615384617
1801	-0.105769230769231
1802	-0.0961538461538463
1803	0.0769230769230766
1804	-2.22044604925031e-16
1805	0.0192307692307692
1806	0.0480769230769229
1807	0.0769230769230769
1808	0.096153846153846
1809	0.115384615384615
1810	0.0384615384615383
1811	0.0480769230769229
1812	0.0673076923076921
1813	0.0865384615384615
1814	0.0673076923076921
1815	0.0192307692307692
1816	0.0384615384615383
1817	-0.0480769230769234
1818	-0.115384615384616
1819	-0.259615384615385
1821	-0.201923076923077
1831	-0.0384615384615385
1892	0.0961538461538461
1893	0.0865384615384615
1894	0.0673076923076923
1895	0.134615384615384
1896	0.182692307692308
1897	0.163461538461538
1898	0.259615384615384
1899	0.317307692307692
1900	0.298076923076923
1901	0.173076923076923
1902	0.230769230769231
1903	0.211538461538461
1904	0.153846153846154
1905	0.0384615384615383
1906	0.0192307692307693
1907	0.0384615384615383
1908	0.0480769230769229
1909	0.0384615384615383
1910	0.0480769230769229
1911	0.0288461538461537
1912	0.0192307692307693
1913	0.0769230769230768
1914	0.144230769230769
1915	0.0480769230769229
1916	0.0384615384615383
1917	0.0192307692307693
1918	-0.0096153846153848
1919	-0.0096153846153848
1920	-0.0096153846153848
1921	-0.0192307692307694
1922	-0.144230769230769
1923	-0.105769230769231
1924	-0.125
1925	-0.134615384615385
1926	-0.125
1927	-0.240384615384616
1930	-0.403846153846154
1945	-0.355769230769231
1946	-0.355769230769231
1947	-0.355769230769231
1948	-0.365384615384616
2021	-0.278846153846154
2022	-0.115384615384615
2023	-0.0865384615384615
2024	-0.0769230769230769
2025	-0.0480769230769231
2026	-0.0769230769230769
2027	-0.134615384615385
2028	-0.125
2029	-0.0865384615384617
2030	-0.0673076923076923
2031	-0.0480769230769234
2032	-0.0576923076923079
2033	0.0192307692307692
2034	0.0576923076923075
2035	0.0576923076923075
2036	0.163461538461539
2037	0.182692307692307
2038	0.25
2039	0.230769230769231
2040	0.25
2041	0.173076923076923
2042	0.182692307692307
2043	0.211538461538461
2044	0.221153846153846
2045	0.25
2046	0.192307692307692
2047	0.278846153846154
2048	0.317307692307692
2049	0.307692307692308
2050	0.25
2051	0.105769230769231
2052	0.173076923076923
2053	0.153846153846154
2054	0.153846153846154
2055	0.134615384615385
2056	0.105769230769231
2057	-0.0192307692307693
2058	-0.230769230769231
2061	-0.211538461538461
2062	-0.182692307692308
2063	-0.182692307692308
2064	-0.201923076923077
2075	-0.269230769230769
2076	-0.259615384615385
2077	-0.259615384615385
2078	-0.269230769230769
2079	-0.288461538461539
2080	-0.201923076923077
2081	-0.192307692307693
2082	-0.230769230769231
2083	-0.134615384615385
2084	-0.230769230769231
2085	-0.240384615384616
2086	-0.182692307692308
2087	-0.173076923076923
2088	-0.288461538461539
2089	-0.317307692307692
2090	-0.298076923076923
2091	-0.326923076923077
2092	-0.307692307692308
2093	-0.317307692307692
2094	-0.192307692307692
2095	-0.201923076923077
2096	-0.192307692307692
2097	-0.182692307692308
2098	-0.0961538461538463
2099	-0.0961538461538463
2100	-0.0961538461538463
2101	-0.00961538461538458
2102	-0.0192307692307692
2103	0.0096153846153848
2104	0.0384615384615383
2105	0.115384615384615
2106	0.144230769230769
2107	0.134615384615384
2108	0.0576923076923077
2109	-0.0096153846153848
2110	-0.115384615384616
2111	-0.182692307692308
2112	-0.192307692307693
2113	-0.163461538461539
2114	-0.0192307692307694
2115	0.0769230769230771
2116	0
2117	0.0865384615384617
2118	0.0192307692307693
2119	-0.028846153846154
2120	-0.00961538461538469
2121	-1.11022302462516e-16
2122	-0.0673076923076924
2123	-0.0480769230769232
2124	-1.11022302462516e-16
2125	0.0192307692307691
2126	0.0192307692307691
2127	0.0673076923076921
2128	0.0673076923076921
2129	0.0769230769230769
2130	0.00961538461538458
2131	0.048076923076923
2132	0.153846153846154
2133	0.0576923076923076
2134	-0.0673076923076923
2135	-0.0673076923076923
2136	-0.0576923076923078
2202	-0.413461538461539
2203	-0.394230769230769
2204	-0.394230769230769
2205	-0.375
2206	-0.375
2286	-0.278846153846154
2292	-0.278846153846154
2293	-0.278846153846154
2294	-0.269230769230769
2295	-0.336538461538462
2296	-0.336538461538462
2297	-0.346153846153846
2298	-0.355769230769231
2299	-0.365384615384616
2300	-0.384615384615385
2301	-0.403846153846154
2302	-0.403846153846154
2303	-0.423076923076923
2304	-0.451923076923077
2312	-0.355769230769231
2313	-0.346153846153846
2314	-0.336538461538462
2315	-0.326923076923077
2316	-0.365384615384616
2317	-0.355769230769231
2320	-0.221153846153846
2321	-0.182692307692308
2323	-0.163461538461539
2324	-0.134615384615385
2325	-0.173076923076923
2326	-0.173076923076923
2327	-0.163461538461539
2339	-0.192307692307692
2340	-0.182692307692308
2341	-0.221153846153846
2344	-0.211538461538461
2345	-0.105769230769231
2346	-0.182692307692308
2347	-0.153846153846154
2349	-0.105769230769231
2350	-0.0961538461538463
2352	-1.11022302462516e-16
2353	0.144230769230769
2354	0.134615384615384
2355	0.115384615384615
2356	0.0769230769230768
2357	0.0865384615384615
2358	0.0769230769230768
2359	-1.11022302462516e-16
2360	0.0288461538461537
2361	0.0673076923076922
2362	0.0480769230769229
2363	0.105769230769231
2364	0.0961538461538461
2365	0.115384615384615
2366	0.105769230769231
2367	0.115384615384615
2368	0.144230769230769
2369	0.134615384615384
2370	0.25
2371	0.144230769230769
2372	0.201923076923077
2373	0.134615384615384
2374	0.144230769230769
2375	0.0576923076923076
2376	0.0576923076923076
2377	0.0673076923076922
2378	0.0576923076923076
2379	0.0192307692307693
2380	0.0384615384615383
2381	-0.0480769230769232
2382	-0.0576923076923077
2383	-0.105769230769231
2384	-0.028846153846154
2385	-0.0384615384615385
2386	-0.0480769230769232
2387	0
2388	-0.0384615384615385
2389	-0.182692307692308
2390	-0.221153846153846
2391	-0.259615384615385
2398	-0.317307692307692
2399	-0.307692307692308
2401	-0.221153846153846
2402	-0.269230769230769
2403	-0.269230769230769
2404	-0.259615384615385
2405	-0.259615384615385
2406	-0.326923076923077
2407	-0.298076923076923
2412	-0.211538461538461
2413	-0.201923076923077
2414	-0.182692307692308
2415	-0.115384615384616
2416	-0.192307692307692
2417	-0.211538461538461
2418	-0.201923076923077
2419	-0.201923076923077
2430	-0.182692307692308
2431	-0.153846153846154
2432	-0.0769230769230771
2433	-0.0961538461538463
2434	-0.115384615384616
2435	-0.163461538461539
2436	-0.173076923076923
2440	-0.173076923076923
2441	-0.144230769230769
2442	-0.192307692307692
2443	-0.153846153846154
2444	-0.192307692307692
2445	-0.105769230769231
2446	-0.028846153846154
2447	-0.0192307692307693
2448	-0.115384615384616
2449	-0.125
2450	-0.163461538461539
2451	-0.211538461538461
2452	-0.211538461538461
2453	-0.201923076923077
2454	-0.182692307692308
2455	-0.153846153846154
2456	-0.0961538461538463
2457	-0.0673076923076924
2458	-0.144230769230769
2459	-0.134615384615385
2460	-0.105769230769231
2461	-0.0961538461538463
2462	-0.0865384615384617
2463	-0.0480769230769232
2464	-0.0480769230769232
2465	-0.0576923076923077
2466	-0.0769230769230771
2467	0.0576923076923076
2468	-0.0384615384615385
2469	-1.11022302462516e-16
2470	-0.0192307692307693
2471	-0.0865384615384617
2472	-0.0576923076923076
2473	-0.028846153846154
2474	-0.00961538461538469
2475	0.0673076923076922
2476	-0.0192307692307693
2477	-0.028846153846154
2478	-0.028846153846154
2479	0.0384615384615383
2480	0.115384615384615
2481	0.0961538461538464
2482	0.0865384615384617
2483	0.0673076923076923
2484	0.0288461538461537
2485	0.0480769230769229
2486	0.0576923076923077
2487	-0.0192307692307692
2488	-0.0576923076923077
2489	-0.0480769230769231
2490	-0.0384615384615383
2491	-0.0288461538461537
2492	-0.0288461538461537
2493	0.0480769230769229
2494	0.00961538461538436
2495	0.00961538461538436
2496	0.134615384615384
2497	0.153846153846154
2498	0.153846153846154
2499	0.0384615384615383
2500	0.0576923076923075
2501	0.0673076923076921
2502	0.0288461538461537
2503	-0.0673076923076923
2504	-0.0673076923076923
2505	-0.0865384615384617
2506	-0.144230769230769
2507	-0.105769230769231
2508	-0.0480769230769234
2509	-0.0384615384615388
2510	-0.0384615384615388
2511	-0.192307692307693
2512	-0.192307692307693
2513	-0.192307692307693
2514	-0.173076923076923
2515	-0.307692307692308
2564	-0.134615384615385
2565	-0.0288461538461541
2566	-0.0865384615384617
2567	-0.0673076923076923
2568	-0.0480769230769231
2569	-0.0384615384615385
2570	-0.0192307692307693
2571	-0.0096153846153848
2572	-0.0480769230769231
2578	0.0576923076923076
2579	-0.0384615384615385
2580	0.0288461538461537
2581	0.0865384615384616
2582	0.115384615384615
2583	0.105769230769231
2584	0.115384615384615
2585	0.115384615384615
2586	0.125
2587	0.125
2588	0.25
2589	0.25
2590	0.269230769230769
2591	0.278846153846154
2592	0.192307692307692
2593	0.125
2594	0.0961538461538461
2595	0.0769230769230769
2596	-0.0384615384615385
2597	-0.0288461538461539
2598	0
2605	-0.0480769230769231
2606	-0.0576923076923078
2607	-0.0576923076923078
2608	-0.0576923076923078
2609	-0.0576923076923078
2633	-0.0961538461538463
2634	-0.0480769230769232
2635	-0.0673076923076924
2636	-0.105769230769231
2637	-0.0769230769230771
2638	-0.125
2639	-0.0384615384615387
2640	0.125
2641	0.201923076923077
2642	0.182692307692308
2643	0.192307692307692
2644	0.278846153846154
2645	0.259615384615384
2646	0.240384615384615
2647	0.211538461538461
2648	0.288461538461538
2649	0.288461538461538
2650	0.211538461538461
2651	0.134615384615385
2652	0.163461538461539
2653	0.163461538461539
2654	0.0865384615384615
2655	0.105769230769231
2656	0.115384615384615
2657	0.134615384615384
2658	0.134615384615384
2659	0.153846153846154
2660	0.163461538461538
2661	0.240384615384616
2662	0.259615384615385
2663	0.173076923076923
2664	0.163461538461538
2665	0.0769230769230769
2666	0.0673076923076922
2667	-0.0384615384615387
2668	0.105769230769231
2669	0.115384615384615
2670	0.125
2671	0.125
2672	0.144230769230769
2673	0.0384615384615383
2674	0.0673076923076922
2675	-0.028846153846154
2676	-0.211538461538461
2693	-0.403846153846154
2694	-0.365384615384616
2695	-0.355769230769231
2696	-0.326923076923077
2699	-0.259615384615385
2700	-0.192307692307692
2701	-0.201923076923077
2702	-0.173076923076923
2703	-0.153846153846154
2704	-0.230769230769231
2705	-0.298076923076923
2720	-0.201923076923077
2721	-0.221153846153846
2772	-0.0192307692307693
2773	0.0384615384615383
2774	-0.0096153846153848
2775	-0.0096153846153848
2776	-0.0384615384615387
2777	-0.0576923076923077
2778	-0.0865384615384617
2779	-0.0673076923076924
2780	-0.0480769230769232
2781	-0.144230769230769
2782	-0.182692307692308
2783	-0.192307692307692
2784	-0.201923076923077
2785	-0.192307692307692
2786	-0.0865384615384617
2787	-0.173076923076923
2789	-0.144230769230769
2793	-0.163461538461539
2820	-0.259615384615385
2821	-0.230769230769231
2822	-0.307692307692308
2823	-0.278846153846154
2824	-0.307692307692308
2838	-0.125
2839	-0.0096153846153848
2840	-0.0961538461538463
2841	-0.115384615384616
2842	-0.173076923076923
2843	-0.192307692307692
2844	-0.211538461538461
2845	-0.240384615384616
2900	-0.0865384615384617
2901	-0.0480769230769231
2902	0.048076923076923
2903	-0.0096153846153848
2909	0.0576923076923076
2910	0.0673076923076923
2911	0.0769230769230769
2912	0.0576923076923076
2922	0.0961538461538461
2975	-0.0576923076923078
2976	-0.0576923076923078
2977	-0.0096153846153848
2978	-0.0673076923076923
3347	0.115384615384615
3348	0.182692307692308
3349	0.201923076923077
3350	0.201923076923077
3351	0.230769230769231
3352	0.211538461538461
3353	0.182692307692308
3354	0.115384615384615
3355	0.144230769230769
3356	0.163461538461538
3358	0.278846153846154
3359	0.365384615384615
3360	0.365384615384615
3361	0.548076923076923
3362	0.557692307692307
3363	0.519230769230769
3364	0.567307692307692
3365	0.471153846153846
3366	0.461538461538462
3367	0.471153846153846
3368	0.557692307692307
3369	0.528846153846154
3370	0.451923076923077
3371	0.442307692307692
3372	0.413461538461539
3373	0.326923076923077
3374	0.471153846153846
3375	0.480769230769231
3376	0.567307692307692
3377	0.548076923076923
3378	0.548076923076923
3379	0.548076923076923
3380	0.471153846153846
3381	0.442307692307692
3382	0.346153846153846
3383	0.288461538461538
3384	0.326923076923077
3385	0.298076923076923
3386	0.317307692307692
3387	0.307692307692308
3388	0.326923076923077
3389	0.326923076923077
3390	0.346153846153846
3391	0.317307692307692
3392	0.307692307692308
3393	0.355769230769231
3394	0.115384615384615
3519	-0.192307692307692
3520	-0.153846153846154
3521	-0.182692307692308
3522	-0.115384615384616
3523	-0.0961538461538463
3524	-0.182692307692308
3525	-0.211538461538461
3526	-0.221153846153846
3527	-0.221153846153846
3528	-0.192307692307692
3529	-0.163461538461539
3530	-0.0961538461538463
3531	-0.182692307692308
3610	-0.394230769230769
3611	-0.336538461538462
3612	-0.326923076923077
3613	-0.326923076923077
3614	-0.288461538461539
3620	-0.394230769230769
3621	-0.365384615384616
3622	-0.336538461538462
3671	-0.076923076923077
3672	-0.0480769230769231
3673	0.0384615384615383
3674	0.0192307692307691
3675	-0.0288461538461541
3676	-0.0096153846153848
3683	-0.163461538461539
3684	-0.182692307692308
3685	-0.153846153846154
3686	-0.163461538461539
3687	-0.163461538461539
3688	-0.163461538461539
3689	-0.144230769230769
3690	-0.125
3691	-0.105769230769231
3718	-0.134615384615385
3726	-0.125
3727	-0.163461538461539
3728	-0.163461538461539
3729	-0.163461538461539
3730	-0.0480769230769232
3731	-0.134615384615385
3732	-0.153846153846154
3736	-0.076923076923077
3737	-0.0673076923076923
3738	-0.076923076923077
3739	-0.105769230769231
3740	-0.0192307692307694
3741	0.0769230769230769
3742	0.0576923076923076
3743	0.0865384615384616
3744	0.105769230769231
3745	0.0384615384615383
3746	0.00961538461538458
3747	0.0384615384615383
3748	0.0288461538461537
3749	0.00961538461538458
3750	-1.11022302462516e-16
3751	-0.0576923076923078
3752	-0.076923076923077
3763	-0.134615384615385
3764	-0.105769230769231
3765	0.144230769230769
3766	0.0192307692307693
3767	0.0865384615384615
3768	0.105769230769231
3769	0.0769230769230768
3770	0.0865384615384615
3771	0.288461538461538
3772	0.288461538461538
3773	0.259615384615384
3774	0.221153846153846
3775	0.221153846153846
3776	0.115384615384615
3777	0.0192307692307692
3778	-0.0769230769230771
3779	-0.0865384615384617
3780	-0.125
3781	-0.144230769230769
3782	-0.0865384615384617
3783	-0.211538461538462
3784	-0.211538461538462
3785	-0.211538461538462
3786	-0.211538461538462
3787	-0.240384615384615
3788	-0.221153846153846
3789	-0.230769230769231
3790	-0.173076923076923
3791	-0.0961538461538463
3792	-0.0192307692307696
3793	-2.22044604925031e-16
3794	-2.22044604925031e-16
3795	0.0192307692307689
3796	0.0673076923076923
3797	0.096153846153846
3798	0.0576923076923075
3799	-0.00961538461538458
3800	-0.0192307692307692
3801	-0.25
3802	-0.201923076923077
3803	-0.25
3804	-0.269230769230769
3805	-0.278846153846154
3806	-0.182692307692308
3817	-0.144230769230769
3818	-0.134615384615385
3819	-0.0384615384615387
3820	0.0673076923076922
3821	0.105769230769231
3822	0.125
3823	0.125
3824	0.134615384615385
3825	0.134615384615385
3826	0.144230769230769
3827	0.163461538461538
3828	0.00961538461538458
3829	0.0961538461538461
3830	0.105769230769231
3831	0.115384615384615
3832	0.048076923076923
3833	0.0288461538461537
3834	0.0288461538461537
3835	0.00961538461538458
3836	0.0769230769230769
3837	0.0673076923076921
3838	0.0384615384615383
3839	0.0865384615384616
3840	0.153846153846154
3841	0.192307692307692
3842	0.096153846153846
3843	0.125
3844	0.115384615384615
3845	0.221153846153846
3846	0.221153846153846
3847	0.182692307692308
3848	0.163461538461538
3849	0.134615384615384
3850	0.125
3851	0.163461538461538
3852	0.144230769230769
3853	0.0673076923076922
3854	0.00961538461538458
3855	-1.11022302462516e-16
3856	-0.028846153846154
3857	-0.0384615384615385
3858	0.00961538461538458
3859	0.00961538461538458
3860	-0.0576923076923079
3861	-0.0480769230769234
3862	-0.115384615384616
3863	-0.221153846153846
3864	-0.201923076923077
3865	-0.269230769230769
3866	-0.288461538461539
3867	-0.288461538461539
3868	-0.278846153846154
3872	-0.230769230769231
3873	-0.115384615384616
3874	-0.0769230769230771
3875	-0.105769230769231
3903	-0.0480769230769231
3904	-0.0576923076923078
3905	-0.0673076923076923
3906	-0.0384615384615385
3907	-0.0384615384615385
3913	0.00961538461538458
3914	-0.0192307692307694
3915	-0.0384615384615387
3916	-0.0288461538461541
3917	-0.0480769230769232
3918	-1.11022302462516e-16
3919	-0.00961538461538469
3920	-0.115384615384616
3921	-0.105769230769231
3922	-0.173076923076923
3923	-0.0673076923076923
3924	-0.0865384615384617
3925	0
3926	-0.0096153846153848
3927	-0.0673076923076923
3928	0.0192307692307693
3929	0.0192307692307693
3930	0.0576923076923077
3931	0.105769230769231
3932	0.105769230769231
3933	0.0192307692307693
3934	0.0865384615384617
3935	0.230769230769231
3936	0.240384615384615
3937	0.413461538461538
3938	0.394230769230769
3939	0.326923076923077
3940	0.413461538461538
3941	0.375
3942	0.375
3943	0.355769230769231
3944	0.326923076923077
3945	0.278846153846154
3946	0.269230769230769
3947	0.125
3948	-0.0192307692307692
3949	-0.221153846153846
3950	-0.211538461538462
3951	-0.25
3952	-0.326923076923077
3953	-0.317307692307692
3954	-0.221153846153846
3955	-0.240384615384616
3956	-0.230769230769231
3957	-0.230769230769231
3958	-0.240384615384616
3959	-0.298076923076923
3960	-0.278846153846154
3961	-0.365384615384616
3962	-0.384615384615385
3963	-0.394230769230769
3964	-0.480769230769231
3965	-0.403846153846154
3966	-0.365384615384616
3967	-0.375
3968	-0.288461538461539
3969	-0.269230769230769
3970	-0.182692307692308
3971	-0.336538461538462
3972	-0.336538461538462
3973	-0.490384615384616
3974	-0.519230769230769
3975	-0.567307692307692
3977	-0.528846153846154
3978	-0.586538461538462
3979	-0.576923076923077
3980	-0.528846153846154
3981	-0.519230769230769
3982	-0.490384615384615
3983	-0.259615384615385
3984	-0.211538461538462
3985	-0.192307692307692
3986	-0.201923076923077
3987	-0.134615384615385
3988	0.0288461538461536
3989	0.0961538461538464
3990	-0.0480769230769232
3991	-0.0192307692307693
3992	-0.00961538461538469
3993	0.105769230769231
3994	0.134615384615384
3995	0.0673076923076923
3996	0.0769230769230771
3997	0.0961538461538464
3998	0.201923076923077
3999	0.182692307692307
4000	0.192307692307692
4001	0.192307692307692
4002	0.144230769230769
4003	0.211538461538461
4004	0.144230769230769
4005	0.125
4006	-0.028846153846154
4007	-0.0192307692307693
4008	-0.0384615384615385
4009	-0.0576923076923076
4010	0.0673076923076922
4011	0.0288461538461536
4012	0.0288461538461536
4013	-0.0384615384615385
4014	0.00961538461538458
4015	0.0769230769230768
4016	0.0576923076923076
4017	0.0673076923076922
4018	0.0384615384615383
4019	-0.134615384615385
4020	-0.153846153846154
4021	-0.125
4022	-0.105769230769231
4023	-0.144230769230769
4024	-0.278846153846154
4025	-0.259615384615385
4026	-0.269230769230769
4027	-0.278846153846154
4028	-0.25
4049	-0.278846153846154
4050	-0.259615384615385
4053	-0.298076923076923
4054	-0.288461538461539
4055	-0.288461538461539
4056	-0.269230769230769
4057	-0.278846153846154
4058	-0.298076923076923
4059	-0.278846153846154
4060	-0.259615384615385
4061	-0.192307692307693
4062	-0.0961538461538463
4063	-0.0192307692307694
4064	-0.0384615384615388
4065	-0.0480769230769234
4066	-0.105769230769231
4067	-0.105769230769231
4068	-0.173076923076923
4069	-0.192307692307693
4070	-0.182692307692308
4071	-0.211538461538462
4072	-0.201923076923077
4073	-0.259615384615385
4074	-0.230769230769231
4075	-0.317307692307692
4076	-0.298076923076923
4077	-0.384615384615385
4079	-0.355769230769231
4157	-0.0576923076923078
4158	-0.0576923076923078
4159	-0.0288461538461539
4163	-0.0096153846153848
4164	-0.0288461538461539
4165	0.0192307692307691
4166	-0.0096153846153848
4167	-0.0384615384615387
4168	-0.0576923076923077
4169	0.00961538461538458
4170	0.0288461538461537
4171	0.0192307692307693
4172	0.0576923076923076
4173	0.0576923076923076
4174	0.00961538461538458
4175	0.00961538461538458
4176	-0.0096153846153848
4177	-0.0961538461538463
4178	-0.0961538461538463
4179	-0.105769230769231
4180	-0.105769230769231
4311	-0.0865384615384617
4312	-0.105769230769231
4313	-0.0961538461538463
4314	-0.0673076923076923
4358	-0.298076923076923
4359	-0.288461538461539
4360	-0.278846153846154
4361	-0.278846153846154
4363	-0.221153846153846
4364	-0.134615384615385
4365	-0.134615384615385
4366	-0.163461538461539
4367	-0.182692307692308
4368	-0.192307692307692
4369	-0.105769230769231
4370	-0.125
4371	-0.144230769230769
4372	-0.153846153846154
4373	-0.0576923076923079
4374	-0.105769230769231
4375	-0.105769230769231
4376	-0.0865384615384617
4377	-0.0865384615384617
4378	-0.144230769230769
4379	-0.221153846153846
4380	-0.0576923076923079
4381	0
4382	0.0192307692307692
4383	-0.153846153846154
4384	-0.192307692307692
4385	-0.201923076923077
4386	-0.240384615384616
4387	-0.125
4388	-0.211538461538462
4389	-0.201923076923077
4390	-0.192307692307693
4391	-0.25
4392	-0.240384615384616
4393	-0.25
4396	-0.221153846153846
4397	-0.25
4398	-0.221153846153846
4408	-0.0192307692307693
4411	0.0288461538461537
4412	0.0288461538461537
4413	-0.0192307692307693
4414	-0.0384615384615385
4415	-0.0480769230769231
4493	-0.0192307692307694
4494	-0.0192307692307694
4495	-1.11022302462516e-16
4496	0.0865384615384616
4497	0.0769230769230769
4498	0.0288461538461537
4499	0.0192307692307691
4500	0.048076923076923
4507	-0.0480769230769231
4508	-0.0576923076923078
4510	-0.0673076923076923
4511	0.0192307692307691
4512	-0.0673076923076924
4513	-0.105769230769231
4514	-0.125
4515	-0.0769230769230769
4516	-0.0865384615384617
4517	-0.0865384615384617
4518	-0.0576923076923079
4519	0
4520	-0.0192307692307692
4521	-0.105769230769231
4522	0.0576923076923075
4523	0.0769230769230766
4524	0.125
4525	0.0865384615384615
4526	0.134615384615385
4527	0.0480769230769229
4528	0.0673076923076921
4529	-0.0576923076923079
4530	-0.0576923076923079
4531	-0.0192307692307694
4532	-0.144230769230769
4533	0.0096153846153848
4534	-0.00961538461538458
4535	0.0480769230769229
4536	0.125
4537	0.10576923076923
4538	0.192307692307692
4539	0.201923076923077
4540	0.173076923076923
4541	0.144230769230769
4542	0.134615384615385
4543	0.0769230769230766
4544	0.0961538461538458
4545	0.0769230769230766
4546	0.0288461538461535
4547	-0.0288461538461537
4548	-0.00961538461538458
4549	0.10576923076923
4550	0.182692307692307
4551	0.115384615384615
4552	0.134615384615384
4553	0.134615384615384
4554	0.0769230769230771
4555	-0.0288461538461542
4556	0
4557	-0.153846153846154
4558	-0.25
4559	-0.298076923076923
4560	-0.375
4561	-0.346153846153846
4568	-0.375
4576	-0.423076923076923
4577	-0.432692307692308
4578	-0.423076923076923
4579	-0.451923076923077
4580	-0.298076923076923
4581	-0.269230769230769
4582	-0.317307692307692
4583	-0.298076923076923
4584	-0.259615384615385
4585	-0.278846153846154
4586	-0.288461538461539
4587	-0.278846153846154
4588	-0.288461538461539
4589	-0.173076923076923
4590	-0.173076923076923
4591	-0.0576923076923077
4592	0.00961538461538436
4593	0.0673076923076921
4594	0.0192307692307692
4595	0.0480769230769229
4596	0.0480769230769229
4597	0.115384615384615
4598	0.192307692307692
4599	0.25
4600	0.365384615384615
4601	0.355769230769231
4602	0.355769230769231
4603	0.336538461538461
4604	0.153846153846154
4605	0.163461538461539
4606	0.192307692307692
4607	0.182692307692307
4608	0.182692307692307
4609	0.163461538461539
4610	-0.0192307692307692
4611	0.0192307692307692
4612	-0.0096153846153848
4613	0
4614	0
4615	0.0288461538461536
4616	-0.125
4617	-0.0576923076923076
4618	-0.0673076923076923
4619	-0.0865384615384617
4620	-0.0769230769230769
4621	-0.028846153846154
4622	-0.0192307692307693
4623	-0.0384615384615385
4624	-0.0480769230769232
4625	-0.173076923076923
4626	-0.163461538461539
4694	-0.346153846153846
4695	-0.375
4697	-0.269230769230769
4698	-0.25
4699	-0.25
4700	-0.221153846153846
4701	-0.278846153846154
4702	-0.288461538461539
4703	-0.298076923076923
4727	-0.278846153846154
4869	-0.317307692307692
4870	-0.336538461538462
4920	0.0480769230769229
4921	0.0384615384615383
4922	0.105769230769231
4923	0.0769230769230771
4924	0.00961538461538458
4925	-0.0288461538461542
4926	-0.0192307692307694
4927	0.0384615384615383
4928	0.0288461538461537
4929	0.0961538461538458
4930	0.0096153846153848
4931	0.0769230769230766
4932	0.201923076923077
4933	0.134615384615385
4934	0.105769230769231
4935	0.144230769230769
4936	0.134615384615385
4937	0.211538461538461
4938	0.182692307692307
4939	0.173076923076923
4940	0.144230769230769
4941	0.0673076923076923
4942	0.0480769230769229
4943	-0.0288461538461542
4944	-0.0961538461538463
4945	-0.0673076923076923
4946	-0.0096153846153848
4947	-0.0096153846153848
4948	-0.0576923076923077
4949	-0.0480769230769231
4950	0
4951	-0.0480769230769231
4952	-0.115384615384615
4953	-0.182692307692308
4954	-0.182692307692308
4955	-0.115384615384615
4966	-0.375
4983	-0.413461538461539
4984	-0.451923076923077
4985	-0.394230769230769
4986	-0.423076923076923
4987	-0.326923076923077
4988	-0.365384615384616
4989	-0.288461538461539
4990	-0.365384615384616
4991	-0.442307692307692
4992	-0.413461538461539
4993	-0.423076923076923
4994	-0.423076923076923
4995	-0.403846153846154
4996	-0.355769230769231
4997	-0.326923076923077
4998	-0.278846153846154
5032	-0.317307692307692
5033	-0.355769230769231
5035	-0.298076923076923
5036	-0.259615384615385
5037	-0.25
5038	-0.134615384615385
5039	-0.134615384615385
5040	-0.105769230769231
5041	-0.115384615384616
5042	-0.134615384615385
5043	-0.115384615384616
5044	-0.144230769230769
5045	-0.221153846153846
5046	-0.192307692307692
5047	-0.125
5048	-0.105769230769231
5049	-0.0961538461538463
5050	-0.0865384615384617
5051	-0.0865384615384617
5052	-0.144230769230769
5053	-0.153846153846154
5054	-0.144230769230769
5055	-0.182692307692308
5060	-0.211538461538462
5061	-0.182692307692308
5062	-0.173076923076923
5063	-0.125
5064	-0.163461538461538
5065	-0.211538461538462
5066	-0.355769230769231
5067	-0.336538461538462
5068	-0.384615384615385
5069	-0.307692307692308
5070	-0.326923076923077
5071	-0.423076923076923
5072	-0.461538461538462
5073	-0.538461538461539
5074	-0.605769230769231
5075	-0.538461538461539
5076	-0.548076923076923
5077	-0.644230769230769
5078	-0.644230769230769
5079	-0.692307692307692
5080	-0.692307692307692
5081	-0.634615384615385
5082	-0.682692307692308
5083	-0.778846153846154
5084	-0.798076923076923
5085	-0.740384615384615
5086	-0.740384615384615
5087	-0.701923076923077
5088	-0.644230769230769
5089	-0.615384615384616
5090	-0.596153846153846
5091	-0.480769230769231
5092	-0.461538461538461
5093	-0.365384615384616
5094	-0.278846153846154
5095	-0.317307692307692
5096	-0.509615384615385
5184	-0.519230769230769
5185	-0.442307692307693
5186	-0.442307692307693
5187	-0.413461538461538
5188	-0.403846153846154
5189	-0.403846153846154
5190	-0.326923076923077
5191	-0.336538461538461
5192	-0.326923076923077
5193	-0.336538461538461
5194	-0.346153846153846
5195	-0.403846153846154
5196	-0.39423076923077
5197	-0.384615384615385
5198	-0.375
5199	-0.375
5200	-0.423076923076923
5201	-0.461538461538462
5202	-0.567307692307693
5203	-0.490384615384616
5204	-0.461538461538462
5205	-0.355769230769231
5206	-0.432692307692308
5207	-0.451923076923077
5208	-0.557692307692308
5209	-0.567307692307693
5210	-0.644230769230769
5252	-0.826923076923077
5253	-0.855769230769231
5254	-0.875
5255	-0.826923076923077
5256	-0.865384615384616
5257	-0.865384615384616
5258	-0.807692307692308
5259	-0.76923076923077
5260	-0.798076923076923
5261	-0.730769230769231
5262	-0.798076923076923
5263	-0.673076923076923
5264	-0.586538461538462
5265	-0.625
5266	-0.730769230769231
5267	-0.596153846153846
5268	-0.480769230769231
5269	-0.5
5270	-0.461538461538462
5271	-0.490384615384616
5272	-0.528846153846154
5273	-0.538461538461539
5274	-0.471153846153846
5275	-0.480769230769231
5276	-0.298076923076923
5277	-0.471153846153846
5278	-0.538461538461539
5279	-0.509615384615385
5280	-0.461538461538462
5281	-0.576923076923077
5282	-0.586538461538462
5283	-0.576923076923077
5284	-0.682692307692308
5285	-0.653846153846154
5286	-0.644230769230769
5287	-0.576923076923077
5288	-0.634615384615385
5289	-0.625
5290	-0.519230769230769
5291	-0.576923076923077
5292	-0.605769230769231
5293	-0.682692307692308
5294	-0.692307692307693
5295	-0.76923076923077
5296	-0.759615384615385
5297	-0.894230769230769
5298	-0.865384615384616
5299	-0.971153846153846
5300	-1.03846153846154
5301	-0.855769230769231
5302	-0.807692307692308
5303	-0.826923076923077
5304	-0.932692307692308
5305	-1.02884615384615
5306	-0.990384615384615
5307	-0.932692307692308
5308	-0.942307692307693
5309	-1.01923076923077
5310	-0.913461538461539
5311	-0.971153846153846
5312	-1.06730769230769
5313	-1.07692307692308
5314	-1.09615384615385
5315	-1.11538461538462
5316	-1.22115384615385
5317	-1.17307692307692
5318	-1.17307692307692
5319	-1.23076923076923
5320	-1.15384615384615
5321	-1.00961538461538
5322	-1.04807692307692
5323	-1.11538461538462
5324	-1
5325	-0.903846153846154
5326	-0.942307692307693
5327	-0.913461538461539
5328	-0.875
5329	-0.701923076923077
5330	-0.76923076923077
5331	-0.750000000000001
5332	-0.730769230769231
5333	-0.653846153846154
5334	-0.538461538461539
5335	-0.461538461538462
5336	-0.384615384615385
5337	-0.528846153846154
5338	-0.557692307692308
5339	-0.644230769230769
5340	-0.596153846153846
5341	-0.586538461538462
5342	-0.557692307692308
5343	-0.548076923076923
5344	-0.528846153846154
5345	-0.538461538461539
5346	-0.625
5347	-0.480769230769231
5348	-0.471153846153846
5349	-0.471153846153846
5350	-0.375
5351	-0.25
5352	-0.230769230769231
5353	-0.230769230769231
5354	-0.259615384615385
5355	-0.221153846153846
5356	-0.26923076923077
5357	-0.432692307692308
5358	-0.240384615384616
5359	-0.240384615384616
5360	-0.326923076923077
5361	-0.259615384615385
5362	-0.211538461538462
5363	-0.211538461538462
5364	-0.163461538461538
5365	-0.201923076923077
5366	-0.221153846153846
5367	-0.0865384615384617
5368	-0.028846153846154
5369	-0.0769230769230771
5370	-0.163461538461539
5371	-0.259615384615385
5372	-0.26923076923077
5373	-0.201923076923077
5374	-0.125
5375	-0.144230769230769
5376	-0.173076923076923
5377	-0.144230769230769
5378	-0.25
5379	-0.259615384615385
5380	-0.298076923076923
5381	-0.230769230769231
5382	-0.375
5383	-0.423076923076923
5384	-0.384615384615385
5385	-0.326923076923077
5386	-0.432692307692308
5387	-0.471153846153846
5388	-0.375
5389	-0.298076923076923
5390	-0.163461538461539
5391	-0.182692307692308
5392	-0.211538461538462
5393	-0.230769230769231
5394	-0.25
5395	-0.211538461538462
5396	-0.201923076923077
5397	-0.365384615384616
5398	-0.490384615384616
5399	-0.471153846153846
5400	-0.509615384615385
5401	-0.5
5402	-0.5
5403	-0.567307692307692
5404	-0.682692307692308
5405	-0.605769230769231
5406	-0.615384615384615
5407	-0.596153846153846
5408	-0.663461538461539
5409	-0.740384615384615
5410	-0.807692307692308
5411	-0.865384615384616
5412	-0.913461538461539
5413	-0.846153846153846
5414	-0.730769230769231
5415	-0.76923076923077
5416	-0.682692307692308
5417	-0.730769230769231
5418	-0.615384615384615
5419	-0.653846153846154
5420	-0.721153846153846
5421	-0.798076923076923
5422	-0.711538461538462
5423	-0.788461538461539
5424	-0.807692307692308
5425	-0.826923076923077
5426	-0.875000000000001
5427	-0.846153846153846
5428	-0.759615384615385
5429	-0.701923076923077
5430	-0.769230769230769
5431	-0.788461538461539
5432	-0.836538461538461
5433	-0.817307692307693
5434	-0.807692307692308
5435	-0.836538461538462
5436	-0.836538461538462
5437	-0.903846153846154
5438	-0.932692307692308
5439	-1.00961538461539
5440	-0.923076923076923
5441	-0.990384615384615
5442	-0.894230769230769
5443	-0.903846153846154
5444	-0.913461538461539
5445	-0.913461538461539
5446	-0.913461538461539
5447	-0.846153846153846
5448	-0.865384615384616
5449	-0.817307692307693
5450	-0.846153846153846
5451	-0.865384615384616
5452	-0.913461538461539
5453	-0.875
5454	-0.817307692307693
5455	-0.875
5456	-0.778846153846154
5457	-0.673076923076923
5458	-0.798076923076923
5459	-0.759615384615385
5460	-0.807692307692308
5461	-0.836538461538462
5462	-0.682692307692308
5463	-0.586538461538461
5464	-0.625
5465	-0.653846153846154
5466	-0.653846153846154
5467	-0.576923076923077
5468	-0.480769230769231
5469	-0.442307692307692
5470	-0.432692307692308
5471	-0.336538461538462
5472	-0.346153846153846
5473	-0.336538461538462
5474	-0.221153846153846
5475	-0.163461538461539
5476	-0.201923076923077
5477	-0.163461538461539
5478	-0.269230769230769
5479	-0.163461538461539
5480	-0.173076923076923
5481	-0.14423076923077
5482	-0.0480769230769231
5483	-0.0384615384615385
5484	0.00961538461538458
5485	-0.105769230769231
5486	-0.153846153846154
5487	-0.0961538461538463
5488	-0.105769230769231
5489	-0.115384615384615
5490	-0.153846153846154
5491	-0.0673076923076925
5492	-0.144230769230769
5493	-0.192307692307692
5494	-0.134615384615385
5495	-0.134615384615385
5496	-0.105769230769231
5497	-0.115384615384615
5498	-0.307692307692308
5499	-0.442307692307693
5500	-0.490384615384616
5501	-0.326923076923077
5502	-0.25
5503	-0.307692307692308
5504	-0.346153846153846
5505	-0.384615384615385
5506	-0.365384615384616
5507	-0.461538461538462
5508	-0.384615384615385
5509	-0.442307692307693
5510	-0.423076923076923
5511	-0.509615384615385
5512	-0.480769230769231
5513	-0.346153846153846
5514	-0.317307692307693
5515	-0.298076923076923
5516	-0.278846153846154
5517	-0.307692307692308
5518	-0.403846153846154
5519	-0.384615384615385
5520	-0.288461538461539
5521	-0.230769230769231
5522	-0.25
5523	-0.278846153846154
5524	-0.278846153846154
5525	-0.269230769230769
5526	-0.423076923076923
5527	-0.461538461538462
5528	-0.490384615384616
5529	-0.5
5530	-0.5
5531	-0.538461538461539
5532	-0.625
5533	-0.64423076923077
5534	-0.701923076923077
5535	-0.644230769230769
5536	-0.548076923076923
5537	-0.701923076923077
5538	-0.884615384615385
5539	-0.903846153846154
5540	-0.980769230769231
5541	-1
5542	-0.990384615384616
5543	-0.884615384615385
5544	-0.990384615384616
5545	-0.951923076923077
5546	-1.03846153846154
5547	-1.06730769230769
5548	-1.10576923076923
5552	-1.29807692307692
5553	-1.26923076923077
5554	-1.25
5555	-1.25961538461539
5556	-1.29807692307692
5557	-1.33653846153846
5558	-1.25961538461539
5559	-1.25961538461539
5560	-1.30769230769231
5561	-1.33653846153846
5562	-1.22115384615385
5563	-1.125
5564	-1.09615384615385
5565	-1.03846153846154
5566	-0.961538461538462
5567	-0.884615384615385
5568	-0.826923076923077
5569	-0.846153846153846
5570	-0.625
5571	-0.567307692307692
5572	-0.644230769230769
5573	-0.692307692307693
5574	-0.663461538461539
5575	-0.721153846153846
5576	-0.625
5577	-0.605769230769231
5578	-0.625
5579	-0.740384615384616
5580	-0.701923076923078
5581	-0.701923076923078
5582	-0.615384615384616
5583	-0.557692307692308
5584	-0.451923076923077
5585	-0.413461538461539
5586	-0.5
5587	-0.519230769230769
5588	-0.519230769230769
5589	-0.5
5590	-0.442307692307692
5591	-0.442307692307692
5592	-0.480769230769231
5593	-0.538461538461539
5594	-0.644230769230769
5595	-0.701923076923077
5596	-0.721153846153846
5597	-0.634615384615385
5598	-0.653846153846154
5599	-0.740384615384615
5600	-0.769230769230769
5601	-0.875
5602	-1
5603	-0.971153846153846
5604	-0.990384615384616
5605	-1.01923076923077
5643	-0.826923076923077
5644	-0.846153846153846
5645	-0.846153846153846
5646	-0.865384615384616
5647	-0.846153846153846
5648	-0.759615384615385
5649	-0.759615384615385
5650	-0.634615384615385
5651	-0.615384615384615
5652	-0.615384615384615
5653	-0.807692307692308
5654	-0.798076923076923
5655	-0.759615384615385
5656	-0.692307692307693
5657	-0.701923076923077
5658	-0.663461538461539
5659	-0.673076923076923
5660	-0.778846153846154
5661	-0.769230769230769
5662	-0.692307692307693
5663	-0.663461538461539
5664	-0.711538461538462
5665	-0.711538461538462
5666	-0.701923076923077
5667	-0.721153846153847
5668	-0.798076923076923
5669	-0.788461538461539
5670	-0.721153846153846
5671	-0.615384615384616
5672	-0.701923076923077
5673	-0.701923076923077
5674	-0.701923076923077
5675	-0.711538461538462
5676	-0.673076923076923
5677	-0.663461538461539
5678	-0.567307692307693
5679	-0.730769230769231
5680	-0.721153846153847
5681	-0.711538461538462
5682	-0.663461538461539
5683	-0.663461538461539
5684	-0.721153846153846
5685	-0.740384615384616
5705	-1.05769230769231
5706	-1.03846153846154
5707	-1.16346153846154
5708	-1.20192307692308
5709	-1.13461538461538
5710	-1.05769230769231
5711	-1.03846153846154
5712	-0.990384615384615
5713	-1.04807692307692
5714	-1.11538461538462
5715	-1.11538461538462
5716	-1.23076923076923
5717	-1.22115384615385
5718	-1.25961538461539
5719	-1.22115384615385
5720	-1.28846153846154
5721	-1.18269230769231
5722	-1.23076923076923
5723	-1.25
5724	-1.33653846153846
5725	-1.25961538461538
5726	-1.26923076923077
5727	-1.27884615384615
5728	-1.23076923076923
5729	-1.21153846153846
5730	-1.13461538461538
5731	-0.990384615384615
5732	-0.923076923076923
5733	-0.89423076923077
5734	-0.89423076923077
5735	-0.913461538461539
5736	-0.865384615384616
5737	-0.788461538461539
5738	-0.846153846153846
5739	-0.932692307692308
5740	-0.903846153846154
5741	-0.990384615384616
5742	-1.00961538461539
5743	-0.990384615384616
5744	-0.923076923076923
5745	-0.971153846153846
5746	-1.01923076923077
5747	-1.00961538461539
5748	-1.14423076923077
5749	-1.125
5750	-1.08653846153846
5751	-1.09615384615385
5752	-1.02884615384615
5753	-1.04807692307692
5754	-0.875
5755	-0.855769230769231
5756	-0.653846153846154
5757	-0.740384615384615
5758	-0.711538461538462
5759	-0.701923076923077
5760	-0.682692307692308
5761	-0.711538461538462
5762	-0.701923076923077
5763	-0.711538461538462
5764	-0.692307692307692
5765	-0.625
5766	-0.644230769230769
5767	-0.807692307692308
5768	-0.826923076923077
5769	-0.788461538461539
5770	-0.798076923076923
5773	-0.75
5774	-0.769230769230769
5775	-0.663461538461539
5776	-0.653846153846154
5777	-0.605769230769231
5778	-0.432692307692308
5779	-0.413461538461539
5780	-0.413461538461539
5781	-0.365384615384616
5782	-0.298076923076923
5783	-0.240384615384616
5784	-0.173076923076923
5785	-0.240384615384616
5786	-0.269230769230769
5787	-0.278846153846154
5788	-0.240384615384616
5789	-0.134615384615385
5790	-0.221153846153846
5791	-0.25
5792	-0.307692307692308
5793	-0.307692307692308
5794	-0.317307692307693
5795	-0.317307692307693
5796	-0.259615384615385
5797	-0.211538461538462
5798	-0.115384615384615
5799	-0.028846153846154
5800	-0.0769230769230771
5801	-0.0673076923076925
5802	-0.0480769230769231
5803	0.0865384615384615
5804	0.230769230769231
5805	0.105769230769231
5806	0.144230769230769
5807	0.0961538461538458
5808	0.163461538461538
5809	-0.0192307692307692
5810	0.0865384615384612
5811	0.0769230769230766
5812	0.115384615384615
5813	0.134615384615384
5814	-2.22044604925031e-16
5815	-0.0480769230769231
5816	-0.0480769230769231
5817	-0.0865384615384619
5818	-0.201923076923077
5819	-0.288461538461539
5820	-0.288461538461539
5821	-0.240384615384616
5822	-0.240384615384616
5823	-0.26923076923077
5824	-0.26923076923077
5825	-0.182692307692308
5826	-0.25
5827	-0.25
5828	-0.259615384615385
5829	-0.25
5830	-0.192307692307693
5831	-0.144230769230769
5832	-0.230769230769231
5833	-0.105769230769231
5834	-0.211538461538462
5835	-0.278846153846154
5836	-0.259615384615385
5837	-0.307692307692308
5838	-0.394230769230769
5839	-0.490384615384616
5840	-0.471153846153846
5841	-0.413461538461539
5842	-0.451923076923077
5843	-0.403846153846154
5844	-0.365384615384615
5845	-0.288461538461539
5846	-0.298076923076923
5847	-0.298076923076923
5848	-0.336538461538462
5849	-0.423076923076923
5850	-0.346153846153846
5851	-0.288461538461539
5852	-0.278846153846154
5853	-0.26923076923077
5854	-0.192307692307693
5855	-0.153846153846154
5856	-0.134615384615385
5857	-0.163461538461538
5858	-0.115384615384615
5859	-0.0288461538461537
5860	0
5861	-0.163461538461539
5862	-0.144230769230769
5863	-0.115384615384616
5864	-0.163461538461539
5865	-0.144230769230769
5866	-0.173076923076923
5867	-0.134615384615385
5868	-0.0865384615384617
5933	-0.365384615384616
5934	-0.25
5935	-0.307692307692308
5936	-0.365384615384616
5937	-0.355769230769231
5943	-0.25
5944	-0.192307692307693
5945	-0.288461538461539
5946	-0.230769230769231
5947	-0.240384615384616
5948	-0.269230769230769
5949	-0.192307692307692
5950	-0.134615384615385
5951	-0.144230769230769
5952	-0.134615384615385
5953	-0.153846153846154
5954	-0.230769230769231
5955	-0.0865384615384615
5956	0.0288461538461535
5957	-0.0673076923076923
5958	-0.0961538461538463
5959	-0.0480769230769234
5960	-0.0192307692307692
5961	-0.0769230769230771
5962	-0.221153846153846
5963	-0.307692307692308
5964	-0.307692307692308
5965	-0.326923076923077
5966	-0.278846153846154
5967	-0.230769230769231
5968	-0.346153846153846
5969	-0.346153846153846
5970	-0.413461538461539
5971	-0.375
5972	-0.413461538461539
5973	-0.451923076923077
5974	-0.490384615384616
5975	-0.519230769230769
5976	-0.567307692307692
5977	-0.528846153846154
5978	-0.557692307692308
5979	-0.692307692307693
5980	-0.778846153846154
5981	-0.730769230769231
5982	-0.807692307692308
5983	-0.798076923076923
5984	-0.644230769230769
5985	-0.730769230769231
5986	-0.788461538461539
5987	-0.769230769230769
5988	-0.798076923076923
5989	-0.788461538461539
5990	-0.692307692307693
5991	-0.836538461538462
5992	-0.798076923076923
5993	-0.759615384615385
5994	-0.701923076923077
5995	-0.740384615384616
5999	-0.509615384615385
6000	-0.5
6001	-0.461538461538462
6011	0.0769230769230769
6012	0.307692307692308
6013	0.375
6014	0.567307692307692
6015	0.855769230769231
6016	1.76923076923077
6017	2.78846153846154
6018	12.4711538461538
6019	19.8076923076923
6020	19.9519230769231
6021	29.0961538461538
6022	38.2211538461539
6023	48.3461538461538
6024	49.1153846153846
6025	49.3653846153846
6026	49.2403846153846
6027	49.4807692307692
6028	49.8365384615385
6029	49.7692307692308
6030	49.7692307692308
6031	49.7692307692308
6032	49.7692307692308
6033	49.7980769230769
6034	49.8173076923077
6035	49.75
6036	49.7596153846154
6037	49.7788461538462
6038	49.7788461538462
6039	49.7980769230769
6040	49.8173076923077
6041	49.7403846153846
6042	49.7692307692308
6043	49.7692307692308
6044	49.7692307692308
6045	49.7692307692308
6046	49.6442307692308
6047	49.4423076923077
6048	49.2884615384615
6049	49.2115384615385
6050	49.0673076923077
6051	48.8557692307692
6052	47.9615384615385
6053	46.9519230769231
6054	37.3076923076923
6055	30.0096153846154
6056	29.7596153846154
6057	20.6538461538462
6058	11.5576923076923
6059	1.47115384615385
6060	0.730769230769231
