262	-0.224358974358975
263	-0.21474358974359
264	-0.121794871794872
265	-0.131410256410257
266	-0.150641025641026
267	-0.189102564102564
268	-0.310897435897436
269	-0.368589743589744
270	-0.349358974358975
271	-0.310897435897436
272	-0.301282051282052
273	-0.330128205128205
274	-0.33974358974359
275	-0.301282051282052
276	-0.272435897435898
284	-0.131410256410257
285	-0.16025641025641
286	-0.131410256410257
287	-0.16025641025641
288	-0.17948717948718
289	-0.144230769230769
290	-0.153846153846154
291	-0.227564102564103
292	-0.237179487179487
293	-0.262820512820513
294	-0.282051282051282
295	-0.262820512820513
805	-0.262820512820513
806	-0.291666666666667
807	-0.262820512820513
814	-0.243589743589744
818	-0.176282051282052
819	-0.195512820512821
820	-0.21474358974359
821	-0.176282051282052
822	-0.166666666666667
823	-0.176282051282052
833	-0.21474358974359
834	-0.195512820512821
837	-0.253205128205128
838	-0.102564102564103
839	-0.195512820512821
840	-0.195512820512821
845	-0.195512820512821
846	-0.176282051282052
863	-0.118589743589744
864	-0.0993589743589746
880	0.0865384615384615
881	0.0128205128205128
882	0.0128205128205128
883	0.0769230769230768
884	-0.0160256410256412
885	-0.044871794871795
886	-0.044871794871795
887	-0.044871794871795
888	-0.0544871794871797
889	-0.102564102564103
890	-0.176282051282052
891	-0.121794871794872
892	-0.131410256410257
893	-0.141025641025641
894	-0.121794871794872
895	-0.169871794871795
896	-0.189102564102564
897	-0.217948717948718
898	-0.310897435897436
960	-0.176282051282052
961	-0.157051282051282
962	-0.118589743589744
963	-0.044871794871795
964	-0.0160256410256412
965	0.00320512820512808
966	-0.041666666666667
967	-0.0512820512820515
968	-0.041666666666667
969	0.105769230769231
970	0.0769230769230768
971	0.0769230769230768
972	-0.0256410256410258
973	-0.0352564102564105
974	-0.0160256410256412
975	-0.0641025641025641
976	0.0737179487179485
977	0.0544871794871791
978	0.137820512820512
979	0.176282051282051
980	0.205128205128205
981	0.19551282051282
982	0.288461538461538
983	0.355769230769231
984	0.365384615384615
985	0.551282051282051
986	0.477564102564102
987	0.477564102564102
988	0.272435897435897
989	0.326923076923077
990	0.307692307692308
991	0.317307692307692
992	0.326923076923077
993	0.307692307692308
994	0.298076923076923
995	0.371794871794872
996	0.121794871794872
997	0.16025641025641
998	0.121794871794872
999	0
1000	-0.0929487179487182
1001	0.214743589743589
1002	0.205128205128205
1003	0.19551282051282
1004	0.224358974358974
1005	0.141025641025641
1006	0.102564102564103
1007	0.102564102564103
1008	0.131410256410256
1009	0.141025641025641
1010	0.121794871794872
1011	0.169871794871795
1012	0.0128205128205128
1013	0.0128205128205128
1014	0.0576923076923076
1015	0.00961538461538458
1016	-0.121794871794872
1017	-0.121794871794872
1018	-0.224358974358975
1019	-0.205128205128206
1020	-0.195512820512821
1034	-0.243589743589744
1035	-0.16025641025641
1036	-0.169871794871795
1088	-0.253205128205128
1092	-0.166666666666667
1093	-0.157051282051282
1094	-0.0801282051282053
1095	0.0673076923076922
1096	0.0576923076923076
1097	0.0480769230769229
1098	0.0480769230769229
1099	0.0384615384615383
1100	0.0192307692307693
1101	0.0288461538461536
1102	0.00961538461538458
1103	-0.0288461538461542
1104	0
1105	0.0352564102564099
1106	-0.0480769230769234
1107	0.0256410256410253
1108	-0.150641025641026
1109	-0.253205128205128
1110	-0.262820512820513
1115	-0.21474358974359
1116	-0.233974358974359
1117	-0.243589743589744
1118	-0.150641025641026
1119	-0.012820512820513
1120	-0.0865384615384617
1121	-0.17948717948718
1122	-0.198717948717949
1123	-0.189102564102564
1124	-0.21474358974359
1125	-0.253205128205128
1126	-0.253205128205128
1127	-0.105769230769231
1128	-0.150641025641026
1129	-0.150641025641026
1130	-0.131410256410257
1134	-0.147435897435897
1135	-0.0544871794871797
1136	-0.044871794871795
1137	0.0384615384615383
1138	0.0288461538461536
1139	0.0480769230769229
1140	0.0480769230769229
1141	0.0224358974358972
1142	0.125
1143	0.0416666666666664
1144	0.0512820512820511
1145	0.0512820512820511
1146	0.0320512820512818
1147	0.0993589743589742
1148	0.192307692307692
1149	0.0897435897435895
1150	0.0705128205128204
1151	0.118589743589744
1152	0.166666666666667
1153	0.157051282051282
1154	0.0833333333333333
1159	0.0544871794871792
1160	0.108974358974359
1161	0.137820512820513
1162	0.128205128205128
1180	-0.118589743589744
1181	-0.0993589743589746
1182	-0.00641025641025661
1183	-0.00641025641025661
1184	-0.157051282051282
1185	-0.147435897435897
1186	-0.118589743589744
1239	0.00641025641025617
1240	-0.0320512820512823
1241	-0.0801282051282053
1242	-0.0801282051282053
1243	-0.0608974358974361
1244	-0.041666666666667
1245	-0.0608974358974361
1262	-0.0801282051282053
1264	-0.137820512820513
1329	-0.46474358974359
1330	-0.46474358974359
1369	-0.166666666666667
1370	-0.176282051282052
1371	-0.137820512820513
1375	-0.118589743589744
1376	-0.0544871794871797
1377	-0.0833333333333334
1378	-0.0737179487179488
1379	-0.044871794871795
1380	-0.00641025641025661
1381	-0.00641025641025661
1382	0.0769230769230768
1383	0.0288461538461536
1384	-0.0192307692307694
1385	-0.0192307692307694
1386	-0.112179487179488
1387	-0.166666666666667
1388	-0.112179487179488
1389	-0.131410256410257
1390	-0.102564102564103
1391	-0.0641025641025641
1392	-0.0641025641025641
1393	-0.108974358974359
1402	-0.205128205128206
1406	-0.253205128205128
1407	-0.253205128205128
1408	-0.233974358974359
1409	-0.243589743589744
1410	-0.262820512820513
1413	-0.0480769230769234
1414	0.00641025641025617
1415	-0.0320512820512822
1416	-0.0705128205128207
1417	-0.0705128205128207
1418	-0.134615384615385
1419	-0.217948717948718
1420	-0.198717948717949
1421	-0.189102564102564
1422	-0.169871794871795
1423	-0.0673076923076923
1424	-0.112179487179488
1425	-0.112179487179488
1426	-0.121794871794872
1427	-0.112179487179488
1428	-0.0929487179487182
1429	-0.0480769230769234
1430	-0.0480769230769234
1431	-0.0384615384615388
1432	0.0737179487179485
1433	0.205128205128205
1434	0.176282051282051
1435	0.121794871794872
1436	0.262820512820513
1437	0.272435897435897
1438	0.0865384615384615
1439	0.0673076923076922
1440	0.0576923076923076
1441	-0.00641025641025661
1442	0.00320512820512808
1443	0.0128205128205128
1444	-0.00641025641025661
1445	0.0224358974358972
1446	-0.0160256410256412
1447	-0.0352564102564105
1448	-0.00641025641025661
1464	-0.128205128205128
1467	-0.137820512820513
1470	-0.176282051282052
1471	-0.121794871794872
1472	-0.253205128205128
1473	-0.233974358974359
1474	-0.141025641025641
1475	-0.0480769230769234
1476	0.0256410256410253
1477	0.0993589743589742
1478	0.0608974358974357
1479	0.0416666666666663
1480	0.0512820512820511
1481	0.0128205128205126
1482	0.0512820512820511
1483	0.0608974358974357
1484	0.0320512820512817
1485	0.0224358974358971
1486	0.0128205128205126
1487	0.0320512820512817
1488	-0.0160256410256414
1489	-0.025641025641026
1490	-0.0160256410256414
1491	-0.0448717948717952
1492	0.00320512820512797
1493	0.0320512820512817
1494	0.0320512820512817
1495	-0.0801282051282053
1496	-0.221153846153846
1497	-0.118589743589744
1498	-0.128205128205128
1499	-0.137820512820513
1500	-0.294871794871795
1501	-0.294871794871795
1502	-0.28525641025641
1503	-0.368589743589744
1504	-0.358974358974359
1505	-0.358974358974359
1563	-0.227564102564103
1564	-0.256410256410257
1565	-0.192307692307693
1566	-0.201923076923077
1567	-0.163461538461539
1568	-0.211538461538462
1569	-0.182692307692308
1570	-0.173076923076923
1571	-0.125
1572	-0.0865384615384617
1573	-0.0576923076923079
1574	-0.0384615384615388
1575	-0.0576923076923079
1576	-0.0865384615384617
1577	-0.0576923076923079
1578	-0.0288461538461542
1579	-0.0480769230769234
1580	-0.0576923076923079
1581	-0.0833333333333334
1582	-0.102564102564103
1583	-0.0192307692307694
1584	-0.0576923076923079
1585	0.00961538461538458
1586	-0.137820512820513
1590	-0.176282051282052
1592	-0.157051282051282
1594	-0.0801282051282053
1595	-0.08974358974359
1596	-0.108974358974359
1614	-0.0544871794871797
1615	-0.0352564102564105
1616	-0.0256410256410258
1617	-0.0544871794871797
1618	-0.044871794871795
1619	-0.137820512820513
1620	-0.137820512820513
1621	-0.137820512820513
1622	-0.0929487179487182
1623	-0.0096153846153848
1624	0.0448717948717945
1625	0.0256410256410253
1626	-0.0192307692307694
1627	0.00961538461538458
1628	-0.102564102564103
1629	-0.131410256410257
1630	-0.243589743589744
1631	-0.243589743589744
1632	-0.224358974358975
1633	0.0641025641025639
1634	-0.00320512820512842
1635	0.0224358974358971
1636	-0.0512820512820515
1637	-0.0320512820512822
1638	-0.00320512820512842
1639	0.0352564102564099
1640	0.118589743589743
1641	-0.0288461538461542
1642	-0.0192307692307694
1643	-0.0192307692307694
1644	-0.0192307692307694
1645	-0.0384615384615388
1646	0.0833333333333333
1647	0.0833333333333333
1648	0.176282051282051
1649	0.19551282051282
1650	-0.044871794871795
1651	-0.0256410256410258
1652	-0.044871794871795
1653	-0.0256410256410258
1654	-0.00641025641025661
1655	-0.00641025641025661
1656	-0.00641025641025661
1657	-0.0544871794871797
1658	-0.118589743589744
1727	-0.118589743589744
1728	-0.128205128205128
1729	-0.044871794871795
1730	-0.044871794871795
1731	-0.0737179487179488
1732	-0.185897435897436
1733	-0.195512820512821
1734	-0.205128205128206
1735	-0.185897435897436
1736	-0.176282051282052
1737	-0.166666666666667
1738	-0.0833333333333334
1739	-0.044871794871795
1740	-0.044871794871795
1741	-0.0256410256410258
1742	-0.044871794871795
1743	-0.0160256410256412
1744	0.0576923076923076
1745	0.19551282051282
1746	0.176282051282051
1747	0.0641025641025639
1748	0.0993589743589742
1749	0.211538461538461
1750	0.240384615384615
1751	0.240384615384615
1752	0.240384615384615
1753	0.166666666666667
1754	0.147435897435897
1755	0.137820512820512
1756	0.137820512820512
1757	0.0352564102564099
1758	0.016025641025641
1759	-0.189102564102564
1760	-0.208333333333334
1761	-0.291666666666667
1762	-0.291666666666667
1770	-0.368589743589744
1771	-0.294871794871795
1772	-0.230769230769231
1773	-0.157051282051282
1774	-0.230769230769231
1775	-0.137820512820513
1776	-0.0160256410256414
1777	-0.0352564102564106
1778	-0.00641025641025683
1779	-0.05448717948718
1780	-0.147435897435898
1781	-0.294871794871795
1782	-0.28525641025641
1783	-0.314102564102564
1784	-0.266025641025641
1785	-0.416666666666667
1786	-0.435897435897436
1787	-0.352564102564103
1788	-0.41025641025641
1789	-0.467948717948718
1790	-0.384615384615385
1791	-0.365384615384616
1792	-0.336538461538462
1793	-0.21474358974359
1794	-0.141025641025641
1795	-0.121794871794872
1796	-0.25
1797	-0.278846153846154
1798	-0.288461538461539
1799	-0.259615384615385
1800	-0.240384615384615
1801	-0.176282051282051
1802	-0.166666666666667
1803	-0.147435897435898
1804	-0.147435897435898
1805	0.0384615384615383
1806	-0.0160256410256414
1807	-0.0705128205128207
1808	-0.0512820512820515
1809	-0.115384615384615
1810	-0.0320512820512822
1811	-0.105769230769231
1812	-0.169871794871795
1813	-0.150641025641026
1814	-0.0865384615384617
1815	-0.0576923076923079
1816	-0.0384615384615388
1817	0.201923076923077
1818	0.211538461538461
1819	0.221153846153846
1820	0.157051282051282
1821	0.278846153846154
1822	0.288461538461538
1823	0.288461538461538
1824	0.384615384615384
1825	0.525641025641025
1826	0.451923076923077
1827	0.423076923076923
1828	0.432692307692308
1829	0.349358974358974
1830	0.349358974358974
1831	0.358974358974359
1832	0.368589743589743
1833	0.387820512820512
1834	0.416666666666667
1835	0.407051282051282
1836	0.442307692307692
1837	0.339743589743589
1838	0.291666666666666
1839	0.253205128205128
1840	0.282051282051282
1841	0.115384615384615
1842	0.115384615384615
1843	0.0961538461538461
1844	0.0961538461538461
1845	0.189102564102564
1846	0.125
1847	0.179487179487179
1848	0.243589743589743
1849	0.205128205128205
1850	0.112179487179487
1851	0.288461538461538
1852	0.240384615384615
1853	-0.0576923076923079
1854	-0.0769230769230771
1855	-0.0384615384615388
1856	-0.00320512820512842
1857	-0.0673076923076923
1858	-0.0673076923076923
1859	-0.169871794871795
1860	-0.189102564102564
1861	-0.262820512820513
1862	-0.301282051282052
1863	-0.153846153846154
1864	-0.163461538461539
1865	-0.163461538461539
1866	-0.217948717948718
1867	-0.17948717948718
1868	-0.169871794871795
1869	-0.141025641025641
1870	-0.16025641025641
1871	-0.16025641025641
1872	-0.185897435897436
1873	-0.147435897435897
1874	-0.118589743589744
1875	0.00320512820512808
1876	0.0224358974358972
1877	0.0320512820512818
1878	0.00320512820512808
1879	0.0128205128205128
1880	0.0128205128205128
1881	-0.0608974358974361
1882	-0.0705128205128206
1924	-0.21474358974359
1925	-0.141025641025641
1926	-0.131410256410257
1928	-0.320512820512821
1929	-0.33974358974359
1930	-0.33974358974359
1931	-0.320512820512821
1932	-0.310897435897436
1933	-0.320512820512821
1934	-0.291666666666667
1935	-0.310897435897436
1936	-0.301282051282052
1937	-0.272435897435898
1938	-0.301282051282052
1939	-0.246794871794872
1940	-0.237179487179487
1941	-0.198717948717949
1942	-0.217948717948718
1943	-0.291666666666667
1944	-0.310897435897436
1945	-0.291666666666667
1946	-0.208333333333334
1947	-0.125
1948	-0.0512820512820515
1949	-0.125
1950	-0.134615384615385
1951	-0.153846153846154
1952	-0.163461538461539
1953	-0.153846153846154
1954	-0.163461538461539
1955	-0.128205128205128
1956	-0.118589743589744
1957	-0.0897435897435901
1958	-0.0448717948717952
1959	-0.163461538461539
1960	-0.246794871794872
1961	-0.349358974358975
1962	-0.368589743589744
1963	-0.246794871794872
1964	-0.310897435897436
1965	-0.282051282051282
1966	-0.262820512820513
1967	-0.291666666666667
1968	-0.330128205128205
1969	-0.330128205128205
1970	-0.246794871794872
1971	-0.201923076923077
1972	-0.118589743589744
1973	-0.05448717948718
1974	-0.0352564102564106
1975	0.0128205128205126
1976	0.0320512820512817
1977	0.00320512820512797
1978	0.105769230769231
1979	0.121794871794872
1980	0.121794871794872
1981	0.0929487179487178
1982	0.00961538461538458
1983	-0.0352564102564106
1984	-0.118589743589744
1985	-0.128205128205128
1986	-0.0801282051282053
1987	0.0512820512820511
1988	-0.0320512820512822
1989	-0.0608974358974361
1990	-0.0320512820512822
1991	-0.0961538461538463
1992	-0.0865384615384617
1993	-0.041666666666667
1994	-0.0320512820512822
1995	-0.0512820512820515
1996	-0.0512820512820515
1997	0.134615384615385
1998	0.153846153846154
1999	0.0416666666666663
2000	0.0416666666666663
2001	0.0224358974358971
2002	0.0224358974358971
2003	0.0608974358974357
2004	0.0897435897435894
2005	0.0705128205128203
2006	-0.0320512820512822
2007	-0.0961538461538463
2008	-0.198717948717949
2009	-0.301282051282052
2010	-0.291666666666667
2012	-0.368589743589744
2052	-0.0705128205128206
2053	-0.08974358974359
2054	-0.00641025641025661
2055	0.0576923076923076
2056	0.0288461538461536
2057	0.0576923076923076
2058	-0.0833333333333334
2061	-0.0641025641025641
2062	-0.0352564102564105
2063	-0.0352564102564105
2064	0.0288461538461536
2065	-0.0641025641025641
2066	-0.0544871794871797
2067	-0.102564102564103
2068	-0.185897435897436
2072	-0.205128205128206
2073	-0.21474358974359
2074	-0.121794871794872
2075	-0.121794871794872
2076	-0.112179487179488
2077	-0.195512820512821
2078	-0.205128205128206
2079	-0.224358974358975
2080	-0.21474358974359
2081	-0.205128205128206
2082	-0.243589743589744
2083	-0.224358974358975
2084	-0.16025641025641
2085	-0.169871794871795
2086	-0.189102564102564
2087	-0.0961538461538463
2088	-0.301282051282052
2089	-0.246794871794872
2090	-0.310897435897436
2091	-0.33974358974359
2092	-0.320512820512821
2093	-0.330128205128205
2094	-0.282051282051282
2095	-0.291666666666667
2096	-0.115384615384615
2097	-0.189102564102564
2098	-0.0961538461538463
2099	-0.0961538461538463
2100	-0.0961538461538463
2101	-0.0865384615384617
2102	-0.012820512820513
2103	0.016025641025641
2104	0.0448717948717945
2105	0.0448717948717945
2106	0.0737179487179485
2107	0.0641025641025639
2108	-0.0192307692307694
2109	0.0737179487179485
2110	-0.0384615384615388
2111	-0.0288461538461542
2112	-0.0384615384615388
2113	-0.0096153846153848
2114	-0.0192307692307694
2115	0
2116	0
2117	0.00961538461538458
2118	0.0192307692307693
2119	0.0480769230769229
2120	-0.0160256410256412
2121	0.0769230769230768
2122	0.00320512820512808
2123	-0.0608974358974361
2124	0.0705128205128204
2125	0.00641025641025617
2126	0.173076923076923
2127	0.137820512820513
2128	0.137820512820513
2129	0.147435897435897
2130	0.157051282051282
2131	0.19551282051282
2132	0.147435897435897
2133	0.128205128205128
2134	-0.0032051282051283
2135	-0.0032051282051283
2140	-0.041666666666667
2141	0.0705128205128204
2142	0.0705128205128204
2143	0.118589743589744
2144	0.147435897435897
2145	0.064102564102564
2146	0.0833333333333333
2147	0.0929487179487177
2148	0.0929487179487177
2149	0.185897435897436
2150	0.288461538461538
2151	0.25
2152	0.230769230769231
2153	0.275641025641025
2154	0.294871794871795
2155	0.368589743589743
2156	0.339743589743589
2157	0.227564102564102
2158	0.227564102564102
2159	0.237179487179487
2160	0.105769230769231
2161	0.115384615384615
2162	-0.041666666666667
2163	-0.0512820512820515
2164	-0.0801282051282053
2165	-0.08974358974359
2166	-0.0801282051282053
2167	-0.108974358974359
2173	-0.137820512820513
2174	-0.118589743589744
2175	-0.118589743589744
2182	-0.21474358974359
2183	-0.21474358974359
2184	-0.195512820512821
2185	-0.233974358974359
2188	-0.282051282051282
2189	-0.272435897435898
2190	-0.198717948717949
2191	-0.291666666666667
2192	-0.253205128205128
2194	-0.131410256410257
2195	-0.150641025641026
2196	-0.0576923076923079
2197	0.016025641025641
2198	0.144230769230769
2199	0.134615384615385
2200	0.134615384615385
2201	0.0865384615384615
2202	0.0673076923076921
2203	0.0865384615384615
2204	0.0865384615384615
2205	0.189102564102564
2206	0.105769230769231
2207	0.0608974358974357
2208	0.0705128205128203
2209	-0.012820512820513
2210	-0.012820512820513
2211	-0.0865384615384617
2212	-0.0865384615384617
2213	-0.0865384615384617
2214	-0.0961538461538463
2215	-0.16025641025641
2216	-0.112179487179488
2217	-0.131410256410257
2218	-0.176282051282052
2219	-0.185897435897436
2220	-0.185897435897436
2224	-0.08974358974359
2251	-0.0224358974358977
2252	-0.0512820512820515
2253	-0.041666666666667
2254	0.0416666666666664
2255	0.0416666666666664
2256	0.0416666666666664
2257	0.0705128205128204
2258	0.0512820512820511
2259	0.0512820512820511
2263	0.0256410256410254
2264	0.0352564102564101
2265	0.118589743589744
2266	0.0993589743589742
2267	0.0448717948717947
2268	0.0352564102564101
2269	0.0897435897435895
2270	0.0897435897435895
2271	0.00641025641025617
2272	0.00641025641025617
2273	0.0160256410256409
2274	-0.0320512820512823
2275	-0.041666666666667
2276	-0.0993589743589746
2277	-0.108974358974359
2278	-0.0993589743589746
2279	-0.044871794871795
2280	0.0288461538461536
2281	-0.166666666666667
2282	-0.21474358974359
2283	-0.205128205128206
2284	-0.233974358974359
2313	-0.282051282051282
2314	-0.272435897435898
2315	-0.262820512820513
2332	-0.0993589743589746
2333	-0.0993589743589746
2334	-0.128205128205128
2335	-0.166666666666667
2336	-0.0544871794871797
2337	-0.137820512820513
2338	-0.118589743589744
2367	-0.0512820512820515
2368	0.144230769230769
2369	0.134615384615384
2370	0.173076923076923
2371	0.144230769230769
2372	0.0416666666666664
2373	0.0512820512820511
2374	0.0608974358974357
2375	0.0512820512820511
2376	0.0512820512820511
2377	0.0608974358974357
2378	0.0512820512820511
2379	0.0961538461538461
2380	0.115384615384615
2381	0.105769230769231
2382	0.0128205128205128
2383	-0.118589743589744
2389	-0.118589743589744
2390	-0.0737179487179488
2391	-0.112179487179488
2392	-0.0737179487179488
2393	-0.112179487179488
2394	-0.16025641025641
2395	-0.169871794871795
2396	-0.189102564102564
2397	-0.198717948717949
2398	-0.169871794871795
2413	-0.137820512820513
2414	-0.118589743589744
2419	-0.137820512820513
2420	-0.147435897435897
2421	-0.176282051282052
2422	-0.176282051282052
2423	-0.157051282051282
2424	-0.121794871794872
2425	-0.205128205128206
2427	-0.157051282051282
2428	-0.0096153846153848
2429	0.0833333333333333
2430	0.298076923076923
2431	0.326923076923077
2432	0.326923076923077
2433	0.307692307692308
2434	0.371794871794872
2435	0.400641025641025
2436	0.391025641025641
2437	0.371794871794872
2438	0.41025641025641
2439	0.317307692307692
2440	0.307692307692308
2441	0.253205128205128
2442	0.205128205128205
2443	0.243589743589743
2444	0.205128205128205
2445	0.214743589743589
2446	0.214743589743589
2447	0.141025641025641
2448	0.121794871794872
2449	0.0288461538461536
2450	-0.0096153846153848
2451	0.0192307692307693
2452	0.0192307692307693
2453	0.0288461538461536
2454	0.0480769230769229
2455	-0.00641025641025661
2456	0.141025641025641
2457	0.169871794871795
2458	0.253205128205128
2459	0.262820512820513
2460	0.208333333333333
2461	0.217948717948718
2462	0.227564102564102
2463	0.105769230769231
2464	-0.0608974358974361
2506	-0.233974358974359
2507	-0.195512820512821
2510	-0.205128205128206
2511	-0.205128205128206
2512	-0.205128205128206
2513	-0.205128205128206
2514	-0.185897435897436
2515	-0.243589743589744
2518	-0.262820512820513
2519	-0.0865384615384617
2520	-0.0384615384615388
2521	0.0448717948717945
2522	-0.0192307692307694
2523	0.0480769230769229
2524	0.0865384615384615
2525	0.0480769230769229
2526	0.0288461538461536
2527	0.112179487179487
2528	0.131410256410256
2529	0.112179487179487
2530	0.224358974358974
2531	0.19551282051282
2532	0.214743589743589
2533	0.19551282051282
2534	0.185897435897436
2535	0.0929487179487178
2536	0.0929487179487178
2537	0.102564102564103
2538	0.0737179487179485
2539	0.0833333333333333
2540	0.0192307692307693
2541	-0.0833333333333334
2542	-0.166666666666667
2543	-0.137820512820513
2544	-0.118589743589744
2545	0.0576923076923076
2546	-0.147435897435897
2547	-0.128205128205128
2548	-0.128205128205128
2549	-0.137820512820513
2550	-0.128205128205128
2551	-0.0705128205128206
2552	0.0128205128205128
2553	-0.00641025641025661
2554	-0.0705128205128206
2609	0.173076923076923
2610	0.137820512820513
2611	0.230769230769231
2612	0.221153846153846
2613	0.314102564102564
2614	0.333333333333333
2615	0.426282051282051
2616	0.397435897435897
2617	0.407051282051282
2618	0.397435897435897
2619	0.304487179487179
2620	0.275641025641025
2621	0.256410256410256
2622	0.134615384615384
2623	0.105769230769231
2624	0.0576923076923076
2625	-0.0160256410256412
2626	-0.044871794871795
2627	0.0288461538461536
2628	-0.137820512820513
2629	-0.118589743589744
2630	-0.08974358974359
2631	-0.0512820512820515
2632	-0.012820512820513
2633	-0.0320512820512823
2634	-0.0608974358974361
2635	-0.0801282051282053
2636	-0.118589743589744
2637	-0.08974358974359
2638	-0.0608974358974361
2643	-0.0512820512820515
2644	0.0416666666666664
2658	-0.0320512820512823
2659	-0.012820512820513
2660	0.0801282051282051
2661	0.0801282051282051
2662	0.0993589743589742
2675	-0.0352564102564105
2676	0.0192307692307693
2677	-0.0384615384615388
2678	0
2679	0
2680	0.00961538461538458
2681	-0.0833333333333334
2682	-0.0384615384615388
2683	-0.0288461538461542
2684	0.0448717948717945
2685	0.0448717948717945
2686	0.00641025641025617
2687	-0.105769230769231
2688	0.0224358974358971
2689	0.0865384615384615
2690	0.262820512820513
2691	0.233974358974359
2692	0.214743589743589
2693	0.16025641025641
2694	0.0320512820512817
2695	0.0416666666666663
2696	-0.012820512820513
2697	0.00641025641025617
2698	0.0416666666666663
2699	0.144230769230769
2700	0.134615384615385
2701	0.125
2702	0.153846153846154
2703	0.173076923076923
2704	0.339743589743589
2705	0.349358974358974
2706	0.339743589743589
2707	0.349358974358974
2708	0.403846153846154
2709	0.442307692307692
2710	0.461538461538461
2711	0.294871794871794
2712	0.240384615384615
2713	0.288461538461538
2714	0.298076923076923
2715	0.214743589743589
2716	0.0929487179487178
2717	0.112179487179487
2718	0.0673076923076922
2719	0.0480769230769229
2720	0.112179487179487
2721	0.0929487179487178
2722	0.121794871794872
2723	0.0929487179487178
2724	0.0480769230769229
2725	-0.0641025641025641
2728	-0.166666666666667
2729	-0.185897435897436
2730	-0.185897435897436
2731	-0.176282051282052
2732	-0.176282051282052
2733	-0.195512820512821
2738	-0.118589743589744
2739	-0.147435897435897
2797	-0.157051282051282
2798	-0.157051282051282
2809	-0.310897435897436
2810	-0.291666666666667
2817	-0.208333333333334
2818	-0.189102564102564
2819	-0.105769230769231
2820	-0.0224358974358976
2821	0.00641025641025617
2822	0.00641025641025617
2823	0.0352564102564099
2824	0.00641025641025617
2825	-0.00320512820512842
2826	-0.141025641025641
2827	-0.121794871794872
2828	-0.195512820512821
2829	-0.205128205128206
2830	-0.21474358974359
2831	-0.131410256410257
2832	-0.112179487179488
2833	-0.176282051282052
2834	-0.166666666666667
2835	-0.0833333333333334
2836	-0.0641025641025641
2837	0.0128205128205128
2838	0.105769230769231
2839	0.144230769230769
2840	0.134615384615384
2841	0.115384615384615
2842	0.0576923076923076
2843	0.0384615384615383
2844	0.0192307692307693
2845	-0.0929487179487182
2846	-0.0833333333333334
2847	-0.0352564102564105
2848	-0.0737179487179488
2849	-0.0929487179487182
2850	-0.0641025641025641
2851	-0.0929487179487182
2852	-0.0192307692307694
2853	-0.205128205128206
2854	-0.205128205128206
2902	0.0352564102564101
2903	0.137820512820513
2904	0.108974358974359
2905	0.294871794871795
2906	0.323717948717949
2907	0.314102564102564
2908	0.362179487179487
2909	0.288461538461538
2910	0.381410256410256
2911	0.391025641025641
2912	0.455128205128205
2913	0.419871794871795
2914	0.400641025641025
2915	0.41025641025641
2916	0.439102564102564
2917	0.541666666666667
2918	0.541666666666667
2919	0.615384615384615
2920	0.576923076923077
2921	0.679487179487179
2922	0.576923076923077
2923	0.567307692307692
2924	0.391025641025641
2925	0.557692307692308
2926	0.557692307692308
2927	0.641025641025641
2928	0.567307692307692
2929	0.576923076923077
2930	0.605769230769231
2931	0.605769230769231
2932	0.596153846153846
2933	0.605769230769231
2934	0.634615384615384
2935	0.605769230769231
2936	0.605769230769231
2937	0.689102564102564
2938	0.512820512820513
2939	0.346153846153846
2940	0.346153846153846
2941	0.262820512820513
2942	0.141025641025641
2943	0.141025641025641
2944	0.121794871794872
2946	0.131410256410256
2947	0.21474358974359
2948	0.150641025641025
2949	0.141025641025641
2950	0.21474358974359
2951	0.342948717948718
2952	0.368589743589743
2953	0.275641025641025
2954	0.266025641025641
2955	0.192307692307692
2956	0.211538461538461
2957	0.0897435897435895
2958	0.163461538461538
2959	0.182692307692308
2960	0.192307692307692
2961	0.0608974358974357
2962	-0.0608974358974361
2967	-0.0705128205128206
2968	-0.0512820512820515
2969	-0.0320512820512823
2970	-0.0224358974358977
2971	0.163461538461538
2972	0.163461538461538
2973	0.163461538461538
2974	0.173076923076923
2975	0.256410256410256
2976	0.256410256410256
2977	0.227564102564102
2978	0.246794871794872
2979	0.339743589743589
2980	0.349358974358974
2981	0.349358974358974
2982	0.163461538461538
2983	0.0608974358974357
2984	0.0608974358974357
2985	0.0608974358974357
2986	-0.012820512820513
3001	0.0929487179487177
3002	0.157051282051282
3003	0.0737179487179486
3004	0.0544871794871792
3005	0.00641025641025617
3006	0.0801282051282051
3007	-0.0224358974358977
3008	-0.012820512820513
3034	0.108974358974359
3035	0.118589743589744
3036	0.0256410256410254
3037	0.00641025641025617
3041	0.0929487179487177
3050	0.0929487179487177
3051	0.0929487179487177
3052	0.19551282051282
3053	0.205128205128205
3054	0.205128205128205
3055	0.112179487179487
3056	0.131410256410256
3057	0.16025641025641
3058	0.198717948717949
3059	0.403846153846154
3060	0.432692307692308
3061	0.375
3062	0.375
3063	0.365384615384615
3064	0.458333333333333
3065	0.394230769230769
3066	0.522435897435897
3067	0.532051282051282
3068	0.512820512820513
3069	0.336538461538461
3070	0.282051282051282
3071	0.272435897435897
3072	0.272435897435897
3073	0.208333333333333
3074	0.217948717948718
3075	0.217948717948718
3076	0.262820512820513
3077	0.141025641025641
3078	0.102564102564102
3079	0.112179487179487
3080	0.121794871794872
3081	0.121794871794872
3082	0.131410256410256
3084	0.326923076923077
3085	0.243589743589744
3086	0.141025641025641
3087	0.141025641025641
3088	0.121794871794872
3089	0.141025641025641
3090	0.0929487179487177
3091	0.102564102564102
3092	0.112179487179487
3093	0.102564102564102
3094	0.102564102564102
3117	0.304487179487179
3118	0.368589743589744
3119	0.378205128205128
3120	0.32051282051282
3121	0.282051282051282
3122	0.301282051282051
3123	0.384615384615384
3124	0.33974358974359
3125	0.432692307692308
3126	0.564102564102564
3127	0.544871794871795
3128	0.506410256410256
3129	0.506410256410256
3130	0.506410256410256
3131	0.394230769230769
3132	0.403846153846154
3133	0.403846153846154
3134	0.442307692307692
3135	0.330128205128205
3136	0.330128205128205
3137	0.330128205128205
3138	0.330128205128205
3139	0.246794871794872
3247	0.224358974358974
3248	0.224358974358974
3249	0.21474358974359
3250	0.112179487179487
3251	0.224358974358974
3252	0.233974358974359
3253	0.21474358974359
3254	0.176282051282051
3255	0.19551282051282
3256	0.121794871794872
3257	0.262820512820513
3258	0.336538461538461
3259	0.317307692307692
3260	0.278846153846154
3261	0.147435897435897
3262	0.137820512820513
3263	0.157051282051282
3264	0.166666666666667
3265	0.166666666666667
3266	0.147435897435897
3267	0.0993589743589742
3268	0.0544871794871792
3272	0.0448717948717947
3273	0.0448717948717947
3274	0.0352564102564101
3275	0.0256410256410254
3276	0.0256410256410254
3278	0.0160256410256409
3279	-0.0032051282051283
3280	-0.0032051282051283
3281	-0.041666666666667
3346	0.198717948717949
3347	0.179487179487179
3348	0.169871794871795
3349	0.189102564102564
3350	0.189102564102564
3362	0.237179487179487
3365	0.227564102564102
3391	0.150641025641025
3392	0.141025641025641
3393	0.272435897435897
3394	0.262820512820513
3395	0.439102564102564
3396	0.429487179487179
3397	0.346153846153846
3398	0.224358974358974
3399	0.243589743589744
3400	0.307692307692308
3401	0.224358974358974
3402	0.21474358974359
3403	0.298076923076923
3404	0.288461538461538
3405	0.269230769230769
3406	0.352564102564102
3407	0.333333333333333
3408	0.342948717948718
3409	0.44551282051282
3410	0.455128205128205
3411	0.416666666666667
3412	0.378205128205128
3413	0.378205128205128
3414	0.304487179487179
3415	0.275641025641025
3416	0.246794871794872
3417	0.246794871794872
3418	0.208333333333333
3419	0.134615384615384
3420	0.0769230769230768
3421	-0.0256410256410258
3422	-0.0641025641025641
3423	-0.0544871794871797
3424	0.0192307692307693
3425	0.141025641025641
3426	0.0384615384615383
3427	-0.0544871794871797
3428	-0.0544871794871797
3429	-0.166666666666667
3430	-0.0929487179487182
3431	-0.185897435897436
3432	-0.185897435897436
3433	-0.176282051282052
3434	-0.166666666666667
3435	-0.147435897435897
3437	-0.128205128205128
3438	-0.0801282051282053
3485	0.0352564102564101
3486	0.00641025641025617
3487	-0.012820512820513
3488	-0.0032051282051283
3492	-0.08974358974359
3493	-0.0801282051282053
3494	-0.0608974358974361
3497	-0.0512820512820515
3498	-0.041666666666667
3499	0.0416666666666664
3505	-0.0993589743589746
3506	-0.0993589743589746
3507	-0.108974358974359
3508	-0.128205128205128
3515	-0.195512820512821
3517	-0.195512820512821
3518	-0.0641025641025641
3519	-0.128205128205128
3520	-0.08974358974359
3522	-0.128205128205128
3523	-0.108974358974359
3524	-0.118589743589744
3525	-0.147435897435897
3526	-0.0737179487179488
3527	-0.0737179487179488
3528	-0.128205128205128
3529	-0.0160256410256412
3530	-0.0256410256410258
3531	-0.0352564102564105
3532	-0.0352564102564105
3533	-0.08974358974359
3534	-0.108974358974359
3543	-0.157051282051282
3544	-0.166666666666667
3545	-0.166666666666667
3546	-0.185897435897436
3564	-0.0224358974358977
3566	-0.0512820512820515
3567	-0.0608974358974361
3568	0.0320512820512818
3569	0.0961538461538461
3570	0.0961538461538461
3571	0.0769230769230768
3572	0.131410256410256
3573	0.19551282051282
3574	0.176282051282051
3575	0.19551282051282
3576	0.214743589743589
3577	0.205128205128205
3578	0.131410256410256
3579	0.0384615384615383
3580	0.0192307692307693
3581	0.19551282051282
3582	0.278846153846154
3583	0.298076923076923
3584	0.336538461538461
3585	0.317307692307692
3586	0.362179487179487
3587	0.400641025641025
3588	0.400641025641025
3589	0.455128205128205
3590	0.44551282051282
3591	0.416666666666667
3592	0.397435897435897
3593	0.275641025641025
3594	0.266025641025641
3595	0.163461538461538
3596	0.0705128205128203
3597	0.0801282051282048
3598	0.0705128205128203
3599	-0.012820512820513
3600	-0.105769230769231
3601	-0.115384615384615
3602	-0.198717948717949
3603	-0.17948717948718
3604	-0.237179487179487
3605	-0.320512820512821
3606	-0.330128205128205
3607	-0.33974358974359
3612	-0.33974358974359
3613	-0.256410256410257
3614	-0.217948717948718
3615	-0.0512820512820515
3616	-0.0512820512820515
3617	-0.227564102564103
3618	-0.291666666666667
3619	-0.227564102564103
3620	-0.163461538461539
3621	-0.0512820512820515
3622	-0.105769230769231
3623	-0.0320512820512822
3624	-0.125
3625	-0.189102564102564
3626	-0.198717948717949
3627	-0.189102564102564
3628	-0.131410256410257
3629	-0.141025641025641
3630	-0.16025641025641
3631	-0.224358974358975
3632	-0.243589743589744
3633	-0.282051282051282
3634	-0.262820512820513
3635	-0.282051282051282
3636	-0.301282051282052
3637	-0.272435897435898
3638	-0.262820512820513
3639	-0.243589743589744
3641	-0.195512820512821
3642	-0.147435897435897
3643	-0.128205128205128
3644	-0.108974358974359
3645	-0.0801282051282053
3646	-0.0705128205128206
3647	-0.00641025641025661
3648	-0.108974358974359
3671	-0.012820512820513
3672	0.0160256410256409
3673	0.0256410256410254
3674	0.00641025641025617
3675	0.0416666666666664
3676	0.0608974358974357
3677	-0.0224358974358977
3678	-0.041666666666667
3679	0.0320512820512818
3680	0.0224358974358972
3681	-0.0160256410256412
3682	-0.0352564102564105
3683	-0.0993589743589746
3684	-0.118589743589744
3685	-0.08974358974359
3686	-0.0993589743589746
3687	-0.0993589743589746
3688	-0.0993589743589746
3689	-0.0801282051282053
3690	-0.0608974358974361
3691	-0.041666666666667
3692	-0.0608974358974361
3694	-0.108974358974359
3695	-0.108974358974359
3696	-0.108974358974359
3697	-0.0256410256410258
3698	-0.00641025641025661
3699	-0.0352564102564105
3700	-0.147435897435897
3701	-0.147435897435897
3736	-0.012820512820513
3737	0.0801282051282051
3738	0.0705128205128204
3739	0.0416666666666664
3740	0.0512820512820511
3741	0.153846153846154
3742	0.217948717948718
3743	0.246794871794872
3744	0.266025641025641
3745	0.275641025641025
3746	0.330128205128205
3747	0.442307692307692
3748	0.349358974358974
3749	0.246794871794872
3750	0.237179487179487
3751	0.256410256410256
3752	0.32051282051282
3753	0.330128205128205
3754	0.304487179487179
3755	0.211538461538461
3756	0.201923076923077
3757	0.163461538461538
3758	0.227564102564102
3759	0.227564102564102
3760	0.237179487179487
3761	0.115384615384615
3762	0.0865384615384615
3763	0.0961538461538461
3764	0.208333333333333
3765	0.227564102564102
3766	0.179487179487179
3767	0.169871794871795
3768	0.189102564102564
3769	0.243589743589743
3770	0.253205128205128
3771	0.307692307692308
3772	0.224358974358974
3773	0.112179487179487
3774	0.0737179487179485
3775	0.0737179487179485
3776	0.0448717948717945
3777	-0.0576923076923079
3778	-0.16025641025641
3779	-0.169871794871795
3780	-0.208333333333334
3781	-0.227564102564103
3782	-0.253205128205128
3783	-0.301282051282052
3784	-0.301282051282052
3785	-0.301282051282052
3786	-0.301282051282052
3787	-0.330128205128205
3789	-0.320512820512821
3790	-0.256410256410257
3791	-0.33974358974359
3792	-0.256410256410257
3793	-0.153846153846154
3794	-0.153846153846154
3795	-0.134615384615385
3796	-0.0801282051282053
3797	-0.134615384615385
3798	-0.0961538461538463
3799	-0.0865384615384617
3800	-0.17948717948718
3801	-0.17948717948718
3802	-0.0480769230769234
3803	-0.102564102564103
3804	-0.121794871794872
3805	-0.21474358974359
3806	-0.195512820512821
3813	-0.108974358974359
3814	-0.0608974358974361
3815	-0.108974358974359
3816	-0.0801282051282053
3817	-0.0801282051282053
3818	-0.0705128205128206
3824	0.0448717948717947
3837	0.0544871794871792
3842	0.00641025641025617
3843	-0.041666666666667
3846	0.0608974358974357
3847	0.0224358974358972
3848	0.163461538461538
3849	0.0512820512820511
3850	0.125
3851	0.163461538461538
3852	0.144230769230769
3853	0.227564102564102
3854	0.169871794871795
3855	0.16025641025641
3856	0.131410256410256
3857	0.121794871794872
3858	0.176282051282051
3859	0.176282051282051
3860	0.108974358974359
3861	0.118589743589743
3862	0.128205128205128
3863	0.016025641025641
3864	0.0352564102564099
3865	-0.0384615384615388
3866	-0.224358974358975
3867	-0.224358974358975
3868	-0.21474358974359
3934	-0.0737179487179488
3935	-0.166666666666667
3936	-0.157051282051282
3937	-0.137820512820513
3938	-0.0737179487179488
3939	-0.0641025641025641
3940	0.0288461538461536
3941	-0.0096153846153848
3942	-0.0096153846153848
3943	-0.0288461538461542
3944	-0.0576923076923079
3945	-0.105769230769231
3946	-0.0320512820512822
3947	-0.0993589743589747
3948	-0.166666666666667
3949	-0.131410256410257
3950	-0.205128205128206
3951	-0.326923076923077
3952	-0.403846153846154
3953	-0.394230769230769
3954	-0.375
3955	-0.394230769230769
3956	-0.384615384615385
3957	-0.301282051282052
3958	-0.310897435897436
3959	-0.208333333333334
3960	-0.0224358974358976
3961	-0.0320512820512824
3962	-0.0512820512820515
3963	0.105769230769231
3964	0.096153846153846
3965	0.0128205128205126
3966	0.134615384615384
3967	0.208333333333333
3968	0.134615384615384
3969	0.0705128205128203
3970	-0.0865384615384617
3971	-0.0865384615384617
3972	-0.00320512820512842
3973	-0.00320512820512842
3974	-0.115384615384616
3975	-0.0865384615384617
3976	-0.169871794871795
3977	-0.131410256410257
3978	-0.105769230769231
3979	-0.0961538461538463
3980	-0.0480769230769234
3981	-0.0384615384615388
3982	-0.0929487179487181
3983	-0.0993589743589747
3984	0.0320512820512817
3985	-0.0320512820512822
3986	0.125
3987	0.192307692307692
3988	0.278846153846154
3989	0.269230769230769
3990	0.278846153846154
3991	0.307692307692308
3992	0.400641025641025
3993	0.362179487179487
3994	0.314102564102564
3995	0.240384615384615
3996	0.0833333333333333
3997	0.102564102564103
3998	0.0480769230769229
3999	-0.137820512820513
4000	-0.128205128205128
4001	-0.128205128205128
4002	-0.0993589743589746
4004	-0.0993589743589746
4005	-0.118589743589744
4006	-0.118589743589744
4007	-0.0256410256410258
4008	-0.128205128205128
4009	-0.147435897435897
4010	-0.0993589743589746
4011	-0.137820512820513
4012	-0.137820512820513
4013	-0.044871794871795
4014	0.00320512820512808
4015	0.0769230769230768
4016	0.0576923076923076
4017	0.0673076923076922
4018	0.0384615384615383
4019	0.0192307692307693
4020	-0.0833333333333334
4021	-0.0544871794871797
4062	-0.185897435897436
4063	-0.185897435897436
4064	-0.205128205128206
4067	-0.195512820512821
4068	-0.185897435897436
4069	-0.0384615384615388
4070	0.0544871794871791
4071	0.108974358974359
4072	0.201923076923077
4073	0.227564102564102
4074	0.256410256410256
4075	0.169871794871795
4076	0.105769230769231
4077	0.096153846153846
4078	0.105769230769231
4079	0.125
4080	0.310897435897436
4081	0.301282051282051
4082	0.301282051282051
4083	0.208333333333333
4084	0.237179487179487
4085	0.096153846153846
4086	0.0769230769230766
4087	0.105769230769231
4088	0.115384615384615
4089	0.189102564102564
4090	0.272435897435897
4091	0.208333333333333
4092	0.262820512820513
4093	0.429487179487179
4094	0.336538461538461
4095	0.419871794871794
4096	0.429487179487179
4097	0.365384615384615
4098	0.233974358974359
4099	0.233974358974359
4100	0.224358974358974
4101	0.282051282051282
4102	0.214743589743589
4103	0.121794871794872
4104	0.141025641025641
4105	0.0865384615384615
4106	0.00320512820512797
4107	-0.041666666666667
4108	-0.115384615384615
4109	-0.0480769230769234
4110	-0.0865384615384617
4111	-0.0384615384615388
4112	-0.105769230769231
4113	-0.0865384615384617
4114	-0.0865384615384617
4115	0.0705128205128203
4116	-0.0961538461538463
4117	-0.17948717948718
4118	-0.169871794871795
4119	-0.141025641025641
4120	-0.141025641025641
4121	-0.0096153846153848
4122	-0.0096153846153848
4123	0.0352564102564099
4124	0.0737179487179485
4125	-0.0384615384615388
4126	-0.0929487179487182
4127	-0.0929487179487182
4183	-0.0320512820512823
4184	-0.0320512820512823
4185	-0.0224358974358977
4186	-0.0032051282051283
4187	0.0160256410256409
4188	0.0160256410256409
4189	0.00641025641025617
4190	-0.012820512820513
4191	0.0608974358974357
4192	0.0769230769230768
4193	0.0224358974358972
4194	0.0128205128205128
4195	-0.00641025641025661
4196	-0.08974358974359
4197	-0.0641025641025641
4198	-0.0737179487179488
4199	-0.0929487179487182
4200	-0.157051282051282
4202	-0.118589743589744
4203	-0.0801282051282053
4204	-0.0801282051282053
4205	-0.0801282051282053
4206	-0.08974358974359
4207	-0.0608974358974361
4208	-0.0512820512820515
4209	-0.0512820512820515
4210	-0.0993589743589746
4211	-0.108974358974359
4212	-0.0993589743589746
4213	-0.0801282051282053
4214	-0.0352564102564105
4215	-0.0544871794871797
4216	-0.137820512820513
4217	-0.147435897435897
4218	-0.0737179487179488
4219	-0.0544871794871797
4220	-0.0833333333333334
4221	-0.0833333333333334
4222	0.0288461538461536
4223	0.00961538461538458
4224	-0.0673076923076923
4225	0.0448717948717945
4226	0.0352564102564099
4227	-0.0480769230769234
4228	0
4229	0.0192307692307693
4230	0.0288461538461536
4231	-0.0544871794871797
4232	0
4233	-0.0160256410256412
4234	-0.0352564102564105
4235	-0.00641025641025661
4236	0.00320512820512808
4237	0.00320512820512808
4238	-0.0801282051282053
4239	-0.108974358974359
4240	-0.118589743589744
4241	-0.08974358974359
4242	-0.0993589743589746
4243	-0.147435897435897
4244	-0.195512820512821
4245	-0.185897435897436
4246	-0.147435897435897
4247	-0.0544871794871797
4248	-0.0641025641025641
4249	0.166666666666667
4250	0.131410256410256
4251	0.0192307692307693
4252	0
4253	-0.044871794871795
4254	-0.137820512820513
4327	-0.0608974358974361
4328	-0.0320512820512823
4329	-0.041666666666667
4330	-0.0608974358974361
4333	-0.08974358974359
4334	-0.118589743589744
4335	-0.108974358974359
4336	-0.118589743589744
4337	-0.128205128205128
4338	-0.0993589743589746
4339	-0.128205128205128
4340	-0.137820512820513
4341	-0.137820512820513
4342	-0.166666666666667
4343	-0.157051282051282
4344	-0.102564102564103
4345	-0.0929487179487182
4346	-0.0192307692307694
4347	0.00961538461538458
4348	0.150641025641025
4349	0.214743589743589
4350	0.157051282051282
4351	0.118589743589743
4352	-0.0384615384615388
4353	-0.0929487179487182
4354	-0.0929487179487182
4355	-0.131410256410257
4356	-0.0384615384615388
4357	-0.0480769230769234
4358	-0.150641025641026
4359	-0.141025641025641
4360	-0.21474358974359
4361	-0.21474358974359
4362	-0.0576923076923079
4363	-0.150641025641026
4364	-0.141025641025641
4365	-0.141025641025641
4366	-0.169871794871795
4367	-0.189102564102564
4368	-0.198717948717949
4369	-0.195512820512821
4370	-0.21474358974359
4371	-0.233974358974359
4372	-0.243589743589744
4418	0.00641025641025617
4419	0.0993589743589742
4420	0.0352564102564101
4424	0.0544871794871792
4425	0.0544871794871792
4426	0.0256410256410254
4427	0.137820512820513
4428	0.0897435897435895
4429	0.0801282051282051
4430	-0.0320512820512823
4431	-0.0801282051282053
4434	-0.041666666666667
4435	0.0416666666666664
4436	0.0416666666666664
4437	0.0128205128205128
4438	0.0320512820512818
4439	0.0224358974358972
4440	0.0224358974358972
4441	0.0961538461538461
4442	-0.0160256410256412
4443	-0.0641025641025641
4444	-0.102564102564103
4445	0
4446	0
4447	0
4448	0.0833333333333333
4449	0.121794871794872
4450	0.0384615384615383
4451	0.0480769230769229
4452	0.0576923076923076
4453	-0.0256410256410258
4454	-0.0993589743589746
4496	-0.0032051282051283
4497	-0.012820512820513
4498	0.0993589743589742
4499	0.0897435897435895
4500	0.201923076923077
4501	0.182692307692308
4502	0.144230769230769
4503	0.217948717948718
4504	0.217948717948718
4505	0.275641025641025
4506	0.275641025641025
4507	0.349358974358974
4508	0.339743589743589
4509	0.330128205128205
4510	0.330128205128205
4511	0.339743589743589
4512	0.253205128205128
4513	0.298076923076923
4514	0.278846153846154
4515	0.25
4516	0.157051282051282
4517	0.157051282051282
4518	0.0256410256410253
4519	-0.0769230769230771
4520	-0.17948717948718
4521	-0.189102564102564
4522	-0.17948717948718
4523	-0.16025641025641
4524	-0.112179487179488
4525	-0.150641025641026
4526	-0.17948717948718
4527	-0.272435897435898
4530	-0.224358974358975
4558	-0.262820512820513
4559	-0.310897435897436
4560	-0.310897435897436
4561	-0.282051282051282
4563	-0.282051282051282
4564	-0.320512820512821
4565	-0.320512820512821
4567	-0.358974358974359
4568	-0.310897435897436
4576	-0.358974358974359
4577	-0.28525641025641
4578	-0.275641025641026
4579	-0.387820512820513
4580	-0.387820512820513
4581	-0.192307692307693
4582	-0.163461538461539
4583	-0.144230769230769
4584	-0.189102564102564
4585	-0.125
4586	-0.134615384615385
4587	-0.125
4588	-0.134615384615385
4589	-0.0897435897435901
4590	0.0769230769230766
4591	0.115384615384615
4592	0.105769230769231
4593	0.246794871794872
4594	0.192307692307692
4595	0.221153846153846
4596	0.221153846153846
4597	0.211538461538461
4598	0.211538461538461
4599	0.108974358974359
4600	0.147435897435897
4601	0.137820512820512
4602	0.137820512820512
4603	0.0352564102564099
4604	0.00641025641025617
4605	0.016025641025641
4606	-0.0320512820512822
4607	0.0352564102564099
4608	0.0352564102564099
4609	0.016025641025641
4610	-0.0961538461538463
4611	-0.0576923076923079
4612	-0.0929487179487182
4613	-0.0833333333333334
4614	-0.166666666666667
4615	-0.0544871794871797
4616	-0.0544871794871797
4637	-0.108974358974359
4638	-0.137820512820513
4639	-0.08974358974359
4640	0.0128205128205128
4641	-0.00641025641025661
4642	-0.0993589743589746
4643	-0.108974358974359
4644	-0.157051282051282
4645	-0.176282051282052
4646	-0.147435897435897
4647	-0.157051282051282
4648	-0.185897435897436
4675	-0.445512820512821
4679	-0.435897435897436
4680	-0.323717948717949
4681	-0.230769230769231
4682	-0.240384615384615
4683	-0.259615384615385
4684	-0.25
4685	-0.269230769230769
4686	-0.278846153846154
4687	-0.298076923076923
4688	-0.317307692307693
4689	-0.336538461538462
4690	-0.355769230769231
4691	-0.326923076923077
4692	-0.288461538461539
4693	-0.230769230769231
4694	-0.192307692307693
4695	-0.0608974358974361
4696	-0.0705128205128207
4697	-0.0320512820512822
4698	-0.012820512820513
4699	-0.0961538461538463
4700	-0.0673076923076923
4701	-0.131410256410257
4702	-0.141025641025641
4703	-0.0673076923076923
4704	-0.224358974358975
4705	-0.21474358974359
4706	-0.169871794871795
4707	-0.0673076923076923
4708	-0.0673076923076923
4709	-0.150641025641026
4710	-0.105769230769231
4711	-0.291666666666667
4712	-0.272435897435898
4713	-0.17948717948718
4714	-0.217948717948718
4715	-0.227564102564103
4716	-0.153846153846154
4717	-0.217948717948718
4718	-0.217948717948718
4719	-0.105769230769231
4720	-0.0769230769230771
4721	0.016025641025641
4722	-0.012820512820513
4723	0.016025641025641
4724	0.118589743589743
4725	0.137820512820512
4726	0.201923076923077
4727	0.201923076923077
4728	0.211538461538461
4729	0.201923076923077
4730	0.182692307692308
4731	0.182692307692308
4732	0.266025641025641
4733	0.314102564102564
4734	0.333333333333333
4735	0.44551282051282
4736	0.509615384615385
4737	0.451923076923077
4738	0.451923076923077
4739	0.426282051282051
4740	0.548076923076923
4741	0.612179487179487
4742	0.455128205128205
4743	0.269230769230769
4744	0.342948717948718
4745	0.426282051282051
4746	0.352564102564103
4747	0.378205128205128
4748	0.368589743589743
4749	0.266025641025641
4750	0.294871794871794
4751	0.397435897435897
4752	0.211538461538461
4753	0.144230769230769
4754	0.153846153846154
4755	0.0608974358974357
4756	0.179487179487179
4757	0.0576923076923075
4758	0.0769230769230766
4759	0.0384615384615383
4760	-0.0448717948717952
4761	-0.0448717948717952
4762	-0.0801282051282053
4763	-0.0801282051282053
4764	-0.0705128205128207
4765	-0.0512820512820515
4766	-0.0224358974358976
4767	-0.115384615384615
4768	-0.198717948717949
4769	-0.227564102564103
4770	-0.256410256410257
4771	-0.358974358974359
4775	-0.416666666666667
4832	-0.185897435897436
4833	-0.243589743589744
4834	-0.243589743589744
4835	-0.282051282051282
4852	-0.195512820512821
4853	-0.16025641025641
4854	-0.150641025641026
4855	-0.224358974358975
4856	-0.0384615384615388
4857	-0.0769230769230771
4858	-0.0673076923076923
4859	-0.00320512820512842
4860	0.016025641025641
4861	-0.0224358974358976
4862	0.0705128205128203
4863	0.0320512820512817
4864	0.144230769230769
4865	0.217948717948718
4866	0.217948717948718
4867	0.227564102564102
4868	0.163461538461538
4869	0.246794871794872
4870	0.227564102564102
4871	0.246794871794872
4872	0.272435897435897
4873	0.326923076923077
4874	0.346153846153846
4875	0.282051282051282
4876	0.394230769230769
4877	0.355769230769231
4878	0.336538461538461
4879	0.317307692307692
4880	0.317307692307692
4881	0.233974358974359
4882	0.474358974358974
4883	0.44551282051282
4884	0.44551282051282
4885	0.278846153846154
4886	0.0929487179487178
4887	0.0833333333333333
4888	0.0480769230769229
4889	0.0865384615384615
4890	0.0769230769230766
4891	0.0865384615384615
4892	-0.0897435897435901
4893	-0.0705128205128207
4894	-0.0705128205128207
4895	0.00641025641025617
4896	0.0416666666666663
4897	0.0897435897435894
4898	0.00641025641025617
4899	0.118589743589743
4900	0.108974358974359
4901	0.108974358974359
4902	0.118589743589743
4903	0.147435897435897
4904	0.157051282051282
4905	0.112179487179487
4906	0.131410256410256
4907	0.131410256410256
4908	0.150641025641025
4909	0.131410256410256
4910	0.121794871794872
4911	0.00961538461538458
4912	0
4913	0.0288461538461536
4914	-0.0096153846153848
4915	0.0192307692307693
4916	0.0288461538461536
4917	-0.0641025641025641
4922	-0.137820512820513
4923	-0.166666666666667
4924	-0.157051282051282
4926	-0.185897435897436
4927	-0.205128205128206
4928	-0.21474358974359
4929	-0.224358974358975
4930	-0.233974358974359
4933	-0.262820512820513
4934	-0.291666666666667
4935	-0.169871794871795
4936	-0.17948717948718
4937	-0.262820512820513
4938	-0.208333333333334
4939	-0.217948717948718
4940	-0.246794871794872
4941	-0.163461538461539
4942	-0.182692307692308
4943	-0.182692307692308
4944	-0.173076923076923
4945	-0.227564102564103
4946	-0.163461538461539
4947	-0.163461538461539
4948	-0.134615384615385
4949	-0.125
4950	-0.0769230769230771
4951	-0.041666666666667
4952	-0.0320512820512822
4953	-0.0993589743589747
4954	-0.0993589743589747
4955	-0.108974358974359
4956	-0.0993589743589747
4957	-0.0705128205128207
4958	-0.208333333333334
4959	-0.208333333333334
4960	-0.266025641025641
4961	-0.0897435897435901
4962	-0.192307692307693
4963	-0.201923076923077
4964	-0.173076923076923
4965	-0.153846153846154
4966	-0.144230769230769
4967	-0.0897435897435901
4968	-0.192307692307693
4969	-0.208333333333334
4970	-0.0865384615384617
4971	-0.262820512820513
5059	-0.169871794871795
5060	-0.217948717948718
5061	-0.266025641025641
5062	-0.256410256410257
5063	-0.201923076923077
5064	-0.157051282051282
5065	-0.205128205128206
5066	-0.355769230769231
5067	-0.336538461538462
5068	-0.307692307692308
5069	-0.307692307692308
5070	-0.41025641025641
5071	-0.512820512820513
5072	-0.551282051282052
5073	-0.461538461538462
5074	-0.451923076923077
5075	-0.461538461538462
5076	-0.30448717948718
5077	-0.240384615384616
5078	0.00961538461538436
5079	-0.0384615384615385
5080	-0.0384615384615385
5081	-0.0576923076923082
5082	-0.022435897435898
5083	-0.125
5084	-0.0608974358974363
5085	0.00320512820512797
5086	0.00320512820512797
5087	0.0416666666666663
5088	-0.0608974358974363
5089	-0.0320512820512826
5090	0.0705128205128203
5091	0.192307692307692
5092	0.211538461538461
5093	0.314102564102564
5094	0.567307692307692
5095	0.522435897435897
5096	0.560897435897436
5097	0.708333333333333
5098	0.801282051282051
5099	0.76602564102564
5100	0.721153846153846
5101	0.842948717948718
5102	0.871794871794871
5103	0.833333333333333
5104	0.814102564102564
5105	0.833333333333333
5106	0.833333333333333
5107	0.842948717948718
5108	0.862179487179487
5109	0.689102564102564
5110	0.679487179487179
5111	0.727564102564102
5112	0.541666666666666
5113	0.467948717948718
5114	0.282051282051282
5115	0.310897435897436
5116	0.32051282051282
5117	0.217948717948718
5118	0.266025641025641
5119	0.275641025641025
5120	0.182692307692308
5121	0.0512820512820511
5122	0.0224358974358971
5123	0.0128205128205126
5124	0.0224358974358971
5125	0.0416666666666663
5126	-0.0897435897435901
5127	-0.118589743589744
5128	-0.230769230769231
5129	-0.314102564102564
5130	-0.416666666666667
5159	-0.310897435897436
5160	-0.310897435897436
5161	-0.246794871794872
5162	-0.208333333333334
5163	-0.262820512820513
5164	-0.0576923076923079
5165	-0.105769230769231
5166	-0.169871794871795
5167	-0.115384615384615
5168	-0.115384615384615
5169	-0.153846153846154
5170	-0.0993589743589747
5171	-0.0897435897435901
5172	-0.153846153846154
5173	-0.163461538461539
5174	-0.182692307692308
5175	-0.173076923076923
5176	-0.256410256410257
5177	-0.378205128205128
5178	-0.349358974358975
5179	-0.358974358974359
5180	-0.246794871794872
5181	-0.275641025641026
5182	-0.256410256410257
5183	-0.211538461538462
5184	-0.205128205128206
5185	-0.205128205128206
5186	-0.0384615384615388
5187	0.0737179487179487
5188	0.0833333333333333
5189	0.0833333333333333
5190	0.0833333333333333
5191	-0.00961538461538458
5192	0.0833333333333333
5193	0.0737179487179487
5194	0.147435897435897
5195	0.00641025641025617
5196	0.0160256410256405
5197	-0.0576923076923079
5198	-0.0480769230769234
5199	-0.0480769230769234
5200	-0.262820512820513
5201	-0.301282051282052
5202	-0.246794871794872
5203	-0.246794871794872
5204	-0.134615384615385
5205	-0.105769230769231
5206	-0.105769230769231
5207	-0.125
5208	-0.153846153846154
5209	-0.163461538461539
5210	-0.163461538461539
5211	-0.211538461538462
5212	-0.147435897435898
5213	-0.137820512820513
5214	-0.147435897435898
5215	-0.128205128205129
5216	-0.147435897435898
5217	-0.211538461538462
5218	-0.211538461538462
5219	-0.266025641025641
5220	-0.282051282051282
5221	-0.198717948717949
5222	-0.346153846153846
5223	-0.419871794871795
5224	-0.42948717948718
5225	-0.419871794871795
5226	-0.503205128205128
5227	-0.541666666666667
5232	-0.496794871794872
5233	-0.413461538461539
5234	-0.451923076923077
5235	-0.461538461538462
5236	-0.471153846153846
5237	-0.320512820512821
5238	-0.394230769230769
5239	-0.467948717948718
5240	-0.573717948717949
5241	-0.583333333333333
5242	-0.5
5243	-0.509615384615385
5244	-0.480769230769231
5245	-0.397435897435898
5246	-0.342948717948718
5247	-0.240384615384616
5248	-0.230769230769231
5249	-0.25
5250	-0.269230769230769
5251	-0.141025641025642
5252	-0.17948717948718
5253	-0.208333333333334
5254	-0.227564102564103
5255	-0.256410256410257
5256	-0.211538461538462
5257	-0.211538461538462
5258	-0.230769230769231
5259	-0.26923076923077
5260	-0.298076923076923
5261	-0.307692307692308
5262	-0.291666666666667
5263	-0.243589743589744
5264	-0.150641025641026
5265	-0.105769230769232
5266	-0.134615384615385
5267	-0.0769230769230773
5268	-0.371794871794872
5269	-0.474358974358974
5270	-0.435897435897436
5271	-0.46474358974359
5272	-0.342948717948718
5273	-0.435897435897436
5274	-0.445512820512821
5275	-0.371794871794872
5276	-0.349358974358975
5277	-0.368589743589744
5278	-0.525641025641026
5279	-0.496794871794872
5280	-0.525641025641026
5281	-0.647435897435898
5282	-0.740384615384616
5283	-0.814102564102564
5284	-0.926282051282052
5285	-0.814102564102564
5286	-0.721153846153846
5287	-0.730769230769231
5288	-0.628205128205129
5289	-0.618589743589744
5290	-0.506410256410257
5291	-0.487179487179488
5292	-0.599358974358975
5293	-0.676282051282052
5294	-0.685897435897436
5295	-0.602564102564103
5296	-0.426282051282052
5297	-0.483974358974359
5298	-0.538461538461539
5299	-0.483974358974359
5300	-0.557692307692308
5301	-0.528846153846154
5302	-0.474358974358974
5303	-0.493589743589744
5304	-0.439102564102565
5305	-0.291666666666667
5306	-0.330128205128206
5307	-0.349358974358975
5308	-0.442307692307693
5309	-0.442307692307693
5310	-0.490384615384616
5311	-0.631410256410257
5312	-0.64423076923077
5313	-0.653846153846154
5314	-0.673076923076923
5315	-0.608974358974359
5316	-0.637820512820513
5317	-0.58974358974359
5318	-0.506410256410257
5319	-0.480769230769231
5320	-0.230769230769231
5321	-0.323717948717949
5322	-0.362179487179487
5323	-0.51923076923077
5324	-0.564102564102564
5325	-0.461538461538462
5326	-0.583333333333334
5327	-0.55448717948718
5328	-0.432692307692308
5329	-0.419871794871795
5330	-0.326923076923078
5331	-0.391025641025642
5332	-0.538461538461539
5333	-0.461538461538461
5334	-0.33974358974359
5335	-0.423076923076923
5336	-0.423076923076923
5337	-0.413461538461539
5338	-0.448717948717949
5339	-0.458333333333333
5340	-0.403846153846154
5341	-0.560897435897436
5342	-0.532051282051282
5343	-0.445512820512821
5344	-0.426282051282052
5345	-0.352564102564103
5346	-0.201923076923077
5347	-0.134615384615385
5348	-0.0480769230769231
5349	-0.0480769230769231
5350	-0.028846153846154
5351	0.0192307692307689
5352	0.121794871794871
5353	0.205128205128205
5354	0.176282051282051
5355	0.214743589743589
5356	-0.00641025641025683
5357	-0.0160256410256414
5358	-0.05448717948718
5359	0.0288461538461535
5360	-0.0641025641025645
5361	0.00961538461538436
5362	0.0641025641025637
5363	0.147435897435897
5364	0.0352564102564099
5365	0.246794871794872
5366	0.144230769230769
5367	0.208333333333333
5368	0.189102564102564
5369	0.307692307692307
5370	0.214743589743589
5371	0.19551282051282
5372	0.185897435897435
5373	0.176282051282051
5374	0.176282051282051
5375	0.157051282051282
5376	0.121794871794871
5377	0.233974358974359
5378	0.205128205128205
5379	0.201923076923077
5380	0.163461538461538
5381	0.153846153846154
5382	0.00320512820512797
5383	-0.0448717948717949
5384	-0.166666666666667
5385	-0.102564102564103
5386	-0.0480769230769234
5387	-0.169871794871795
5388	-0.150641025641026
5389	-0.150641025641026
5390	-0.176282051282052
5391	-0.278846153846155
5392	-0.224358974358975
5393	-0.160256410256411
5394	-0.262820512820513
5395	-0.141025641025642
5396	-0.131410256410257
5397	-0.224358974358975
5398	-0.278846153846155
5399	-0.342948717948719
5400	-0.30448717948718
5401	-0.461538461538461
5402	-0.294871794871795
5403	-0.368589743589744
5404	-0.407051282051283
5405	-0.490384615384616
5406	-0.5
5407	-0.480769230769231
5408	-0.471153846153846
5409	-0.55448717948718
5410	-0.621794871794872
5411	-0.67948717948718
5412	-0.810897435897436
5413	-0.903846153846154
5414	-0.865384615384616
5415	-0.910256410256411
5416	-0.817307692307693
5417	-0.788461538461539
5418	-0.666666666666667
5419	-0.628205128205128
5420	-0.618589743589744
5421	-0.701923076923077
5422	-0.775641025641026
5423	-0.692307692307693
5424	-0.794871794871795
5425	-0.897435897435898
5426	-0.778846153846155
5427	-0.666666666666667
5428	-0.740384615384616
5429	-0.682692307692308
5430	-0.596153846153846
5431	-0.782051282051282
5432	-0.830128205128205
5433	-0.971153846153846
5434	-0.961538461538461
5435	-0.990384615384616
5436	-0.990384615384616
5437	-1.06410256410256
5444	-1.08012820512821
5445	-1.08012820512821
5446	-1.00320512820513
5447	-0.935897435897436
5448	-0.871794871794872
5449	-0.900641025641026
5450	-0.846153846153846
5451	-0.865384615384616
5452	-0.919871794871795
5453	-0.96474358974359
5454	-0.907051282051282
5455	-0.881410256410257
5456	-0.778846153846154
5457	-0.75
5458	-0.798076923076923
5459	-0.842948717948718
5460	-0.730769230769231
5461	-0.759615384615385
5462	-0.849358974358975
5475	-0.708333333333334
5476	-0.746794871794872
5477	-0.625
5478	-0.653846153846154
5479	-0.458333333333334
5480	-0.551282051282052
5481	-0.522435897435898
5482	-0.503205128205128
5483	-0.493589743589744
5484	-0.528846153846154
5485	-0.567307692307693
5486	-0.621794871794872
5487	-0.564102564102564
5488	-0.573717948717949
5489	-0.5
5490	-0.455128205128205
5491	-0.528846153846154
5492	-0.528846153846154
5493	-0.416666666666667
5494	-0.192307692307693
5495	-0.192307692307693
5496	-0.246794871794872
5497	-0.17948717948718
5498	-0.134615384615385
5499	-0.192307692307693
5500	-0.163461538461539
5501	-0.0705128205128207
5502	0.096153846153846
5503	0.115384615384615
5504	0.153846153846154
5505	0.192307692307692
5506	0.211538461538461
5507	0.275641025641025
5508	0.358974358974359
5509	0.217948717948717
5510	0.237179487179487
5511	0.0608974358974357
5512	0.0897435897435894
5513	-0.012820512820513
5514	0.0160256410256405
5515	-0.131410256410257
5516	-0.112179487179488
5517	-0.0576923076923079
5518	-0.0769230769230771
5519	-0.0576923076923079
5520	-0.0384615384615388
5521	0.0192307692307689
5522	0.0833333333333333
5523	0.0544871794871791
5524	0.0544871794871791
5525	-0.0961538461538463
5526	-0.33974358974359
5527	-0.301282051282052
5528	-0.413461538461539
5529	-0.506410256410257
5532	-0.631410256410256
5533	-0.650641025641026
5534	-0.791666666666667
5535	-0.644230769230769
5536	-0.458333333333334
5537	-0.541666666666667
5538	-0.737179487179488
5539	-0.756410256410256
5540	-0.833333333333334
5541	-0.76923076923077
5542	-0.836538461538462
5543	-0.891025641025641
5544	-1.00320512820513
5545	-0.881410256410257
5546	-0.807692307692308
5547	-0.836538461538462
5548	-0.875
5549	-0.913461538461539
5550	-0.951923076923077
5551	-0.935897435897436
5552	-0.983974358974359
5553	-1.03846153846154
5554	-1.01923076923077
5555	-1.02884615384615
5556	-0.983974358974359
5557	-1.0224358974359
5558	-1.10576923076923
5559	-1.0224358974359
5560	-0.987179487179488
5561	-0.939102564102565
5562	-0.900641025641026
5563	-0.881410256410257
5564	-0.852564102564103
5565	-0.788461538461539
5566	-0.705128205128206
5567	-0.705128205128206
5568	-0.814102564102564
5569	-0.833333333333333
5570	-0.682692307692308
5571	-0.625
5572	-0.791666666666667
5573	-0.756410256410257
5574	-0.644230769230769
5575	-0.701923076923077
5576	-0.682692307692308
5577	-0.663461538461539
5578	-0.522435897435898
5579	-0.560897435897436
5580	-0.439102564102565
5581	-0.522435897435898
5582	-0.596153846153846
5583	-0.455128205128206
5584	-0.426282051282052
5585	-0.387820512820513
5586	-0.480769230769231
5587	-0.506410256410257
5588	-0.42948717948718
5589	-0.403846153846154
5590	-0.423076923076923
5591	-0.423076923076923
5592	-0.467948717948718
5593	-0.448717948717949
5594	-0.310897435897436
5595	-0.368589743589744
5596	-0.387820512820513
5597	-0.378205128205129
5598	-0.320512820512821
5599	-0.330128205128205
5600	-0.358974358974359
5601	-0.471153846153846
5602	-0.602564102564103
5603	-0.490384615384616
5604	-0.509615384615385
5605	-0.538461538461539
5606	-0.602564102564103
5607	-0.798076923076923
5608	-0.788461538461539
5609	-0.842948717948718
5610	-0.916666666666667
5611	-0.823717948717949
5612	-0.721153846153846
5613	-0.730769230769231
5614	-0.823717948717949
5615	-0.814102564102564
5616	-0.955128205128206
5617	-0.955128205128206
5618	-0.96474358974359
5620	-0.881410256410257
5621	-0.881410256410257
5622	-0.778846153846154
5623	-0.76923076923077
5624	-0.705128205128206
5625	-0.666666666666667
5626	-0.724358974358974
5627	-0.743589743589744
5628	-0.791666666666667
5629	-0.753205128205129
5630	-0.891025641025641
5631	-0.887820512820513
5632	-0.83974358974359
5633	-0.887820512820513
5634	-0.983974358974359
5635	-0.900641025641026
5636	-0.788461538461539
5637	-0.740384615384616
5638	-0.721153846153846
5639	-0.823717948717949
5640	-0.730769230769231
5641	-0.644230769230769
5642	-0.535256410256411
5643	-0.423076923076923
5644	-0.358974358974359
5645	-0.358974358974359
5646	-0.378205128205129
5647	-0.442307692307693
5648	-0.516025641025641
5649	-0.599358974358975
5650	-0.551282051282052
5651	-0.608974358974359
5652	-0.525641025641026
5653	-0.564102564102565
5654	-0.55448717948718
5655	-0.516025641025641
5656	-0.692307692307693
5657	-0.701923076923077
5658	-0.746794871794872
5659	-0.756410256410256
5660	-0.868589743589744
5694	-0.676282051282052
5695	-0.733974358974359
5696	-0.782051282051282
5697	-0.708333333333334
5698	-0.746794871794872
5699	-0.746794871794872
5700	-0.794871794871795
5701	-0.75
5702	-0.778846153846154
5703	-0.846153846153846
5704	-0.884615384615385
5705	-0.903846153846154
5706	-0.717948717948718
5707	-0.682692307692308
5708	-0.637820512820513
5709	-0.647435897435898
5710	-0.647435897435898
5711	-0.544871794871795
5712	-0.580128205128205
5713	-0.560897435897436
5714	-0.551282051282052
5715	-0.467948717948718
5716	-0.5
5717	-0.573717948717949
5718	-0.528846153846155
5719	-0.483974358974359
5720	-0.551282051282052
5721	-0.439102564102565
5722	-0.653846153846154
5723	-0.673076923076923
5724	-0.599358974358975
5725	-0.599358974358975
5726	-0.608974358974359
5727	-0.618589743589745
5728	-0.403846153846154
5729	-0.301282051282051
5730	-0.134615384615385
5731	0.182692307692307
5732	0.25
5733	0.28525641025641
5734	0.368589743589743
5735	0.349358974358974
5736	0.48076923076923
5737	0.564102564102563
5738	0.583333333333333
5739	0.573717948717948
5740	0.602564102564102
5741	0.676282051282051
5742	0.490384615384615
5743	0.426282051282051
5744	0.576923076923077
5745	0.605769230769231
5746	0.634615384615384
5747	0.644230769230769
5748	0.669871794871794
5749	0.689102564102564
5750	0.644230769230769
5751	0.551282051282051
5752	0.53525641025641
5753	0.599358974358974
5754	0.451923076923077
5755	0.464743589743589
5756	0.512820512820512
5757	0.419871794871794
5758	0.448717948717948
5759	0.375
5760	0.477564102564102
5761	0.442307692307692
5762	0.451923076923077
5763	0.442307692307692
5764	0.461538461538461
5765	0.44551282051282
5766	0.259615384615384
5767	0.0897435897435894
5768	0.0705128205128203
5769	-0.0576923076923082
5770	-0.0673076923076927
5771	-0.0576923076923082
5772	-0.141025641025642
5773	-0.269230769230769
5774	-0.205128205128205
5775	-0.0160256410256414
5776	0.0769230769230766
5777	0.0416666666666663
5778	0.0608974358974357
5779	0.163461538461538
5780	0.0801282051282048
5781	0.134615384615384
5782	0.125
5783	-0.0608974358974361
5784	0.00641025641025617
5785	0.0160256410256405
5786	-0.012820512820513
5787	0.0608974358974357
5788	0.0993589743589738
5789	0.128205128205128
5790	0.118589743589743
5791	0.0897435897435894
5792	0.192307692307692
5793	0.192307692307692
5794	0.182692307692307
5795	0.182692307692307
5796	-0.00320512820512842
5797	-0.0320512820512824
5798	-0.012820512820513
5799	-0.00320512820512842
5800	-0.217948717948718
5801	-0.208333333333334
5802	-0.189102564102564
5803	-0.21474358974359
5804	-0.224358974358975
5805	-0.272435897435898
5806	-0.317307692307693
5807	-0.365384615384616
5808	-0.375
5809	-0.403846153846154
5810	-0.375
5811	-0.467948717948718
5812	-0.512820512820513
5813	-0.326923076923077
5814	-0.141025641025641
5815	-0.272435897435898
5816	-0.355769230769231
5817	-0.400641025641026
5818	-0.439102564102564
5819	-0.448717948717949
5820	-0.532051282051282
5821	-0.394230769230769
5822	-0.394230769230769
5823	-0.506410256410257
5824	-0.506410256410257
5825	-0.580128205128206
5826	-0.487179487179487
5827	-0.487179487179487
5828	-0.580128205128206
5829	-0.570512820512821
5830	-0.506410256410257
5831	-0.53525641025641
5832	-0.461538461538462
5833	-0.413461538461539
5834	-0.442307692307693
5835	-0.432692307692308
5836	-0.413461538461539
5837	-0.461538461538462
5838	-0.55448717948718
5839	-0.573717948717949
5840	-0.55448717948718
5841	-0.330128205128206
5842	-0.285256410256411
5843	-0.153846153846154
5844	-0.108974358974359
5845	-0.108974358974359
5846	-0.201923076923077
5847	-0.201923076923077
5848	-0.240384615384616
5849	-0.416666666666667
5850	-0.583333333333333
5851	-0.525641025641026
5852	-0.516025641025641
5853	-0.506410256410257
5854	-0.42948717948718
5855	-0.391025641025641
5856	-0.371794871794872
5977	-0.849358974358975
5978	-0.878205128205129
5979	-0.935897435897436
6021	-1.53205128205128
6022	-2.08653846153846
6023	-2.72435897435898
6024	-2.7948717948718
6025	-2.76923076923077
6026	-2.73397435897436
6027	-2.64102564102564
6028	-2.6698717948718
6029	-2.73717948717949
6030	-2.73717948717949
6031	-2.82051282051282
6032	-2.82051282051282
6033	-2.79166666666667
6034	-2.7724358974359
6035	-2.84615384615385
6036	-2.83653846153846
6037	-2.81730769230769
6038	-2.81730769230769
6039	-2.79807692307692
6040	-2.86217948717949
6041	-2.86217948717949
6042	-2.83333333333333
6043	-2.83333333333333
6044	-2.83333333333333
6045	-2.83333333333333
6046	-2.80448717948718
6047	-2.77564102564103
6048	-2.85897435897436
6049	-2.94230769230769
6050	-2.93269230769231
6051	-2.91346153846154
6052	-2.80769230769231
6053	-2.74038461538462
6054	-2.3974358974359
