4	-0.00675000000000002
5	0.019
6	0.06875
7	0.12025
8	0.11125
9	0.1165
10	0.12975
11	0.15275
12	0.174
13	0.2255
14	0.2165
15	0.25825
16	0.28925
17	0.27675
18	0.29625
19	0.305
20	0.296
21	0.328
22	0.34125
23	0.37675
24	0.3865
25	0.39525
26	0.41825
27	0.4315
28	0.42875
29	0.45
30	0.45875
31	0.456
32	0.4755
33	0.4745
34	0.4985
35	0.518
36	0.5305
37	0.575
38	0.5465
39	0.56525
40	0.567
41	0.534
42	0.485
43	0.45925
44	0.45125
45	0.44775
46	0.45225
47	0.4745
48	0.4425
49	0.38375
50	0.422
51	0.398
52	0.35625
53	0.3865
54	0.35
55	0.33925
56	0.35
57	0.31875
58	0.27775
59	0.23325
60	0.2465
61	0.26075
62	0.2225
63	0.1985
64	0.24475
65	0.219
66	0.203
67	0.178
68	0.17
69	0.17625
70	0.14325
71	0.1255
72	0.15575
73	0.11475
74	0.0732500000000001
75	0.1715
76	0.1305
77	0.13675
78	0.16175
79	0.1305
80	0.15275
81	0.19175
82	0.1615
83	0.15625
84	0.15175
85	0.1785
86	0.1625
87	0.18025
88	0.20425
89	0.21575
90	0.213
91	0.25925
92	0.26725
93	0.2985
94	0.3475
95	0.392
96	0.36625
97	0.377
98	0.328
99	0.3565
100	0.27725
101	0.295
102	0.28875
103	0.3555
104	0.392
105	0.39025
106	0.3805
107	0.3805
108	0.3965
109	0.39125
110	0.353
111	0.354
112	0.3515
113	0.34075
114	0.33275
115	0.34875
116	0.33725
117	0.31425
118	0.315
119	0.266
120	0.3025
121	0.347
122	0.315
123	0.28475
124	0.29725
125	0.28125
126	0.3045
127	0.2895
128	0.294
129	0.30375
130	0.28425
131	0.24775
132	0.26375
133	0.29575
134	0.32875
135	0.33675
136	0.36175
137	0.39025
138	0.385
139	0.354
140	0.314
141	0.2935
142	0.30775
143	0.31575
144	0.282
145	0.282
146	0.3025
147	0.30875
148	0.35325
149	0.37025
150	0.38625
151	0.41925
152	0.4005
153	0.4005
154	0.41125
155	0.46025
156	0.4665
157	0.4585
158	0.49225
159	0.4985
160	0.47
161	0.48875
162	0.5225
163	0.50825
164	0.4815
165	0.45475
166	0.48225
167	0.517
168	0.50725
169	0.43425
170	0.469
171	0.469
172	0.44575
173	0.42975
174	0.4225
175	0.4215
176	0.43125
177	0.44725
178	0.449
179	0.4285
180	0.41775
181	0.40975
182	0.44275
183	0.4445
184	0.42225
185	0.408
186	0.36525
187	0.383
188	0.408
189	0.39825
190	0.433
191	0.41875
192	0.42225
193	0.3305
194	0.31275
195	0.30475
196	0.311
197	0.31275
198	0.287
199	0.29325
200	0.303
201	0.25675
202	0.214
203	0.19
204	0.166
205	0.21325
206	0.183
207	0.16875
208	0.24
209	0.23375
210	0.2285
211	0.2125
212	0.217
213	0.257
214	0.233
215	0.2365
216	0.2525
217	0.2195
218	0.183
219	0.199
220	0.18475
221	0.18125
222	0.20975
223	0.18125
224	0.1795
225	0.159
226	0.1225
227	0.102
228	0.0790000000000001
229	0.12275
230	0.15475
231	0.17075
232	0.18675
233	0.17875
234	0.177
235	0.17875
236	0.1975
237	0.2625
238	0.28575
239	0.275
240	0.291
241	0.2785
242	0.274
243	0.25975
244	0.23925
245	0.1965
246	0.2285
247	0.2695
248	0.25525
249	0.22325
250	0.23125
251	0.24475
252	0.26525
253	0.3125
254	0.32675
255	0.276
256	0.27425
257	0.28575
258	0.2955
259	0.308
260	0.2795
261	0.308
262	0.31325
263	0.30875
264	0.273
265	0.223
266	0.22125
267	0.21675
268	0.2015
269	0.19175
270	0.1695
271	0.15625
272	0.174
273	0.1375
274	0.125
275	0.1775
276	0.1855
277	0.17575
278	0.166
279	0.16425
280	0.16525
281	0.17425
282	0.16275
283	0.10575
284	0.0692499999999999
285	0.10125
286	0.0977500000000001
287	0.12175
288	0.12525
289	0.12075
290	0.10475
291	0.13775
292	0.144
293	0.11375
294	0.0800000000000001
295	0.0605
296	0.05875
297	0.05075
298	0.05975
299	0.05
300	0.0687500000000001
301	0.11875
302	0.0885
303	0.061
304	0.0745000000000001
305	0.127
306	0.12875
307	0.15275
308	0.11
309	0.11275
310	0.12525
311	0.08525
312	0.04875
313	0.054
314	0.0557500000000001
315	0.06275
316	0.085
317	0.0992500000000001
318	0.0947500000000001
319	0.0715000000000001
320	0.13475
321	0.11075
322	0.0902500000000002
323	0.0965
324	0.0760000000000001
325	0.0565
326	0.0840000000000001
327	0.0840000000000001
328	0.0590000000000001
329	0.108
330	0.14625
331	0.1355
332	0.131
333	0.1265
334	0.1265
335	0.1265
336	0.146
337	0.14775
338	0.146
339	0.16825
340	0.17625
341	0.17625
342	0.17625
343	0.12725
344	0.1175
345	0.15925
346	0.136
347	0.127
348	0.15375
349	0.16275
350	0.161
351	0.17525
352	0.2365
353	0.2365
354	0.26675
355	0.363
356	0.3665
357	0.33975
358	0.36375
359	0.401
360	0.43225
361	0.4705
362	0.46175
363	0.467
364	0.5
365	0.46075
366	0.467
367	0.48925
368	0.5515
369	0.58175
370	0.56575
371	0.555
372	0.5765
373	0.58975
374	0.60575
375	0.60025
376	0.594
377	0.58775
378	0.57075
379	0.61075
380	0.641
381	0.62675
382	0.674
383	0.70875
384	0.69625
385	0.7015
386	0.73175
387	0.71675
388	0.6225
389	0.60375
390	0.61
391	0.62425
392	0.64825
393	0.66875
394	0.64475
395	0.5745
396	0.5425
397	0.50675
398	0.49775
399	0.46575
400	0.51375
401	0.577
402	0.545
403	0.50675
404	0.4525
405	0.4205
406	0.44275
407	0.498
408	0.4855
409	0.48025
410	0.47225
411	0.46975
412	0.4395
413	0.42525
414	0.45025
415	0.43875
416	0.47525
417	0.45575
418	0.41125
419	0.38375
420	0.39625
421	0.40525
422	0.44175
423	0.4515
424	0.456
425	0.47475
426	0.4445
427	0.39375
428	0.336
429	0.336
430	0.384
431	0.39025
432	0.384
433	0.39125
434	0.42325
435	0.44275
436	0.38575
437	0.33325
438	0.335
439	0.343
440	0.367
441	0.35275
442	0.358
443	0.29925
444	0.31525
445	0.29925
446	0.3055
447	0.3215
448	0.34725
449	0.38375
450	0.39525
451	0.38275
452	0.33275
453	0.3265
454	0.35675
455	0.3825
456	0.35575
457	0.321
458	0.28625
459	0.3085
460	0.3325
461	0.36
462	0.36175
463	0.3635
464	0.3795
465	0.3875
466	0.343
467	0.37325
468	0.37775
469	0.3885
470	0.3725
471	0.4055
472	0.434
473	0.45175
474	0.45175
475	0.506
476	0.5265
477	0.5585
478	0.56475
479	0.6145
480	0.60475
481	0.643
482	0.60825
483	0.5815
484	0.62775
485	0.59125
486	0.578
487	0.6305
488	0.61725
489	0.6065
490	0.603
491	0.5745
492	0.587
493	0.595
494	0.59325
495	0.587
496	0.58525
497	0.5355
498	0.52925
499	0.54175
500	0.52125
501	0.55325
502	0.5505
503	0.50775
504	0.513
505	0.51025
506	0.513
507	0.4925
508	0.4525
509	0.4365
510	0.45875
511	0.41425
512	0.39825
513	0.39475
514	0.369
515	0.3815
516	0.38325
517	0.3075
518	0.34125
519	0.36
520	0.2835
521	0.28175
522	0.2755
523	0.2105
524	0.24975
525	0.272
526	0.2835
527	0.2675
528	0.26125
529	0.25675
530	0.24075
531	0.239
532	0.2025
533	0.2105
534	0.21675
535	0.22125
536	0.255
537	0.25675
538	0.28625
539	0.3165
540	0.32625
541	0.3245
542	0.336
543	0.32
544	0.33775
545	0.327
546	0.36525
547	0.36175
548	0.3385
549	0.32425
550	0.3215
551	0.25925
552	0.2655
553	0.2825
554	0.2755
555	0.2835
556	0.31025
557	0.30225
558	0.304
559	0.37075
560	0.3805
561	0.4
562	0.3715
563	0.3965
564	0.40625
565	0.43925
566	0.45525
567	0.47925
568	0.48725
569	0.50325
570	0.5165
571	0.48
572	0.45425
573	0.44
574	0.4105
575	0.3945
576	0.3625
577	0.3785
578	0.35275
579	0.37325
580	0.368
581	0.39475
582	0.3645
583	0.3645
584	0.353
585	0.34325
586	0.38225
587	0.391
588	0.375
589	0.3785
590	0.40875
591	0.40075
592	0.39175
593	0.3855
594	0.3775
595	0.342
596	0.334
597	0.3065
598	0.33325
599	0.286
600	0.30025
601	0.261
602	0.24575
603	0.2555
604	0.27775
605	0.30175
606	0.26175
607	0.2715
608	0.25725
609	0.22975
610	0.245
611	0.237
612	0.2495
613	0.25925
614	0.25475
615	0.24225
616	0.276
617	0.243
618	0.22875
619	0.2305
620	0.251
621	0.28925
622	0.2645
623	0.2575
624	0.31525
625	0.3865
626	0.382
627	0.36325
628	0.36775
629	0.3445
630	0.35075
631	0.308
632	0.28475
633	0.26875
634	0.299
635	0.33725
636	0.34875
637	0.36575
638	0.31775
639	0.316
640	0.30975
641	0.27775
642	0.29025
643	0.32675
644	0.3375
645	0.36775
646	0.3695
647	0.422
648	0.45225
649	0.4095
650	0.40675
651	0.421
652	0.39075
653	0.42825
654	0.42725
655	0.413
656	0.421
657	0.38625
658	0.4155
659	0.45375
660	0.3915
661	0.31225
662	0.27575
663	0.30425
664	0.2855
665	0.2705
666	0.28475
667	0.30875
668	0.3115
669	0.3355
670	0.26775
671	0.298
672	0.2625
673	0.266
674	0.323
675	0.26875
676	0.234
677	0.2045
678	0.2035
679	0.18125
680	0.16775
681	0.12675
682	0.1365
683	0.0742500000000003
684	0.05825
685	0.0992500000000002
686	0.0940000000000002
687	0.0547499999999999
688	0.12325
689	0.133
690	0.12775
691	0.158
692	0.13575
693	0.13125
694	0.101
695	0.0752500000000002
696	0.0752500000000002
697	0.0894999999999999
698	0.0940000000000002
699	0.0557499999999999
700	0.0967499999999999
701	0.11275
702	0.0904999999999999
703	0.119
704	0.144
705	0.12525
706	0.15825
707	0.1645
708	0.1805
709	0.15375
710	0.1235
711	0.136
712	0.1405
713	0.17175
714	0.203
715	0.19675
716	0.22
717	0.23875
718	0.23525
719	0.25925
720	0.25475
721	0.253
722	0.29475
723	0.32775
724	0.302
725	0.278
726	0.27625
727	0.2585
728	0.28875
729	0.287
730	0.247
731	0.25225
732	0.278
733	0.246
734	0.2335
735	0.2335
736	0.21925
737	0.237
738	0.28325
739	0.29125
740	0.26625
741	0.252
742	0.24225
743	0.18975
744	0.195
745	0.22625
746	0.324
747	0.33375
748	0.3195
749	0.30525
750	0.283
751	0.242
752	0.23575
753	0.225
754	0.1805
755	0.19475
756	0.19475
757	0.1795
758	0.152
759	0.12625
760	0.12
761	0.12625
762	0.1565
763	0.168
764	0.1315
765	0.144
766	0.18675
767	0.22775
768	0.23225
769	0.29275
770	0.33275
771	0.3665
772	0.40025
773	0.42075
774	0.403
775	0.387
776	0.41375
777	0.44325
778	0.44325
779	0.453
780	0.4325
781	0.49025
782	0.4245
783	0.43425
784	0.453
785	0.461
786	0.4485
787	0.49575
788	0.558
789	0.60075
790	0.631
791	0.61675
792	0.61225
793	0.615
794	0.61325
795	0.61225
796	0.58025
797	0.59
798	0.5775
799	0.5695
800	0.5775
801	0.574
802	0.55525
803	0.541
804	0.52325
805	0.469
806	0.44325
807	0.40675
808	0.36325
809	0.35075
810	0.29825
811	0.316
812	0.3115
813	0.26425
814	0.28025
815	0.27675
816	0.2795
817	0.2235
818	0.20575
819	0.1915
820	0.187
821	0.18875
822	0.19225
823	0.16825
824	0.0604999999999999
825	0.00350000000000017
826	0.00175000000000014
827	-0.00174999999999992
828	0.03925
829	0.01075
830	0.0142500000000001
831	0.025
832	0.0552499999999999
833	0.02925
834	0.0320000000000001
835	0.06225
836	0.0462500000000001
837	0.0497500000000001
838	0.0445
839	0.024
840	0.0525
841	0.0382500000000001
842	0.02925
843	0.0720000000000001
844	0.0720000000000001
845	0.0525
846	0.0890000000000001
847	0.07125
848	0.017
849	0.0205
850	0.0222500000000002
851	0.0160000000000002
852	-0.0125
853	-0.0222499999999998
854	-0.0302499999999999
855	-0.05075
856	-0.00974999999999981
857	-0.0079999999999999
858	-0.0257499999999999
859	-0.04275
860	-0.0115000000000001
861	-0.01325
862	-0.0257499999999999
863	-0.0445
864	-0.0569999999999999
865	-0.0142499999999999
866	-0.0205
867	-0.00449999999999995
868	-0.06775
869	-0.073
870	-0.0952500000000001
871	-0.13525
872	-0.11925
873	-0.146
874	-0.13175
875	-0.1335
876	-0.1585
877	-0.1265
878	-0.097
879	-0.1585
880	-0.1505
881	-0.14875
882	-0.16925
883	-0.17725
884	-0.1675
885	-0.155
886	-0.1835
887	-0.204
888	-0.1915
889	-0.18625
890	-0.156
891	-0.14625
892	-0.16675
893	-0.18275
894	-0.12925
895	-0.0945
896	-0.10875
897	-0.07675
898	-0.0784999999999999
899	-0.0375
900	-0.098
901	-0.114
902	-0.12375
903	-0.1505
904	-0.0649999999999999
905	-0.0542499999999999
906	-0.0462499999999999
907	-0.0684999999999999
908	-0.072
909	-0.07375
910	-0.0702499999999999
911	-0.0765
912	-0.0639999999999999
913	-0.0862499999999999
914	-0.1005
915	-0.0915000000000001
916	-0.10125
917	-0.0932500000000001
918	-0.054
919	-0.022
920	-0.02375
921	-0.022
922	-0.0459999999999999
923	-0.0272499999999999
924	-0.0317500000000001
925	0.00650000000000017
926	-0.02025
927	-0.01125
928	0.0225000000000001
929	0.0875
930	0.0607500000000001
931	0.0865
932	0.1435
933	0.1435
934	0.12825
935	0.097
936	0.11825
937	0.15825
938	0.1725
939	0.177
940	0.128
941	0.14225
942	0.144
943	0.17775
944	0.1635
945	0.23025
946	0.25875
947	0.265
948	0.232
949	0.27475
950	0.29075
951	0.337
952	0.31825
953	0.34675
954	0.3405
955	0.31825
956	0.295
957	0.30575
958	0.3805
959	0.36975
960	0.36525
961	0.37325
962	0.36625
963	0.37425
964	0.34225
965	0.28075
966	0.32425
967	0.294
968	0.2655
969	0.2815
970	0.33325
971	0.3235
972	0.33075
973	0.29075
974	0.31475
975	0.329
976	0.33525
977	0.36725
978	0.34325
979	0.2845
980	0.313
981	0.2765
982	0.24175
983	0.264
984	0.2685
985	0.2445
986	0.25075
987	0.23125
988	0.22675
989	0.18225
990	0.16625
991	0.14125
992	0.12525
993	0.0904999999999999
994	0.0567500000000001
995	0.0657500000000001
996	0.145
997	0.097
998	0.0692500000000001
999	0.0334999999999999
1000	0.0272499999999999
1001	0.0442500000000001
1002	0.023
1003	0.03725
1004	0.05325
1005	0.0640000000000002
1006	0.0647499999999999
1007	0.0807499999999999
1008	0.0522499999999999
1009	0.0992500000000002
1010	0.0565000000000003
1011	0.0485000000000001
1012	0.0262500000000002
1013	-0.02
1014	0.0405000000000001
1015	0.0974999999999999
1016	0.1135
1017	0.1135
1018	0.0957499999999999
1019	0.0609999999999998
1020	0.0690000000000001
1021	0.0769999999999998
1022	0.0485000000000001
1023	0.05825
1024	0.0617500000000003
1025	0.05725
1026	0.04825
1027	0.0892500000000001
1028	0.11775
1029	0.14275
1030	0.1275
1031	0.188
1032	0.1605
1033	0.1355
1034	0.15425
1035	0.181
1036	0.19175
1037	0.174
1038	0.13575
1039	0.0912499999999999
1040	0.0512500000000001
1041	0.0209999999999998
1042	-0.02425
1043	-0.00374999999999992
1044	0.071
1045	-0.001
1046	-0.0214999999999999
1047	-0.0339999999999998
1048	-0.0385000000000001
1049	-0.0322500000000001
1050	-0.0750000000000001
1051	-0.09275
1052	-0.14
1053	-0.17825
1054	-0.173
1055	-0.16675
1056	-0.1685
1057	-0.18625
1058	-0.188
1059	-0.20225
1060	-0.18875
1061	-0.1175
1062	-0.10675
1063	-0.121
1064	-0.0915000000000001
1065	-0.07375
1066	-0.05325
1067	-0.12
1068	-0.13975
1069	-0.1005
1070	-0.10225
1071	-0.10225
1072	-0.1245
1073	-0.1495
1074	-0.14325
1075	-0.1005
1076	-0.0942499999999999
1077	-0.06575
1078	-0.01325
1079	-0.0115000000000001
1080	-0.0595000000000001
1081	-0.0622499999999998
1082	-0.07375
1083	-0.088
1084	-0.0772499999999999
1085	-0.0897499999999999
1086	-0.0790000000000001
1087	-0.047
1088	-0.01675
1089	0.026
1090	0.0252500000000002
1091	0.0315000000000001
1092	0.011
1093	-0.00149999999999995
1094	0.0127500000000002
1095	0.00475000000000003
1096	-0.00324999999999998
1097	-0.0620000000000001
1098	-0.0985
1099	-0.07975
1100	-0.0807500000000001
1101	-0.1235
1102	-0.15375
1103	-0.13775
1104	-0.167
1105	-0.18925
1106	-0.2365
1107	-0.20875
1108	-0.223
1109	-0.22475
1110	-0.21675
1111	-0.2265
1112	-0.23275
1113	-0.2595
1114	-0.31025
1115	-0.312
1116	-0.30925
1117	-0.30375
1118	-0.27525
1119	-0.25475
1120	-0.261
1121	-0.26
1122	-0.2725
1123	-0.29825
1124	-0.33025
1125	-0.35075
1126	-0.37225
1127	-0.3865
1128	-0.391
1129	-0.36875
1130	-0.39375
1131	-0.4045
1132	-0.385
1133	-0.37075
1134	-0.35025
1135	-0.35475
1136	-0.35825
1137	-0.319
1138	-0.31725
1139	-0.30475
1140	-0.30925
1141	-0.2905
1142	-0.2495
1143	-0.262
1144	-0.206
1145	-0.19
1146	-0.18475
1147	-0.22575
1148	-0.224
1149	-0.24725
1150	-0.23125
1151	-0.26425
1152	-0.267
1153	-0.251
1154	-0.25725
1155	-0.2795
1156	-0.25725
1157	-0.2805
1158	-0.27875
1159	-0.2655
1160	-0.26375
1161	-0.2655
1162	-0.2485
1163	-0.23425
1164	-0.18075
1165	-0.1675
1166	-0.16125
1167	-0.13625
1168	-0.14875
1169	-0.15675
1170	-0.14075
1171	-0.1925
1172	-0.2175
1173	-0.214
1174	-0.19625
1175	-0.19275
1176	-0.20525
1177	-0.1635
1178	-0.19825
1179	-0.18225
1180	-0.23025
1181	-0.192
1182	-0.208
1183	-0.184
1184	-0.17425
1185	-0.16175
1186	-0.1565
1187	-0.15025
1188	-0.15025
1189	-0.1895
1190	-0.20375
1191	-0.202
1192	-0.20375
1193	-0.1815
1194	-0.145
1195	-0.14325
1196	-0.1015
1197	-0.07925
1198	-0.05525
1199	-0.01525
1200	-0.034
1201	-0.0197499999999997
1202	-0.0259999999999998
1203	-0.0402499999999999
1204	-0.0117499999999999
1205	0.0105
1206	0.0122500000000001
1207	0.0675000000000001
1208	0.0755000000000001
1209	0.06125
1210	0.0595000000000001
1211	0.03725
1212	0.0630000000000002
1213	0.000750000000000028
1214	0.0640000000000001
1215	0.12625
1216	0.15475
1217	0.14675
1218	0.202
1219	0.21625
1220	0.20825
1221	0.227
1222	0.26175
1223	0.3
1224	0.3
1225	0.373
1226	0.41925
1227	0.4415
1228	0.43525
1229	0.437
1230	0.42975
1231	0.41375
1232	0.372
1233	0.34175
1234	0.34175
1235	0.332
1236	0.364
1237	0.316
1238	0.34625
1239	0.33375
1240	0.33025
1241	0.29375
1242	0.284
1243	0.285
1244	0.31175
1245	0.26625
1246	0.29125
1247	0.29575
1248	0.287
1249	0.2905
1250	0.23525
1251	0.173
1252	0.139
1253	0.10075
1254	0.10875
1255	0.0972500000000001
1256	0.0892500000000001
1257	0.108
1258	0.0902500000000001
1259	0.0697500000000001
1260	0.06525
1261	0.0430000000000003
1262	0.01725
1263	0.0235
1264	-0.00675000000000003
1265	-0.00749999999999984
1266	-0.0225
1267	0.00424999999999998
1268	-0.026
1269	-0.00825000000000009
1270	-0.0385000000000001
1271	-0.0892500000000001
1272	-0.12475
1273	-0.08025
1274	-0.074
1275	-0.074
1276	-0.10425
1277	-0.1025
1278	-0.0847499999999999
1279	-0.09275
1280	-0.1275
1281	-0.12025
1282	-0.188
1283	-0.18275
1284	-0.164
1285	-0.16575
1286	-0.123
1287	-0.10875
1288	-0.089
1289	-0.0872499999999999
1290	-0.11925
1291	-0.13175
1292	-0.12725
1293	-0.13975
1294	-0.1495
1295	-0.15475
1296	-0.1315
1297	-0.1555
1298	-0.14925
1299	-0.168
1300	-0.15375
1301	-0.1485
1302	-0.14225
1303	-0.168
1304	-0.111
1305	-0.127
1306	-0.13325
1307	-0.15375
1308	-0.15025
1309	-0.18225
1310	-0.18575
1311	-0.17325
1312	-0.17325
1313	-0.16075
1314	-0.191
1315	-0.2195
1316	-0.19625
1317	-0.1695
1318	-0.108
1319	-0.12125
1320	-0.12125
1321	-0.11675
1322	-0.13625
1323	-0.16025
1324	-0.16025
1325	-0.1495
1326	-0.15575
1327	-0.13975
1328	-0.1255
1329	-0.113
1330	-0.1255
1331	-0.10675
1332	-0.11925
1333	-0.11925
1334	-0.10325
1335	-0.07475
1336	-0.0792499999999999
1337	-0.03925
1338	-0.0527500000000001
1339	-0.0725
1340	-0.0707499999999999
1341	-0.0725
1342	-0.0672499999999999
1343	-0.0325
1344	-0.0422499999999999
1345	-0.01825
1346	-0.0147499999999998
1347	-0.0209999999999999
1348	-0.013
1349	-0.00149999999999995
1350	-0.02025
1351	-0.0327500000000001
1352	-0.047
1353	-0.0559999999999998
1354	-0.0445
1355	-0.0597499999999999
1356	-0.0659999999999998
1357	-0.07325
1358	-0.0314999999999999
1359	-0.03775
1360	-0.0565
1361	-0.0557499999999999
1362	-0.0477500000000001
1363	-0.0494999999999999
1364	-0.0505000000000001
1365	-0.0470000000000002
1366	-0.0470000000000002
1367	-0.05325
1368	-0.0862499999999997
1369	-0.0542499999999999
1370	-0.09175
1371	-0.1265
1372	-0.12825
1373	-0.0962499999999999
1374	-0.0855000000000001
1375	-0.0559999999999998
1376	-0.0594999999999999
1377	-0.0390000000000001
1378	-0.0585000000000001
1379	-0.0514999999999999
1380	-0.0319999999999998
1381	-0.0337499999999999
1382	-0.05775
1383	-0.0319999999999998
1384	-0.0205
1385	-0.0535000000000001
1386	-0.0427500000000001
1387	0.02125
1388	0.0567500000000001
1389	0.0675000000000001
1390	-0.000999999999999668
1391	-0.00275000000000003
1392	0.0150000000000001
1393	0.016
1394	0.0142500000000001
1395	0.0462500000000001
1396	0.056
1397	0.0490000000000002
1398	0.0649999999999999
1399	0.0792499999999999
1400	0.09175
1401	0.081
1402	0.11925
1403	0.121
1404	0.11925
1405	0.081
1406	0.09975
1407	0.09175
1408	0.14425
1409	0.08375
1410	0.0302500000000003
1411	-0.00275000000000003
1412	-0.01275
1413	0.00500000000000012
1414	0.0210000000000001
1415	0.0122500000000001
1416	0.0185
1417	0.00600000000000001
1418	0.00150000000000006
1419	-0.01
1420	-0.018
1421	0.0240000000000002
1422	0.056
1423	0.032
1424	0.00450000000000017
1425	0.00625000000000009
1426	0.0382500000000001
1427	0.0685000000000002
1428	0.0649999999999999
1429	0.089
1430	0.14925
1431	0.2035
1432	0.2195
1433	0.247
1434	0.20875
1435	0.18825
1436	0.18025
1437	0.1635
1438	0.14575
1439	0.1635
1440	0.24975
1441	0.2685
1442	0.25775
1443	0.2845
1444	0.22925
1445	0.2355
1446	0.2605
1447	0.26225
1448	0.22675
1449	0.22225
1450	0.2615
1451	0.28275
1452	0.257
1453	0.2365
1454	0.249
1455	0.224
1456	0.264
1457	0.33775
1458	0.3485
1459	0.32975
1460	0.3235
1461	0.3315
1462	0.35375
1463	0.40625
1464	0.42575
1465	0.38925
1466	0.2745
1467	0.1695
1468	0.16425
1469	0.14025
1470	0.2115
1471	0.20975
1472	0.18125
1473	0.18475
1474	0.1295
1475	0.10375
1476	0.0797500000000002
1477	0.0940000000000001
1478	0.0985
1479	0.111
1480	0.1155
1481	0.1645
1482	0.17525
1483	0.2225
1484	0.2625
1485	0.29275
1486	0.3025
1487	0.28125
1488	0.28575
1489	0.33825
1490	0.32575
1491	0.30525
1492	0.28575
1493	0.18075
1494	0.15575
1495	0.187
1496	0.20475
1497	0.20925
1498	0.17725
1499	0.16475
1500	0.13275
1501	0.14075
1502	0.19875
1503	0.2575
1504	0.2495
1505	0.2165
1506	0.1755
1507	0.21375
1508	0.25475
1509	0.2325
1510	0.294
1511	0.31175
1512	0.25475
1513	0.21025
1514	0.197
1515	0.21125
1516	0.22275
1517	0.17825
1518	0.2165
1519	0.188
1520	0.1765
1521	0.1525
1522	0.13825
1523	0.1355
1524	0.1265
1525	0.0962500000000001
1526	0.08475
1527	0.14
1528	0.1445
1529	0.1365
1530	0.12675
1531	0.0697500000000001
1532	0.06625
1533	0.0680000000000002
1534	0.05725
1535	0.0235
1536	0.0297500000000001
1537	0.03325
1538	-0.00499999999999978
1539	-0.0494999999999999
1540	-0.08075
1541	-0.0575
1542	-0.0682499999999999
1543	-0.0994999999999997
1544	-0.103
1545	-0.0540000000000002
1546	-0.0299999999999999
1547	-0.0665000000000001
1548	-0.0335000000000001
1549	-0.00775000000000003
1550	0.0242500000000002
1551	0.0099999999999999
1552	0.05725
1553	0.06875
1554	0.04025
1555	0.051
1556	0.0367500000000002
1557	0.0145
1558	0.0252500000000002
1559	0.0137500000000003
1560	0.0279999999999999
1561	-0.0112499999999999
1562	0.0127500000000002
1563	-0.00950000000000006
1564	-0.00599999999999989
1565	0.05725
1566	0.0892500000000001
1567	0.1365
1568	0.14275
1569	0.0937500000000001
1570	0.14725
1571	0.133
1572	0.1115
1573	0.13825
1574	0.1115
1575	0.1035
1576	0.14
1577	0.16125
1578	0.15775
1579	0.16675
1580	0.11325
1581	0.107
1582	0.0545
1583	0.08125
1584	0.0875
1585	0.0795
1586	0.0680000000000002
1587	0.04125
1588	0.0127500000000002
1589	0.0012500000000002
1590	0.04475
1591	0.0215
1592	0.0259999999999999
1593	0.04025
1594	0.0117500000000001
1595	0.06425
1596	0.0705
1597	0.10525
1598	0.0945
1599	0.10075
1600	0.10875
1601	0.0579999999999999
1602	0.0169999999999999
1603	0.0302500000000003
1604	0.0605000000000002
1605	0.1095
1606	0.0657500000000002
1607	0.0817500000000002
1608	0.121
1609	0.12725
1610	0.1415
1611	0.1905
1612	0.2235
1613	0.25025
1614	0.24575
1615	0.26
1616	0.292
1617	0.27775
1618	0.292
1619	0.2875
1620	0.30975
1621	0.3285
1622	0.32225
1623	0.32575
1624	0.30975
1625	0.284
1626	0.20925
1627	0.228
1628	0.2325
1629	0.2325
1630	0.26275
1631	0.2165
1632	0.195
1633	0.20925
1634	0.1995
1635	0.20925
1636	0.1995
1637	0.2315
1638	0.24225
1639	0.20225
1640	0.13725
1641	0.09975
1642	0.12925
1643	0.20925
1644	0.16925
1645	0.179
1646	0.18175
1647	0.147
1648	0.1265
1649	0.0945
1650	0.18975
1651	0.16475
1652	0.17725
1653	0.1915
1654	0.1995
1655	0.179
1656	0.13
1657	0.14775
1658	0.17175
1659	0.19125
1660	0.17075
1661	0.19375
1662	0.22675
1663	0.19825
1664	0.16975
1665	0.20625
1666	0.1955
1667	0.248
1668	0.2765
1669	0.30325
1670	0.30325
1671	0.30775
1672	0.29
1673	0.27575
1674	0.283
1675	0.32575
1676	0.34
1677	0.332
1678	0.3515
1679	0.28225
1680	0.29475
1681	0.2805
1682	0.27775
1683	0.2965
1684	0.29825
1685	0.276
1686	0.20575
1687	0.203
1688	0.1825
1689	0.2155
1690	0.1915
1691	0.212
1692	0.236
1693	0.1915
1694	0.16925
1695	0.13825
1696	0.13925
1697	0.13225
1698	0.1145
1699	0.1305
1700	0.16875
1701	0.183
1702	0.1955
1703	0.15275
1704	0.1475
1705	0.119
1706	0.12975
1707	0.10925
1708	0.119
1709	0.152
1710	0.11275
1711	0.079
1712	0.0397499999999998
1713	0.0675
1714	0.0150000000000001
1715	-0.00725000000000009
1716	-0.00374999999999992
1717	-0.01975
1718	-0.03925
1719	-0.0419999999999999
1720	-0.06775
1721	-0.0659999999999998
1722	-0.0499999999999999
1723	-0.0347499999999998
1724	-0.05075
1725	-0.0872499999999999
1726	-0.106
1727	-0.114
1728	-0.13
1729	-0.10325
1730	-0.0942499999999999
1731	-0.097
1732	-0.1015
1733	-0.07125
1734	-0.0534999999999999
1735	-0.05075
1736	-0.073
1737	-0.13
1738	-0.14425
1739	-0.1255
1740	-0.11475
1741	-0.121
1742	-0.13875
1743	-0.13875
1744	-0.15125
1745	-0.16375
1746	-0.1415
1747	-0.146
1748	-0.11925
1749	-0.11925
1750	-0.0542499999999999
1751	-0.0257499999999999
1752	-0.023
1753	-0.00250000000000006
1754	0.0277500000000002
1755	0.0305000000000001
1756	0.018
1757	0.00824999999999998
1758	0.00375000000000003
1759	0.000250000000000083
1760	0.0225000000000001
1761	0.027
1762	0.0395
1763	0.0360000000000001
1764	0.0165
1765	0.0520000000000002
1766	0.0172500000000001
1767	0.003
1768	0.000250000000000083
1769	-0.0487500000000001
1770	-0.0727500000000001
1771	-0.112
1772	-0.1245
1773	-0.129
1774	-0.11025
1775	-0.1325
1776	-0.13875
1777	-0.15925
1778	-0.14325
1779	-0.1575
1780	-0.17975
1781	-0.18325
1782	-0.2225
1783	-0.2225
1784	-0.251
1785	-0.20475
1786	-0.2305
1787	-0.25725
1788	-0.26975
1789	-0.3045
1790	-0.33925
1791	-0.35975
1792	-0.36425
1793	-0.3465
1794	-0.399
1795	-0.4115
1796	-0.424
1797	-0.4045
1798	-0.3805
1799	-0.361
1800	-0.345
1801	-0.353
1802	-0.337
1803	-0.2755
1804	-0.27725
1805	-0.21225
1806	-0.21225
1807	-0.165
1808	-0.0599999999999999
1809	-0.03775
1810	-0.0529999999999999
1811	-0.0449999999999999
1812	-0.0529999999999999
1813	-0.0432499999999999
1814	-0.00850000000000006
1815	0.003
1816	0.011
1817	0.0197499999999999
1818	0.10975
1819	0.14525
1820	0.1835
1821	0.1105
1822	0.11575
1823	0.16375
1824	0.1825
1825	0.18875
1826	0.2315
1827	0.2715
1828	0.2715
1829	0.24925
1830	0.28225
1831	0.32675
1832	0.41925
1833	0.3685
1834	0.3765
1835	0.3355
1836	0.34075
1837	0.28725
1838	0.32725
1839	0.353
1840	0.34325
1841	0.25775
1842	0.2595
1843	0.24975
1844	0.13125
1845	0.1135
1846	0.17575
1847	0.19975
1848	0.20775
1849	0.214
1850	0.214
1851	0.263
1852	0.32175
1853	0.32275
1854	0.24525
1855	0.26925
1856	0.263
1857	0.28975
1858	0.288
1859	0.26575
1860	0.26475
1861	0.2995
1862	0.33325
1863	0.32525
1864	0.36175
1865	0.38575
1866	0.31975
1867	0.28775
1868	0.21575
1869	0.2265
1870	0.2025
1871	0.207
1872	0.208
1873	0.22775
1874	0.20825
1875	0.178
1876	0.21275
1877	0.276
1878	0.29375
1879	0.291
1880	0.3295
1881	0.34825
1882	0.31
1883	0.2485
1884	0.2485
1885	0.27075
1886	0.2795
1887	0.2145
1888	0.1905
1889	0.186
1890	0.243
1891	0.163
1892	0.172
1893	0.1735
1894	0.17975
1895	0.2065
1896	0.21275
1897	0.21175
1898	0.17525
1899	0.14325
1900	0.0907500000000001
1901	0.089
1902	0.2075
1903	0.219
1904	0.26525
1905	0.354
1906	0.3825
1907	0.39225
1908	0.39225
1909	0.378
1910	0.38425
1911	0.34325
1912	0.3565
1913	0.3475
1914	0.3725
1915	0.3965
1916	0.408
1917	0.38925
1918	0.4
1919	0.40625
1920	0.416
1921	0.4
1922	0.39475
1923	0.40725
1924	0.37075
1925	0.401
1926	0.33425
1927	0.3485
1928	0.392
1929	0.43225
1930	0.37075
1931	0.29775
1932	0.28975
1933	0.24975
1934	0.2365
1935	0.27125
1936	0.28375
1937	0.29
1938	0.20975
1939	0.22575
1940	0.167
1941	0.1485
1942	0.1485
1943	0.1565
1944	0.1725
1945	0.1965
1946	0.159
1947	0.1885
1948	0.15025
1949	0.1245
1950	0.11125
1951	0.0747500000000001
1952	0.0615000000000002
1953	0.0677500000000002
1954	0.0295
1955	0.0419999999999999
1956	-0.02125
1957	-0.0167500000000002
1958	-0.0220000000000001
1959	-0.0362499999999999
1960	0.00650000000000017
1961	-0.0727500000000002
1962	-0.01575
1963	-0.01575
1964	-0.0700000000000001
1965	-0.1305
1966	-0.08325
1967	-0.06275
1968	-0.0787499999999999
1969	-0.0582499999999999
1970	-0.0502499999999999
1971	-0.0724999999999999
1972	-0.0359999999999999
1973	-0.0422499999999998
1974	-0.0252500000000001
1975	-0.0270000000000001
1976	-0.0402499999999999
1977	-0.124
1978	-0.14275
1979	-0.1615
1980	-0.15875
1981	-0.15875
1982	-0.15425
1983	-0.1685
1984	-0.14525
1985	-0.13725
1986	-0.132
1987	-0.0972499999999999
1988	-0.1365
1989	-0.1035
1990	-0.124
1991	-0.115
1992	-0.098
1993	-0.14975
1994	-0.1445
1995	-0.12225
1996	-0.14725
1997	-0.12225
1998	-0.157
1999	-0.149
2000	-0.125
2001	-0.10625
2002	-0.116
2003	-0.0572500000000001
2004	-0.0617499999999999
2005	-0.0902499999999997
2006	-0.0964999999999998
2007	-0.11175
2008	-0.109
2009	-0.13125
2010	-0.092
2011	-0.1115
2012	-0.1125
2013	-0.0882500000000001
2014	-0.0747499999999999
2015	-0.0675000000000001
2016	-0.097
2017	-0.13075
2018	-0.10675
2019	-0.09875
2020	-0.12375
2021	-0.14425
2022	-0.179
2023	-0.19325
2024	-0.179
2025	-0.236
2026	-0.2235
2027	-0.19775
2028	-0.17375
2029	-0.14075
2030	-0.2075
2031	-0.21275
2032	-0.235
2033	-0.2225
2034	-0.24575
2035	-0.2075
2036	-0.227
2037	-0.21375
2038	-0.23075
2039	-0.253
2040	-0.2165
2041	-0.18975
2042	-0.171
2043	-0.15225
2044	-0.16925
2045	-0.16125
2046	-0.23875
2047	-0.221
2048	-0.172
2049	-0.14275
2050	-0.15625
2051	-0.151
2052	-0.14025
2053	-0.14125
2054	-0.1385
2055	-0.19475
2056	-0.19825
2057	-0.17775
2058	-0.18575
2059	-0.18125
2060	-0.18125
2061	-0.1395
2062	-0.0950000000000001
2063	-0.0950000000000001
2064	-0.12
2065	-0.12625
2066	-0.0845
2067	-0.0952500000000001
2068	-0.0587500000000001
2069	-0.0525
2070	0.0925000000000002
2071	0.048
2072	0.0515000000000001
2073	0.0230000000000001
2074	0.04525
2075	0.0310000000000001
2076	-0.0474999999999999
2077	0.00675000000000003
2078	0.00850000000000017
2079	0.0325000000000002
2080	0.0530000000000002
2081	0.1055
2082	0.1205
2083	0.13025
2084	0.1365
2085	0.1125
2086	0.15075
2087	0.124
2088	0.116
2089	0.17475
2090	0.13725
2091	0.19875
2092	0.1915
2093	0.228
2094	0.26275
2095	0.26175
2096	0.26175
2097	0.2965
2098	0.32225
2099	0.33825
2100	0.4095
2101	0.438
2102	0.447
2103	0.43625
2104	0.41225
2105	0.453
2106	0.32675
2107	0.325
2108	0.2965
2109	0.3135
2110	0.334
2111	0.3365
2112	0.40875
2113	0.382
2114	0.35525
2115	0.3205
2116	0.26975
2117	0.21275
2118	0.21825
2119	0.212
2120	0.20575
2121	0.21825
2122	0.18175
2123	0.195
2124	0.194
2125	0.11925
2126	0.14425
2127	0.1265
2128	0.17025
2129	0.14975
2130	0.14975
2131	0.13375
2132	0.1605
2133	0.099
2134	0.05
2135	0.0339999999999998
2136	-0.0327499999999998
2137	-0.0345
2138	-0.03
2139	-0.0317499999999999
2140	-0.0442500000000001
2141	-0.0940000000000001
2142	-0.0547500000000001
2143	-0.0165
2144	0.0467500000000001
2145	0.028
2146	0.0742500000000001
2147	0.046
2148	0.0487500000000001
2149	0.0327500000000001
2150	0.02925
2151	0.056
2152	0.105
2153	0.0907500000000001
2154	0.0737500000000002
2155	0.0622500000000001
2156	-0.0277499999999999
2157	-0.0305
2158	-0.0357499999999999
2159	-0.0427500000000001
2160	-0.0354999999999999
2161	-0.00875000000000015
2162	-0.00599999999999989
2163	-0.00599999999999989
2164	-0.0069999999999999
2165	0.04825
2166	0.0242500000000002
2167	0.0242500000000002
2168	-0.000749999999999917
2169	0.0197499999999999
2170	0.01625
2171	-0.0327500000000002
2172	-0.00775000000000003
2173	-0.0299999999999999
2174	-0.0522500000000001
2175	-0.0380000000000001
2176	0.011
2177	-0.0140000000000001
2178	-0.0380000000000001
2179	-0.0477500000000001
2180	-0.0630000000000002
2181	0.00199999999999989
2182	-0.0790000000000002
2183	-0.08525
2184	-0.137
2185	-0.137
2186	-0.113
2187	-0.1335
2188	-0.121
2189	-0.0914999999999999
2190	-0.0647500000000002
2191	-0.0522500000000001
2192	-0.01575
2193	-0.0540000000000002
2194	-0.0567500000000002
2195	-0.0299999999999999
2196	-0.0380000000000001
2197	-0.0345000000000001
2198	-0.0542499999999999
2199	-0.0525
2200	-0.07925
2201	-0.1415
2202	-0.097
2203	-0.0907500000000001
2204	-0.11925
2205	-0.1245
2206	-0.13875
2207	-0.1325
2208	-0.1495
2209	-0.1505
2210	-0.147
2211	-0.1345
2212	-0.16475
2213	-0.1825
2214	-0.19675
2215	-0.211
2216	-0.1895
2217	-0.23925
2218	-0.2535
2219	-0.2535
2220	-0.2
2221	-0.23025
2222	-0.22225
2223	-0.2035
2224	-0.1875
2225	-0.192
2226	-0.21425
2227	-0.24275
2228	-0.21675
2229	-0.214
2230	-0.20775
2231	-0.23525
2232	-0.23975
2233	-0.24775
2234	-0.212
2235	-0.1915
2236	-0.18425
2237	-0.1985
2238	-0.243
2239	-0.251
2240	-0.235
2241	-0.22075
2242	-0.22075
2243	-0.1825
2244	-0.211
2245	-0.19925
2246	-0.20725
2247	-0.209
2248	-0.176
2249	-0.11725
2250	-0.0790000000000001
2251	-0.0459999999999999
2252	-0.1155
2253	-0.08525
2254	-0.055
2255	-0.0407500000000001
2256	-0.055
2257	-0.0407500000000001
2258	-0.071
2259	-0.071
2260	-0.13425
2261	-0.1405
2262	-0.12
2263	-0.09775
2264	-0.113
2265	-0.10325
2266	-0.09075
2267	-0.0525
2268	-0.0525
2269	-0.00974999999999981
2270	-0.05075
2271	-0.05075
2272	-0.0569999999999999
2273	-0.0722499999999999
2274	-0.05625
2275	-0.026
2276	0.0132500000000001
2277	-0.0117499999999999
2278	0.00250000000000006
2279	-0.0214999999999999
2280	0.0257500000000002
2281	0.0132500000000001
2282	0.0435
2283	0.0275000000000001
2284	-0.01975
2285	-0.0597499999999999
2286	-0.0945
2287	-0.10075
2288	-0.1025
2289	-0.12475
2290	-0.14425
2291	-0.154
2292	-0.15225
2293	-0.171
2294	-0.1585
2295	-0.18425
2296	-0.137
2297	-0.1245
2298	-0.13525
2299	-0.1175
2300	-0.089
2301	-0.10325
2302	-0.10325
2303	-0.1335
2304	-0.155
2305	-0.196
2306	-0.139
2307	-0.139
2308	-0.14075
2309	-0.10325
2310	-0.09875
2311	-0.13525
2312	-0.137
2313	-0.1155
2314	-0.11725
2315	-0.1315
2316	-0.17075
2317	-0.18325
2318	-0.20375
2319	-0.186
2320	-0.14325
2321	-0.11925
2322	-0.104
2323	-0.13075
2324	-0.10675
2325	-0.11475
2326	-0.1415
2327	-0.07575
2328	-0.0855
2329	-0.0684999999999999
2330	-0.07925
2331	-0.06425
2332	-0.0945
2333	-0.0847499999999999
2334	-0.082
2335	-0.13725
2336	-0.13725
2337	-0.124
2338	-0.0964999999999998
2339	-0.0547499999999999
2340	-0.0190000000000001
2341	0.00675000000000003
2342	-0.0369999999999998
2343	-0.03875
2344	-0.0255000000000001
2345	-0.00325000000000009
2346	-0.0345000000000001
2347	-0.0549999999999999
2348	-0.06925
2349	-0.0765
2350	-0.0765
2351	-0.0302499999999999
2352	-0.00624999999999987
2353	0.00975000000000015
2354	0.0462500000000001
2355	0.0222500000000001
2356	0.00800000000000001
2357	0.00975000000000015
2358	0.0105
2359	0.0407500000000001
2360	0.02925
2361	0.0470000000000002
2362	0.0345
2363	-0.034
2364	-0.0197499999999997
2365	0.0210000000000001
2366	0.0575000000000001
2367	0.0387500000000001
2368	0.0742500000000001
2369	0.0770000000000002
2370	0.0662500000000001
2371	0.0965
2372	0.117
2373	0.0975000000000001
2374	0.0940000000000001
2375	0.0637500000000002
2376	0.0495000000000001
2377	0.0425
2378	0.05325
2379	0.0130000000000001
2380	-0.00124999999999997
2381	-0.0609999999999999
2382	-0.004
2383	0.00850000000000017
2384	-0.0137499999999999
2385	-0.03325
2386	-0.0805
2387	-0.09375
2388	-0.0802499999999999
2389	-0.0802499999999999
2390	-0.12475
2391	-0.11325
2392	-0.14
2393	-0.1275
2394	-0.091
2395	-0.0874999999999999
2396	-0.0697499999999998
2397	-0.0805
2398	-0.052
2399	-0.036
2400	-0.0502499999999999
2401	-0.0892500000000001
2402	-0.1195
2403	-0.13275
2404	-0.1585
2405	-0.18975
2406	-0.25475
2407	-0.2395
2408	-0.268
2409	-0.2715
2410	-0.2955
2411	-0.30975
2412	-0.26875
2413	-0.26525
2414	-0.25725
2415	-0.21075
2416	-0.24275
2417	-0.23025
2418	-0.20525
2419	-0.21425
2420	-0.2045
2421	-0.22425
2422	-0.1565
2423	-0.16375
2424	-0.17625
2425	-0.1905
2426	-0.162
2427	-0.1825
2428	-0.15925
2429	-0.18325
2430	-0.226
2431	-0.193
2432	-0.177
2433	-0.19025
2434	-0.168
2435	-0.1805
2436	-0.1645
2437	-0.1485
2438	-0.137
2439	-0.12725
2440	-0.0747499999999999
2441	-0.0702499999999999
2442	-0.024
2443	-0.0444999999999998
2444	-0.07925
2445	-0.0535000000000001
2446	-0.0687500000000001
2447	-0.0687500000000001
2448	-0.083
2449	-0.10525
2450	-0.16225
2451	-0.1935
2452	-0.17925
2453	-0.1525
2454	-0.2015
2455	-0.116
2456	-0.13025
2457	-0.0962499999999999
2458	-0.0980000000000001
2459	-0.0997499999999998
2460	-0.0980000000000001
2461	-0.0865
2462	-0.0722499999999999
2463	-0.0847500000000001
2464	-0.0892500000000001
2465	-0.0429999999999999
2466	-0.0402499999999999
2467	-0.132
2468	-0.11425
2469	-0.1125
2470	-0.1205
2471	-0.12225
2472	-0.116
2473	-0.12325
2474	-0.17125
2475	-0.17225
2476	-0.20075
2477	-0.1785
2478	-0.1865
2479	-0.1875
2480	-0.14475
2481	-0.134
2482	-0.1215
2483	-0.077
2484	-0.0922500000000002
2485	-0.11625
2486	-0.0245
2487	-0.004
2488	0.0102500000000001
2489	-0.004
2490	-0.01925
2491	-0.0815000000000001
2492	-0.0895000000000001
2493	-0.0609999999999999
2494	-0.0647499999999999
2495	-0.054
2496	-0.03525
2497	-0.0314999999999999
2498	-0.0554999999999999
2499	-0.044
2500	-0.02
2501	-0.0655000000000001
2502	-0.0620000000000001
2503	0.0155000000000001
2504	0.0102500000000001
2505	0.0370000000000001
2506	0.0485000000000002
2507	0.0627500000000001
2508	0.0645000000000002
2509	0.0610000000000002
2510	0.0975000000000001
2511	0.1225
2512	0.11275
2513	0.119
2514	0.10475
2515	0.12
2516	0.0960000000000001
2517	0.0657500000000002
2518	0.0657500000000002
2519	0.0337500000000002
2520	0.0382500000000001
2521	0.04525
2522	-0.0134999999999998
2523	-0.0295000000000001
2524	-0.034
2525	-0.0714999999999999
2526	-0.1
2527	-0.0892500000000001
2528	-0.0954999999999999
2529	-0.0884999999999998
2530	-0.11775
2531	-0.044
2532	-0.0707500000000001
2533	-0.054
2534	-0.071
2535	-0.0335000000000001
2536	-0.05575
2537	-0.0485
2538	-0.052
2539	-0.06525
2540	-0.10975
2541	-0.1525
2542	-0.14
2543	-0.164
2544	-0.18175
2545	-0.17275
2546	-0.2075
2547	-0.243
2548	-0.236
2549	-0.24575
2550	-0.2555
2551	-0.29475
2552	-0.29025
2553	-0.25025
2554	-0.301
2555	-0.27425
2556	-0.25725
2557	-0.235
2558	-0.18425
2559	-0.171
2560	-0.16825
2561	-0.13075
2562	-0.0630000000000002
2563	-0.0497499999999997
2564	-0.05775
2565	-0.08525
2566	-0.05325
2567	-0.0994999999999997
2568	-0.104
2569	-0.12625
2570	-0.112
2571	-0.0647500000000002
2572	-0.0540000000000002
2573	-0.0494999999999999
2574	-0.07175
2575	-0.08075
2576	-0.0665000000000001
2577	0.0419999999999999
2578	0.0367500000000002
2579	0.04825
2580	0.0295
2581	0.0375
2582	0.0347500000000001
2583	0.0177500000000004
2584	0.0427500000000003
2585	0.0327500000000001
2586	0.10925
2587	0.184
2588	0.18575
2589	0.16075
2590	0.1545
2591	0.15
2592	0.1455
2593	0.17225
2594	0.1775
2595	0.1125
2596	0.12575
2597	0.0785
2598	0.0589999999999999
2599	0.0225
2600	0.0607500000000001
2601	0.0652499999999998
2602	0.0555000000000001
2603	0.0217500000000002
2604	0.0315000000000001
2605	0.0485000000000002
2606	0.03525
2607	0.01475
2608	0.02275
2609	0.0450000000000002
2610	0.0895000000000001
2611	0.0627500000000001
2612	0.0395000000000001
2613	-0.0317499999999999
2614	-0.079
2615	-0.03
2616	0.01
2617	0.0197499999999999
2618	0.0739999999999998
2619	0.10875
2620	0.0972500000000001
2621	0.0714999999999999
2622	0.0217500000000002
2623	-0.0342499999999999
2624	-0.0165
2625	-0.01725
2626	0.01925
2627	-0.01725
2628	-0.0725
2629	-0.1
2630	-0.107
2631	-0.0427500000000001
2632	-0.04725
2633	0.0347500000000001
2634	0.0142500000000001
2635	0.0632499999999999
2636	0.0347500000000001
2637	0
2638	-0.0409999999999999
2639	-0.0802499999999999
2640	-0.10775
2641	-0.12375
2642	-0.155
2643	-0.211
2644	-0.27975
2645	-0.3475
2646	-0.38225
2647	-0.3475
2648	-0.32425
2649	-0.3205
2650	-0.3285
2651	-0.3775
2652	-0.37125
2653	-0.3845
2654	-0.3995
2655	-0.40925
2656	-0.4235
2657	-0.3905
2658	-0.36825
2659	-0.3505
2660	-0.41025
2661	-0.41475
2662	-0.43075
2663	-0.41925
2664	-0.39525
2665	-0.36325
2666	-0.374
2667	-0.383
2668	-0.399
2669	-0.44975
2670	-0.45425
2671	-0.5345
2672	-0.505
2673	-0.481
2674	-0.45875
2675	-0.4035
2676	-0.351
2677	-0.3885
2678	-0.344
2679	-0.23725
2680	-0.189
2681	-0.1605
2682	-0.15425
2683	-0.14625
2684	-0.15425
2685	-0.15875
2686	-0.1365
2687	-0.124
2688	-0.15325
2689	-0.15775
2690	-0.15775
2691	-0.16225
2692	-0.1695
2693	-0.1205
2694	-0.077
2695	-0.1045
2696	-0.0509999999999997
2697	-0.06525
2698	-0.0349999999999999
2699	-0.0402499999999999
2700	-0.03925
2701	-0.08375
2702	-0.1015
2703	-0.0684999999999998
2704	-0.06575
2705	-0.0069999999999999
2706	0.0267500000000001
2707	0.0927500000000002
2708	0.09
2709	0.0882500000000001
2710	0.0962500000000001
2711	0.07575
2712	0.0615000000000002
2713	0.131
2714	0.13725
2715	0.0135
2716	0.0382500000000001
2717	0.0497500000000002
2718	0.0720000000000001
2719	0.0497500000000002
2720	0.0710000000000002
2721	0.0630000000000002
2722	0.0595000000000001
2723	0.0310000000000001
2724	0.02475
2725	0.022
2726	0.022
2727	0.06925
2728	0.12
2729	0.0835000000000001
2730	0.0115000000000003
2731	0.0497500000000002
2732	0.0445000000000002
2733	0.0525000000000002
2734	0.0257500000000002
2735	-0.0509999999999997
2736	-0.0474999999999999
2737	-0.0474999999999999
2738	-0.052
2739	-0.07525
2740	-0.0609999999999999
2741	-0.0860000000000001
2742	-0.13225
2743	-0.16075
2744	-0.17325
2745	-0.1635
2746	-0.16175
2747	-0.1475
2748	-0.16525
2749	-0.18125
2750	-0.11275
2751	-0.0575000000000001
2752	-0.0787500000000001
2753	-0.0697499999999998
2754	-0.0572499999999998
2755	-0.0287500000000001
2756	-0.0474999999999999
2757	-0.00124999999999997
2758	0.01475
2759	0.0165000000000002
2760	0.0690000000000002
2761	0.0780000000000001
2762	0.0637500000000002
2763	0.03525
2764	0.00950000000000006
2765	-0.00124999999999997
2766	0.0210000000000001
2767	0.02725
2768	0.028
2769	0.0485000000000002
2770	0.0582500000000001
2771	0.1305
2772	0.176
2773	0.1715
2774	0.15375
2775	0.0950000000000002
2776	0.0825
2777	0.0397500000000002
2778	0.0870000000000002
2779	0.1065
2780	0.1075
2781	0.08525
2782	0.0630000000000002
2783	0.0505
2784	0.0317500000000002
2785	0.0317500000000002
2786	-0.02525
2787	-0.01725
2788	-0.04925
2789	-0.04575
2790	-0.0697499999999998
2791	-0.0920000000000001
2792	-0.108
2793	-0.174
2794	-0.19625
2795	-0.1855
2796	-0.22025
2797	-0.27025
2798	-0.22575
2799	-0.24275
2800	-0.2205
2801	-0.266
2802	-0.29625
2803	-0.299
2804	-0.33375
2805	-0.34175
2806	-0.298
2807	-0.315
2808	-0.32925
2809	-0.34175
2810	-0.3035
2811	-0.283
2812	-0.26975
2813	-0.259
2814	-0.27775
2815	-0.2955
2816	-0.2875
2817	-0.3115
2818	-0.3035
2819	-0.3195
2820	-0.28125
2821	-0.31775
2822	-0.33275
2823	-0.36125
2824	-0.3275
2825	-0.3435
2826	-0.324
2827	-0.348
2828	-0.3025
2829	-0.25425
2830	-0.23825
2831	-0.24625
2832	-0.25875
2833	-0.231
2834	-0.28625
2835	-0.255
2836	-0.22125
2837	-0.15875
2838	-0.1605
2839	-0.1845
2840	-0.17825
2841	-0.181
2842	-0.198
2843	-0.14
2844	-0.141
2845	-0.10175
2846	-0.1035
2847	-0.1115
2848	-0.0882499999999997
2849	-0.0722499999999999
2850	-0.0722499999999999
2851	-0.0625
2852	-0.036
2853	-0.0137499999999999
2854	-0.00924999999999998
2855	0.0210000000000001
2856	0.01925
2857	0.02725
2858	0.0422500000000001
2859	0.0547500000000001
2860	0.0495000000000001
2861	0.03525
2862	-0.02
2863	-0.02275
2864	-0.05575
2865	-0.0345
2866	-0.0282500000000001
2867	-0.0229999999999999
2868	-0.0292499999999998
2869	-0.00974999999999993
2870	0.0214999999999999
2871	-0.00350000000000006
2872	-0.0657499999999998
2873	-0.0764999999999998
2874	-0.073
2875	-0.0569999999999999
2876	-0.0604999999999998
2877	-0.0337499999999997
2878	-0.0407499999999998
2879	-0.0434999999999999
2880	-0.0487499999999998
2881	-0.0799999999999998
2882	-0.0979999999999999
2883	-0.0444999999999998
2884	-0.0577499999999997
2885	-0.0674999999999999
2886	-0.0817499999999998
2887	-0.0887499999999999
2888	-0.13225
2889	-0.12525
2890	-0.135
2891	-0.1395
2892	-0.127
2893	-0.13325
2894	-0.1465
2895	-0.1875
2896	-0.18125
2897	-0.14475
2898	-0.118
2899	-0.1215
2900	-0.10375
2901	-0.17575
2902	-0.14725
2903	-0.1525
2904	-0.156
2905	-0.16575
2906	-0.19875
2907	-0.20675
2908	-0.22275
2909	-0.25125
2910	-0.25125
2911	-0.25025
2912	-0.21475
2913	-0.254
2914	-0.26025
2915	-0.2735
2916	-0.294
2917	-0.301
2918	-0.27675
2919	-0.29275
2920	-0.2545
2921	-0.22425
2922	-0.23225
2923	-0.22875
2924	-0.1975
2925	-0.21075
2926	-0.21525
2927	-0.2285
2928	-0.23825
2929	-0.2525
2930	-0.26225
2931	-0.24525
2932	-0.28
2933	-0.2915
2934	-0.29675
2935	-0.303
2936	-0.302
2937	-0.28775
2938	-0.302
2939	-0.286
2940	-0.27975
2941	-0.294
2942	-0.2815
2943	-0.25825
2944	-0.2235
2945	-0.203
2946	-0.236
2947	-0.2565
2948	-0.2705
2949	-0.29625
2950	-0.32925
2951	-0.372
2952	-0.38275
2953	-0.348
2954	-0.35875
2955	-0.36675
2956	-0.40425
2957	-0.4425
2958	-0.4175
2959	-0.397
2960	-0.414
2961	-0.32775
2962	-0.27075
2963	-0.2315
2964	-0.229
2965	-0.2165
2966	-0.189
2967	-0.17575
2968	-0.16775
2969	-0.1865
2970	-0.183
2971	-0.15625
2972	-0.174
2973	-0.1375
2974	-0.158
2975	-0.1775
2976	-0.19625
2977	-0.20875
2978	-0.20875
2979	-0.20425
2980	-0.231
2981	-0.24525
2982	-0.1855
2983	-0.18825
2984	-0.1715
2985	-0.14125
2986	-0.1225
2987	-0.1145
2988	-0.09575
2989	-0.11
2990	-0.101
2991	-0.10725
2992	-0.12325
2993	-0.12325
2994	-0.11175
2995	-0.142
2996	-0.1295
2997	-0.22375
2998	-0.27625
2999	-0.28075
3000	-0.30825
3001	-0.3235
3002	-0.335
3003	-0.32875
3004	-0.32425
3005	-0.326
3006	-0.31175
3007	-0.32425
3008	-0.3145
3009	-0.311
3010	-0.3235
3011	-0.31825
3012	-0.287
3013	-0.26025
3014	-0.287
3015	-0.3165
3016	-0.34325
3017	-0.32275
3018	-0.32275
3019	-0.29775
3020	-0.2825
3021	-0.303
3022	-0.295
3023	-0.262
3024	-0.25575
3025	-0.24775
3026	-0.246
3027	-0.24425
3028	-0.23075
3029	-0.204
3030	-0.20925
3031	-0.19675
3032	-0.211
3033	-0.18075
3034	-0.18075
3035	-0.19325
3036	-0.22175
3037	-0.2235
3038	-0.203
3039	-0.194
3040	-0.186
3041	-0.1985
3042	-0.21625
3043	-0.1815
3044	-0.21175
3045	-0.25525
3046	-0.2695
3047	-0.27125
3048	-0.31225
3049	-0.30425
3050	-0.2935
3051	-0.3015
3052	-0.27925
3053	-0.29175
3054	-0.2855
3055	-0.3185
3056	-0.3925
3057	-0.4005
3058	-0.41925
3059	-0.463
3060	-0.463
3061	-0.438
3062	-0.438
3063	-0.414
3064	-0.44975
3065	-0.47825
3066	-0.49075
3067	-0.48725
3068	-0.47125
3069	-0.46675
3070	-0.45875
3071	-0.4685
3072	-0.4435
3073	-0.3945
3074	-0.42925
3075	-0.448
3076	-0.45875
3077	-0.481
3078	-0.47125
3079	-0.4855
3080	-0.47125
3081	-0.45525
3082	-0.45175
3083	-0.457
3084	-0.42675
3085	-0.4615
3086	-0.4785
3087	-0.46775
3088	-0.465
3089	-0.47925
3090	-0.531
3091	-0.531
3092	-0.49525
3093	-0.4435
3094	-0.3865
3095	-0.38025
3096	-0.407
3097	-0.3955
3098	-0.416
3099	-0.4355
3100	-0.40425
3101	-0.40075
3102	-0.4025
3103	-0.414
3104	-0.43175
3105	-0.45575
3106	-0.4495
3107	-0.46375
3108	-0.4425
3109	-0.487
3110	-0.4825
3111	-0.45125
3112	-0.4325
3113	-0.39775
3114	-0.428
3115	-0.4565
3116	-0.4645
3117	-0.45375
3118	-0.4715
3119	-0.476
3120	-0.459
3121	-0.402
3122	-0.39125
3123	-0.37875
3124	-0.35025
3125	-0.3485
3126	-0.311
3127	-0.28775
3128	-0.294
3129	-0.32425
3130	-0.342
3131	-0.358
3132	-0.35975
3133	-0.382
3134	-0.36775
3135	-0.3785
3136	-0.4195
3137	-0.40875
3138	-0.41325
3139	-0.42575
3140	-0.42575
3141	-0.40175
3142	-0.408
3143	-0.42675
3144	-0.3965
3145	-0.37775
3146	-0.3965
3147	-0.38675
3148	-0.3805
3149	-0.39125
3150	-0.3725
3151	-0.32175
3152	-0.27375
3153	-0.26675
3154	-0.248
3155	-0.24975
3156	-0.2195
3157	-0.264
3158	-0.231
3159	-0.22925
3160	-0.28
3161	-0.2595
3162	-0.26125
3163	-0.24975
3164	-0.2355
3165	-0.2445
3166	-0.27125
3167	-0.23025
3168	-0.2365
3169	-0.2285
3170	-0.2525
3171	-0.248
3172	-0.23825
3173	-0.22675
3174	-0.21425
3175	-0.21875
3176	-0.19825
3177	-0.225
3178	-0.209
3179	-0.20275
3180	-0.249
3181	-0.2695
3182	-0.25975
3183	-0.29
3184	-0.2785
3185	-0.2615
3186	-0.23925
3187	-0.27575
3188	-0.297
3189	-0.28
3190	-0.264
3191	-0.24975
3192	-0.30675
3193	-0.28275
3194	-0.32025
3195	-0.33275
3196	-0.306
3197	-0.314
3198	-0.3105
3199	-0.339
3200	-0.34975
3201	-0.32575
3202	-0.33375
3203	-0.31775
3204	-0.30175
3205	-0.30975
3206	-0.28125
3207	-0.2875
3208	-0.28125
3209	-0.308
3210	-0.31075
3211	-0.26175
3212	-0.25725
3213	-0.26075
3214	-0.275
3215	-0.25
3216	-0.234
3217	-0.17
3218	-0.145
3219	-0.13075
3220	-0.13425
3221	-0.13525
3222	-0.16375
3223	-0.162
3224	-0.162
3225	-0.17625
3226	-0.17625
3227	-0.18875
3228	-0.18075
3229	-0.21275
3230	-0.1735
3231	-0.178
3232	-0.22
3233	-0.1745
3234	-0.18425
3235	-0.17625
3236	-0.137
3237	-0.161
3238	-0.17525
3239	-0.2555
3240	-0.2795
3241	-0.2715
3242	-0.28575
3243	-0.25375
3244	-0.25375
3245	-0.2635
3246	-0.27325
3247	-0.31075
3248	-0.3455
3249	-0.3375
3250	-0.3365
3251	-0.31875
3252	-0.33475
3253	-0.3845
3254	-0.37825
3255	-0.41575
3256	-0.439
3257	-0.44075
3258	-0.439
3259	-0.4185
3260	-0.415
3261	-0.423
3262	-0.415
3263	-0.3945
3264	-0.407
3265	-0.41775
3266	-0.4045
3267	-0.361
3268	-0.34225
3269	-0.35025
3270	-0.3165
3271	-0.2835
3272	-0.29775
3273	-0.26125
3274	-0.222
3275	-0.17475
3276	-0.1525
3277	-0.15075
3278	-0.1615
3279	-0.20875
3280	-0.174
3281	-0.141
3282	-0.10975
3283	-0.0954999999999998
3284	-0.0634999999999999
3285	-0.0537499999999999
3286	-0.04675
3287	-0.07175
3288	-0.0967500000000001
3289	-0.0825
3290	-0.1165
3291	-0.0914999999999999
3292	-0.087
3293	-0.12525
3294	-0.12075
3295	-0.14925
3296	-0.1315
3297	-0.119
3298	-0.12525
3299	-0.111
3300	-0.086
3301	-0.0547499999999999
3302	-0.0599999999999999
3303	-0.07675
3304	-0.06875
3305	-0.06425
3306	-0.10875
3307	-0.123
3308	-0.12925
3309	-0.12925
3310	-0.14625
3311	-0.12225
3312	-0.1
3313	-0.116
3314	-0.0990000000000001
3315	-0.0597499999999999
3316	-0.07675
3317	-0.0554999999999998
3318	-0.0565
3319	-0.0297499999999998
3320	-0.0599999999999999
3321	-0.0582499999999999
3322	-0.0314999999999999
3323	-0.0474999999999998
3324	-0.00650000000000006
3325	-0.0394999999999999
3326	-0.0527499999999999
3327	-0.0357499999999999
3328	-0.0375
3329	-0.04825
3330	-0.0625
3331	-0.026
3332	-0.0357499999999999
3333	-0.0499999999999999
3334	-0.03125
3335	-0.0339999999999998
3336	-0.0339999999999998
3337	-0.0225
3338	-0.0714999999999997
3339	-0.04925
3340	-0.02075
3341	-0.01725
3342	0.00324999999999998
3343	0.000500000000000278
3344	0.00499999999999989
3345	-0.00925000000000009
3346	-0.00125000000000008
3347	-0.01275
3348	-0.0742499999999998
3349	-0.0502499999999999
3350	-0.0119999999999999
3351	-0.04675
3352	-0.0262499999999999
3353	-0.07075
3354	-0.109
3355	-0.15525
3356	-0.133
3357	-0.1365
3358	-0.17125
3359	-0.157
3360	-0.1445
3361	-0.124
3362	-0.1035
3363	-0.1535
3364	-0.15975
3365	-0.11625
3366	-0.0397500000000001
3367	-0.0744999999999999
3368	-0.0932499999999998
3369	-0.0594999999999999
3370	-0.097
3371	-0.06575
3372	-0.048
3373	-0.048
3374	-0.02925
3375	-0.0640000000000001
3376	-0.0354999999999999
3377	-0.0542499999999999
3378	-0.0747499999999999
3379	-0.0525
3380	-0.03125
3381	-0.0409999999999999
3382	-0.0365
3383	0.0222500000000001
3384	0.0649999999999999
3385	0.0427500000000003
3386	0.0409999999999999
3387	0.0392499999999999
3388	0.0257500000000002
3389	0.0302500000000003
3390	0.0587500000000001
3391	0.13075
3392	0.12625
3393	0.112
3394	0.1405
3395	0.12
3396	0.128
3397	0.1565
3398	0.14575
3399	0.18225
3400	0.2205
3401	0.226
3402	0.15925
3403	0.152
3404	0.12
3405	0.0835000000000001
3406	0.0737500000000002
3407	0.0150000000000001
3408	0.0435000000000001
3409	0.0275000000000001
3410	0.0897500000000002
3411	0.10225
3412	0.06925
3413	0.104
3414	0.112
3415	0.0407500000000001
3416	0.0487500000000001
3417	0.0477500000000002
3418	0.046
3419	0.0157500000000002
3420	0.0255000000000001
3421	0.0362500000000001
3422	0.01925
3423	0.0335000000000001
3424	0.01675
3425	0.0310000000000001
3426	0.022
3427	-0.0384999999999998
3428	-0.0287500000000001
3429	0.0335000000000001
3430	0.00324999999999998
3431	-0.004
3432	-0.0262499999999999
3433	-0.0485
3434	-0.0297499999999999
3435	-0.01275
3436	-0.0367500000000001
3437	-0.0714999999999999
3438	-0.0982499999999999
3439	-0.0920000000000001
3440	-0.0680000000000001
3441	-0.0314999999999999
3442	-0.0182499999999999
3443	0.0457500000000002
3444	-0.00675000000000003
3445	-0.00224999999999986
3446	-0.05925
3447	-0.05575
3448	-0.0815000000000001
3449	-0.12425
3450	-0.118
3451	-0.052
3452	-0.0697499999999998
3453	-0.04925
3454	-0.0297499999999999
3455	-0.069
3456	-0.0600000000000001
3457	-0.0805
3458	-0.11075
3459	-0.13125
3460	-0.1045
3461	-0.0992500000000001
3462	-0.07775
3463	-0.04925
3464	-0.0642499999999999
3465	-0.10425
3466	-0.0642499999999999
3467	-0.00174999999999992
3468	0.00800000000000001
3469	-0.01875
3470	-0.0357499999999999
3471	-0.0277499999999999
3472	0.00600000000000001
3473	0.06925
3474	0.113
3475	0.1265
3476	0.147
3477	0.09
3478	0.08475
3479	0.0465
3480	0.08475
3481	0.0865000000000002
3482	0.05175
3483	0.0545
3484	0.0892500000000001
3485	0.0795
3486	0.0590000000000001
3487	0.0259999999999999
3488	0.0099999999999999
3489	0.03325
3490	0.0359999999999999
3491	0.0752500000000002
3492	0.0325000000000003
3493	0.0547499999999999
3494	0.0734999999999999
3495	0.078
3496	0.045
3497	0.0397499999999998
3498	0.0352499999999999
3499	0.0175
3500	-0.01025
3501	0.0137500000000003
3502	-0.0342499999999999
3503	-0.0547499999999999
3504	-0.0672499999999999
3505	-0.0405
3506	-0.0252500000000001
3507	-0.0394999999999999
3508	-0.0510000000000002
3509	-0.06075
3510	-0.0634999999999999
3511	-0.0645
3512	-0.06275
3513	0.00224999999999997
3514	0.0512500000000001
3515	0.0369999999999998
3516	-0.0182499999999998
3517	-0.0335000000000001
3518	-0.0165000000000001
3519	-0.0494999999999999
3520	-0.08425
3521	-0.0255000000000001
3522	0.01725
3523	0.0485000000000001
3524	0.0440000000000002
3525	0.00575000000000003
3526	0.0377500000000003
3527	-0.000500000000000056
3528	0.000250000000000195
3529	0.0225
3530	0.0305000000000002
3531	0.0329999999999999
3532	0.0392499999999999
3533	0.0375
3534	0.0339999999999999
3535	0.0385
3536	0.084
3537	0.0235
3538	0.0492500000000002
3539	0.0297500000000001
3540	0.0690000000000001
3541	0.0849999999999999
3542	0.0725000000000001
3543	0.0742500000000003
3544	0.0885000000000001
3545	0.10625
3546	0.11875
3547	0.0867500000000001
3548	0.109
3549	0.0680000000000002
3550	0.00650000000000017
3551	0.011
3552	0.04225
3553	0.11175
3554	0.1055
3555	0.118
3556	0.10725
3557	0.0867500000000001
3558	0.06625
3559	0.0315000000000002
3560	0.0565000000000003
3561	0.0635
3562	0.0385
3563	0.0830000000000001
3564	0.0875
3565	0.0590000000000001
3566	0.051
3567	0.04125
3568	0.0492500000000002
3569	0.0339999999999999
3570	0.0392499999999999
3571	-0.0205
3572	-0.0347500000000001
3573	-0.02325
3574	-0.03125
3575	-0.00724999999999976
3576	-0.0562499999999999
3577	-0.0785
3578	-0.0687500000000001
3579	-0.0527500000000001
3580	-0.0874999999999999
3581	-0.124
3582	-0.13025
3583	-0.083
3584	-0.1435
3585	-0.14075
3586	-0.1175
3587	-0.114
3588	-0.10875
3589	-0.1435
3590	-0.1765
3591	-0.1765
3592	-0.139
3593	-0.147
3594	-0.14875
3595	-0.12825
3596	-0.131
3597	-0.1755
3598	-0.19325
3599	-0.22
3600	-0.19675
3601	-0.1905
3602	-0.1825
3603	-0.1665
3604	-0.20925
3605	-0.21
3606	-0.20825
3607	-0.14675
3608	-0.13875
3609	-0.14225
3610	-0.1735
3611	-0.2145
3612	-0.2305
3613	-0.2145
3614	-0.2465
3615	-0.26075
3616	-0.23225
3617	-0.2055
3618	-0.20025
3619	-0.22525
3620	-0.18075
3621	-0.17275
3622	-0.1585
3623	-0.1745
3624	-0.1915
3625	-0.16925
3626	-0.07925
3627	-0.0427500000000001
3628	-0.0605
3629	-0.06775
3630	-0.0117499999999999
3631	0.00150000000000006
3632	0.014
3633	0.0665
3634	0.0665
3635	0.0602500000000001
3636	0.0700000000000001
3637	0.04325
3638	0.0477500000000002
3639	0.0487500000000001
3640	0.1165
3641	0.0995000000000001
3642	0.1405
3643	0.0995000000000001
3644	0.10225
3645	0.1245
3646	0.12375
3647	0.17
3648	0.2065
3649	0.1985
3650	0.2065
3651	0.21625
3652	0.2065
3653	0.1985
3654	0.259
3655	0.2965
3656	0.28225
3657	0.27775
3658	0.251
3659	0.2635
3660	0.29025
3661	0.2565
3662	0.28575
3663	0.24925
3664	0.27675
3665	0.27675
3666	0.2465
3667	0.2295
3668	0.20275
3669	0.15375
3670	0.13775
3671	0.17425
3672	0.18225
3673	0.17775
3674	0.17675
3675	0.12325
3676	0.10275
3677	0.13575
3678	0.10275
3679	0.15525
3680	0.14625
3681	0.1195
3682	0.12925
3683	0.16675
3684	0.15075
3685	0.13825
3686	0.1935
3687	0.149
3688	0.1205
3689	0.1
3690	0.0245000000000002
3691	-0.004
3692	0.01475
3693	0.02725
3694	0.0547500000000001
3695	0.0707500000000001
3696	0.0547500000000001
3697	0.0627500000000001
3698	0.000500000000000167
3699	-0.0182499999999999
3700	-0.0297499999999999
3701	-0.0189999999999999
3702	-0.06175
3703	-0.0589999999999999
3704	-0.0545
3705	-0.00724999999999976
3706	0.0417500000000002
3707	0.0355000000000001
3708	0.00175000000000014
3709	0.0329999999999999
3710	0.0499999999999999
3711	0.0857500000000001
3712	0.0865000000000002
3713	0.0927500000000002
3714	0.0750000000000001
3715	0.0430000000000003
3716	0.0190000000000002
3717	0.0395
3718	0.0235
3719	-0.00400000000000011
3720	0.00575000000000003
3721	0.0165000000000001
3722	-0.013
3723	0.01825
3724	0.02175
3725	0.00399999999999989
3726	0.00399999999999989
3727	0.0119999999999999
3728	0.00399999999999989
3729	-0.0217499999999999
3730	-0.0332500000000001
3731	-0.0652499999999999
3732	-0.0510000000000002
3733	-0.092
3734	-0.092
3735	-0.0287499999999999
3736	-0.0234999999999997
3737	-0.02075
3738	-0.0152499999999999
3739	-0.0722499999999999
3740	-0.06875
3741	-0.1
3742	-0.15975
3743	-0.18375
3744	-0.1945
3745	-0.174
3746	-0.26225
3747	-0.22925
3748	-0.21675
3749	-0.2435
3750	-0.26575
3751	-0.2515
3752	-0.223
3753	-0.239
3754	-0.223
3755	-0.2605
3756	-0.25775
3757	-0.265
3758	-0.256
3759	-0.25425
3760	-0.239
3761	-0.18475
3762	-0.21325
3763	-0.22225
3764	-0.258
3765	-0.22775
3766	-0.23925
3767	-0.234
3768	-0.26425
3769	-0.23125
3770	-0.20525
3771	-0.22225
3772	-0.2855
3773	-0.29975
3774	-0.2775
3775	-0.27575
3776	-0.281
3777	-0.2595
3778	-0.22825
3779	-0.20325
3780	-0.19875
3781	-0.2415
3782	-0.20225
3783	-0.19525
3784	-0.18625
3785	-0.197
3786	-0.1765
3787	-0.18625
3788	-0.188
3789	-0.16575
3790	-0.16125
3791	-0.107
3792	-0.0874999999999998
3793	-0.0865
3794	-0.1115
3795	-0.1115
3796	-0.1
3797	-0.16675
3798	-0.13475
3799	-0.1355
3800	-0.0865
3801	-0.11675
3802	-0.0945
3803	-0.09175
3804	-0.0615
3805	-0.09175
3806	-0.131
3807	-0.15675
3808	-0.155
3809	-0.122
3810	-0.14075
3811	-0.1095
3812	-0.106
3813	-0.12025
3814	-0.11225
3815	-0.13275
3816	-0.131
3817	-0.12025
3818	-0.1265
3819	-0.12025
3820	-0.147
3821	-0.13175
3822	-0.171
3823	-0.1595
3824	-0.1685
3825	-0.14625
3826	-0.141
3827	-0.19075
3828	-0.2005
3829	-0.17475
3830	-0.148
3831	-0.14625
3832	-0.1765
3833	-0.1195
3834	-0.1275
3835	-0.092
3836	-0.12575
3837	-0.11425
3838	-0.11425
3839	-0.1125
3840	-0.1525
3841	-0.13825
3842	-0.1115
3843	-0.12925
3844	-0.07575
3845	-0.12475
3846	-0.0784999999999999
3847	-0.0705
3848	-0.0597499999999999
3849	-0.06425
3850	-0.0722499999999999
3851	-0.0625
3852	-0.0784999999999999
3853	-0.08125
3854	-0.04825
3855	-0.04825
3856	-0.04375
3857	-0.0419999999999999
3858	-0.0152499999999999
3859	-0.001
3860	0.0160000000000002
3861	-0.00624999999999987
3862	0.01875
3863	0.0382500000000001
3864	0.0445
3865	0.00449999999999995
3866	0.00724999999999998
3867	0.03925
3868	0.0472500000000001
3869	0.0205
3870	0.0115
3871	-0.0329999999999999
3872	-0.0347499999999998
3873	-0.05875
3874	-0.05075
3875	-0.05075
3876	0.00524999999999998
3877	-0.0099999999999999
3878	-0.00825000000000009
3879	0.03
3880	0.013
3881	0.0272499999999999
3882	-0.0359999999999999
3883	-0.0325
3884	-0.06375
3885	-0.0244999999999999
3886	-0.01475
3887	-0.0112499999999999
3888	-0.01575
3889	-0.0327500000000002
3890	-0.05775
3891	-0.0612499999999998
3892	-0.0640000000000001
3893	-0.0542499999999999
3894	-0.0354999999999999
3895	-0.0497499999999997
3896	-0.0514999999999999
3897	-0.1005
3898	-0.1255
3899	-0.1325
3900	-0.145
3901	-0.13525
3902	-0.13975
3903	-0.16725
3904	-0.154
3905	-0.16025
3906	-0.146
3907	-0.121
3908	-0.11925
3909	-0.1425
3910	-0.16125
3911	-0.15325
3912	-0.229
3913	-0.2085
3914	-0.20575
3915	-0.20575
3916	-0.18075
3917	-0.2085
3918	-0.163
3919	-0.131
3920	-0.10425
3921	-0.11325
3922	-0.115
3923	-0.0660000000000001
3924	-0.0722499999999999
3925	-0.0642499999999999
3926	-0.0215000000000001
3927	-0.034
3928	-0.0607500000000001
3929	-0.0767500000000001
3930	-0.0714999999999999
3931	-0.0634999999999997
3932	-0.0342499999999999
3933	0.0245000000000002
3934	0.0495000000000001
3935	0.0617500000000002
3936	0.0652499999999998
3937	0.04375
3938	0.0312500000000002
3939	0.0489999999999999
3940	0.0410000000000001
3941	0.0694999999999999
3942	0.0302500000000001
3943	0.0667500000000001
3944	0.05525
3945	0.1095
3946	0.234
3947	0.18675
3948	0.235
3949	0.24925
3950	0.28475
3951	0.27675
3952	0.299
3953	0.32225
3954	0.31775
3955	0.26525
3956	0.3
3957	0.2965
3958	0.27875
3959	0.25375
3960	0.32325
3961	0.34025
3962	0.285
3963	0.28675
3964	0.27425
3965	0.31875
3966	0.29375
3967	0.276
3968	0.2725
3969	0.2655
3970	0.23425
3971	0.2575
3972	0.23175
3973	0.288
3974	0.29875
3975	0.2675
3976	0.264
3977	0.23275
3978	0.30225
3979	0.2835
3980	0.2905
3981	0.27725
3982	0.19725
3983	0.2365
3984	0.273
3985	0.26675
3986	0.26325
3987	0.25525
3988	0.21075
3989	0.207
3990	0.19275
3991	0.18025
3992	0.15175
3993	0.13475
3994	0.107
3995	0.0902499999999999
3996	0.0235000000000001
3997	0.0305
3998	0.0447500000000001
3999	0.0430000000000001
4000	0.0617500000000002
4001	0.0350000000000001
4002	0.0627500000000001
4003	0.036
4004	0.0165000000000002
4005	-0.00675000000000003
4006	0.00575000000000014
4007	0.0245000000000002
4008	0.0325000000000002
4009	0.0102500000000001
4010	-0.000499999999999945
4011	0.07525
4012	0.1065
4013	0.15025
4014	0.1405
4015	0.0995000000000001
4016	0.1245
4017	0.12625
4018	0.07725
4019	0.112
4020	0.0960000000000001
4021	0.0897500000000002
4022	0.0595000000000001
4023	0.06125
4024	0.0977500000000002
4025	0.105
4026	0.0942500000000002
4027	0.1085
4028	0.1245
4029	0.11025
4030	0.1175
4031	0.122
4032	0.15225
4033	0.1345
4034	0.15675
4035	0.13625
4036	0.155
4037	0.1595
4038	0.11675
4039	0.1515
4040	0.123
4041	0.082
4042	0.0632499999999999
4043	0.0302500000000003
4044	0.0497500000000002
4045	0.01325
4046	-0.0134999999999998
4047	-0.1105
4048	-0.12925
4049	-0.16575
4050	-0.21375
4051	-0.18525
4052	-0.18975
4053	-0.262
4054	-0.25575
4055	-0.25575
4056	-0.2745
4057	-0.2895
4058	-0.2815
4059	-0.239
4060	-0.288
4061	-0.272
4062	-0.2585
4063	-0.246
4064	-0.2735
4065	-0.23425
4066	-0.21825
4067	-0.196
4068	-0.2085
4069	-0.15775
4070	-0.1835
4071	-0.188
4072	-0.20675
4073	-0.20325
4074	-0.13025
4075	-0.15875
4076	-0.17575
4077	-0.06375
4078	-0.069
4079	-0.0947499999999999
4080	-0.116
4081	-0.0714999999999999
4082	-0.0162499999999999
4083	-0.002
4084	0.0362500000000001
4085	-0.00124999999999997
4086	-0.0342499999999999
4087	-0.0422499999999999
4088	-0.0902499999999999
4089	-0.042
4090	-0.0197499999999997
4091	-0.0642499999999999
4092	-0.0607500000000001
4093	-0.0447499999999998
4094	-0.0697499999999998
4095	-0.12025
4096	-0.14175
4097	-0.1855
4098	-0.1695
4099	-0.19175
4100	-0.16775
4101	-0.1775
4102	-0.1775
4103	-0.23275
4104	-0.26125
4105	-0.26475
4106	-0.247
4107	-0.20425
4108	-0.17925
4109	-0.21225
4110	-0.2665
4111	-0.25225
4112	-0.1855
4113	-0.30475
4114	-0.2905
4115	-0.28525
4116	-0.27375
4117	-0.27925
4118	-0.2785
4119	-0.25
4120	-0.291
4121	-0.249
4122	-0.24725
4123	-0.2285
4124	-0.2125
4125	-0.23225
4126	-0.234
4127	-0.2225
4128	-0.22425
4129	-0.23225
4130	-0.185
4131	-0.2055
4132	-0.15375
4133	-0.1705
4134	-0.18575
4135	-0.13775
4136	-0.20825
4137	-0.162
4138	-0.18875
4139	-0.195
4140	-0.1655
4141	-0.19225
4142	-0.202
4143	-0.22425
4144	-0.21725
4145	-0.17525
4146	-0.18425
4147	-0.16475
4148	-0.20475
4149	-0.1645
4150	-0.13875
4151	-0.11375
4152	-0.10125
4153	-0.085
4154	-0.1125
4155	-0.0805
4156	-0.04575
4157	-0.0645
4158	-0.0600000000000001
4159	-0.0582499999999999
4160	-0.0655000000000001
4161	-0.04575
4162	-0.04925
4163	-0.052
4164	-0.093
4165	-0.08325
4166	-0.14475
4167	-0.11625
4168	-0.118
4169	-0.0975000000000001
4170	-0.101
4171	-0.1455
4172	-0.10525
4173	-0.17475
4174	-0.1535
4175	-0.1045
4176	-0.10725
4177	-0.0912500000000001
4178	-0.0735000000000001
4179	-0.0485
4180	-0.0269999999999999
4181	-0.0609999999999999
4182	-0.05125
4183	-0.0565
4184	-0.0680000000000001
4185	-0.0234999999999999
4186	-0.0109999999999999
4187	-0.01275
4188	-0.0269999999999999
4189	-0.0680000000000001
4190	-0.093
4191	-0.15175
4192	-0.1865
4193	-0.16425
4194	-0.11975
4195	-0.15275
4196	-0.15975
4197	-0.166
4198	-0.16425
4199	-0.2025
4200	-0.14725
4201	-0.19375
4202	-0.19375
4203	-0.2045
4204	-0.1805
4205	-0.169
4206	-0.161
4207	-0.12975
4208	-0.12525
4209	-0.1065
4210	-0.0975000000000001
4211	-0.10025
4212	-0.1555
4213	-0.192
4214	-0.2045
4215	-0.225
4216	-0.266
4217	-0.25425
4218	-0.289
4219	-0.31225
4220	-0.30075
4221	-0.356
4222	-0.39075
4223	-0.349
4224	-0.35525
4225	-0.341
4226	-0.3365
4227	-0.3115
4228	-0.307
4229	-0.331
4230	-0.3675
4231	-0.34875
4232	-0.3355
4233	-0.332
4234	-0.37125
4235	-0.3525
4236	-0.3525
4237	-0.3345
4238	-0.29875
4239	-0.29425
4240	-0.30675
4241	-0.28975
4242	-0.28975
4243	-0.31825
4244	-0.3165
4245	-0.31025
4246	-0.2995
4247	-0.32175
4248	-0.2825
4249	-0.254
4250	-0.253
4251	-0.2655
4252	-0.27975
4253	-0.30475
4254	-0.2665
4255	-0.25925
4256	-0.23075
4257	-0.22
4258	-0.2315
4259	-0.2635
4260	-0.2635
4261	-0.25725
4262	-0.243
4263	-0.2795
4264	-0.3125
4265	-0.276
4266	-0.29475
4267	-0.2885
4268	-0.26525
4269	-0.29725
4270	-0.25175
4271	-0.242
4272	-0.282
4273	-0.258
4274	-0.2955
4275	-0.31425
4276	-0.30975
4277	-0.34175
4278	-0.3275
4279	-0.315
4280	-0.32575
4281	-0.3525
4282	-0.3525
4283	-0.3685
4284	-0.357
4285	-0.357
4286	-0.32675
4287	-0.30275
4288	-0.30625
4289	-0.25375
4290	-0.26075
4291	-0.24925
4292	-0.26
4293	-0.2565
4294	-0.25475
4295	-0.27075
4296	-0.228
4297	-0.1835
4298	-0.196
4299	-0.20675
4300	-0.171
4301	-0.1745
4302	-0.162
4303	-0.15575
4304	-0.1815
4305	-0.12
4306	-0.11375
4307	-0.07725
4308	-0.0069999999999999
4309	0.01075
4310	0.0329999999999999
4311	0.0357499999999999
4312	0.00550000000000017
4313	0.00625000000000009
4314	0.0267500000000001
4315	0.0240000000000002
4316	0.0257500000000002
4317	0.0782500000000002
4318	0.0675000000000001
4319	0.0942500000000002
4320	0.0987500000000001
4321	0.0862500000000002
4322	0.0737500000000002
4323	0.0817500000000002
4324	0.0870000000000002
4325	0.0407500000000001
4326	0.0745
4327	0.0647500000000001
4328	0.0185
4329	0.00425000000000009
4330	-0.0162499999999999
4331	-0.04925
4332	-0.083
4333	-0.13375
4334	-0.108
4335	-0.10975
4336	-0.0902499999999999
4337	-0.10825
4338	-0.07525
4339	-0.12075
4340	-0.111
4341	-0.1155
4342	-0.12
4343	-0.16
4344	-0.249
4345	-0.24625
4346	-0.2525
4347	-0.25075
4348	-0.233
4349	-0.1955
4350	-0.2285
4351	-0.2115
4352	-0.1625
4353	-0.20875
4354	-0.19275
4355	-0.209
4356	-0.2625
4357	-0.24375
4358	-0.2535
4359	-0.26675
4360	-0.2595
4361	-0.272
4362	-0.28625
4363	-0.2435
4364	-0.24975
4365	-0.19275
4366	-0.19275
4367	-0.12325
4368	-0.0895000000000001
4369	-0.0707500000000001
4370	-0.0572499999999998
4371	-0.00649999999999995
4372	-0.04125
4373	-0.05
4374	-0.0527500000000001
4375	0.0195000000000001
4376	0.03725
4377	-0.0134999999999998
4378	-0.00724999999999976
4379	0.022
4380	0.06925
4381	0.06125
4382	0.0685000000000002
4383	0.0649999999999999
4384	0.1105
4385	0.0622500000000001
4386	0.0507500000000001
4387	0.0347500000000001
4388	0.0125000000000002
4389	-0.00974999999999993
4390	-0.0257499999999997
4391	0.0145
4392	0.0537500000000001
4393	0.05275
4394	0.0785
4395	0.0695
4396	0.0897500000000002
4397	0.15025
4398	0.15025
4399	0.12175
4400	0.15825
4401	0.1155
4402	0.1075
4403	0.0665
4404	0.014
4405	-0.028
4406	-0.0262499999999999
4407	-0.069
4408	-0.03775
4409	-0.05925
4410	-0.0449999999999999
4411	-0.0780000000000001
4412	-0.07975
4413	-0.0940000000000001
4414	-0.10025
4415	-0.109
4416	-0.101
4417	-0.0947499999999999
4418	-0.0627500000000001
4419	-0.05575
4420	-0.0825
4421	-0.0627500000000001
4422	-0.02
4423	-0.01475
4424	-0.01475
4425	0.0235000000000001
4426	0.0422500000000001
4427	0.0307500000000001
4428	0.0450000000000002
4429	0.0522500000000001
4430	0.0470000000000002
4431	0.0470000000000002
4432	-0.0089999999999999
4433	-0.0329999999999999
4434	-0.048
4435	-0.048
4436	-0.0640000000000001
4437	0.0117500000000001
4438	0.00374999999999992
4439	0.0197499999999999
4440	0.03225
4441	0.0715
4442	0.092
4443	0.12225
4444	0.108
4445	0.164
4446	0.1355
4447	0.15425
4448	0.1515
4449	0.16575
4450	0.14525
4451	0.16125
4452	0.0952499999999999
4453	0.0649999999999999
4454	0.0392499999999999
4455	0.04025
4456	0.0259999999999999
4457	0.04025
4458	-0.00425000000000009
4459	0.01625
4460	-0.0105000000000001
4461	-0.0282500000000001
4462	-0.02125
4463	-0.048
4464	-0.0274999999999999
4465	-0.0114999999999998
4466	-0.0354999999999999
4467	-0.0434999999999997
4468	0.0117500000000001
4469	0.04025
4470	0.0267500000000001
4471	0.0382500000000001
4472	0.056
4473	-0.0089999999999999
4474	0.0105
4475	0.0230000000000001
4476	-0.000249999999999861
4477	-0.00299999999999989
4478	-0.04125
4479	-0.0669999999999999
4480	-0.06525
4481	-0.07125
4482	-0.04175
4483	-0.04
4484	-0.0622499999999997
4485	0.0240000000000002
4486	0.0052500000000002
4487	-0.0329999999999999
4488	0.0302500000000003
4489	0.0195000000000001
4490	0.02925
4491	0.03725
4492	0.0202500000000001
4493	0.0505
4494	0.0425
4495	0.0345
4496	0.0390000000000001
4497	0.0390000000000001
4498	0.016
4499	-0.05175
4500	-0.0669999999999999
4501	-0.0714999999999999
4502	-0.134
4503	-0.0867500000000001
4504	-0.0884999999999998
4505	-0.10275
4506	-0.06525
4507	-0.0384999999999998
4508	-0.05
4509	-0.0660000000000001
4510	-0.05
4511	-0.06775
4512	-0.01525
4513	-0.0802499999999999
4514	-0.0819999999999999
4515	-0.0740000000000001
4516	-0.05525
4517	-0.0580000000000001
4518	-0.0874999999999999
4519	-0.1
4520	-0.14275
4521	-0.1765
4522	-0.189
4523	-0.17475
4524	-0.1755
4525	-0.138
4526	-0.17275
4527	-0.1745
4528	-0.16825
4529	-0.25375
4530	-0.23425
4531	-0.25125
4532	-0.24425
4533	-0.21575
4534	-0.21575
4535	-0.13375
4536	-0.1685
4537	-0.17475
4538	-0.1445
4539	-0.13475
4540	-0.15525
4541	-0.149
4542	-0.15625
4543	-0.182
4544	-0.2025
4545	-0.19
4546	-0.158
4547	-0.1305
4548	-0.16425
4549	-0.133
4550	-0.15975
4551	-0.10825
4552	-0.14125
4553	-0.127
4554	-0.1315
4555	-0.1315
4556	-0.15825
4557	-0.18675
4558	-0.18325
4559	-0.169
4560	-0.16375
4561	-0.15575
4562	-0.13625
4563	-0.155
4564	-0.123
4565	-0.0847499999999999
4566	-0.0802499999999999
4567	-0.0694999999999999
4568	-0.0952499999999998
4569	-0.12475
4570	-0.139
4571	-0.1105
4572	-0.0364999999999998
4573	-0.0587499999999999
4574	-0.0292499999999998
4575	-0.0594999999999999
4576	-0.0212499999999998
4577	-0.0417499999999997
4578	-0.0407499999999998
4579	-0.0514999999999999
4580	-0.0462499999999999
4581	-0.0427499999999998
4582	-0.0577499999999997
4583	-0.1165
4584	-0.11025
4585	-0.0354999999999999
4586	-0.0524999999999998
4587	-0.0719999999999998
4588	-0.0737499999999998
4589	-0.0399999999999998
4590	-0.0782499999999999
4591	-0.1005
4592	-0.0345
4593	-0.0674999999999999
4594	-0.054
4595	-0.0665
4596	-0.0549999999999999
4597	-0.0674999999999999
4598	-0.0692499999999998
4599	-0.0345
4600	-0.0727499999999999
4601	-0.07175
4602	-0.0700000000000001
4603	-0.05575
4604	0.00124999999999997
4605	0.036
4606	0.0600000000000001
4607	0.02525
4608	-0.00499999999999989
4609	-0.0129999999999999
4610	-0.00224999999999986
4611	-0.0175000000000001
4612	-0.0237499999999999
4613	-0.03975
4614	-0.054
4615	-0.0317499999999999
4616	-0.01925
4617	-0.046
4618	0.02075
4619	0.0839999999999999
4620	0.108
4621	0.042
4622	0.10175
4623	0.0589999999999999
4624	0.0642499999999999
4625	0.0242500000000001
4626	0.0642499999999999
4627	0.0864999999999998
4628	0.1185
4629	0.12475
4630	0.138
4631	0.1335
4632	0.13975
4633	0.1165
4634	0.11125
4635	0.0925
4636	0.0960000000000001
4637	0.0949999999999998
4638	0.12075
4639	0.17675
4640	0.12775
4641	0.0787500000000001
4642	0.093
4643	0.0537500000000002
4644	0.0155000000000001
4645	0.028
4646	-0.00675000000000003
4647	0.0137499999999999
4648	-0.0130000000000001
4649	0.0092500000000002
4650	0.02525
4651	0.0225
4652	0.0367500000000001
4653	0.052
4654	-0.00324999999999975
4655	-0.0105
4656	-0.0122500000000003
4657	0.00300000000000011
4658	-0.00150000000000028
4659	-0.00500000000000012
4660	0.02525
4661	0.0225
4662	0.0475000000000001
4663	0.0679999999999998
4664	0.0565
4665	0.0867499999999999
4666	0.0895000000000001
4667	0.0619999999999998
4668	0.0112500000000002
4669	0.0335000000000001
4670	0.0290000000000001
4671	0.0504999999999998
4672	0.0435000000000001
4673	0.0275000000000001
4674	-0.0135000000000001
4675	-0.1105
4676	-0.06775
4677	-0.0204999999999997
4678	-0.0302499999999999
4679	0.0232500000000002
4680	0.0542500000000001
4681	0.0845
4682	0.0942499999999999
4683	0.0837499999999998
4684	0.114
4685	0.10775
4686	0.1015
4687	0.0892499999999998
4688	0.0875000000000001
4689	0.0704999999999998
4690	0.0714999999999999
4691	0.0422500000000001
4692	0.028
4693	-0.0165
4694	-0.0102499999999999
4695	0.004
4696	0.000500000000000167
4697	0.00950000000000006
4698	0.0185
4699	-0.0349999999999999
4700	-0.06175
4701	-0.0225
4702	-0.02525
4703	-0.000249999999999861
4704	-0.00550000000000006
4705	-0.0197499999999997
4706	-0.018
4707	-0.0384999999999998
4708	-0.0189999999999999
4709	-0.00824999999999987
4710	0.0327500000000001
4711	0.02475
4712	-0.018
4713	0.038
4714	0.03525
4715	0.0235000000000001
4716	-0.00574999999999992
4717	-0.0502499999999999
4718	-0.0662499999999999
4719	-0.0912500000000001
4720	-0.12775
4721	-0.12325
4722	-0.13475
4723	-0.14375
4724	-0.1465
4725	-0.134
4726	-0.13225
4727	-0.134
4728	-0.14025
4729	-0.10825
4730	-0.10375
4731	-0.13325
4732	-0.119
4733	-0.14125
4734	-0.1475
4735	-0.1055
4736	-0.1055
4737	-0.14825
4738	-0.174
4739	-0.21775
4740	-0.1955
4741	-0.1465
4742	-0.13325
4743	-0.1075
4744	-0.1315
4745	-0.1325
4746	-0.144
4747	-0.1155
4748	-0.0842500000000002
4749	-0.18475
4750	-0.18825
4751	-0.20225
4752	-0.1515
4753	-0.15325
4754	-0.14875
4755	-0.14075
4756	-0.0987499999999999
4757	-0.12725
4758	-0.10675
4759	-0.089
4760	-0.0559999999999998
4761	-0.0114999999999998
4762	-0.04
4763	-0.024
4764	-0.00974999999999993
4765	-0.0122499999999999
4766	-0.0265000000000001
4767	0.0207499999999999
4768	0.0127500000000002
4769	-0.00775000000000003
4770	-0.04875
4771	-0.0640000000000001
4772	-0.0535000000000001
4773	-0.0535000000000001
4774	-0.0409999999999999
4775	-0.00624999999999987
4776	-0.01525
4777	-0.04375
4778	-0.0525
4779	-0.097
4780	-0.10325
4781	-0.112
4782	-0.16025
4783	-0.16025
4784	-0.16825
4785	-0.1415
4786	-0.1175
4787	-0.0980000000000001
4788	-0.11575
4789	-0.0952500000000001
4790	-0.0775000000000001
4791	-0.0997499999999998
4792	-0.1435
4793	-0.14975
4794	-0.19175
4795	-0.20775
4796	-0.28975
4797	-0.32175
4798	-0.25325
4799	-0.21675
4800	-0.24525
4801	-0.23825
4802	-0.21775
4803	-0.25425
4804	-0.28725
4805	-0.265
4806	-0.27475
4807	-0.2535
4808	-0.2445
4809	-0.27575
4810	-0.24475
4811	-0.23575
4812	-0.23125
4813	-0.2455
4814	-0.20725
4815	-0.17075
4816	-0.19575
4817	-0.20925
4818	-0.20025
4819	-0.21625
4820	-0.26175
4821	-0.252
4822	-0.25825
4823	-0.28225
4824	-0.3375
4825	-0.34025
4826	-0.38125
4827	-0.3555
4828	-0.32775
4829	-0.29925
4830	-0.275
4831	-0.2785
4832	-0.22325
4833	-0.225
4834	-0.257
4835	-0.30775
4836	-0.30775
4837	-0.28725
4838	-0.3095
4839	-0.305
4840	-0.31025
4841	-0.31825
4842	-0.31025
4843	-0.32075
4844	-0.34825
4845	-0.29025
4846	-0.3115
4847	-0.31325
4848	-0.33725
4849	-0.31225
4850	-0.363
4851	-0.35575
4852	-0.312
4853	-0.287
4854	-0.286
4855	-0.2745
4856	-0.22725
4857	-0.2085
4858	-0.25025
4859	-0.23325
4860	-0.20475
4861	-0.1985
4862	-0.1655
4863	-0.15125
4864	-0.178
4865	-0.19225
4866	-0.18175
4867	-0.1675
4868	-0.18075
4869	-0.1835
4870	-0.21375
4871	-0.20125
4872	-0.15675
4873	-0.1585
4874	-0.14525
4875	-0.139
4876	-0.148
4877	-0.14625
4878	-0.1355
4879	-0.14175
4880	-0.10625
4881	-0.12225
4882	-0.15075
4883	-0.11525
4884	-0.0672499999999999
4885	-0.07525
4886	-0.0502499999999999
4887	-0.0405
4888	-0.0369999999999998
4889	-0.0255000000000001
4890	-0.0380000000000001
4891	-0.021
4892	-0.00675000000000003
4893	-0.0460000000000002
4894	-0.0434999999999997
4895	-0.0587500000000001
4896	-0.0507499999999999
4897	-0.0649999999999999
4898	-0.0347500000000001
4899	-0.0649999999999999
4900	-0.0962499999999999
4901	-0.1105
4902	-0.13625
4903	-0.13
4904	-0.11675
4905	-0.15325
4906	-0.14525
4907	-0.15775
4908	-0.23975
4909	-0.28425
4910	-0.29575
4911	-0.3065
4912	-0.26725
4913	-0.269
4914	-0.26825
4915	-0.28975
4916	-0.31725
4917	-0.336
4918	-0.31825
4919	-0.32625
4920	-0.31825
4921	-0.35575
4922	-0.36375
4923	-0.34875
4924	-0.33
4925	-0.30775
4926	-0.28025
4927	-0.29725
4928	-0.34725
4929	-0.30725
4930	-0.3
4931	-0.30975
4932	-0.26525
4933	-0.2385
4934	-0.30175
4935	-0.27325
4936	-0.2135
4937	-0.1735
4938	-0.1735
4939	-0.13
4940	-0.09975
4941	-0.081
4942	-0.11575
4943	-0.0739999999999998
4944	0.00625000000000031
4945	0.0462500000000001
4946	0.0435000000000001
4947	0.08525
4948	0.10125
4949	0.136
4950	0.1405
4951	0.21175
4952	0.24475
4953	0.31575
4954	0.33
4955	0.25875
4956	0.2375
4957	0.24825
4958	0.21875
4959	0.17775
4960	0.14825
4961	0.126
4962	0.135
4963	0.151
4964	0.20625
4965	0.17775
4966	0.183
4967	0.26125
4968	0.206
4969	0.22025
4970	0.23625
4971	0.20325
4972	0.213
4973	0.1765
4974	0.19075
4975	0.1445
4976	0.10625
4977	0.10175
4978	0.1115
4979	0.0982499999999997
4980	0.11425
4981	0.0999999999999999
4982	0.099
4983	0.1045
4984	0.0447500000000001
4985	0.0134999999999998
4986	0.0179999999999998
4987	0.0367500000000001
4988	0.0482499999999999
4989	0.0199999999999998
4990	0.0359999999999998
4991	0.0707500000000001
4992	0.0600000000000001
4993	0.0652500000000003
4994	0.0965000000000003
4995	0.0314999999999999
4996	0.06725
4997	0.07175
4998	0.06725
4999	0.0522499999999999
5000	0.0327500000000001
5001	0.02475
5002	0.024
5003	-0.0257499999999997
5004	-0.0399999999999998
5005	-0.073
5006	-0.0319999999999998
5007	-0.0559999999999998
5008	-0.10675
5009	-0.121
5010	-0.15125
5011	-0.15475
5012	-0.177
5013	-0.1565
5014	-0.0799999999999998
5015	-0.104
5016	-0.13425
5017	-0.2155
5018	-0.23225
5019	-0.25275
5020	-0.2055
5021	-0.15925
5022	-0.20475
5023	-0.2635
5024	-0.29825
5025	-0.333
5026	-0.37025
5027	-0.3595
5028	-0.31325
5029	-0.26875
5030	-0.2865
5031	-0.21425
5032	-0.22325
5033	-0.251
5034	-0.26525
5035	-0.3055
5036	-0.326
5037	-0.34375
5038	-0.39025
5039	-0.392
5040	-0.367
5041	-0.3635
5042	-0.34925
5043	-0.32875
5044	-0.3315
5045	-0.32275
5046	-0.29425
5047	-0.2765
5048	-0.28625
5049	-0.30425
5050	-0.36025
5051	-0.34425
5052	-0.3505
5053	-0.27025
5054	-0.25875
5055	-0.3105
5056	-0.3435
5057	-0.35675
5058	-0.274
5059	-0.28025
5060	-0.2455
5061	-0.28825
5062	-0.30175
5063	-0.301
5064	-0.34725
5065	-0.39
5066	-0.39725
5067	-0.4275
5068	-0.42925
5069	-0.45225
5070	-0.4495
5071	-0.41825
5072	-0.40225
5073	-0.40675
5074	-0.34775
5075	-0.33175
5076	-0.322
5077	-0.35225
5078	-0.3835
5079	-0.36125
5080	-0.314
5081	-0.329
5082	-0.3335
5083	-0.3165
5084	-0.263
5085	-0.25125
5086	-0.22275
5087	-0.20675
5088	-0.2495
5089	-0.25825
5090	-0.26625
5091	-0.259
5092	-0.22775
5093	-0.2535
5094	-0.29875
5095	-0.2525
5096	-0.29625
5097	-0.2285
5098	-0.16875
5099	-0.182
5100	-0.17225
5101	-0.11425
5102	-0.108
5103	-0.101
5104	-0.11975
5105	-0.101
5106	-0.08775
5107	-0.09575
5108	-0.0975000000000001
5109	-0.036
5110	-0.0209999999999999
5111	-0.046
5112	-0.0415000000000001
5113	-0.01475
5114	-0.0467500000000001
5115	-0.0405
5116	-0.0565
5117	-0.0307500000000001
5118	-0.0342499999999999
5119	-0.0922500000000002
5120	-0.0647499999999999
5121	-0.0772499999999998
5122	-0.1485
5123	-0.202
5124	-0.1985
5125	-0.187
5126	-0.1915
5127	-0.19425
5128	-0.19775
5129	-0.188
5130	-0.19525
5131	-0.23975
5132	-0.205
5133	-0.2745
5134	-0.3155
5135	-0.32625
5136	-0.327
5137	-0.33675
5138	-0.33225
5139	-0.32775
5140	-0.36075
5141	-0.33675
5142	-0.37675
5143	-0.366
5144	-0.4195
5145	-0.464
5146	-0.4915
5147	-0.487
5148	-0.52975
5149	-0.495
5150	-0.45675
5151	-0.447
5152	-0.4595
5153	-0.46475
5154	-0.44525
5155	-0.42025
5156	-0.4755
5157	-0.44875
5158	-0.40775
5159	-0.40675
5160	-0.3835
5161	-0.412
5162	-0.3665
5163	-0.3505
5164	-0.35775
5165	-0.35425
5166	-0.3675
5167	-0.35325
5168	-0.33975
5169	-0.27475
5170	-0.2605
5171	-0.22225
5172	-0.2375
5173	-0.258
5174	-0.27325
5175	-0.26875
5176	-0.24025
5177	-0.27225
5178	-0.242
5179	-0.1895
5180	-0.1895
5181	-0.162
5182	-0.0722500000000001
5183	-0.0652499999999998
5184	-0.0297500000000002
5185	-0.0529999999999999
5186	-0.0672499999999998
5187	-0.09575
5188	-0.0630000000000004
5189	-0.0702500000000001
5190	-0.1095
5191	-0.10325
5192	-0.113
5193	-0.163
5194	-0.171
5195	-0.12475
5196	-0.12475
5197	-0.0909999999999997
5198	-0.10525
5199	-0.0962500000000002
5200	-0.10875
5201	-0.0875000000000001
5202	-0.07775
5203	-0.101
5204	-0.14025
5205	-0.0905
5206	-0.12175
5207	-0.11375
5208	-0.112
5209	-0.129
5210	-0.04525
5211	-0.0177500000000002
5212	0.0117500000000001
5213	0.0357499999999999
5214	0.0125000000000002
5215	-0.0267500000000001
5216	-0.01075
5217	-0.0427500000000001
5218	-0.1265
5219	-0.089
5220	-0.0817500000000002
5221	-0.112
5222	-0.0977500000000002
5223	-0.13075
5224	-0.1395
5225	-0.13575
5226	-0.0787500000000001
5227	-0.0672499999999996
5228	-0.0450000000000002
5229	-0.0109999999999997
5230	-0.02075
5231	-0.00825000000000031
5232	0.00250000000000017
5233	0.0355000000000001
5234	0.0185000000000002
5235	0.0227499999999998
5236	0.0877499999999998
5237	0.095
5238	0.12975
5239	0.1575
5240	0.14675
5241	0.137
5242	0.14675
5243	0.129
5244	0.161
5245	0.2215
5246	0.1245
5247	0.10225
5248	0.0932499999999998
5249	0.0905000000000002
5250	0.21775
5251	0.207
5252	0.2195
5253	0.22925
5254	0.2835
5255	0.20775
5256	0.17475
5257	0.20525
5258	0.24975
5259	0.354
5260	0.30675
5261	0.368
5262	0.368
5263	0.33325
5264	0.42025
5265	0.43975
5266	0.4005
5267	0.36125
5268	0.3415
5269	0.25875
5270	0.27925
5271	0.298
5272	0.2685
5273	0.2685
5274	0.26475
5275	0.22
5276	0.196
5277	0.17375
5278	0.1695
5279	0.20225
5280	0.196
5281	0.1685
5282	0.24325
5283	0.2735
5284	0.25575
5285	0.23625
5286	0.1065
5287	0.14225
5288	0.161
5289	0.154
5290	0.0865
5291	0.0865
5292	0.156
5293	0.20925
5294	0.138
5295	0.10225
5296	0.13625
5297	0.0615000000000001
5298	0.0409999999999999
5299	0.0570000000000002
5300	-0.0282500000000001
5301	-0.0487499999999998
5302	0.00649999999999995
5303	0.0207500000000003
5304	-0.0157499999999999
5305	0.0135000000000001
5306	0.01875
5307	-0.0230000000000001
5308	-0.0317499999999999
5309	-0.0345
5310	-0.0557499999999997
5311	0.0165
5312	0.0217500000000002
5313	0.0405
5314	0.052
5315	0.0335000000000001
5316	0.054
5317	0.0175000000000001
5318	-0.0582499999999999
5319	-0.1125
5320	-0.0982499999999997
5321	-0.09575
5322	-0.10025
5323	-0.119
5324	-0.0994999999999997
5325	-0.11125
5326	-0.138
5327	-0.1425
5328	-0.1745
5329	-0.1835
5330	-0.13975
5331	-0.202
5332	-0.20025
5333	-0.129
5334	-0.1165
5335	-0.128
5336	-0.0684999999999998
5337	-0.0614999999999999
5338	-0.0767499999999999
5339	-0.0802500000000002
5340	0.000750000000000473
5341	0.0257500000000004
5342	0.0125000000000002
5343	0.00350000000000028
5344	0.0782499999999997
5345	0.04175
5346	0.0202500000000001
5347	-0.0429999999999997
5348	-0.0527499999999999
5349	-0.0794999999999999
5350	-0.0482500000000001
5351	-0.0527499999999999
5352	-0.0419999999999998
5353	-0.0145000000000002
5354	0.0407500000000001
5355	0.0585
5356	0.0574999999999999
5357	0.0637499999999998
5358	0.0734999999999999
5359	0.085
5360	0.00300000000000011
5361	0.0405000000000002
5362	0.069
5363	0.16425
5364	0.1835
5365	0.18
5366	0.19325
5367	0.202
5368	0.19475
5369	0.15375
5370	0.143
5371	0.192
5372	0.127
5373	0.14325
5374	0.119250000000001
5375	0.12975
5376	0.148500000000001
5377	0.09775
5378	0.10575
5379	0.13975
5380	0.0542499999999999
5381	0.1015
5382	0.1595
5383	0.2155
5384	0.27525
5385	0.23325
5386	0.2125
5387	0.22575
5388	0.1865
5389	0.1865
5390	0.13575
5391	0.1215
5392	0.20525
5393	0.26325
5394	0.32375
5395	0.323
5396	0.381
5397	0.41025
5398	0.37725
5399	0.30875
5400	0.31875
5401	0.3125
5402	0.2885
5403	0.304750000000001
5404	0.36175
5405	0.3715
5406	0.416
5407	0.3625
5408	0.32075
5409	0.31625
5410	0.34125
5411	0.328
5412	0.304
5413	0.32275
5414	0.319
5415	0.35
5416	0.36075
5417	0.351
5418	0.32975
5419	0.32625
5420	0.343
5421	0.35475
5422	0.33625
5423	0.315
5424	0.30075
5425	0.2785
5426	0.33275
5427	0.3585
5428	0.3015
5429	0.23025
5430	0.15475
5431	0.18675
5432	0.233
5433	0.20375
5434	0.29725
5435	0.3265
5436	0.3335
5437	0.354
5438	0.37625
5439	0.42425
5440	0.403
5441	0.37375
5442	0.32925
5443	0.36575
5444	0.437
5445	0.43175
5446	0.498500000000001
5447	0.53675
5448	0.53675
5449	0.5465
5450	0.54575
5451	0.5405
5452	0.51275
5453	0.494
5454	0.525
5455	0.4895
5456	0.48875
5457	0.5065
5458	0.4895
5459	0.452
5460	0.469
5461	0.4645
5462	0.40125
5463	0.3915
5464	0.36925
5465	0.3585
5466	0.43775
5467	0.39775
5468	0.339
5469	0.37725
5470	0.355
5471	0.307
5472	0.275
5473	0.227
5474	0.2075
5475	0.17725
5476	0.18525
5477	0.17525
5478	0.162
5479	0.12725
5480	0.12725
5481	0.1065
5482	0.0227500000000003
5483	0.00849999999999995
5484	0.0137500000000002
5485	0.0092500000000002
5486	0.0280000000000002
5487	0.0582499999999999
5488	0.0985
5489	0.0922499999999999
5490	0.0932499999999998
5491	0.103
5492	0.103
5493	0.0790000000000002
5494	0.101
5495	0.1305
5496	0.15725
5497	0.159
5498	0.23375
5499	0.2525
5500	0.2605
5501	0.3015
5502	0.2925
5503	0.28525
5504	0.32625
5505	0.304
5506	0.31375
5507	0.336000000000001
5508	0.32975
5509	0.2825
5510	0.2735
5511	0.253
5512	0.27875
5513	0.28075
5514	0.29225
5515	0.34925
5516	0.304750000000001
5517	0.337
5518	0.362
5519	0.339
5520	0.3275
5521	0.34175
5522	0.2945
5523	0.258
5524	0.19825
5525	0.23025
5526	0.2
5527	0.2025
5528	0.16225
5529	0.156
5530	0.0794999999999997
5531	0.0642499999999999
5532	0.0712500000000005
5533	0.1185
5534	0.1115
5535	0.1035
5536	0.125
5537	0.1035
5538	0.0972499999999998
5539	0.11775
5540	0.0972499999999998
5541	0.0704999999999998
5542	0.0402500000000001
5543	0.0635000000000001
5544	0.0804999999999998
5545	0.12325
5546	0.1
5547	0.1525
5548	0.17475
5549	0.1345
5550	0.104
5551	0.0755000000000006
5552	0.0432500000000002
5553	0.0165
5554	0.00575000000000037
5555	0.03325
5556	0.0144999999999997
5557	0.0190000000000001
5558	0.0422500000000003
5559	0.0217499999999999
5560	0.0412500000000002
5561	-0.0157500000000002
5562	0.00825000000000009
5563	-0.0300000000000002
5564	-0.0637499999999998
5565	-0.0664999999999998
5566	0.0360000000000003
5567	-0.004
5568	-0.0467500000000001
5569	-0.0387499999999998
5570	-0.05125
5571	-0.0227499999999998
5572	-0.0504999999999998
5573	-0.0557499999999995
5574	-0.0922499999999999
5575	-0.0869999999999993
5576	-0.0585
5577	-0.0567500000000001
5578	-0.0602499999999999
5579	-0.0532500000000002
5580	-0.0852499999999998
5581	-0.09775
5582	-0.0807499999999999
5583	-0.0487500000000003
5584	-0.128
5585	-0.0619999999999998
5586	0.0175000000000001
5587	-0.0429999999999999
5588	-0.0249999999999999
5589	0.0257500000000002
5590	0.0685
5591	0.0775000000000001
5592	0.0427499999999998
5593	0.0170000000000001
5594	0.0205
5595	-0.0205
5596	0.0517499999999997
5597	0.12925
5598	0.0962500000000004
5599	0.17475
5600	0.278
5601	0.31275
5602	0.27725
5603	0.327
5604	0.359
5605	0.3795
5606	0.343
5607	0.31525
5608	0.31875
5609	0.3685
5610	0.348000000000001
5611	0.31525
5612	0.3055
5613	0.304750000000001
5614	0.30825
5615	0.294
5616	0.286
5617	0.351
5618	0.3385
5619	0.2485
5620	0.261
5621	0.269
5622	0.196
5623	0.24675
5624	0.2815
5625	0.26725
5626	0.244
5627	0.22525
5628	0.268
5629	0.25825
5630	0.2475
5631	0.267
5632	0.20025
5633	0.122
5634	0.1095
5635	0.0685
5636	-0.0135000000000001
5637	-0.0170000000000001
5638	-0.0197500000000002
5639	-0.0215000000000001
5640	0.0122499999999999
5641	0.03975
5642	0.0637499999999998
5643	0.0630000000000004
5644	0.0737500000000002
5645	0.0205
5646	0.01875
5647	0.00100000000000056
5648	-0.02125
5649	0.00350000000000006
5650	0.00250000000000039
5651	0.0710000000000002
5652	0.0637499999999998
5653	0.0289999999999999
5654	0.054
5655	0.0505000000000004
5656	0.0425000000000002
5657	0.06125
5658	0.11725
5659	0.0985000000000005
5660	0.1635
5661	0.13575
5662	0.1145
5663	0.0807499999999999
5664	0.06125
5665	0.103
5666	0.09775
5667	0.0890000000000004
5668	0.0737500000000002
5669	0.11375
5670	0.11475
5671	0.15475
5672	0.20925
5673	0.19675
5674	0.17625
5675	0.21725
5676	0.1765
5677	0.0777500000000002
5678	0.0929999999999997
5679	0.10725
5680	0.10725
5681	0.11325
5682	0.163
5683	0.17175
5684	0.1655
5685	0.18425
5686	0.13525
5687	0.0142499999999997
5688	0.0622499999999997
5689	0.02925
5690	0.0870000000000002
5691	0.16375
5692	0.195
5693	0.0630000000000004
5694	0.0462500000000001
5695	0.0792500000000003
5696	0.0285
5697	0.0447500000000001
5698	0.0732499999999998
5699	0.0989999999999998
5700	0.0802499999999999
5701	0.0952500000000003
5702	0.104
5703	0.148500000000001
5704	0.218
5705	0.194
5706	0.19475
5707	0.1655
5708	0.1975
5709	0.167250000000001
5710	0.21625
5711	0.18325
5712	0.14125
5713	0.1305
5714	0.11975
5715	0.1215
5716	0.1125
5717	0.109
5718	0.12425
5719	0.1385
5720	0.1305
5721	0.12775
5722	0.17425
5723	0.19475
5724	0.121
5725	0.14425
5726	0.0784999999999998
5727	0.01875
5728	0.0222499999999997
5729	0.1755
5730	0.20925
5731	0.17
5732	0.15925
5733	0.145
5734	0.1565
5735	0.0967499999999994
5736	0.1795
5737	0.17075
5738	0.2385
5739	0.194
5740	0.137
5741	0.1895
5742	0.1665
5743	0.1895
5744	0.16025
5745	0.2465
5746	0.2065
5747	0.2145
5748	0.236
5749	0.252
5750	0.1985
5751	0.20125
5752	0.21475
5753	0.2665
5754	0.2085
5755	0.1595
5756	0.1675
5757	0.14625
5758	0.173
5759	0.21575
5760	0.303
5761	0.271
5762	0.28525
5763	0.26475
5764	0.239
5765	0.22125
5766	0.16075
5767	0.207
5768	0.168
5769	0.16975
5770	0.144
5771	0.21875
5772	0.21875
5773	0.2
5774	0.12175
5775	0.16625
5776	0.18775
5777	0.20475
5778	0.2865
5779	0.292
5780	0.2465
5781	0.20925
5782	0.24575
5783	0.261
5784	0.301
5785	0.33325
5786	0.39125
5787	0.3965
5788	0.41075
5789	0.343
5790	0.38225
5791	0.459
5792	0.53375
5793	0.53475
5794	0.52925
5795	0.4785
5796	0.44375
5797	0.52025
5798	0.50775
5799	0.53175
5800	0.57975
5801	0.554
5802	0.58425
5803	0.56125
5804	0.55125
5805	0.577
5806	0.55375
5807	0.50575
5808	0.423
5809	0.45775
5810	0.48175
5811	0.45775
5812	0.464
5813	0.41325
5814	0.385
5815	0.3235
5816	0.29775
5817	0.304
5818	0.27825
5819	0.2755
5820	0.231
5821	0.27625
5822	0.2745
5823	0.3155
5824	0.29675
5825	0.31375
5826	0.30575
5827	0.295
5828	0.21125
5829	0.19775
5830	0.213
5831	0.262
5832	0.26825
5833	0.27175
5834	0.2825
5835	0.2755
5836	0.2195
5837	0.21575
5838	0.22725
5839	0.25125
5840	0.295
5841	0.29775
5842	0.32275
5843	0.33875
5844	0.434
5845	0.368
5846	0.3805
5847	0.401
5848	0.38675
5849	0.401
5850	0.36
5851	0.40375
5852	0.42875
5853	0.4555
5854	0.47425
5855	0.44325
5856	0.4595
5857	0.3805
5858	0.377
5859	0.31575
5860	0.33375
5861	0.33825
5862	0.31525
5863	0.31
5864	0.3235
5865	0.32725
5866	0.346
5867	0.346
5868	0.3265
5869	0.3035
5870	0.29725
5871	0.30975
5872	0.332
5873	0.30275
5874	0.2965
5875	0.253
5876	0.294
5877	0.32425
5878	0.33675
5879	0.34125
5880	0.28525
5881	0.30775
5882	0.32025
5883	0.2445
5884	0.296
5885	0.27725
5886	0.28425
5887	0.24675
5888	0.22075
5889	0.1975
5890	0.2125
5891	0.191
5892	0.22825
5893	0.24775
5894	0.25125
5895	0.2565
5896	0.2555
5897	0.32125
5898	0.371
5899	0.39675
5900	0.43325
5901	0.43125
5902	0.33775
5903	0.3315
5904	0.384
5905	0.376
5906	0.33775
5907	0.30025
5908	0.26375
5909	0.30825
5910	0.33325
5911	0.3865
5912	0.35875
5913	0.349
5914	0.31775
5915	0.33925
5916	0.397
5917	0.437
5918	0.484
5919	0.6015
5920	0.58725
5921	0.621
5922	0.67
5923	0.703
5924	0.7495
5925	0.7175
5926	0.698
5927	0.756
5928	0.732
5929	0.78
5930	0.787
5931	0.8065
5932	0.78425
5933	0.73
5934	0.76025
5935	0.71575
5936	0.69325
5937	0.72175
5938	0.7715
5939	0.74575
5940	0.711
5941	0.743
5942	0.78125
5943	0.849
5944	0.93525
5945	0.895
5946	0.8335
5947	0.87
5948	0.8665
5949	0.853
5950	0.88425
5951	0.886
5952	0.8425
5953	0.79625
5954	0.70025
5955	0.64675
5956	0.6335
5957	0.58825
5958	0.566
5959	0.53575
5960	0.51875
5961	0.54625
5962	0.539
5963	0.49625
5964	0.47125
5965	0.42575
5966	0.488000000000001
5967	0.47025
5968	0.4685
5969	0.4525
5970	0.3875
5971	0.424
5972	0.36625
5973	0.39375
5974	0.35275
5975	0.375
5976	0.391
5977	0.39
5978	0.3775
5979	0.3685
5980	0.31525
5981	0.32875
5982	0.32425
5983	0.31
5984	0.2315
5985	0.196
5986	0.1595
5987	0.188
5988	0.163
5989	0.1585
5990	0.2075
5991	0.21475
5992	0.1515
5993	0.1265
5994	0.0962500000000002
5995	0.0927500000000003
5996	0.1
5997	0.0610000000000002
5998	0.0647500000000001
5999	0.0630000000000002
6000	0.0337499999999999
6001	0.0322499999999999
6002	-0.0405
6003	-0.0537500000000002
6004	-0.0607499999999999
6005	-0.0614999999999999
6006	-0.0514999999999999
6007	-0.0914999999999999
6008	-0.07175
6009	-0.1115
6010	-0.10325
6011	-0.1085
6012	-0.12975
6013	-0.174
6014	-0.17475
6015	-0.219
6016	-0.21625
6017	-0.22675
6018	-0.19975
6019	-0.26275
6020	-0.20275
6021	-0.1795
6022	-0.1865
6023	-0.2345
6024	-0.22275
6025	-0.20925
6026	-0.235
6027	-0.24375
6028	-0.20975
6029	-0.15975
6030	-0.14
6031	-0.12125
6032	-0.123
6033	-0.106
6034	-0.1095
6035	-0.09425
6036	-0.063
6037	-0.0505
6038	-0.05225
6039	-0.046
6040	-0.0415
6041	-0.04325
6042	-0.045
6043	-0.0325
6044	-0.00125
