3	0.00400000000000002
4	0.00924999999999999
5	0.051
6	0.10075
7	0.12825
8	0.10325
9	0.1005
10	0.08175
11	0.10475
12	0.158
13	0.1775
14	0.1765
15	0.21825
16	0.24125
17	0.23675
18	0.26425
19	0.265
20	0.28
21	0.304
22	0.32525
23	0.36075
24	0.3625
25	0.35525
26	0.37025
27	0.4075
28	0.39675
29	0.402
30	0.38675
31	0.384
32	0.4195
33	0.4265
34	0.4505
35	0.47
36	0.4665
37	0.503
38	0.4745
39	0.50125
40	0.487
41	0.446
42	0.405
43	0.40325
44	0.42725
45	0.43975
46	0.48425
47	0.4665
48	0.4185
49	0.38375
50	0.39
51	0.358
52	0.32425
53	0.3305
54	0.278
55	0.31525
56	0.334
57	0.31875
58	0.27775
59	0.25725
60	0.2705
61	0.28475
62	0.2705
63	0.2225
64	0.25275
65	0.259
66	0.275
67	0.282
68	0.274
69	0.27225
70	0.25525
71	0.2295
72	0.23575
73	0.18675
74	0.16925
75	0.1635
76	0.1705
77	0.15275
78	0.14575
79	0.1545
80	0.14475
81	0.17575
82	0.1535
83	0.19625
84	0.19175
85	0.2345
86	0.2505
87	0.27625
88	0.29225
89	0.31175
90	0.293
91	0.28325
92	0.25125
93	0.2585
94	0.2835
95	0.288
96	0.26225
97	0.313
98	0.288
99	0.3325
100	0.30125
101	0.303
102	0.29675
103	0.2915
104	0.312
105	0.32625
106	0.3165
107	0.3325
108	0.3725
109	0.39125
110	0.385
111	0.426
112	0.4395
113	0.43675
114	0.45275
115	0.42875
116	0.44925
117	0.45825
118	0.419
119	0.37
120	0.3905
121	0.435
122	0.403
123	0.36475
124	0.37725
125	0.36125
126	0.4245
127	0.4175
128	0.43
129	0.43175
130	0.42825
131	0.40775
132	0.43175
133	0.44775
134	0.44875
135	0.44075
136	0.44975
137	0.47025
138	0.465
139	0.474
140	0.434
141	0.3815
142	0.39575
143	0.38775
144	0.346
145	0.33
146	0.3425
147	0.33275
148	0.35325
149	0.37825
150	0.39425
151	0.42725
152	0.3925
153	0.3525
154	0.37925
155	0.39625
156	0.3625
157	0.3065
158	0.34825
159	0.3465
160	0.334
161	0.36075
162	0.3945
163	0.38825
164	0.3535
165	0.34275
166	0.37025
167	0.397
168	0.38725
169	0.29825
170	0.317
171	0.309
172	0.27775
173	0.25375
174	0.2465
175	0.2295
176	0.24725
177	0.26325
178	0.281
179	0.2605
180	0.24975
181	0.24975
182	0.27475
183	0.2845
184	0.27825
185	0.256
186	0.22125
187	0.223
188	0.28
189	0.27825
190	0.305
191	0.30675
192	0.37425
193	0.3225
194	0.29675
195	0.28875
196	0.319
197	0.28875
198	0.279
199	0.29325
200	0.311
201	0.28075
202	0.23
203	0.23
204	0.214
205	0.26125
206	0.255
207	0.25675
208	0.304
209	0.28975
210	0.2845
211	0.2925
212	0.305
213	0.345
214	0.337
215	0.3565
216	0.3645
217	0.3315
218	0.319
219	0.279
220	0.24875
221	0.26125
222	0.28975
223	0.26125
224	0.2275
225	0.207
226	0.1865
227	0.182
228	0.135
229	0.21075
230	0.23475
231	0.25075
232	0.21875
233	0.25875
234	0.241
235	0.27475
236	0.2855
237	0.3345
238	0.37375
239	0.347
240	0.355
241	0.3345
242	0.322
243	0.30775
244	0.29525
245	0.2605
246	0.3005
247	0.3255
248	0.29525
249	0.29525
250	0.30325
251	0.30875
252	0.32925
253	0.3685
254	0.35875
255	0.348
256	0.35425
257	0.34975
258	0.3435
259	0.364
260	0.3515
261	0.388
262	0.40125
263	0.38075
264	0.329
265	0.287
266	0.28525
267	0.27275
268	0.2575
269	0.22375
270	0.1695
271	0.14825
272	0.134
273	0.1055
274	0.0930000000000001
275	0.1375
276	0.1615
277	0.15975
278	0.15
279	0.14025
280	0.14925
281	0.16625
282	0.14675
283	0.10575
284	0.06925
285	0.07725
286	0.0577500000000001
287	0.0657500000000001
288	0.0612500000000001
289	0.0647500000000001
290	0.0727500000000001
291	0.11375
292	0.112
293	0.0977500000000001
294	0.0800000000000002
295	0.0685000000000001
296	0.06675
297	0.05875
298	0.05975
299	0.042
300	0.06875
301	0.08675
302	0.0645
303	0.053
304	0.0745
305	0.135
306	0.14475
307	0.16075
308	0.15
309	0.15275
310	0.15725
311	0.13325
312	0.10475
313	0.102
314	0.11975
315	0.12675
316	0.141
317	0.13125
318	0.12675
319	0.1115
320	0.16675
321	0.12675
322	0.12225
323	0.1365
324	0.116
325	0.1045
326	0.124
327	0.108
328	0.0830000000000001
329	0.124
330	0.16225
331	0.1515
332	0.163
333	0.1505
334	0.1425
335	0.1505
336	0.17
337	0.17975
338	0.178
339	0.20825
340	0.23225
341	0.21625
342	0.20825
343	0.15125
344	0.1495
345	0.20725
346	0.176
347	0.159
348	0.15375
349	0.18675
350	0.177
351	0.17525
352	0.2205
353	0.2525
354	0.28275
355	0.339
356	0.3185
357	0.29975
358	0.32375
359	0.329
360	0.33625
361	0.3505
362	0.34975
363	0.339
364	0.38
365	0.34075
366	0.355
367	0.35325
368	0.3915
369	0.41375
370	0.40575
371	0.403
372	0.4245
373	0.42175
374	0.42975
375	0.40825
376	0.378
377	0.35575
378	0.33875
379	0.37075
380	0.401
381	0.34675
382	0.402
383	0.38875
384	0.40025
385	0.3895
386	0.39575
387	0.42075
388	0.3585
389	0.32375
390	0.33
391	0.37625
392	0.43225
393	0.45275
394	0.42075
395	0.3825
396	0.3665
397	0.37075
398	0.35375
399	0.33775
400	0.35375
401	0.401
402	0.361
403	0.34675
404	0.3005
405	0.3005
406	0.33075
407	0.37
408	0.3495
409	0.35225
410	0.35225
411	0.35775
412	0.3275
413	0.32125
414	0.35425
415	0.36675
416	0.40325
417	0.40775
418	0.37125
419	0.39175
420	0.37225
421	0.37325
422	0.42575
423	0.4115
424	0.408
425	0.42675
426	0.3885
427	0.34575
428	0.296
429	0.312
430	0.336
431	0.36625
432	0.368
433	0.35925
434	0.38325
435	0.41075
436	0.36175
437	0.33325
438	0.359
439	0.375
440	0.383
441	0.37675
442	0.35
443	0.33125
444	0.38725
445	0.37125
446	0.3775
447	0.4015
448	0.42725
449	0.43975
450	0.44325
451	0.43075
452	0.34075
453	0.3425
454	0.35675
455	0.3745
456	0.37175
457	0.353
458	0.32625
459	0.3325
460	0.3885
461	0.4
462	0.40975
463	0.3875
464	0.3875
465	0.3875
466	0.359
467	0.34125
468	0.35375
469	0.3645
470	0.3485
471	0.3575
472	0.378
473	0.37175
474	0.36375
475	0.354
476	0.3905
477	0.3665
478	0.38875
479	0.3585
480	0.30075
481	0.307
482	0.28825
483	0.2775
484	0.27575
485	0.25525
486	0.258
487	0.2785
488	0.28925
489	0.2865
490	0.299
491	0.2705
492	0.299
493	0.315
494	0.29725
495	0.299
496	0.29725
497	0.2715
498	0.27325
499	0.32575
500	0.30525
501	0.32925
502	0.3425
503	0.31575
504	0.329
505	0.31025
506	0.313
507	0.3165
508	0.3005
509	0.3005
510	0.30675
511	0.32625
512	0.31025
513	0.37075
514	0.337
515	0.3815
516	0.37525
517	0.3715
518	0.37325
519	0.368
520	0.3555
521	0.35375
522	0.3315
523	0.2905
524	0.33775
525	0.336
526	0.3235
527	0.3315
528	0.31725
529	0.28875
530	0.28875
531	0.303
532	0.2345
533	0.2745
534	0.28075
535	0.27725
536	0.263
537	0.22475
538	0.22225
539	0.2525
540	0.23025
541	0.2365
542	0.256
543	0.248
544	0.28975
545	0.271
546	0.28525
547	0.30575
548	0.2665
549	0.21225
550	0.2015
551	0.17125
552	0.1935
553	0.1865
554	0.2035
555	0.2195
556	0.23025
557	0.23825
558	0.24
559	0.25875
560	0.2605
561	0.272
562	0.2675
563	0.2845
564	0.27025
565	0.31925
566	0.33525
567	0.34325
568	0.35125
569	0.29525
570	0.2685
571	0.232
572	0.26225
573	0.272
574	0.2665
575	0.2345
576	0.2265
577	0.2425
578	0.24075
579	0.24525
580	0.224
581	0.24275
582	0.2205
583	0.1965
584	0.225
585	0.23125
586	0.26225
587	0.271
588	0.287
589	0.2585
590	0.28075
591	0.27275
592	0.24775
593	0.2255
594	0.2175
595	0.246
596	0.23
597	0.2185
598	0.22925
599	0.19
600	0.18825
601	0.125
602	0.10175
603	0.1275
604	0.15775
605	0.17375
606	0.18975
607	0.1755
608	0.15325
609	0.15775
610	0.173
611	0.237
612	0.2415
613	0.25925
614	0.25475
615	0.27425
616	0.308
617	0.283
618	0.27675
619	0.2625
620	0.275
621	0.31325
622	0.3285
623	0.3055
624	0.29125
625	0.3385
626	0.334
627	0.32325
628	0.34375
629	0.3205
630	0.31875
631	0.276
632	0.25275
633	0.27675
634	0.283
635	0.31325
636	0.34075
637	0.39775
638	0.38175
639	0.332
640	0.32575
641	0.32575
642	0.31425
643	0.34275
644	0.3535
645	0.36775
646	0.3775
647	0.35
648	0.38025
649	0.3535
650	0.32675
651	0.317
652	0.29475
653	0.34025
654	0.36325
655	0.349
656	0.325
657	0.29025
658	0.2635
659	0.30175
660	0.3275
661	0.27225
662	0.24375
663	0.24025
664	0.2295
665	0.2865
666	0.29275
667	0.30875
668	0.3275
669	0.3195
670	0.29975
671	0.282
672	0.2625
673	0.242
674	0.275
675	0.25275
676	0.226
677	0.1805
678	0.1635
679	0.17325
680	0.14375
681	0.10275
682	0.0965000000000003
683	0.07425
684	0.0582500000000001
685	0.0912500000000001
686	0.0940000000000002
687	0.04675
688	0.12325
689	0.109
690	0.0797500000000001
691	0.118
692	0.15975
693	0.13925
694	0.133
695	0.12325
696	0.10725
697	0.1375
698	0.134
699	0.11975
700	0.15275
701	0.12075
702	0.1385
703	0.143
704	0.144
705	0.12525
706	0.12625
707	0.1725
708	0.1725
709	0.12175
710	0.1075
711	0.12
712	0.1485
713	0.20375
714	0.259
715	0.22875
716	0.3
717	0.32675
718	0.34725
719	0.34725
720	0.36675
721	0.381
722	0.37475
723	0.40775
724	0.358
725	0.35
726	0.35625
727	0.3305
728	0.34475
729	0.375
730	0.351
731	0.32425
732	0.35
733	0.334
734	0.3375
735	0.3535
736	0.36325
737	0.381
738	0.37125
739	0.41125
740	0.39425
741	0.404
742	0.40225
743	0.34975
744	0.347
745	0.37825
746	0.404
747	0.42975
748	0.3835
749	0.37725
750	0.339
751	0.306
752	0.27575
753	0.249
754	0.1965
755	0.19475
756	0.16275
757	0.1315
758	0.16
759	0.14225
760	0.104
761	0.12625
762	0.1485
763	0.16
764	0.0755
765	0.056
766	0.11475
767	0.16375
768	0.16025
769	0.18075
770	0.18075
771	0.1665
772	0.13625
773	0.16475
774	0.139
775	0.147
776	0.18975
777	0.20325
778	0.20325
779	0.229
780	0.2405
781	0.25025
782	0.2325
783	0.21825
784	0.253
785	0.237
786	0.2565
787	0.29575
788	0.326
789	0.36075
790	0.375
791	0.38475
792	0.38025
793	0.351
794	0.34925
795	0.32425
796	0.32425
797	0.318
798	0.3135
799	0.3055
800	0.3055
801	0.302
802	0.25125
803	0.245
804	0.21925
805	0.197
806	0.19525
807	0.19875
808	0.21125
809	0.15075
810	0.13025
811	0.124
812	0.1275
813	0.0962500000000001
814	0.12825
815	0.10075
816	0.0875
817	0.0955
818	0.0937500000000001
819	0.0795000000000001
820	0.0750000000000001
821	0.08475
822	0.08025
823	0.06425
824	-0.0115000000000001
825	-0.0524999999999999
826	-0.0542499999999999
827	-0.0497499999999998
828	-0.00874999999999992
829	-0.0212499999999999
830	-0.0257499999999998
831	0.00900000000000001
832	0.03125
833	-0.0267499999999998
834	-0.0239999999999999
835	0.00625000000000009
836	0.0302500000000001
837	0.0337500000000002
838	0.0365
839	0.016
840	0.0445
841	0.02225
842	0.0292500000000001
843	0.0480000000000002
844	0.0320000000000001
845	0.0525
846	0.0650000000000001
847	0.0472499999999999
848	0.00900000000000001
849	0.00450000000000006
850	-0.0257499999999998
851	-0.0319999999999998
852	-0.0444999999999999
853	-0.0302499999999999
854	-0.0302499999999999
855	-0.04275
856	-0.00974999999999993
857	-0.0159999999999999
858	-0.0257499999999998
859	-0.0507499999999999
860	0.0125
861	0.0347499999999999
862	0.0462500000000001
863	0.0195000000000001
864	-0.0169999999999999
865	0.0497500000000001
866	0.0435
867	0.0515
868	0.00425000000000009
869	0.0150000000000001
870	0.000750000000000028
871	-0.03125
872	-0.05525
873	-0.0819999999999999
874	-0.06775
875	-0.0615
876	-0.0785
877	-0.0625
878	-0.0569999999999998
879	-0.1265
880	-0.1105
881	-0.13275
882	-0.12125
883	-0.0892499999999999
884	-0.0874999999999998
885	-0.0910000000000001
886	-0.1035
887	-0.124
888	-0.1035
889	-0.13025
890	-0.132
891	-0.13825
892	-0.15875
893	-0.18275
894	-0.16925
895	-0.1425
896	-0.19675
897	-0.22075
898	-0.2225
899	-0.1735
900	-0.186
901	-0.234
902	-0.23575
903	-0.2705
904	-0.241
905	-0.21425
906	-0.21425
907	-0.2285
908	-0.2
909	-0.18575
910	-0.19825
911	-0.1965
912	-0.168
913	-0.17425
914	-0.1485
915	-0.1075
916	-0.11725
917	-0.0852499999999999
918	-0.078
919	-0.102
920	-0.07975
921	-0.0699999999999998
922	-0.086
923	-0.0432499999999999
924	-0.04775
925	-0.0254999999999999
926	-0.0122499999999999
927	0.0127500000000002
928	0.0145000000000001
929	0.0795000000000001
930	0.0607500000000002
931	0.0945000000000001
932	0.1515
933	0.1675
934	0.16025
935	0.129
936	0.11825
937	0.17425
938	0.1805
939	0.193
940	0.192
941	0.21425
942	0.208
943	0.20975
944	0.1795
945	0.22225
946	0.21875
947	0.257
948	0.216
949	0.24275
950	0.22675
951	0.257
952	0.24625
953	0.25875
954	0.2525
955	0.27825
956	0.239
957	0.25775
958	0.2845
959	0.27375
960	0.25325
961	0.25325
962	0.22225
963	0.23825
964	0.23025
965	0.17675
966	0.22025
967	0.174
968	0.1615
969	0.2015
970	0.28525
971	0.2755
972	0.32275
973	0.28275
974	0.26675
975	0.281
976	0.27125
977	0.29525
978	0.27925
979	0.2685
980	0.305
981	0.2925
982	0.28175
983	0.264
984	0.2685
985	0.2605
986	0.27475
987	0.26325
988	0.24275
989	0.21425
990	0.23025
991	0.15725
992	0.13325
993	0.1145
994	0.12075
995	0.10575
996	0.169
997	0.153
998	0.10125
999	0.0495000000000001
1000	0.0432500000000001
1001	0.0522500000000002
1002	0.0550000000000002
1003	0.0852499999999999
1004	0.0932500000000002
1005	0.0800000000000002
1006	0.0407500000000001
1007	0.0487500000000001
1008	0.01225
1009	0.0432500000000001
1010	0.0565000000000003
1011	0.0405000000000002
1012	0.0262500000000001
1013	-0.00399999999999978
1014	0.0405000000000002
1015	0.0815000000000001
1016	0.1055
1017	0.0975
1018	0.0797500000000001
1019	0.077
1020	0.0690000000000001
1021	0.085
1022	0.0645000000000002
1023	0.0582500000000001
1024	0.0537500000000002
1025	0.0412500000000001
1026	0.0402500000000001
1027	0.08125
1028	0.10175
1029	0.12675
1030	0.0875
1031	0.124
1032	0.0965000000000003
1033	0.0715000000000001
1034	0.11425
1035	0.165
1036	0.17575
1037	0.174
1038	0.16775
1039	0.13125
1040	0.0992499999999999
1041	0.077
1042	0.0317499999999999
1043	0.0522500000000002
1044	0.0870000000000002
1045	0.0230000000000001
1046	-0.0135
1047	-0.0099999999999999
1048	-0.0145
1049	-0.02425
1050	-0.0670000000000001
1051	-0.08475
1052	-0.148
1053	-0.16225
1054	-0.149
1055	-0.14275
1056	-0.1365
1057	-0.14625
1058	-0.164
1059	-0.16225
1060	-0.12475
1061	-0.0934999999999999
1062	-0.08275
1063	-0.097
1064	-0.0595000000000001
1065	-0.05775
1066	-0.02925
1067	-0.0479999999999999
1068	-0.05975
1069	-0.0365
1070	-0.0382499999999998
1071	-0.0302499999999999
1072	-0.0444999999999999
1073	-0.0535
1074	-0.0952500000000001
1075	-0.0684999999999999
1076	-0.0542499999999999
1077	-0.04175
1078	-0.0212499999999999
1079	-0.0195
1080	-0.0355000000000001
1081	-0.0542499999999999
1082	-0.05775
1083	-0.0639999999999999
1084	-0.05325
1085	-0.0737499999999999
1086	-0.047
1087	-0.0549999999999999
1088	-0.0327500000000001
1089	-0.014
1090	-0.0147499999999998
1091	-0.0324999999999999
1092	-0.0529999999999999
1093	-0.0734999999999999
1094	-0.0512499999999998
1095	-0.0672499999999999
1096	-0.0752499999999998
1097	-0.0939999999999999
1098	-0.1385
1099	-0.13575
1100	-0.14475
1101	-0.1875
1102	-0.20175
1103	-0.20175
1104	-0.231
1105	-0.24525
1106	-0.2845
1107	-0.25675
1108	-0.263
1109	-0.27275
1110	-0.26475
1111	-0.2425
1112	-0.25675
1113	-0.2835
1114	-0.30225
1115	-0.288
1116	-0.30125
1117	-0.24775
1118	-0.24325
1119	-0.24675
1120	-0.253
1121	-0.228
1122	-0.2325
1123	-0.24225
1124	-0.24225
1125	-0.26275
1126	-0.28425
1127	-0.2905
1128	-0.303
1129	-0.26475
1130	-0.28975
1131	-0.2925
1132	-0.305
1133	-0.29875
1134	-0.27825
1135	-0.27475
1136	-0.27825
1137	-0.239
1138	-0.23725
1139	-0.23275
1140	-0.24525
1141	-0.2185
1142	-0.1935
1143	-0.19
1144	-0.126
1145	-0.118
1146	-0.13675
1147	-0.16175
1148	-0.176
1149	-0.17525
1150	-0.15125
1151	-0.20025
1152	-0.203
1153	-0.195
1154	-0.18525
1155	-0.1755
1156	-0.15325
1157	-0.1925
1158	-0.19075
1159	-0.1695
1160	-0.19975
1161	-0.2095
1162	-0.1765
1163	-0.17825
1164	-0.13275
1165	-0.1675
1166	-0.15325
1167	-0.14425
1168	-0.14075
1169	-0.12475
1170	-0.11675
1171	-0.1365
1172	-0.1535
1173	-0.15
1174	-0.14025
1175	-0.13675
1176	-0.12525
1177	-0.1235
1178	-0.12625
1179	-0.12625
1180	-0.18225
1181	-0.16
1182	-0.144
1183	-0.152
1184	-0.12625
1185	-0.12975
1186	-0.1085
1187	-0.0702499999999997
1188	-0.0462499999999998
1189	-0.0855
1190	-0.0837499999999999
1191	-0.0659999999999999
1192	-0.04375
1193	-0.0215000000000001
1194	0.0150000000000001
1195	-0.01525
1196	0.0345
1197	0.0567500000000001
1198	0.0807500000000001
1199	0.13675
1200	0.134
1201	0.14025
1202	0.134
1203	0.13575
1204	0.16425
1205	0.1705
1206	0.17225
1207	0.1955
1208	0.1875
1209	0.17325
1210	0.1795
1211	0.16525
1212	0.167
1213	0.14475
1214	0.208
1215	0.20625
1216	0.21875
1217	0.23475
1218	0.33
1219	0.34425
1220	0.31225
1221	0.323
1222	0.34175
1223	0.372
1224	0.348
1225	0.405
1226	0.42725
1227	0.4335
1228	0.42725
1229	0.405
1230	0.37375
1231	0.39775
1232	0.364
1233	0.37375
1234	0.35775
1235	0.372
1236	0.348
1237	0.348
1238	0.37025
1239	0.37375
1240	0.38625
1241	0.35775
1242	0.356
1243	0.357
1244	0.41575
1245	0.35425
1246	0.37125
1247	0.39975
1248	0.407
1249	0.4345
1250	0.36325
1251	0.357
1252	0.307
1253	0.26075
1254	0.19675
1255	0.20925
1256	0.23325
1257	0.244
1258	0.19425
1259	0.15775
1260	0.14525
1261	0.131
1262	0.11325
1263	0.0875
1264	0.04925
1265	0.0805000000000001
1266	0.0815000000000001
1267	0.10025
1268	0.0940000000000002
1269	0.0877500000000001
1270	0.0575
1271	-0.0252500000000001
1272	0.0112500000000001
1273	0.02375
1274	0.038
1275	0.00600000000000001
1276	-0.000250000000000083
1277	0.00149999999999995
1278	0.0112500000000001
1279	0.01925
1280	-0.00749999999999973
1281	0.01575
1282	-0.0599999999999999
1283	-0.10275
1284	-0.092
1285	-0.11775
1286	-0.115
1287	-0.13275
1288	-0.105
1289	-0.11125
1290	-0.11125
1291	-0.12375
1292	-0.12725
1293	-0.12375
1294	-0.1095
1295	-0.13875
1296	-0.1235
1297	-0.1555
1298	-0.14925
1299	-0.168
1300	-0.16175
1301	-0.1645
1302	-0.14225
1303	-0.16
1304	-0.143
1305	-0.143
1306	-0.14125
1307	-0.15375
1308	-0.17425
1309	-0.19025
1310	-0.21775
1311	-0.19725
1312	-0.22925
1313	-0.21675
1314	-0.255
1315	-0.2675
1316	-0.26825
1317	-0.2415
1318	-0.188
1319	-0.18525
1320	-0.16925
1321	-0.16475
1322	-0.14425
1323	-0.14425
1324	-0.13625
1325	-0.1095
1326	-0.10775
1327	-0.12375
1328	-0.1095
1329	-0.089
1330	-0.1175
1331	-0.07475
1332	-0.0552499999999999
1333	0.000750000000000139
1334	0.000750000000000139
1335	0.02925
1336	0.01675
1337	0.0247500000000002
1338	-0.0287500000000001
1339	-0.0485
1340	-0.0547499999999999
1341	-0.0645
1342	-0.0832499999999999
1343	-0.0564999999999999
1344	-0.0422499999999999
1345	-0.0182499999999999
1346	-0.00674999999999981
1347	-0.00499999999999989
1348	-0.00499999999999989
1349	-0.00149999999999995
1350	0.00375000000000014
1351	-0.01675
1352	-0.023
1353	-0.0239999999999999
1354	-0.0204999999999999
1355	-0.0517499999999999
1356	-0.0259999999999999
1357	-0.04925
1358	0.0085000000000004
1359	-0.0137499999999998
1360	-0.0164999999999997
1361	-0.0397500000000001
1362	-0.0477499999999997
1363	-0.0254999999999999
1364	-0.0425
1365	-0.0629999999999999
1366	-0.055
1367	-0.0612499999999999
1368	-0.10225
1369	-0.14225
1370	-0.16375
1371	-0.1985
1372	-0.15225
1373	-0.16025
1374	-0.1335
1375	-0.112
1376	-0.0834999999999999
1377	-0.0710000000000002
1378	-0.0585000000000001
1379	-0.0674999999999998
1380	-0.0879999999999999
1381	-0.08975
1382	-0.0977499999999997
1383	-0.072
1384	-0.0764999999999998
1385	-0.1335
1386	-0.12275
1387	-0.0107499999999998
1388	0.00075000000000025
1389	0.00350000000000006
1390	-0.0329999999999999
1391	-0.01875
1392	-0.0249999999999999
1393	0.00800000000000023
1394	-0.0337499999999998
1395	0.00625000000000009
1396	0.0320000000000003
1397	0.0570000000000002
1398	0.089
1399	0.0872499999999999
1400	0.10775
1401	0.105
1402	0.11125
1403	0.097
1404	0.11125
1405	0.097
1406	0.10775
1407	0.09975
1408	0.11225
1409	0.11575
1410	0.0702500000000001
1411	0.06925
1412	0.04325
1413	0.0450000000000002
1414	0.0770000000000002
1415	0.10825
1416	0.1145
1417	0.11
1418	0.1135
1419	0.0939999999999999
1420	0.0939999999999999
1421	0.184
1422	0.2
1423	0.112
1424	0.1085
1425	0.11025
1426	0.16625
1427	0.1725
1428	0.161
1429	0.177
1430	0.17325
1431	0.1795
1432	0.1555
1433	0.151
1434	0.11275
1435	0.0922500000000002
1436	0.0842500000000004
1437	0.0835000000000001
1438	0.0977500000000002
1439	0.0915000000000001
1440	0.12175
1441	0.1325
1442	0.12975
1443	0.1565
1444	0.0932500000000001
1445	0.0835000000000001
1446	0.0845000000000002
1447	0.0862500000000002
1448	0.0827500000000001
1449	0.0862500000000002
1450	0.1335
1451	0.10675
1452	0.145
1453	0.1725
1454	0.177
1455	0.2
1456	0.232
1457	0.27375
1458	0.3085
1459	0.29775
1460	0.3235
1461	0.3155
1462	0.29775
1463	0.31825
1464	0.31375
1465	0.30125
1466	0.2665
1467	0.2335
1468	0.26025
1469	0.25225
1470	0.3235
1471	0.31375
1472	0.30125
1473	0.28875
1474	0.2575
1475	0.26375
1476	0.30375
1477	0.358
1478	0.3625
1479	0.375
1480	0.3955
1481	0.4285
1482	0.50325
1483	0.5105
1484	0.5425
1485	0.57275
1486	0.5345
1487	0.54525
1488	0.53375
1489	0.52225
1490	0.49375
1491	0.40125
1492	0.38975
1493	0.30875
1494	0.25175
1495	0.259
1496	0.24475
1497	0.24925
1498	0.24125
1499	0.24475
1500	0.24475
1501	0.22075
1502	0.26275
1503	0.2735
1504	0.2415
1505	0.2005
1506	0.1515
1507	0.16575
1508	0.18275
1509	0.2005
1510	0.246
1511	0.24775
1512	0.19075
1513	0.14625
1514	0.141
1515	0.14725
1516	0.11875
1517	0.0902500000000002
1518	0.0565000000000003
1519	0.0360000000000001
1520	0.000500000000000167
1521	-0.0474999999999998
1522	-0.0617499999999999
1523	-0.0485
1524	-0.0894999999999999
1525	-0.10375
1526	-0.10725
1527	-0.044
1528	-0.0314999999999999
1529	-0.0394999999999998
1530	-0.03325
1531	-0.0742499999999998
1532	-0.0617499999999999
1533	-0.044
1534	-0.0387499999999998
1535	-0.0404999999999999
1536	-0.0422499999999999
1537	-0.00674999999999981
1538	-0.0129999999999998
1539	-0.0414999999999998
1540	-0.0807500000000001
1541	-0.0574999999999999
1542	-0.0442499999999999
1543	-0.0514999999999997
1544	-0.055
1545	-0.07
1546	-0.0539999999999998
1547	-0.0585000000000001
1548	-0.0894999999999999
1549	-0.08775
1550	-0.0637499999999999
1551	-0.0539999999999998
1552	0.00125000000000008
1553	-0.0192499999999999
1554	0.000250000000000195
1555	0.0590000000000002
1556	0.0527500000000001
1557	0.0545
1558	0.0652500000000001
1559	0.0617500000000001
1560	0.0679999999999999
1561	0.0447500000000001
1562	0.0767500000000002
1563	0.0785
1564	0.0659999999999999
1565	0.10525
1566	0.12125
1567	0.1765
1568	0.16675
1569	0.14975
1570	0.16325
1571	0.165
1572	0.1355
1573	0.13825
1574	0.0955000000000003
1575	0.0955000000000003
1576	0.116
1577	0.12125
1578	0.0857500000000001
1579	0.10275
1580	0.0652500000000001
1581	0.0590000000000002
1582	0.0225000000000001
1583	0.0332500000000001
1584	0.0715000000000001
1585	0.0715000000000001
1586	0.0840000000000001
1587	0.0412500000000001
1588	0.0447500000000001
1589	0.14525
1590	0.12475
1591	0.0615
1592	0.0499999999999999
1593	0.05625
1594	0.04375
1595	0.10425
1596	0.1265
1597	0.12125
1598	0.0785
1599	0.0447500000000001
1600	0.0447500000000001
1601	0.034
1602	-0.00700000000000012
1603	0.0302500000000001
1604	0.0365000000000002
1605	0.0535
1606	0.00975000000000015
1607	0.0177500000000002
1608	0.0409999999999999
1609	0.0392500000000001
1610	0.0375
1611	0.0785
1612	0.1675
1613	0.20225
1614	0.21375
1615	0.244
1616	0.276
1617	0.29375
1618	0.308
1619	0.2795
1620	0.27775
1621	0.2645
1622	0.23425
1623	0.23775
1624	0.22175
1625	0.14
1626	0.12125
1627	0.132
1628	0.1685
1629	0.1605
1630	0.22275
1631	0.1845
1632	0.171
1633	0.19325
1634	0.1995
1635	0.20925
1636	0.2075
1637	0.1995
1638	0.24225
1639	0.19425
1640	0.16125
1641	0.09175
1642	0.13725
1643	0.20125
1644	0.17725
1645	0.179
1646	0.26175
1647	0.219
1648	0.1745
1649	0.1585
1650	0.21375
1651	0.15675
1652	0.14525
1653	0.1595
1654	0.1595
1655	0.155
1656	0.138
1657	0.15575
1658	0.13975
1659	0.14325
1660	0.11475
1661	0.13775
1662	0.14675
1663	0.14225
1664	0.10575
1665	0.13425
1666	0.0675000000000001
1667	0.0880000000000001
1668	0.1085
1669	0.11925
1670	0.11925
1671	0.13175
1672	0.138
1673	0.13175
1674	0.171
1675	0.18175
1676	0.188
1677	0.196
1678	0.1515
1679	0.07425
1680	0.11075
1681	0.1045
1682	0.0457500000000002
1683	0.0805000000000001
1684	0.0502500000000002
1685	0.0840000000000001
1686	0.0377500000000003
1687	0.0670000000000001
1688	0.1025
1689	0.1275
1690	0.1195
1691	0.156
1692	0.156
1693	0.1515
1694	0.16125
1695	0.18625
1696	0.21125
1697	0.20425
1698	0.2025
1699	0.1945
1700	0.27275
1701	0.271
1702	0.2915
1703	0.24075
1704	0.2435
1705	0.231
1706	0.21775
1707	0.20525
1708	0.191
1709	0.232
1710	0.15275
1711	0.167
1712	0.12775
1713	0.1475
1714	0.135
1715	0.15275
1716	0.11625
1717	0.10825
1718	0.10475
1719	0.0940000000000002
1720	0.10025
1721	0.0539999999999999
1722	0.0780000000000001
1723	0.0532500000000001
1724	0.0292500000000001
1725	0.000750000000000028
1726	-0.0419999999999999
1727	-0.0579999999999998
1728	-0.0819999999999999
1729	-0.0952500000000001
1730	-0.0782499999999999
1731	-0.137
1732	-0.1415
1733	-0.14325
1734	-0.1815
1735	-0.15475
1736	-0.233
1737	-0.258
1738	-0.26425
1739	-0.2215
1740	-0.22675
1741	-0.241
1742	-0.21075
1743	-0.20275
1744	-0.23125
1745	-0.25175
1746	-0.2215
1747	-0.266
1748	-0.23925
1749	-0.23125
1750	-0.19025
1751	-0.18575
1752	-0.151
1753	-0.1545
1754	-0.14025
1755	-0.1215
1756	-0.118
1757	-0.11975
1758	-0.13225
1759	-0.11175
1760	-0.1215
1761	-0.117
1762	-0.0884999999999999
1763	-0.0919999999999997
1764	-0.0475000000000001
1765	-0.0119999999999998
1766	-0.0307499999999998
1767	-0.0289999999999999
1768	-0.0317499999999999
1769	-0.07275
1770	-0.06475
1771	-0.0959999999999999
1772	-0.1005
1773	-0.105
1774	-0.0782499999999999
1775	-0.1165
1776	-0.09075
1777	-0.0952500000000001
1778	-0.0872499999999999
1779	-0.1095
1780	-0.10775
1781	-0.11925
1782	-0.1345
1783	-0.1345
1784	-0.147
1785	-0.10075
1786	-0.0865
1787	-0.11325
1788	-0.13375
1789	-0.1525
1790	-0.16325
1791	-0.19975
1792	-0.20425
1793	-0.2265
1794	-0.255
1795	-0.2515
1796	-0.24
1797	-0.2365
1798	-0.2285
1799	-0.225
1800	-0.265
1801	-0.297
1802	-0.265
1803	-0.1635
1804	-0.16525
1805	-0.11625
1806	-0.10825
1807	-0.0769999999999998
1808	0.0120000000000001
1809	0.0582500000000001
1810	0.0350000000000001
1811	0.043
1812	-0.00499999999999989
1813	0.00475000000000014
1814	0.0155000000000001
1815	0.043
1816	0.0590000000000002
1817	0.06775
1818	0.0937500000000001
1819	0.12125
1820	0.1515
1821	0.0945000000000003
1822	0.0757500000000002
1823	0.10775
1824	0.1585
1825	0.15675
1826	0.1755
1827	0.1915
1828	0.1995
1829	0.20925
1830	0.22625
1831	0.25475
1832	0.27525
1833	0.2485
1834	0.2565
1835	0.2475
1836	0.25275
1837	0.23125
1838	0.27125
1839	0.233
1840	0.23125
1841	0.17775
1842	0.1875
1843	0.21775
1844	0.10725
1845	0.0655000000000003
1846	0.12775
1847	0.13575
1848	0.13575
1849	0.118
1850	0.142
1851	0.151
1852	0.18575
1853	0.22675
1854	0.19725
1855	0.22925
1856	0.215
1857	0.24975
1858	0.256
1859	0.23375
1860	0.18475
1861	0.2115
1862	0.22125
1863	0.22925
1864	0.24175
1865	0.25775
1866	0.21575
1867	0.20775
1868	0.18375
1869	0.1865
1870	0.1785
1871	0.175
1872	0.184
1873	0.22775
1874	0.19225
1875	0.154
1876	0.19675
1877	0.228
1878	0.22975
1879	0.187
1880	0.2575
1881	0.27625
1882	0.27
1883	0.2165
1884	0.2245
1885	0.24675
1886	0.2155
1887	0.1825
1888	0.1745
1889	0.114
1890	0.147
1891	0.115
1892	0.132
1893	0.0935
1894	0.11575
1895	0.1505
1896	0.18075
1897	0.14775
1898	0.15125
1899	0.14325
1900	0.0987500000000001
1901	0.137
1902	0.2475
1903	0.243
1904	0.27325
1905	0.298
1906	0.3265
1907	0.33625
1908	0.34425
1909	0.354
1910	0.36825
1911	0.35125
1912	0.3485
1913	0.3555
1914	0.3725
1915	0.3805
1916	0.36
1917	0.34125
1918	0.288
1919	0.32625
1920	0.368
1921	0.392
1922	0.37875
1923	0.40725
1924	0.37875
1925	0.425
1926	0.38225
1927	0.3565
1928	0.376
1929	0.40825
1930	0.33075
1931	0.27375
1932	0.26575
1933	0.28175
1934	0.2445
1935	0.26325
1936	0.27575
1937	0.242
1938	0.12975
1939	0.14575
1940	0.103
1941	0.1565
1942	0.1245
1943	0.1005
1944	0.0765000000000002
1945	0.0525000000000002
1946	-0.00099999999999989
1947	0.0525000000000002
1948	0.0142500000000003
1949	0.0125000000000002
1950	-0.000750000000000139
1951	-0.0212499999999999
1952	-0.0264999999999999
1953	-0.00424999999999998
1954	-0.00249999999999995
1955	-0.0139999999999999
1956	-0.0932499999999999
1957	-0.12875
1958	-0.102
1959	-0.14025
1960	-0.0974999999999999
1961	-0.16075
1962	-0.10375
1963	-0.08775
1964	-0.134
1965	-0.1625
1966	-0.11525
1967	-0.0787499999999999
1968	-0.0947499999999999
1969	-0.0902499999999999
1970	-0.0822499999999998
1971	-0.1045
1972	-0.0840000000000001
1973	-0.10625
1974	-0.0892499999999999
1975	-0.115
1976	-0.0962499999999999
1977	-0.18
1978	-0.19075
1979	-0.1855
1980	-0.15075
1981	-0.14275
1982	-0.0982499999999998
1983	-0.0965
1984	-0.0652500000000001
1985	-0.08125
1986	-0.0519999999999999
1987	-0.04125
1988	-0.0644999999999999
1989	-0.0794999999999998
1990	-0.1
1991	-0.0670000000000001
1992	-0.0579999999999998
1993	-0.0937499999999999
1994	-0.1125
1995	-0.10625
1996	-0.17125
1997	-0.15425
1998	-0.205
1999	-0.213
2000	-0.205
2001	-0.19425
2002	-0.188
2003	-0.17725
2004	-0.20575
2005	-0.22625
2006	-0.2325
2007	-0.24775
2008	-0.229
2009	-0.22725
2010	-0.18
2011	-0.1835
2012	-0.2005
2013	-0.18425
2014	-0.16275
2015	-0.1555
2016	-0.185
2017	-0.20275
2018	-0.22675
2019	-0.25875
2020	-0.29975
2021	-0.31225
2022	-0.371
2023	-0.37725
2024	-0.379
2025	-0.404
2026	-0.3915
2027	-0.41375
2028	-0.38975
2029	-0.35675
2030	-0.3995
2031	-0.38075
2032	-0.371
2033	-0.3425
2034	-0.36575
2035	-0.3275
2036	-0.331
2037	-0.33375
2038	-0.35075
2039	-0.357
2040	-0.3285
2041	-0.30175
2042	-0.283
2043	-0.26425
2044	-0.28925
2045	-0.30525
2046	-0.36675
2047	-0.349
2048	-0.316
2049	-0.31075
2050	-0.31625
2051	-0.335
2052	-0.33225
2053	-0.32525
2054	-0.2985
2055	-0.36275
2056	-0.35025
2057	-0.33775
2058	-0.32175
2059	-0.29325
2060	-0.28525
2061	-0.2515
2062	-0.239
2063	-0.215
2064	-0.248
2065	-0.24625
2066	-0.2285
2067	-0.23925
2068	-0.21075
2069	-0.2125
2070	-0.1315
2071	-0.16
2072	-0.1805
2073	-0.193
2074	-0.17875
2075	-0.177
2076	-0.2395
2077	-0.16925
2078	-0.1915
2079	-0.1755
2080	-0.155
2081	-0.0945
2082	-0.0714999999999999
2083	-0.0617499999999997
2084	-0.0714999999999999
2085	-0.0874999999999999
2086	-0.05725
2087	-0.0600000000000001
2088	-0.028
2089	0.00675000000000003
2090	-0.0387500000000001
2091	0.02275
2092	0.0235000000000001
2093	0.036
2094	0.0707500000000001
2095	0.0457500000000002
2096	0.0617500000000002
2097	0.0645000000000002
2098	0.0742500000000001
2099	0.0582500000000001
2100	0.1055
2101	0.118
2102	0.175
2103	0.16425
2104	0.17225
2105	0.189
2106	0.15875
2107	0.157
2108	0.1685
2109	0.1935
2110	0.222
2111	0.2245
2112	0.30475
2113	0.238
2114	0.24325
2115	0.2165
2116	0.17375
2117	0.13275
2118	0.12225
2119	0.124
2120	0.12575
2121	0.13025
2122	0.06975
2123	0.0430000000000001
2124	0.018
2125	-0.0327499999999998
2126	-0.0157499999999997
2127	-0.00949999999999984
2128	0.0182500000000001
2129	0.0297500000000002
2130	0.0137500000000002
2131	0.0137500000000002
2132	0.0245000000000002
2133	-0.0129999999999999
2134	-0.03
2135	-0.038
2136	-0.0647499999999999
2137	-0.0265
2138	-0.03
2139	-0.0317499999999999
2140	-0.0602500000000001
2141	-0.0860000000000001
2142	-0.0627500000000001
2143	-0.0725
2144	-0.03325
2145	-0.036
2146	-0.00574999999999992
2147	-0.026
2148	-0.03125
2149	-0.0232499999999998
2150	-0.01875
2151	-0.0159999999999999
2152	0.0409999999999999
2153	0.01075
2154	0.0177500000000002
2155	0.00625000000000009
2156	-0.0597499999999999
2157	-0.0544999999999998
2158	0.0122500000000001
2159	0.03725
2160	0.0525000000000002
2161	0.0872499999999999
2162	0.098
2163	0.0820000000000002
2164	0.081
2165	0.10425
2166	0.12025
2167	0.13625
2168	0.14325
2169	0.16375
2170	0.16025
2171	0.12725
2172	0.14425
2173	0.106
2174	0.06775
2175	0.09
2176	0.139
2177	0.138
2178	0.106
2179	0.11225
2180	0.073
2181	0.074
2182	0.00900000000000001
2183	0.00275000000000014
2184	-0.0489999999999998
2185	-0.0649999999999998
2186	-0.0649999999999998
2187	-0.0695000000000001
2188	-0.0489999999999998
2189	-0.0114999999999997
2190	-0.01675
2191	-0.0122499999999999
2192	0.00825000000000009
2193	-0.022
2194	-0.0647500000000002
2195	-0.0539999999999998
2196	-0.0539999999999998
2197	-0.0745
2198	-0.10225
2199	-0.1085
2200	-0.12725
2201	-0.1495
2202	-0.145
2203	-0.17075
2204	-0.21525
2205	-0.2045
2206	-0.20275
2207	-0.1965
2208	-0.2135
2209	-0.2625
2210	-0.267
2211	-0.2865
2212	-0.33275
2213	-0.3665
2214	-0.35675
2215	-0.355
2216	-0.3415
2217	-0.34325
2218	-0.3495
2219	-0.3575
2220	-0.328
2221	-0.31825
2222	-0.31825
2223	-0.2595
2224	-0.2915
2225	-0.312
2226	-0.32625
2227	-0.33075
2228	-0.28075
2229	-0.278
2230	-0.28775
2231	-0.26725
2232	-0.27175
2233	-0.27175
2234	-0.252
2235	-0.2235
2236	-0.20825
2237	-0.2065
2238	-0.251
2239	-0.259
2240	-0.259
2241	-0.25275
2242	-0.25275
2243	-0.1985
2244	-0.211
2245	-0.15125
2246	-0.12725
2247	-0.097
2248	-0.0639999999999999
2249	-0.0212499999999999
2250	-0.023
2251	-0.00599999999999989
2252	-0.0355000000000001
2253	-0.0132499999999999
2254	-0.0069999999999999
2255	0.0232500000000001
2256	0.0170000000000001
2257	0.01525
2258	0.001
2259	-0.047
2260	-0.0702499999999999
2261	-0.0845
2262	-0.072
2263	-0.0817499999999999
2264	-0.089
2265	-0.0952500000000001
2266	-0.0747499999999999
2267	-0.0444999999999999
2268	-0.0444999999999999
2269	-0.04175
2270	-0.0747499999999999
2271	-0.0747499999999999
2272	-0.105
2273	-0.12825
2274	-0.11225
2275	-0.106
2276	-0.0507499999999999
2277	-0.0997499999999999
2278	-0.0694999999999999
2279	-0.1095
2280	-0.0782499999999999
2281	-0.10675
2282	-0.0924999999999999
2283	-0.0924999999999999
2284	-0.11575
2285	-0.12375
2286	-0.1265
2287	-0.14075
2288	-0.1265
2289	-0.14875
2290	-0.13625
2291	-0.154
2292	-0.14425
2293	-0.171
2294	-0.1345
2295	-0.13625
2296	-0.089
2297	-0.0524999999999999
2298	-0.0632499999999999
2299	-0.0535
2300	-0.0489999999999999
2301	-0.0392499999999999
2302	-0.05525
2303	-0.0934999999999999
2304	-0.123
2305	-0.132
2306	-0.107
2307	-0.123
2308	-0.12475
2309	-0.10325
2310	-0.0587499999999999
2311	-0.07925
2312	-0.073
2313	-0.0275
2314	-0.04525
2315	-0.0755
2316	-0.11475
2317	-0.11925
2318	-0.16375
2319	-0.17
2320	-0.14325
2321	-0.16725
2322	-0.144
2323	-0.14675
2324	-0.13875
2325	-0.13875
2326	-0.1255
2327	-0.10775
2328	-0.1095
2329	-0.0924999999999999
2330	-0.11925
2331	-0.11225
2332	-0.1265
2333	-0.14075
2334	-0.114
2335	-0.14525
2336	-0.16925
2337	-0.18
2338	-0.1605
2339	-0.16675
2340	-0.139
2341	-0.11325
2342	-0.141
2343	-0.13475
2344	-0.1375
2345	-0.10725
2346	-0.1465
2347	-0.151
2348	-0.18125
2349	-0.1965
2350	-0.1965
2351	-0.13425
2352	-0.12625
2353	-0.11825
2354	-0.0977499999999997
2355	-0.10575
2356	-0.112
2357	-0.0862499999999998
2358	-0.1335
2359	-0.13525
2360	-0.12275
2361	-0.0729999999999998
2362	-0.1175
2363	-0.138
2364	-0.12375
2365	-0.0589999999999999
2366	-0.0385
2367	-0.04125
2368	-0.0217499999999999
2369	-0.00299999999999989
2370	-0.0217499999999999
2371	-0.0154999999999998
2372	0.00500000000000012
2373	0.00950000000000006
2374	0.014
2375	0.0237500000000002
2376	0.0175000000000001
2377	-0.00549999999999984
2378	-0.00275000000000003
2379	-0.0269999999999999
2380	-0.03325
2381	-0.101
2382	-0.052
2383	-0.0474999999999999
2384	-0.03775
2385	-0.03325
2386	-0.0804999999999998
2387	-0.10175
2388	-0.0642499999999999
2389	-0.0722499999999998
2390	-0.0607499999999999
2391	-0.05725
2392	-0.0840000000000001
2393	-0.0714999999999999
2394	-0.0189999999999999
2395	-0.0234999999999999
2396	-0.0137499999999999
2397	-0.0804999999999998
2398	-0.0600000000000001
2399	-0.0679999999999998
2400	-0.0582499999999999
2401	-0.0972499999999999
2402	-0.1035
2403	-0.10075
2404	-0.1105
2405	-0.11775
2406	-0.15875
2407	-0.1515
2408	-0.164
2409	-0.1595
2410	-0.1675
2411	-0.16575
2412	-0.13275
2413	-0.15325
2414	-0.12925
2415	-0.06675
2416	-0.05875
2417	-0.0142499999999999
2418	-0.00524999999999987
2419	-0.0222499999999998
2420	-0.00449999999999973
2421	-0.0642499999999999
2422	-0.00449999999999973
2423	-0.00374999999999992
2424	-0.0242499999999997
2425	-0.0225
2426	-0.01
2427	-0.0465
2428	-0.03125
2429	-0.0232499999999998
2430	-0.074
2431	-0.0489999999999998
2432	-0.0089999999999999
2433	0.0257500000000004
2434	0.04
2435	0.0355000000000001
2436	0.0115000000000001
2437	0.00350000000000006
2438	-0.0089999999999999
2439	-0.03125
2440	-0.00275000000000003
2441	-0.00624999999999987
2442	0.0320000000000003
2443	0.0275000000000001
2444	0.00875000000000004
2445	-0.0135000000000001
2446	-0.00475000000000003
2447	0.01125
2448	0.0290000000000001
2449	0.0627499999999999
2450	0.0297500000000002
2451	-0.0255000000000001
2452	-0.03525
2453	-0.0165
2454	-0.0335000000000001
2455	0.0439999999999998
2456	0.0457500000000002
2457	0.10375
2458	0.11
2459	0.10025
2460	0.11
2461	0.0975000000000001
2462	0.11175
2463	0.12325
2464	0.12675
2465	0.173
2466	0.19175
2467	0.14
2468	0.10975
2469	0.0874999999999999
2470	0.0955000000000001
2471	0.0857500000000002
2472	0.0999999999999999
2473	0.11675
2474	0.14075
2475	0.11575
2476	0.0952500000000003
2477	0.0934999999999999
2478	0.0774999999999999
2479	0.0685
2480	0.0952500000000003
2481	0.162
2482	0.1585
2483	0.147
2484	0.0837499999999998
2485	0.06775
2486	0.1195
2487	0.14
2488	0.14625
2489	0.116
2490	0.0367500000000001
2491	-0.00150000000000006
2492	-0.0175000000000001
2493	-0.0129999999999999
2494	-0.02475
2495	-0.014
2496	-0.00324999999999975
2497	0.0485000000000002
2498	0.0325000000000002
2499	0.012
2500	0.036
2501	-0.0735000000000001
2502	-0.0940000000000001
2503	-0.0325
2504	0.00225000000000009
2505	0.0450000000000002
2506	0.00850000000000017
2507	0.0387500000000001
2508	0.0245000000000002
2509	-0.0349999999999999
2510	-0.0784999999999999
2511	-0.0695000000000001
2512	-0.0712499999999999
2513	-0.0649999999999998
2514	-0.06325
2515	-0.0159999999999999
2516	0.00800000000000023
2517	-0.0142499999999999
2518	0.00175000000000036
2519	0.00175000000000036
2520	0.0382500000000003
2521	0.02125
2522	-0.0375000000000001
2523	-0.0294999999999999
2524	-0.026
2525	-0.0634999999999999
2526	-0.052
2527	-0.04125
2528	-0.0474999999999999
2529	-0.0565
2530	-0.05375
2531	0.004
2532	-0.0307500000000001
2533	-0.0780000000000001
2534	-0.095
2535	-0.0655000000000001
2536	-0.10375
2537	-0.0405
2538	-0.012
2539	-0.01725
2540	-0.0617499999999997
2541	-0.1205
2542	-0.0840000000000001
2543	-0.0919999999999999
2544	-0.0857499999999998
2545	-0.0287500000000001
2546	-0.0154999999999998
2547	0.0210000000000001
2548	-0.004
2549	0.00225000000000009
2550	0.00850000000000017
2551	-0.0627500000000001
2552	-0.0902499999999999
2553	-0.0982499999999997
2554	-0.141
2555	-0.13025
2556	-0.10525
2557	-0.0989999999999999
2558	-0.0482499999999997
2559	-0.0909999999999999
2560	-0.0642499999999999
2561	0.00524999999999998
2562	0.089
2563	0.0622500000000001
2564	0.0302500000000001
2565	0.0507500000000003
2566	0.0507500000000003
2567	0.0205000000000004
2568	0.024
2569	0.00975000000000015
2570	0.016
2571	0.0632500000000001
2572	0.09
2573	0.0705000000000002
2574	0.0962500000000001
2575	0.0792499999999999
2576	0.0695000000000002
2577	0.114
2578	0.12475
2579	0.0962500000000001
2580	0.0775
2581	0.0615
2582	0.0267500000000003
2583	-0.0222499999999998
2584	0.00275000000000014
2585	-0.06325
2586	-0.0347499999999999
2587	0
2588	0.0177500000000002
2589	-0.01525
2590	-0.0535
2591	-0.0419999999999998
2592	-0.0784999999999999
2593	-0.0357499999999997
2594	-0.0544999999999998
2595	-0.0714999999999999
2596	-0.0662499999999999
2597	-0.1375
2598	-0.173
2599	-0.1855
2600	-0.17125
2601	-0.15075
2602	-0.1685
2603	-0.18625
2604	-0.1845
2605	-0.1435
2606	-0.14075
2607	-0.17725
2608	-0.20125
2609	-0.155
2610	-0.1425
2611	-0.16925
2612	-0.1845
2613	-0.23975
2614	-0.295
2615	-0.246
2616	-0.262
2617	-0.25225
2618	-0.23
2619	-0.18725
2620	-0.19875
2621	-0.1845
2622	-0.18625
2623	-0.18625
2624	-0.2245
2625	-0.17725
2626	-0.13275
2627	-0.16925
2628	-0.1845
2629	-0.228
2630	-0.195
2631	-0.14675
2632	-0.16725
2633	-0.11725
2634	-0.11375
2635	-0.0727499999999999
2636	-0.0932499999999999
2637	-0.104
2638	-0.129
2639	-0.14425
2640	-0.15575
2641	-0.17175
2642	-0.195
2643	-0.187
2644	-0.24775
2645	-0.3315
2646	-0.35025
2647	-0.3235
2648	-0.29225
2649	-0.2165
2650	-0.2085
2651	-0.2415
2652	-0.24325
2653	-0.2405
2654	-0.2235
2655	-0.20125
2656	-0.1835
2657	-0.1425
2658	-0.0962499999999998
2659	-0.0864999999999999
2660	-0.11425
2661	-0.14275
2662	-0.14275
2663	-0.13925
2664	-0.13925
2665	-0.14725
2666	-0.15
2667	-0.151
2668	-0.175
2669	-0.20975
2670	-0.23025
2671	-0.2545
2672	-0.209
2673	-0.201
2674	-0.16275
2675	-0.1315
2676	-0.071
2677	-0.1165
2678	-0.104
2679	-0.0532499999999996
2680	0.0350000000000001
2681	0.0555000000000001
2682	0.03775
2683	0.0457500000000002
2684	0.0297500000000002
2685	0.00124999999999997
2686	0.00750000000000006
2687	0.02
2688	0.0707500000000001
2689	0.0582500000000001
2690	0.0982500000000002
2691	0.0537500000000002
2692	0.0384999999999998
2693	0.0795000000000001
2694	0.0270000000000001
2695	0.0155000000000003
2696	0.0770000000000002
2697	0.0627499999999999
2698	0.0530000000000004
2699	0.0717500000000004
2700	0.0727500000000001
2701	0.0602500000000001
2702	0.0345
2703	0.0355000000000001
2704	0.0462500000000001
2705	0.121
2706	0.15475
2707	0.15675
2708	0.13
2709	0.12025
2710	0.10425
2711	0.0517500000000002
2712	0.0295
2713	0.0990000000000001
2714	0.0892500000000003
2715	0.0135000000000001
2716	0.00625000000000009
2717	0.0337500000000002
2718	0.048
2719	0.0497500000000002
2720	0.0790000000000002
2721	0.0630000000000002
2722	0.0675000000000001
2723	0.0470000000000002
2724	0.02475
2725	0.038
2726	-0.002
2727	0.06125
2728	0.0640000000000001
2729	0.0435000000000001
2730	-0.00449999999999973
2731	0.0337500000000002
2732	0.0125000000000002
2733	0.0445000000000004
2734	0.0337500000000002
2735	-0.0669999999999997
2736	-0.0634999999999999
2737	-0.0394999999999999
2738	-0.02
2739	-0.01125
2740	0.0110000000000001
2741	-0.014
2742	-0.0682500000000001
2743	-0.0727499999999999
2744	-0.03725
2745	-0.0435000000000001
2746	-0.0337499999999997
2747	0.00450000000000017
2748	0.0267500000000003
2749	0.01875
2750	0.0472500000000002
2751	0.0785
2752	0.07325
2753	0.10625
2754	0.10275
2755	0.0912500000000001
2756	0.0325000000000002
2757	0.0387500000000001
2758	0.0387500000000001
2759	0.0405000000000004
2760	0.0850000000000002
2761	0.0939999999999999
2762	0.0717500000000004
2763	0.06725
2764	0.0735000000000001
2765	0.0387500000000001
2766	0.0770000000000002
2767	0.0752499999999998
2768	0.0999999999999999
2769	0.0885
2770	0.0902500000000002
2771	0.1625
2772	0.208
2773	0.1875
2774	0.15375
2775	0.119
2776	0.1225
2777	0.0557500000000002
2778	0.119
2779	0.1545
2780	0.1475
2781	0.14925
2782	0.151
2783	0.1225
2784	0.08775
2785	0.0717500000000004
2786	0.0547500000000001
2787	0.0467500000000003
2788	0.01475
2789	0.00225000000000009
2790	0.00225000000000009
2791	0.0439999999999998
2792	0.052
2793	0.01
2794	0.0277499999999999
2795	0.0305
2796	-0.0282499999999999
2797	-0.0702499999999999
2798	-0.0177499999999999
2799	-0.0587499999999999
2800	-0.0444999999999998
2801	-0.0659999999999998
2802	-0.0962499999999999
2803	-0.115
2804	-0.15775
2805	-0.14175
2806	-0.106
2807	-0.123
2808	-0.14525
2809	-0.14175
2810	-0.1195
2811	-0.131
2812	-0.15775
2813	-0.123
2814	-0.17375
2815	-0.2235
2816	-0.2315
2817	-0.2555
2818	-0.2795
2819	-0.2555
2820	-0.24125
2821	-0.26175
2822	-0.24475
2823	-0.25725
2824	-0.2235
2825	-0.2715
2826	-0.276
2827	-0.316
2828	-0.2705
2829	-0.21425
2830	-0.23825
2831	-0.24625
2832	-0.21875
2833	-0.191
2834	-0.22225
2835	-0.183
2836	-0.17325
2837	-0.11875
2838	-0.0885
2839	-0.0804999999999998
2840	-0.0662499999999999
2841	-0.085
2842	-0.11
2843	-0.044
2844	-0.0529999999999999
2845	-0.0217499999999999
2846	-0.0234999999999999
2847	-0.0314999999999999
2848	-0.0242499999999997
2849	-0.0242499999999997
2850	-0.00824999999999987
2851	0.0575000000000001
2852	0.052
2853	0.0742500000000001
2854	0.10275
2855	0.0930000000000002
2856	0.0752499999999998
2857	0.0912500000000001
2858	0.0822499999999999
2859	0.10275
2860	0.1135
2861	0.13925
2862	0.132
2863	0.11325
2864	0.0642500000000001
2865	0.0855000000000001
2866	0.10775
2867	0.113
2868	0.0907500000000001
2869	0.0702500000000004
2870	0.1015
2871	0.0685
2872	0.0302500000000003
2873	0.0275000000000001
2874	-0.0250000000000001
2875	-0.0250000000000001
2876	-0.00449999999999973
2877	0.0302500000000003
2878	0.0392500000000002
2879	0.0285000000000002
2880	0.0472500000000002
2881	0.0160000000000002
2882	0.00600000000000001
2883	0.0755000000000001
2884	0.0862500000000002
2885	0.0925
2886	0.0942500000000002
2887	0.0472500000000002
2888	0.0357499999999999
2889	0.01875
2890	-0.0149999999999999
2891	-0.00349999999999984
2892	-0.0069999999999999
2893	-0.0212499999999998
2894	-0.0265
2895	-0.0514999999999999
2896	-0.0692499999999998
2897	-0.0647499999999999
2898	-0.0860000000000001
2899	-0.0975000000000001
2900	-0.04775
2901	-0.10375
2902	-0.08325
2903	-0.0645
2904	-0.052
2905	-0.05375
2906	-0.12675
2907	-0.15875
2908	-0.15875
2909	-0.15525
2910	-0.13925
2911	-0.13825
2912	-0.16675
2913	-0.214
2914	-0.22025
2915	-0.2255
2916	-0.23
2917	-0.229
2918	-0.20475
2919	-0.24475
2920	-0.2385
2921	-0.23225
2922	-0.24825
2923	-0.25275
2924	-0.2135
2925	-0.21875
2926	-0.19125
2927	-0.2125
2928	-0.21425
2929	-0.2285
2930	-0.21425
2931	-0.20525
2932	-0.24
2933	-0.2515
2934	-0.21675
2935	-0.207
2936	-0.214
2937	-0.19175
2938	-0.222
2939	-0.23
2940	-0.24775
2941	-0.246
2942	-0.2335
2943	-0.18625
2944	-0.1835
2945	-0.171
2946	-0.204
2947	-0.2005
2948	-0.1585
2949	-0.17625
2950	-0.16925
2951	-0.196
2952	-0.22275
2953	-0.22
2954	-0.25475
2955	-0.23875
2956	-0.22025
2957	-0.2265
2958	-0.2015
2959	-0.205
2960	-0.254
2961	-0.21575
2962	-0.18275
2963	-0.1115
2964	-0.0929999999999999
2965	-0.0804999999999999
2966	-0.0529999999999998
2967	-0.0397500000000001
2968	0.00825000000000009
2969	-0.0264999999999999
2970	-0.055
2971	-0.0442499999999999
2972	-0.03
2973	-0.00149999999999983
2974	0.0499999999999999
2975	0.0705000000000002
2976	0.0517500000000002
2977	0.0232499999999999
2978	0.0312499999999999
2979	0.04375
2980	0.0330000000000001
2981	-0.01325
2982	0.0465000000000001
2983	-0.00424999999999998
2984	-0.0434999999999997
2985	-0.01325
2986	-0.00249999999999995
2987	-0.00249999999999995
2988	0.00825000000000009
2989	0.034
2990	0.107
2991	0.08475
2992	0.06075
2993	0.0447500000000001
2994	0.0402500000000001
2995	0.026
2996	0.0625
2997	0.0322500000000001
2998	-0.0202499999999999
2999	-0.0487500000000001
3000	-0.0842499999999999
3001	-0.1155
3002	-0.119
3003	-0.14475
3004	-0.18025
3005	-0.158
3006	-0.13575
3007	-0.14025
3008	-0.1625
3009	-0.207
3010	-0.2915
3011	-0.30225
3012	-0.279
3013	-0.22825
3014	-0.239
3015	-0.2925
3016	-0.31925
3017	-0.31475
3018	-0.33075
3019	-0.28975
3020	-0.2505
3021	-0.263
3022	-0.263
3023	-0.23
3024	-0.22375
3025	-0.26375
3026	-0.294
3027	-0.29225
3028	-0.28675
3029	-0.236
3030	-0.23325
3031	-0.21275
3032	-0.235
3033	-0.24475
3034	-0.24475
3035	-0.28125
3036	-0.29375
3037	-0.2875
3038	-0.307
3039	-0.274
3040	-0.258
3041	-0.2705
3042	-0.28025
3043	-0.2295
3044	-0.21975
3045	-0.22325
3046	-0.2295
3047	-0.26325
3048	-0.27225
3049	-0.28825
3050	-0.2775
3051	-0.2295
3052	-0.20725
3053	-0.21175
3054	-0.1895
3055	-0.2305
3056	-0.3045
3057	-0.3285
3058	-0.37125
3059	-0.423
3060	-0.431
3061	-0.39
3062	-0.398
3063	-0.398
3064	-0.42575
3065	-0.45425
3066	-0.46675
3067	-0.47925
3068	-0.49525
3069	-0.47475
3070	-0.47475
3071	-0.4605
3072	-0.4355
3073	-0.4105
3074	-0.42925
3075	-0.44
3076	-0.47475
3077	-0.489
3078	-0.49525
3079	-0.5575
3080	-0.55925
3081	-0.55125
3082	-0.55575
3083	-0.521
3084	-0.49075
3085	-0.5175
3086	-0.5265
3087	-0.56375
3088	-0.545
3089	-0.55125
3090	-0.579
3091	-0.579
3092	-0.53525
3093	-0.4995
3094	-0.4425
3095	-0.42825
3096	-0.447
3097	-0.4515
3098	-0.472
3099	-0.4595
3100	-0.42825
3101	-0.44875
3102	-0.4425
3103	-0.438
3104	-0.43975
3105	-0.44775
3106	-0.4415
3107	-0.44775
3108	-0.4505
3109	-0.463
3110	-0.4505
3111	-0.41925
3112	-0.4085
3113	-0.39775
3114	-0.42
3115	-0.4405
3116	-0.4565
3117	-0.42975
3118	-0.4235
3119	-0.452
3120	-0.443
3121	-0.41
3122	-0.39125
3123	-0.36275
3124	-0.35825
3125	-0.3805
3126	-0.359
3127	-0.33575
3128	-0.334
3129	-0.33225
3130	-0.35
3131	-0.342
3132	-0.35175
3133	-0.382
3134	-0.35975
3135	-0.3705
3136	-0.4035
3137	-0.37675
3138	-0.40525
3139	-0.41775
3140	-0.41775
3141	-0.40975
3142	-0.4
3143	-0.40275
3144	-0.3885
3145	-0.32975
3146	-0.3645
3147	-0.34675
3148	-0.3405
3149	-0.35925
3150	-0.3325
3151	-0.29775
3152	-0.26575
3153	-0.29075
3154	-0.28
3155	-0.26575
3156	-0.2515
3157	-0.272
3158	-0.239
3159	-0.24525
3160	-0.248
3161	-0.2115
3162	-0.18925
3163	-0.20175
3164	-0.2115
3165	-0.2285
3166	-0.25525
3167	-0.23825
3168	-0.2205
3169	-0.2125
3170	-0.2285
3171	-0.216
3172	-0.19825
3173	-0.21075
3174	-0.20625
3175	-0.21875
3176	-0.18225
3177	-0.177
3178	-0.201
3179	-0.21075
3180	-0.217
3181	-0.2615
3182	-0.25175
3183	-0.274
3184	-0.2865
3185	-0.2615
3186	-0.25525
3187	-0.25175
3188	-0.233
3189	-0.208
3190	-0.208
3191	-0.20175
3192	-0.24275
3193	-0.21075
3194	-0.27225
3195	-0.30075
3196	-0.306
3197	-0.298
3198	-0.3185
3199	-0.315
3200	-0.31775
3201	-0.31775
3202	-0.29375
3203	-0.28575
3204	-0.30975
3205	-0.30975
3206	-0.28925
3207	-0.2555
3208	-0.28125
3209	-0.308
3210	-0.28675
3211	-0.24575
3212	-0.26525
3213	-0.26075
3214	-0.259
3215	-0.218
3216	-0.218
3217	-0.226
3218	-0.193
3219	-0.18675
3220	-0.16625
3221	-0.19125
3222	-0.19575
3223	-0.218
3224	-0.234
3225	-0.24825
3226	-0.22425
3227	-0.23675
3228	-0.22875
3229	-0.26075
3230	-0.2055
3231	-0.202
3232	-0.252
3233	-0.2225
3234	-0.21625
3235	-0.23225
3236	-0.185
3237	-0.193
3238	-0.23125
3239	-0.3195
3240	-0.3035
3241	-0.2955
3242	-0.30175
3243	-0.33375
3244	-0.32575
3245	-0.3195
3246	-0.32925
3247	-0.38275
3248	-0.4095
3249	-0.4175
3250	-0.4005
3251	-0.40675
3252	-0.38275
3253	-0.3605
3254	-0.37025
3255	-0.40775
3256	-0.431
3257	-0.42475
3258	-0.423
3259	-0.4185
3260	-0.431
3261	-0.415
3262	-0.431
3263	-0.4185
3264	-0.431
3265	-0.42575
3266	-0.4045
3267	-0.377
3268	-0.35025
3269	-0.35025
3270	-0.2925
3271	-0.2675
3272	-0.27375
3273	-0.26125
3274	-0.214
3275	-0.17475
3276	-0.1525
3277	-0.15075
3278	-0.1935
3279	-0.20875
3280	-0.182
3281	-0.141
3282	-0.11775
3283	-0.0874999999999998
3284	-0.0634999999999998
3285	-0.0537499999999999
3286	-0.06275
3287	-0.08775
3288	-0.13675
3289	-0.1385
3290	-0.1885
3291	-0.1715
3292	-0.159
3293	-0.15725
3294	-0.12875
3295	-0.13325
3296	-0.1475
3297	-0.119
3298	-0.12525
3299	-0.119
3300	-0.078
3301	-0.0707499999999999
3302	-0.1
3303	-0.06875
3304	-0.08475
3305	-0.0882499999999999
3306	-0.17275
3307	-0.179
3308	-0.17725
3309	-0.16125
3310	-0.19425
3311	-0.18625
3312	-0.172
3313	-0.156
3314	-0.115
3315	-0.11575
3316	-0.14075
3317	-0.1515
3318	-0.1685
3319	-0.13375
3320	-0.132
3321	-0.12225
3322	-0.0954999999999997
3323	-0.1035
3324	-0.0625
3325	-0.0794999999999998
3326	-0.04475
3327	-0.00374999999999992
3328	-0.00549999999999995
3329	-0.00824999999999998
3330	-0.0225
3331	0.00600000000000001
3332	0.0282500000000001
3333	0.014
3334	0.0407500000000001
3335	0.038
3336	0.0220000000000001
3337	0.0495000000000001
3338	0.0245000000000003
3339	-0.00924999999999998
3340	0.0432500000000001
3341	0.03875
3342	0.08325
3343	0.0965000000000003
3344	0.077
3345	0.07875
3346	0.10275
3347	0.11525
3348	0.0617500000000001
3349	0.0617500000000001
3350	0.0840000000000001
3351	0.10525
3352	0.13375
3353	0.10525
3354	0.0910000000000001
3355	0.06075
3356	0.0510000000000002
3357	0.0235000000000002
3358	-0.00324999999999998
3359	0.0110000000000002
3360	0.00750000000000006
3361	0.02
3362	0.0085000000000004
3363	-0.0654999999999999
3364	-0.0717499999999999
3365	-0.0842499999999999
3366	-0.0637499999999999
3367	-0.0985
3368	-0.11725
3369	-0.1075
3370	-0.137
3371	-0.08975
3372	-0.0960000000000001
3373	-0.12
3374	-0.10125
3375	-0.104
3376	-0.0834999999999999
3377	-0.10225
3378	-0.12275
3379	-0.1325
3380	-0.13525
3381	-0.153
3382	-0.1485
3383	-0.13775
3384	-0.127
3385	-0.10925
3386	-0.103
3387	-0.09675
3388	-0.11025
3389	-0.08975
3390	-0.0612499999999999
3391	-0.0532499999999999
3392	-0.0817499999999998
3393	-0.0639999999999998
3394	-0.0354999999999998
3395	-0.072
3396	-0.072
3397	-0.0434999999999997
3398	-0.0222499999999998
3399	0.0302500000000001
3400	0.1005
3401	0.114
3402	0.0792499999999999
3403	0.056
3404	0.04
3405	0.0275000000000001
3406	0.0417500000000002
3407	0.0150000000000001
3408	0.0675000000000001
3409	0.0515000000000001
3410	0.0737500000000002
3411	0.0782500000000002
3412	0.02125
3413	0.056
3414	0.04
3415	0.00075000000000025
3416	0.0327500000000001
3417	0.0317500000000002
3418	0.03
3419	0.0717500000000004
3420	0.0895000000000001
3421	0.0602500000000001
3422	0.03525
3423	0.0175000000000001
3424	0.02475
3425	0.0230000000000001
3426	-0.002
3427	-0.00649999999999995
3428	0.01925
3429	0.0175000000000001
3430	0.00324999999999998
3431	-0.02
3432	-0.0342499999999999
3433	-0.0565
3434	-0.0297499999999999
3435	-0.0287500000000001
3436	-0.0687500000000001
3437	-0.0794999999999997
3438	-0.0742499999999997
3439	-0.0760000000000001
3440	-0.028
3441	-0.00749999999999984
3442	-0.0182499999999999
3443	-0.0182499999999999
3444	-0.0547500000000001
3445	-0.0102499999999999
3446	-0.04325
3447	-0.05575
3448	-0.00949999999999984
3449	-0.0282499999999999
3450	0.002
3451	0.036
3452	0.0182500000000001
3453	-0.00124999999999997
3454	-0.0217499999999999
3455	-0.077
3456	-0.052
3457	-0.0485
3458	-0.0627500000000001
3459	-0.06725
3460	-0.0565
3461	-0.06725
3462	-0.03775
3463	-0.00924999999999998
3464	0.0317500000000002
3465	0.00775000000000015
3466	0.0237500000000002
3467	0.11025
3468	0.128
3469	0.10925
3470	0.10825
3471	0.0922500000000002
3472	0.0620000000000001
3473	0.0932500000000001
3474	0.105
3475	0.1585
3476	0.171
3477	0.114
3478	0.11675
3479	0.1105
3480	0.10875
3481	0.1025
3482	0.0757500000000002
3483	0.0945000000000003
3484	0.0972500000000001
3485	0.1115
3486	0.107
3487	0.106
3488	0.09
3489	0.15325
3490	0.204
3491	0.21925
3492	0.2165
3493	0.19875
3494	0.2255
3495	0.222
3496	0.181
3497	0.21575
3498	0.21125
3499	0.1855
3500	0.10175
3501	0.12575
3502	0.11775
3503	0.07325
3504	0.0527500000000001
3505	0.0715000000000001
3506	0.03875
3507	0.0245000000000003
3508	0.0610000000000001
3509	0.05925
3510	0.0645000000000002
3511	0.0235000000000002
3512	-0.00674999999999981
3513	0.0502500000000002
3514	0.0992499999999999
3515	0.0929999999999999
3516	0.0457500000000002
3517	-0.00949999999999995
3518	0.0155000000000001
3519	0.0385000000000001
3520	0.0117499999999999
3521	-0.00149999999999983
3522	0.0652500000000001
3523	0.0885000000000002
3524	0.1
3525	0.0777500000000002
3526	0.0777500000000002
3527	0.0635000000000001
3528	0.000250000000000195
3529	0.0145000000000001
3530	-0.00149999999999983
3531	-0.00700000000000012
3532	0.00724999999999998
3533	-0.0264999999999999
3534	-0.03
3535	-0.0254999999999999
3536	0.0120000000000001
3537	-0.0164999999999997
3538	-0.0387499999999998
3539	-0.0102499999999996
3540	0.0449999999999999
3541	0.0210000000000001
3542	0.0325000000000002
3543	0.0342500000000001
3544	0.0325000000000002
3545	0.0422500000000002
3546	0.04675
3547	0.03875
3548	0.0610000000000001
3549	-0.00399999999999978
3550	-0.0735
3551	-0.069
3552	-0.0297499999999999
3553	0.06375
3554	0.0414999999999999
3555	0.00600000000000001
3556	-0.0287499999999999
3557	-0.0172500000000001
3558	-0.0857499999999999
3559	-0.1125
3560	-0.1115
3561	-0.1285
3562	-0.1535
3563	-0.133
3564	-0.1285
3565	-0.141
3566	-0.133
3567	-0.14275
3568	-0.16675
3569	-0.166
3570	-0.14475
3571	-0.1885
3572	-0.18675
3573	-0.18325
3574	-0.16725
3575	-0.16725
3576	-0.23225
3577	-0.1985
3578	-0.20475
3579	-0.16475
3580	-0.1835
3581	-0.18
3582	-0.18625
3583	-0.123
3584	-0.1595
3585	-0.14075
3586	-0.0855
3587	-0.106
3588	-0.10075
3589	-0.1755
3590	-0.1845
3591	-0.2005
3592	-0.155
3593	-0.147
3594	-0.16475
3595	-0.14425
3596	-0.155
3597	-0.1835
3598	-0.20125
3599	-0.18
3600	-0.14075
3601	-0.1185
3602	-0.1185
3603	-0.1025
3604	-0.11325
3605	-0.098
3606	-0.14425
3607	-0.0507500000000001
3608	-0.0107499999999998
3609	-0.00624999999999987
3610	-0.0535
3611	-0.0945
3612	-0.0784999999999999
3613	-0.0705
3614	-0.0945
3615	-0.14875
3616	-0.12825
3617	-0.1335
3618	-0.14425
3619	-0.19325
3620	-0.20475
3621	-0.19675
3622	-0.2145
3623	-0.1825
3624	-0.2075
3625	-0.13725
3626	-0.0872499999999998
3627	-0.06675
3628	-0.0684999999999998
3629	-0.11575
3630	-0.0597499999999999
3631	-0.0544999999999998
3632	-0.034
3633	0.0105
3634	0.0345
3635	0.0122500000000001
3636	0.046
3637	0.03525
3638	0.0397500000000002
3639	0.0487500000000001
3640	0.1165
3641	0.0835000000000001
3642	0.1565
3643	0.0835000000000001
3644	0.0862500000000002
3645	0.1165
3646	0.14775
3647	0.202
3648	0.1905
3649	0.1985
3650	0.2145
3651	0.21625
3652	0.2145
3653	0.2385
3654	0.243
3655	0.2885
3656	0.28225
3657	0.27775
3658	0.299
3659	0.2955
3660	0.29825
3661	0.2645
3662	0.28575
3663	0.28925
3664	0.30075
3665	0.32475
3666	0.2705
3667	0.2375
3668	0.26675
3669	0.23375
3670	0.24975
3671	0.26225
3672	0.27825
3673	0.25775
3674	0.24075
3675	0.21925
3676	0.19875
3677	0.26375
3678	0.21475
3679	0.26725
3680	0.22625
3681	0.1995
3682	0.22525
3683	0.23075
3684	0.27075
3685	0.24225
3686	0.2655
3687	0.285
3688	0.2805
3689	0.244
3690	0.2485
3691	0.22
3692	0.24675
3693	0.25925
3694	0.24675
3695	0.24675
3696	0.25475
3697	0.25475
3698	0.1925
3699	0.16575
3700	0.14625
3701	0.133
3702	0.12225
3703	0.133
3704	0.0975000000000001
3705	0.10475
3706	0.10575
3707	0.0755000000000001
3708	0.00975000000000015
3709	0.0249999999999999
3710	0.0419999999999999
3711	0.0697500000000002
3712	0.0785
3713	0.0527500000000001
3714	0.0510000000000002
3715	0.0190000000000002
3716	0.0270000000000001
3717	0.0235000000000002
3718	-0.0245
3719	-0.012
3720	-0.0342499999999998
3721	-0.0474999999999998
3722	-0.0609999999999999
3723	-0.0537499999999999
3724	-0.0502499999999999
3725	-0.0279999999999999
3726	-0.0279999999999999
3727	-0.0199999999999999
3728	-0.036
3729	-0.0217499999999998
3730	-0.03325
3731	-0.04925
3732	-0.035
3733	-0.0840000000000001
3734	-0.0679999999999999
3735	-0.0207499999999999
3736	-0.0314999999999999
3737	-0.00475000000000003
3738	0.0327499999999999
3739	-0.000250000000000083
3740	-0.01275
3741	-0.036
3742	-0.08775
3743	-0.07975
3744	-0.0745
3745	-0.078
3746	-0.10225
3747	-0.0852499999999997
3748	-0.12075
3749	-0.1315
3750	-0.13775
3751	-0.0994999999999998
3752	-0.0870000000000001
3753	-0.0629999999999999
3754	-0.0389999999999999
3755	-0.0924999999999999
3756	-0.08975
3757	-0.105
3758	-0.104
3759	-0.11025
3760	-0.103
3761	-0.10475
3762	-0.12525
3763	-0.14225
3764	-0.178
3765	-0.17975
3766	-0.19125
3767	-0.218
3768	-0.23225
3769	-0.17525
3770	-0.14925
3771	-0.16625
3772	-0.1815
3773	-0.17975
3774	-0.1815
3775	-0.20375
3776	-0.209
3777	-0.1955
3778	-0.17225
3779	-0.17125
3780	-0.15875
3781	-0.1535
3782	-0.15425
3783	-0.17125
3784	-0.11425
3785	-0.125
3786	-0.1365
3787	-0.17825
3788	-0.172
3789	-0.19775
3790	-0.18525
3791	-0.155
3792	-0.1435
3793	-0.1105
3794	-0.1275
3795	-0.1275
3796	-0.148
3797	-0.19075
3798	-0.19875
3799	-0.1835
3800	-0.1345
3801	-0.16475
3802	-0.1425
3803	-0.11575
3804	-0.1175
3805	-0.15575
3806	-0.163
3807	-0.19675
3808	-0.227
3809	-0.21
3810	-0.23675
3811	-0.2055
3812	-0.21
3813	-0.17625
3814	-0.16825
3815	-0.17275
3816	-0.171
3817	-0.16025
3818	-0.1745
3819	-0.17625
3820	-0.211
3821	-0.18775
3822	-0.203
3823	-0.2075
3824	-0.2325
3825	-0.19425
3826	-0.213
3827	-0.22275
3828	-0.2325
3829	-0.24675
3830	-0.244
3831	-0.25825
3832	-0.2565
3833	-0.2075
3834	-0.2075
3835	-0.212
3836	-0.22975
3837	-0.21025
3838	-0.20225
3839	-0.2005
3840	-0.2165
3841	-0.18625
3842	-0.1755
3843	-0.17725
3844	-0.13175
3845	-0.16475
3846	-0.1505
3847	-0.1345
3848	-0.10775
3849	-0.12825
3850	-0.12825
3851	-0.1265
3852	-0.1425
3853	-0.14525
3854	-0.12825
3855	-0.11225
3856	-0.12375
3857	-0.146
3858	-0.11925
3859	-0.113
3860	-0.0639999999999999
3861	-0.10225
3862	-0.0772499999999999
3863	-0.0817499999999999
3864	-0.0675
3865	-0.0755
3866	-0.05675
3867	-0.05675
3868	-0.04875
3869	-0.0915
3870	-0.0845
3871	-0.097
3872	-0.09075
3873	-0.10675
3874	-0.11475
3875	-0.12275
3876	-0.0987499999999999
3877	-0.146
3878	-0.16025
3879	-0.146
3880	-0.139
3881	-0.10875
3882	-0.132
3883	-0.1285
3884	-0.15175
3885	-0.1365
3886	-0.13475
3887	-0.13925
3888	-0.14375
3889	-0.16075
3890	-0.18575
3891	-0.15725
3892	-0.16
3893	-0.15825
3894	-0.1555
3895	-0.15375
3896	-0.1635
3897	-0.1485
3898	-0.1335
3899	-0.1165
3900	-0.121
3901	-0.12725
3902	-0.11575
3903	-0.0792499999999999
3904	-0.09
3905	-0.0162499999999999
3906	-0.026
3907	-0.00099999999999989
3908	0.00075000000000025
3909	-0.0145
3910	-0.03325
3911	-0.03325
3912	-0.085
3913	-0.0565
3914	-0.0297499999999999
3915	0.00225000000000009
3916	0.04325
3917	-0.0165
3918	0.0210000000000001
3919	0.0370000000000001
3920	0.0397500000000002
3921	0.0387500000000001
3922	0.0450000000000002
3923	0.054
3924	0.0557500000000002
3925	0.0477500000000002
3926	0.0745
3927	0.038
3928	0.01125
3929	0.02725
3930	0.0325000000000002
3931	0.0565
3932	0.0617500000000002
3933	0.0645000000000002
3934	0.0495000000000001
3935	0.00575000000000014
3936	0.01725
3937	-0.00425000000000009
3938	-0.02475
3939	-0.0229999999999999
3940	-0.0469999999999997
3941	-0.0425
3942	-0.0577499999999997
3943	-0.0452499999999998
3944	-0.00874999999999981
3945	-0.00249999999999995
3946	0.114
3947	0.13875
3948	0.187
3949	0.17725
3950	0.19675
3951	0.19675
3952	0.163
3953	0.18625
3954	0.16575
3955	0.12925
3956	0.156
3957	0.1925
3958	0.19075
3959	0.21375
3960	0.25925
3961	0.27625
3962	0.237
3963	0.25475
3964	0.26625
3965	0.31875
3966	0.28575
3967	0.252
3968	0.2405
3969	0.2415
3970	0.20225
3971	0.2575
3972	0.21575
3973	0.28
3974	0.30675
3975	0.2755
3976	0.28
3977	0.20875
3978	0.27025
3979	0.2755
3980	0.2425
3981	0.24525
3982	0.14125
3983	0.140500000000001
3984	0.177
3985	0.17875
3986	0.18325
3987	0.18325
3988	0.15475
3989	0.143
3990	0.16875
3991	0.18025
3992	0.15975
3993	0.0947499999999999
3994	0.0670000000000002
3995	0.0582500000000001
3996	0.00750000000000006
3997	-0.0175000000000001
3998	0.0367500000000001
3999	0.0590000000000002
4000	0.0537500000000002
4001	0.00300000000000034
4002	0.0547500000000001
4003	0.0439999999999998
4004	0.0725000000000002
4005	0.04925
4006	0.10975
4007	0.1205
4008	0.1445
4009	0.11425
4010	0.0955000000000001
4011	0.14725
4012	0.1945
4013	0.25425
4014	0.2125
4015	0.1715
4016	0.2205
4017	0.22225
4018	0.21325
4019	0.232
4020	0.224
4021	0.23375
4022	0.1955
4023	0.15725
4024	0.20175
4025	0.241
4026	0.18225
4027	0.1965
4028	0.1885
4029	0.19025
4030	0.1895
4031	0.202
4032	0.21625
4033	0.2145
4034	0.18875
4035	0.16025
4036	0.203
4037	0.1995
4038	0.18875
4039	0.2395
4040	0.187
4041	0.17
4042	0.11125
4043	0.0622500000000001
4044	0.0497500000000002
4045	0.06125
4046	0.0505
4047	-0.0304999999999997
4048	-0.0492499999999998
4049	-0.0857499999999998
4050	-0.0617499999999997
4051	-0.06525
4052	-0.10975
4053	-0.166
4054	-0.16775
4055	-0.19975
4056	-0.2265
4057	-0.2335
4058	-0.2175
4059	-0.207
4060	-0.256
4061	-0.248
4062	-0.2025
4063	-0.222
4064	-0.2335
4065	-0.19425
4066	-0.14625
4067	-0.148
4068	-0.1285
4069	-0.09375
4070	-0.0954999999999999
4071	-0.124
4072	-0.16675
4073	-0.15525
4074	-0.13025
4075	-0.15875
4076	-0.16775
4077	-0.11175
4078	-0.0929999999999997
4079	-0.0547500000000001
4080	-0.052
4081	-0.0634999999999999
4082	-0.0242499999999997
4083	-0.002
4084	0.0202500000000001
4085	-0.02525
4086	-0.0742499999999997
4087	-0.0742499999999997
4088	-0.0982499999999997
4089	-0.0419999999999998
4090	-0.00374999999999992
4091	-0.0162499999999999
4092	-0.01275
4093	0.00324999999999998
4094	-0.0137499999999999
4095	0.00775000000000015
4096	-0.00574999999999992
4097	-0.0655000000000001
4098	-0.0735000000000001
4099	-0.08775
4100	-0.07175
4101	-0.0815000000000001
4102	-0.0975000000000001
4103	-0.11275
4104	-0.14925
4105	-0.14475
4106	-0.143
4107	-0.12425
4108	-0.07525
4109	-0.0842500000000002
4110	-0.1145
4111	-0.13225
4112	-0.0975000000000001
4113	-0.10475
4114	-0.1065
4115	-0.12525
4116	-0.13775
4117	-0.13525
4118	-0.1905
4119	-0.17
4120	-0.187
4121	-0.137
4122	-0.13525
4123	-0.1005
4124	-0.0844999999999996
4125	-0.12825
4126	-0.146
4127	-0.1345
4128	-0.11225
4129	-0.12825
4130	-0.113
4131	-0.1495
4132	-0.12175
4133	-0.0905
4134	-0.11375
4135	-0.10575
4136	-0.16825
4137	-0.154
4138	-0.20475
4139	-0.211
4140	-0.1575
4141	-0.16825
4142	-0.17
4143	-0.16025
4144	-0.18525
4145	-0.16725
4146	-0.20025
4147	-0.18875
4148	-0.20475
4149	-0.2045
4150	-0.20275
4151	-0.20175
4152	-0.17325
4153	-0.165
4154	-0.1525
4155	-0.1125
4156	-0.10175
4157	-0.1205
4158	-0.1
4159	-0.13025
4160	-0.1695
4161	-0.14175
4162	-0.14525
4163	-0.196
4164	-0.245
4165	-0.23525
4166	-0.24875
4167	-0.20425
4168	-0.222
4169	-0.2335
4170	-0.197
4171	-0.2015
4172	-0.15325
4173	-0.19075
4174	-0.1855
4175	-0.1285
4176	-0.13925
4177	-0.16325
4178	-0.1855
4179	-0.1525
4180	-0.131
4181	-0.181
4182	-0.18725
4183	-0.1605
4184	-0.172
4185	-0.1915
4186	-0.195
4187	-0.18075
4188	-0.195
4189	-0.196
4190	-0.229
4191	-0.27975
4192	-0.3065
4193	-0.26025
4194	-0.23175
4195	-0.22475
4196	-0.21575
4197	-0.214
4198	-0.21225
4199	-0.2105
4200	-0.14725
4201	-0.21775
4202	-0.24175
4203	-0.2685
4204	-0.2525
4205	-0.249
4206	-0.273
4207	-0.24175
4208	-0.21325
4209	-0.2105
4210	-0.2175
4211	-0.28425
4212	-0.3475
4213	-0.32
4214	-0.3005
4215	-0.345
4216	-0.378
4217	-0.35025
4218	-0.361
4219	-0.38425
4220	-0.38875
4221	-0.396
4222	-0.39075
4223	-0.357
4224	-0.35525
4225	-0.365
4226	-0.3605
4227	-0.3195
4228	-0.307
4229	-0.355
4230	-0.3835
4231	-0.38875
4232	-0.3755
4233	-0.356
4234	-0.39525
4235	-0.3605
4236	-0.3685
4237	-0.3345
4238	-0.29875
4239	-0.31025
4240	-0.31475
4241	-0.27375
4242	-0.26575
4243	-0.28625
4244	-0.2925
4245	-0.27025
4246	-0.2355
4247	-0.24175
4248	-0.1945
4249	-0.222
4250	-0.213
4251	-0.2015
4252	-0.19975
4253	-0.20875
4254	-0.2025
4255	-0.18725
4256	-0.18275
4257	-0.196
4258	-0.1995
4259	-0.2235
4260	-0.2315
4261	-0.22525
4262	-0.211
4263	-0.2635
4264	-0.2885
4265	-0.268
4266	-0.29475
4267	-0.2725
4268	-0.24125
4269	-0.28925
4270	-0.25175
4271	-0.25
4272	-0.282
4273	-0.282
4274	-0.3035
4275	-0.31425
4276	-0.30175
4277	-0.32575
4278	-0.3355
4279	-0.331
4280	-0.34175
4281	-0.3445
4282	-0.3285
4283	-0.3125
4284	-0.333
4285	-0.285
4286	-0.27875
4287	-0.27875
4288	-0.26625
4289	-0.24575
4290	-0.21275
4291	-0.21725
4292	-0.196
4293	-0.1605
4294	-0.15875
4295	-0.15875
4296	-0.0840000000000001
4297	-0.0474999999999999
4298	-0.0600000000000001
4299	-0.0707500000000001
4300	-0.0269999999999999
4301	-0.0225
4302	-0.002
4303	-0.0117499999999997
4304	-0.00549999999999984
4305	0.056
4306	0.0542500000000001
4307	0.0747500000000001
4308	0.105
4309	0.11475
4310	0.121
4311	0.12375
4312	0.1415
4313	0.11825
4314	0.14675
4315	0.16
4316	0.20975
4317	0.23825
4318	0.2195
4319	0.24625
4320	0.25875
4321	0.19025
4322	0.17775
4323	0.20175
4324	0.167
4325	0.14475
4326	0.1305
4327	0.12075
4328	0.0745
4329	0.0442500000000001
4330	0.0557500000000002
4331	-0.00124999999999997
4332	-0.0509999999999999
4333	-0.10175
4334	-0.052
4335	-0.05375
4336	-0.0742499999999997
4337	-0.0842500000000002
4338	-0.05125
4339	-0.0967499999999999
4340	-0.119
4341	-0.1555
4342	-0.136
4343	-0.176
4344	-0.233
4345	-0.19825
4346	-0.1885
4347	-0.19475
4348	-0.201
4349	-0.1715
4350	-0.1565
4351	-0.1555
4352	-0.1705
4353	-0.23275
4354	-0.22475
4355	-0.281
4356	-0.3345
4357	-0.31575
4358	-0.2855
4359	-0.28275
4360	-0.2595
4361	-0.296
4362	-0.31825
4363	-0.2755
4364	-0.24175
4365	-0.22475
4366	-0.24075
4367	-0.19525
4368	-0.1935
4369	-0.15875
4370	-0.13725
4371	-0.1105
4372	-0.13725
4373	-0.122
4374	-0.14875
4375	-0.0764999999999998
4376	-0.0747499999999999
4377	-0.0934999999999999
4378	-0.10325
4379	-0.0659999999999999
4380	-0.04275
4381	-0.06675
4382	-0.0674999999999998
4383	-0.0389999999999999
4384	-0.00149999999999983
4385	-0.0657499999999999
4386	-0.10125
4387	-0.0852499999999997
4388	-0.0994999999999998
4389	-0.0737499999999999
4390	-0.0817499999999998
4391	-0.0414999999999998
4392	-0.0102499999999996
4393	0.00475000000000014
4394	0.0145000000000001
4395	-0.0105
4396	-0.0302499999999998
4397	-0.00974999999999981
4398	0.0142500000000003
4399	-0.0302499999999998
4400	-0.0257499999999999
4401	-0.0284999999999999
4402	-0.0364999999999999
4403	-0.0615
4404	-0.106
4405	-0.148
4406	-0.17025
4407	-0.165
4408	-0.09375
4409	-0.14725
4410	-0.085
4411	-0.118
4412	-0.10375
4413	-0.0860000000000001
4414	-0.0922500000000002
4415	-0.0929999999999997
4416	-0.069
4417	-0.0387500000000001
4418	-0.0307500000000001
4419	-0.05575
4420	-0.0905
4421	-0.0627500000000001
4422	-0.052
4423	-0.0707500000000001
4424	-0.0867499999999999
4425	-0.0885
4426	-0.0857499999999998
4427	-0.0732499999999998
4428	-0.0589999999999999
4429	-0.0357499999999997
4430	-0.0489999999999998
4431	-0.0329999999999999
4432	-0.0169999999999997
4433	0.00700000000000034
4434	0.024
4435	0.024
4436	0.04
4437	0.06775
4438	0.06775
4439	0.0757500000000002
4440	0.12025
4441	0.1595
4442	0.156
4443	0.14625
4444	0.132
4445	0.164
4446	0.1275
4447	0.14625
4448	0.1355
4449	0.17375
4450	0.16125
4451	0.16125
4452	0.10325
4453	0.0649999999999999
4454	0.12725
4455	0.13625
4456	0.146
4457	0.17625
4458	0.17975
4459	0.21625
4460	0.2135
4461	0.23575
4462	0.21075
4463	0.2
4464	0.2205
4465	0.2045
4466	0.2125
4467	0.1885
4468	0.21175
4469	0.24025
4470	0.21075
4471	0.20625
4472	0.192
4473	0.159
4474	0.1225
4475	0.151
4476	0.10375
4477	0.0610000000000002
4478	0.0387500000000001
4479	0.0530000000000004
4480	0.0387500000000001
4481	0.0567500000000001
4482	0.0622500000000001
4483	0.0720000000000001
4484	0.0417500000000002
4485	0.04
4486	0.02125
4487	0.00700000000000034
4488	0.0462500000000001
4489	0.0355000000000001
4490	-0.00275000000000003
4491	0.02125
4492	0.00425000000000009
4493	0.00249999999999995
4494	-0.0135000000000001
4495	-0.0775
4496	-0.0409999999999998
4497	-0.0729999999999998
4498	-0.0479999999999999
4499	-0.0917499999999999
4500	-0.123
4501	-0.1435
4502	-0.198
4503	-0.14275
4504	-0.1525
4505	-0.21475
4506	-0.19325
4507	-0.1665
4508	-0.186
4509	-0.138
4510	-0.106
4511	-0.10775
4512	-0.0792499999999999
4513	-0.10425
4514	-0.09
4515	-0.098
4516	-0.0952499999999998
4517	-0.13
4518	-0.1195
4519	-0.116
4520	-0.13475
4521	-0.1445
4522	-0.157
4523	-0.13475
4524	-0.1035
4525	-0.05
4526	-0.10875
4527	-0.1105
4528	-0.0882499999999999
4529	-0.10975
4530	-0.10625
4531	-0.10725
4532	-0.15625
4533	-0.11975
4534	-0.11975
4535	-0.0857499999999998
4536	-0.0885
4537	-0.0947500000000001
4538	-0.0885
4539	-0.10275
4540	-0.0992499999999998
4541	-0.0529999999999999
4542	-0.0842500000000002
4543	-0.0860000000000001
4544	-0.0825
4545	-0.0860000000000001
4546	-0.0860000000000001
4547	-0.0825
4548	-0.0682500000000001
4549	-0.00499999999999989
4550	-0.0157499999999997
4551	0.0437499999999997
4552	0.0507500000000001
4553	0.129
4554	0.0445
4555	0.0205000000000002
4556	-0.00625000000000009
4557	-0.0347499999999998
4558	-0.0232499999999998
4559	0.0149999999999999
4560	-0.0117500000000001
4561	0.0202500000000001
4562	0.0477500000000002
4563	0.0690000000000002
4564	0.0449999999999999
4565	0.0432500000000005
4566	0.07975
4567	0.0905
4568	0.0967500000000001
4569	0.11525
4570	0.0930000000000002
4571	0.1295
4572	0.1875
4573	0.22125
4574	0.25875
4575	0.2525
4576	0.29075
4577	0.27825
4578	0.31125
4579	0.3245
4580	0.31375
4581	0.26125
4582	0.29425
4583	0.2515
4584	0.24975
4585	0.2365
4586	0.2435
4587	0.184
4588	0.20625
4589	0.152
4590	0.16975
4591	0.1555
4592	0.2535
4593	0.2445
4594	0.258
4595	0.2295
4596	0.217
4597	0.1885
4598	0.17075
4599	0.1655
4600	0.16725
4601	0.20025
4602	0.194
4603	0.22425
4604	0.21725
4605	0.18
4606	0.204
4607	0.16125
4608	0.131
4609	0.147
4610	0.14975
4611	0.1265
4612	0.0882499999999999
4613	0.0722500000000001
4614	0.0499999999999998
4615	0.0162500000000001
4616	0.0607500000000001
4617	0.0660000000000001
4618	0.0607500000000001
4619	0.132
4620	0.132
4621	0.178
4622	0.18175
4623	0.155
4624	0.10425
4625	0.0882499999999999
4626	0.0962499999999999
4627	0.1185
4628	0.0944999999999998
4629	0.11675
4630	0.106
4631	0.0774999999999999
4632	0.09175
4633	0.1005
4634	0.10325
4635	0.0925
4636	0.04
4637	0.0149999999999999
4638	0.000750000000000028
4639	-0.0152499999999998
4640	-0.0322499999999999
4641	-0.04925
4642	-0.0589999999999997
4643	-0.0902499999999997
4644	-0.1045
4645	-0.124
4646	-0.15075
4647	-0.13825
4648	-0.109
4649	-0.11075
4650	-0.11075
4651	-0.0975000000000001
4652	-0.13925
4653	-0.1
4654	-0.0992499999999998
4655	-0.1385
4656	-0.15625
4657	-0.181
4658	-0.1695
4659	-0.165
4660	-0.15075
4661	-0.1375
4662	-0.0805
4663	-0.0680000000000001
4664	-0.0714999999999997
4665	-0.0572499999999998
4666	-0.0225
4667	0.00600000000000001
4668	-0.0367499999999998
4669	-0.1025
4670	-0.075
4671	-0.0694999999999999
4672	-0.0365
4673	-0.0604999999999998
4674	-0.0854999999999999
4675	-0.1185
4676	-0.05975
4677	-0.0284999999999997
4678	0.00975000000000015
4679	0.10325
4680	0.11825
4681	0.1485
4682	0.13425
4683	0.13975
4684	0.106
4685	0.10775
4686	0.1095
4687	0.13725
4688	0.1515
4689	0.1025
4690	0.1115
4691	0.0902500000000002
4692	0.132
4693	0.0634999999999999
4694	0.0537500000000002
4695	0.0840000000000001
4696	0.0805000000000002
4697	0.0975000000000001
4698	0.1145
4699	0.0610000000000002
4700	0.0502499999999999
4701	0.0895000000000001
4702	0.0467500000000003
4703	0.0477500000000002
4704	0.0825
4705	0.0842500000000004
4706	0.046
4707	0.0495000000000001
4708	0.0290000000000001
4709	0.0397500000000002
4710	0.0727500000000001
4711	0.0807500000000001
4712	0.03
4713	0.054
4714	0.01925
4715	-0.0645
4716	-0.09375
4717	-0.13025
4718	-0.13825
4719	-0.17125
4720	-0.17575
4721	-0.14725
4722	-0.14275
4723	-0.14375
4724	-0.1545
4725	-0.134
4726	-0.14825
4727	-0.126
4728	-0.18025
4729	-0.13225
4730	-0.10375
4731	-0.14925
4732	-0.127
4733	-0.14125
4734	-0.1875
4735	-0.1375
4736	-0.1375
4737	-0.16425
4738	-0.15
4739	-0.20975
4740	-0.2275
4741	-0.2105
4742	-0.17325
4743	-0.1875
4744	-0.1635
4745	-0.1725
4746	-0.168
4747	-0.1555
4748	-0.11625
4749	-0.17675
4750	-0.18025
4751	-0.13825
4752	-0.1115
4753	-0.12125
4754	-0.10075
4755	-0.10075
4756	-0.0747499999999999
4757	-0.10325
4758	-0.0827499999999999
4759	-0.0969999999999999
4760	-0.0639999999999998
4761	-0.0514999999999997
4762	-0.072
4763	-0.0639999999999998
4764	-0.0417499999999998
4765	-0.03625
4766	-0.0504999999999999
4767	-0.0352499999999998
4768	-0.0272500000000001
4769	-0.0397500000000001
4770	-0.0727499999999999
4771	-0.104
4772	-0.1415
4773	-0.1815
4774	-0.185
4775	-0.16625
4776	-0.15925
4777	-0.17975
4778	-0.1885
4779	-0.201
4780	-0.22325
4781	-0.2
4782	-0.28025
4783	-0.27225
4784	-0.27225
4785	-0.2535
4786	-0.2455
4787	-0.242
4788	-0.24375
4789	-0.23925
4790	-0.2375
4791	-0.22775
4792	-0.2635
4793	-0.27775
4794	-0.32775
4795	-0.35175
4796	-0.40975
4797	-0.37775
4798	-0.35725
4799	-0.33675
4800	-0.35725
4801	-0.39025
4802	-0.38575
4803	-0.40625
4804	-0.43925
4805	-0.417
4806	-0.41875
4807	-0.4455
4808	-0.3965
4809	-0.42775
4810	-0.43675
4811	-0.41175
4812	-0.41525
4813	-0.4135
4814	-0.41525
4815	-0.35475
4816	-0.39575
4817	-0.40125
4818	-0.35225
4819	-0.35225
4820	-0.36575
4821	-0.364
4822	-0.34625
4823	-0.35425
4824	-0.3695
4825	-0.38825
4826	-0.40525
4827	-0.3955
4828	-0.35175
4829	-0.33125
4830	-0.267
4831	-0.2705
4832	-0.26325
4833	-0.289
4834	-0.297
4835	-0.33175
4836	-0.32375
4837	-0.29525
4838	-0.3015
4839	-0.281
4840	-0.28625
4841	-0.31025
4842	-0.29425
4843	-0.24075
4844	-0.27625
4845	-0.19425
4846	-0.1755
4847	-0.17725
4848	-0.17725
4849	-0.15225
4850	-0.155
4851	-0.17975
4852	-0.128
4853	-0.119
4854	-0.102
4855	-0.1145
4856	-0.0912499999999999
4857	-0.0804999999999999
4858	-0.10625
4859	-0.0892499999999999
4860	-0.10075
4861	-0.0944999999999999
4862	-0.0934999999999999
4863	-0.0872499999999999
4864	-0.138
4865	-0.14425
4866	-0.17375
4867	-0.1435
4868	-0.13275
4869	-0.1595
4870	-0.15775
4871	-0.13725
4872	-0.06875
4873	-0.0625
4874	-0.08125
4875	-0.0750000000000001
4876	-0.0840000000000001
4877	-0.0982499999999998
4878	-0.0874999999999998
4879	-0.0857499999999999
4880	-0.0422499999999999
4881	-0.0582499999999998
4882	-0.0707499999999999
4883	-0.0352499999999998
4884	0.00475000000000014
4885	0.00475000000000014
4886	0.0217500000000002
4887	0.0155000000000001
4888	0.0190000000000002
4889	0.0465000000000001
4890	0.026
4891	0.043
4892	0.0412500000000001
4893	0.01
4894	0.00450000000000017
4895	-0.01875
4896	-0.0107499999999998
4897	0.00700000000000034
4898	0.06125
4899	0.0550000000000002
4900	0.0477500000000002
4901	0.0255000000000001
4902	0.0157500000000002
4903	0.022
4904	0.00324999999999998
4905	-0.01725
4906	-0.02525
4907	-0.03775
4908	-0.15975
4909	-0.17225
4910	-0.16775
4911	-0.1545
4912	-0.12325
4913	-0.101
4914	-0.14025
4915	-0.17775
4916	-0.18925
4917	-0.208
4918	-0.19825
4919	-0.25425
4920	-0.19825
4921	-0.21175
4922	-0.21175
4923	-0.19675
4924	-0.154
4925	-0.16375
4926	-0.18425
4927	-0.16125
4928	-0.203249999999999
4929	-0.15525
4930	-0.14
4931	-0.14975
4932	-0.08125
4933	-0.0464999999999998
4934	-0.0937500000000002
4935	-0.10525
4936	-0.0534999999999999
4937	0.00249999999999995
4938	0.00249999999999995
4939	-0.01
4940	0.0602500000000001
4941	0.0949999999999998
4942	0.0842499999999999
4943	0.134
4944	0.22225
4945	0.23025
4946	0.2355
4947	0.25325
4948	0.28525
4949	0.312
4950	0.3485
4951	0.39575
4952	0.44475
4953	0.48375
4954	0.498
4955	0.51475
4956	0.4455
4957	0.44825
4958	0.42675
4959	0.38575
4960	0.37225
4961	0.342
4962	0.359
4963	0.327
4964	0.43025
4965	0.39375
4966	0.407
4967	0.46925
4968	0.39
4969	0.38825
4970	0.39625
4971	0.37925
4972	0.389
4973	0.3365
4974	0.33475
4975	0.3365
4976	0.28225
4977	0.30975
4978	0.3035
4979	0.25025
4980	0.25025
4981	0.22
4982	0.195
4983	0.2405
4984	0.17275
4985	0.1575
4986	0.146
4987	0.12475
4988	0.10425
4989	0.0840000000000001
4990	0.0760000000000001
4991	0.0627500000000001
4992	0.0600000000000003
4993	0.0332500000000002
4994	0.0805000000000002
4995	0.0635000000000001
4996	0.0832500000000003
4997	0.08775
4998	0.0832500000000003
4999	0.14025
5000	0.0567500000000001
5001	0.0567500000000001
5002	0.032
5003	-0.0017499999999997
5004	0
5005	-0.0250000000000001
5006	-0.0319999999999998
5007	-0.0319999999999998
5008	-0.0827499999999999
5009	-0.0810000000000002
5010	-0.0952499999999998
5011	-0.0987499999999999
5012	-0.105
5013	-0.1245
5014	-0.0959999999999999
5015	-0.0959999999999999
5016	-0.10225
5017	-0.1915
5018	-0.17625
5019	-0.24475
5020	-0.2215
5021	-0.20725
5022	-0.22075
5023	-0.2315
5024	-0.27425
5025	-0.261
5026	-0.25825
5027	-0.2395
5028	-0.24925
5029	-0.17275
5030	-0.1905
5031	-0.11025
5032	-0.15125
5033	-0.211
5034	-0.21725
5035	-0.3135
5036	-0.318
5037	-0.34375
5038	-0.39825
5039	-0.391999999999999
5040	-0.359
5041	-0.3475
5042	-0.33325
5043	-0.32875
5044	-0.3315
5045	-0.37075
5046	-0.31825
5047	-0.3005
5048	-0.29425
5049	-0.29625
5050	-0.32825
5051	-0.30425
5052	-0.2785
5053	-0.21425
5054	-0.20275
5055	-0.2545
5056	-0.2635
5057	-0.25275
5058	-0.218
5059	-0.20825
5060	-0.1895
5061	-0.24825
5062	-0.28575
5063	-0.285
5064	-0.25925
5065	-0.294
5066	-0.34925
5067	-0.4195
5068	-0.40525
5069	-0.37225
5070	-0.3615
5071	-0.30625
5072	-0.29025
5073	-0.26275
5074	-0.17175
5075	-0.19575
5076	-0.218
5077	-0.25625
5078	-0.2955
5079	-0.27325
5080	-0.218
5081	-0.193
5082	-0.2215
5083	-0.1965
5084	-0.167
5085	-0.17125
5086	-0.11075
5087	-0.11075
5088	-0.1455
5089	-0.0982499999999997
5090	-0.10625
5091	-0.075
5092	-0.05975
5093	-0.0935000000000001
5094	-0.0907499999999997
5095	-0.0685
5096	-0.0962499999999999
5097	-0.0444999999999998
5098	-0.00874999999999981
5099	0.018
5100	-0.0362500000000001
5101	-0.0342499999999999
5102	-0.028
5103	-0.0129999999999999
5104	-0.0157499999999997
5105	0.0110000000000001
5106	0.0402500000000001
5107	0.0322499999999999
5108	0.00649999999999973
5109	0.036
5110	0.0270000000000001
5111	0.018
5112	0.0145
5113	0.0572499999999998
5114	0.0972500000000001
5115	0.0874999999999999
5116	0.0555000000000001
5117	0.07325
5118	0.09375
5119	0.0197499999999997
5120	0.00724999999999998
5121	-0.00524999999999998
5122	-0.0604999999999998
5123	-0.0899999999999999
5124	-0.1345
5125	-0.139
5126	-0.1675
5127	-0.18625
5128	-0.18975
5129	-0.188
5130	-0.22725
5131	-0.26375
5132	-0.237
5133	-0.2905
5134	-0.2675
5135	-0.33425
5136	-0.287
5137	-0.27275
5138	-0.25225
5139	-0.26375
5140	-0.32075
5141	-0.29675
5142	-0.33675
5143	-0.318
5144	-0.3715
5145	-0.391999999999999
5146	-0.4035
5147	-0.391
5148	-0.40175
5149	-0.415
5150	-0.43275
5151	-0.431
5152	-0.4435
5153	-0.44875
5154	-0.46925
5155	-0.45225
5156	-0.4835
5157	-0.44075
5158	-0.40775
5159	-0.42275
5160	-0.4075
5161	-0.428
5162	-0.3825
5163	-0.3745
5164	-0.38175
5165	-0.40225
5166	-0.3835
5167	-0.35325
5168	-0.33175
5169	-0.29875
5170	-0.3405
5171	-0.30225
5172	-0.3335
5173	-0.346
5174	-0.37725
5175	-0.35675
5176	-0.35225
5177	-0.38425
5178	-0.362
5179	-0.3415
5180	-0.3255
5181	-0.338
5182	-0.32025
5183	-0.35325
5184	-0.36575
5185	-0.341
5186	-0.35525
5187	-0.37575
5188	-0.367
5189	-0.38225
5190	-0.4295
5191	-0.37525
5192	-0.361
5193	-0.427
5194	-0.443
5195	-0.41275
5196	-0.36475
5197	-0.363
5198	-0.39325
5199	-0.33625
5200	-0.34875
5201	-0.3595
5202	-0.38175
5203	-0.453
5204	-0.45225
5205	-0.4425
5206	-0.44975
5207	-0.47375
5208	-0.488
5209	-0.489
5210	-0.41325
5211	-0.43375
5212	-0.37225
5213	-0.35625
5214	-0.3715
5215	-0.43475
5216	-0.38675
5217	-0.37075
5218	-0.4305
5219	-0.345
5220	-0.29775
5221	-0.36
5222	-0.34575
5223	-0.36275
5224	-0.3395
5225	-0.29575
5226	-0.19875
5227	-0.23525
5228	-0.173
5229	-0.107
5230	-0.0927499999999999
5231	-0.0562499999999999
5232	-0.0774999999999995
5233	-0.0284999999999997
5234	-0.0294999999999996
5235	-0.04125
5236	0.0317499999999999
5237	0.0950000000000002
5238	0.13775
5239	0.2215
5240	0.21075
5241	0.233
5242	0.23475
5243	0.265
5244	0.329
5245	0.3815
5246	0.3085
5247	0.33425
5248	0.30125
5249	0.2985
5250	0.40975
5251	0.431
5252	0.4115
5253	0.39725
5254	0.4675
5255	0.39175
5256	0.37475
5257	0.42925
5258	0.49775
5259	0.578
5260	0.54675
5261	0.592
5262	0.576000000000001
5263	0.54125
5264	0.57225
5265	0.55975
5266	0.5365
5267	0.48125
5268	0.4855
5269	0.43475
5270	0.46325
5271	0.45
5272	0.3725
5273	0.3645
5274	0.34475
5275	0.3
5276	0.26
5277	0.24575
5278	0.2415
5279	0.26625
5280	0.236
5281	0.1845
5282	0.26725
5283	0.2495
5284	0.25575
5285	0.24425
5286	0.1305
5287	0.16625
5288	0.201
5289	0.202
5290	0.1505
5291	0.1585
5292	0.18
5293	0.23325
5294	0.154
5295	0.12625
5296	0.12825
5297	0.0294999999999999
5298	-0.0150000000000001
5299	0.0169999999999997
5300	-0.0522500000000001
5301	-0.0727499999999996
5302	-0.0574999999999999
5303	-0.0352499999999996
5304	-0.0957499999999998
5305	-0.1145
5306	-0.12525
5307	-0.119
5308	-0.0557499999999997
5309	-0.0824999999999998
5310	-0.08775
5311	-0.0234999999999999
5312	-0.00224999999999986
5313	0.000500000000000167
5314	0.0600000000000001
5315	0.0495000000000001
5316	0.0460000000000003
5317	0.0335000000000003
5318	-0.0182499999999997
5319	-0.0405
5320	-0.0102499999999996
5321	-0.03975
5322	-0.00425000000000009
5323	-0.0389999999999999
5324	-0.0594999999999999
5325	-0.0152499999999998
5326	-0.018
5327	-0.0385
5328	-0.0145
5329	-0.0714999999999999
5330	-0.0357499999999999
5331	-0.0819999999999999
5332	-0.0882500000000002
5333	-0.0330000000000001
5334	-0.0124999999999997
5335	-0.0319999999999998
5336	-0.0364999999999995
5337	-0.0214999999999999
5338	-0.0127499999999996
5339	-0.00825000000000009
5340	0.0327500000000003
5341	0.0817500000000002
5342	0.1085
5343	0.0915000000000004
5344	0.0462500000000001
5345	0.0417500000000002
5346	0.0202500000000001
5347	-0.0430000000000001
5348	-0.0607499999999999
5349	-0.0874999999999999
5350	-0.0962500000000002
5351	-0.11675
5352	-0.0819999999999999
5353	-0.0545
5354	-0.0472499999999996
5355	-0.0374999999999999
5356	-0.0864999999999998
5357	-0.0562500000000001
5358	-0.0705000000000002
5359	-0.0669999999999999
5360	-0.0849999999999997
5361	-0.0955000000000001
5362	-0.0669999999999999
5363	0.00425000000000009
5364	0.0475000000000001
5365	0.0519999999999998
5366	0.05725
5367	0.0740000000000001
5368	0.0667500000000001
5369	0.0497500000000002
5370	0.0310000000000001
5371	0.048
5372	0.0389999999999999
5373	0.0552500000000005
5374	0.0312500000000004
5375	0.0497500000000002
5376	0.0605000000000002
5377	0.0497500000000002
5378	0.0337500000000002
5379	0.0437500000000002
5380	0.0542499999999999
5381	0.0774999999999999
5382	0.1195
5383	0.2075
5384	0.25925
5385	0.22525
5386	0.1645
5387	0.18575
5388	0.1465
5389	0.1465
5390	0.10375
5391	0.1135
5392	0.22125
5393	0.255250000000001
5394	0.31575
5395	0.339
5396	0.357
5397	0.35425
5398	0.30525
5399	0.24475
5400	0.22275
5401	0.2085
5402	0.2485
5403	0.28875
5404	0.30575
5405	0.3075
5406	0.336
5407	0.3305
5408	0.33675
5409	0.33225
5410	0.39725
5411	0.368
5412	0.416000000000001
5413	0.44275
5414	0.431
5415	0.414000000000001
5416	0.40075
5417	0.415
5418	0.44175
5419	0.39025
5420	0.351
5421	0.39475
5422	0.44825
5423	0.459
5424	0.45275
5425	0.4305
5426	0.484750000000001
5427	0.4705
5428	0.4055
5429	0.35025
5430	0.26675
5431	0.26675
5432	0.305
5433	0.30775
5434	0.33725
5435	0.3425
5436	0.3255
5437	0.362
5438	0.32025
5439	0.30425
5440	0.307
5441	0.30175
5442	0.26525
5443	0.31775
5444	0.325
5445	0.34375
5446	0.3625
5447	0.44875
5448	0.40875
5449	0.378500000000001
5450	0.39375
5451	0.4525
5452	0.43275
5453	0.398
5454	0.389
5455	0.3935
5456	0.42475
5457	0.4025
5458	0.3935
5459	0.348
5460	0.365
5461	0.3525
5462	0.26525
5463	0.2635
5464	0.26525
5465	0.3025
5466	0.36575
5467	0.38175
5468	0.347
5469	0.38525
5470	0.387
5471	0.355
5472	0.259
5473	0.259
5474	0.2635
5475	0.28925
5476	0.30525
5477	0.25525
5478	0.29
5479	0.23125
5480	0.25525
5481	0.2265
5482	0.12675
5483	0.0165000000000002
5484	0.00575000000000014
5485	0.00124999999999997
5486	-0.0119999999999998
5487	0.0662500000000001
5488	0.0985000000000003
5489	0.0922500000000002
5490	0.06925
5491	0.0790000000000002
5492	0.103
5493	0.135
5494	0.0290000000000001
5495	0.0425000000000002
5496	0.06125
5497	0.0470000000000002
5498	0.11375
5499	0.1405
5500	0.1245
5501	0.1095
5502	0.1405
5503	0.08525
5504	0.0702499999999999
5505	0.0560000000000005
5506	0.0577500000000002
5507	0.0960000000000003
5508	0.13775
5509	0.0825
5510	0.0735000000000001
5511	0.0529999999999999
5512	0.0547500000000003
5513	0.10475
5514	0.10825
5515	0.14925
5516	0.0807500000000001
5517	0.097
5518	0.106
5519	0.171
5520	0.1995
5521	0.17375
5522	0.1745
5523	0.0660000000000001
5524	0.0142499999999999
5525	0.0782499999999999
5526	0.0800000000000003
5527	0.0105000000000002
5528	-0.04575
5529	-0.0680000000000001
5530	-0.0805000000000002
5531	-0.0957499999999998
5532	-0.12075
5533	-0.0414999999999999
5534	0.00749999999999984
5535	0.0315000000000001
5536	0.0529999999999999
5537	0.0154999999999998
5538	-0.0547499999999999
5539	-0.00224999999999964
5540	0.0252500000000002
5541	-0.0255000000000001
5542	-0.0317499999999999
5543	-0.0165
5544	0.0245
5545	0.0752500000000003
5546	0.0440000000000003
5547	0.0565000000000002
5548	0.0787500000000003
5549	0.0625000000000002
5550	-0.00799999999999956
5551	-0.0204999999999993
5552	-0.0687499999999996
5553	-0.0954999999999995
5554	-0.0822499999999995
5555	-0.126749999999999
5556	-0.1775
5557	-0.149
5558	-0.0937499999999998
5559	-0.114249999999999
5560	-0.10275
5561	-0.15975
5562	-0.151749999999999
5563	-0.134
5564	-0.16775
5565	-0.1945
5566	-0.0920000000000003
5567	-0.124
5568	-0.15075
5569	-0.20675
5570	-0.25925
5571	-0.24675
5572	-0.2825
5573	-0.25575
5574	-0.25225
5575	-0.206999999999999
5576	-0.1785
5577	-0.17675
5578	-0.14025
5579	-0.0772499999999998
5580	-0.10925
5581	-0.15375
5582	-0.16075
5583	-0.14475
5584	-0.192
5585	-0.174
5586	-0.1265
5587	-0.155
5588	-0.097
5589	-0.0542500000000001
5590	-0.0274999999999996
5591	0.0375000000000001
5592	0.0347500000000003
5593	0.0330000000000001
5594	-0.00349999999999984
5595	0.0115000000000005
5596	0.0437500000000002
5597	0.0812500000000003
5598	0.0402500000000001
5599	0.10275
5600	0.19
5601	0.27275
5602	0.31725
5603	0.335
5604	0.343
5605	0.411500000000001
5606	0.439000000000001
5607	0.355250000000001
5608	0.35075
5609	0.3925
5610	0.372
5611	0.30725
5612	0.2975
5613	0.30475
5614	0.23625
5615	0.174
5616	0.174
5617	0.239
5618	0.2425
5619	0.1685
5620	0.197
5621	0.181
5622	0.196
5623	0.21475
5624	0.2575
5625	0.22725
5626	0.204
5627	0.15325
5628	0.172
5629	0.17825
5630	0.1435
5631	0.0829999999999997
5632	0.0722500000000004
5633	0.0819999999999999
5634	0.0854999999999999
5635	0.0765
5636	-0.0214999999999996
5637	-0.0730000000000002
5638	-0.15575
5639	-0.1415
5640	-0.11575
5641	-0.16025
5642	-0.20825
5643	-0.177
5644	-0.11825
5645	-0.1715
5646	-0.16525
5647	-0.159
5648	-0.14125
5649	-0.1165
5650	-0.0454999999999994
5651	0.0230000000000001
5652	0.0077499999999997
5653	-0.0189999999999999
5654	0.014
5655	-0.00549999999999984
5656	-0.0374999999999996
5657	-0.0267499999999996
5658	-0.0427500000000001
5659	-0.0374999999999996
5660	0.0595000000000006
5661	0.0157500000000002
5662	0.00250000000000017
5663	0.0167499999999998
5664	0.02925
5665	0.0230000000000001
5666	0.0497500000000002
5667	0.0810000000000004
5668	0.0657500000000004
5669	0.0257500000000002
5670	0.0427500000000003
5671	0.0267499999999998
5672	0.12125
5673	0.10875
5674	0.0962500000000002
5675	0.16125
5676	0.1605
5677	0.15775
5678	0.205
5679	0.22725
5680	0.21925
5681	0.23325
5682	0.283
5683	0.26775
5684	0.2615
5685	0.280250000000001
5686	0.20725
5687	0.0942500000000002
5688	0.11825
5689	0.0612500000000002
5690	0.0230000000000001
5691	0.17175
5692	0.211
5693	0.183
5694	0.21425
5695	0.23125
5696	0.1245
5697	0.19675
5698	0.23325
5699	0.211
5700	0.19225
5701	0.20725
5702	0.2
5703	0.2525
5704	0.322
5705	0.354
5706	0.31475
5707	0.3335
5708	0.3575
5709	0.32725
5710	0.38425
5711	0.295250000000001
5712	0.24525
5713	0.2025
5714	0.20775
5715	0.2335
5716	0.1925
5717	0.173
5718	0.15625
5719	0.1545
5720	0.1065
5721	0.04775
5722	0.0782500000000002
5723	0.0907500000000003
5724	0.0810000000000004
5725	0.12825
5726	0.1585
5727	0.0987500000000003
5728	0.0862500000000002
5729	0.1595
5730	0.20125
5731	0.154
5732	0.14325
5733	0.0970000000000006
5734	0.1165
5735	0.10475
5736	0.1875
5737	0.21075
5738	0.3025
5739	0.282
5740	0.241000000000001
5741	0.2375
5742	0.2625
5743	0.2455
5744	0.24825
5745	0.2865
5746	0.2705
5747	0.3025
5748	0.38
5749	0.436
5750	0.3505
5751	0.32925
5752	0.36675
5753	0.4185
5754	0.376500000000001
5755	0.3515
5756	0.3515
5757	0.36225
5758	0.397
5759	0.42375
5760	0.447
5761	0.423
5762	0.44525
5763	0.42475
5764	0.407
5765	0.41325
5766	0.376750000000001
5767	0.367
5768	0.416000000000001
5769	0.457750000000001
5770	0.416000000000001
5771	0.39475
5772	0.34675
5773	0.32
5774	0.21775
5775	0.18225
5776	0.19575
5777	0.19675
5778	0.2145
5779	0.252
5780	0.1905
5781	0.18525
5782	0.22975
5783	0.237
5784	0.181
5785	0.21325
5786	0.30325
5787	0.3005
5788	0.29075
5789	0.255
5790	0.246250000000001
5791	0.371
5792	0.39775
5793	0.42275
5794	0.40925
5795	0.3825
5796	0.36375
5797	0.39225
5798	0.37975
5799	0.33975
5800	0.39575
5801	0.386
5802	0.37625
5803	0.43325
5804	0.39125
5805	0.401
5806	0.32175
5807	0.32975
5808	0.319
5809	0.34575
5810	0.35375
5811	0.39375
5812	0.376
5813	0.35725
5814	0.377
5815	0.3075
5816	0.28975
5817	0.336000000000001
5818	0.31825
5819	0.3475
5820	0.367
5821	0.34025
5822	0.3065
5823	0.3155
5824	0.30475
5825	0.30575
5826	0.32175
5827	0.263
5828	0.21125
5829	0.17375
5830	0.157
5831	0.182
5832	0.18825
5833	0.23975
5834	0.2425
5835	0.2435
5836	0.1715
5837	0.15175
5838	0.14725
5839	0.11525
5840	0.119
5841	0.0897500000000002
5842	0.16275
5843	0.18675
5844	0.234
5845	0.192
5846	0.1965
5847	0.193
5848	0.20275
5849	0.241
5850	0.192
5851	0.22775
5852	0.25275
5853	0.2715
5854	0.25025
5855	0.21125
5856	0.2275
5857	0.1965
5858	0.209
5859	0.20375
5860	0.22975
5861	0.22625
5862	0.23525
5863	0.198
5864	0.2275
5865	0.24725
5866	0.298
5867	0.298
5868	0.2785
5869	0.2475
5870	0.24125
5871	0.26975
5872	0.3
5873	0.27075
5874	0.2965
5875	0.269
5876	0.302
5877	0.33225
5878	0.34475
5879	0.34925
5880	0.30925
5881	0.33975
5882	0.35225
5883	0.3325
5884	0.352
5885	0.31725
5886	0.33225
5887	0.31875
5888	0.30875
5889	0.2535
5890	0.2765
5891	0.279
5892	0.31625
5893	0.31975
5894	0.33125
5895	0.3365
5896	0.3435
5897	0.39325
5898	0.435
5899	0.46075
5900	0.49725
5901	0.51125
5902	0.42575
5903	0.4355
5904	0.52
5905	0.504
5906	0.48175
5907	0.44425
5908	0.40775
5909	0.45225
5910	0.46125
5911	0.4905
5912	0.45475
5913	0.461
5914	0.42175
5915	0.44325
5916	0.501
5917	0.541
5918	0.62
5919	0.6735
5920	0.69925
5921	0.717
5922	0.766
5923	0.775
5924	0.7975
5925	0.7895
5926	0.762
5927	0.796
5928	0.772
5929	0.804
5930	0.779
5931	0.7825
5932	0.74425
5933	0.73
5934	0.73625
5935	0.72375
5936	0.66925
5937	0.63375
5938	0.6355
5939	0.60975
5940	0.583
5941	0.623
5942	0.62925
5943	0.713
5944	0.80725
5945	0.799
5946	0.7375
5947	0.782
5948	0.8025
5949	0.733000000000001
5950	0.77225
5951	0.782
5952	0.7385
5953	0.68425
5954	0.57225
5955	0.50275
5956	0.4815
5957	0.46825
5958	0.454
5959	0.45575
5960	0.44675
5961	0.44225
5962	0.475
5963	0.43225
5964	0.41525
5965	0.37775
5966	0.44
5967	0.41425
5968	0.4285
5969	0.3965
5970	0.3235
5971	0.336000000000001
5972	0.35025
5973	0.40175
5974	0.360750000000001
5975	0.383
5976	0.375
5977	0.35
5978	0.3535
5979	0.3285
5980	0.26725
5981	0.24875
5982	0.22825
5983	0.222
5984	0.1435
5985	0.164
5986	0.1435
5987	0.164
5988	0.131
5989	0.1265
5990	0.1835
5991	0.20675
5992	0.1355
5993	0.0785
5994	0.0402500000000003
5995	0.0127500000000005
5996	0.0200000000000002
5997	0.0130000000000003
5998	0.00075000000000025
5999	-0.00099999999999989
6000	-0.0382499999999999
6001	-0.0317499999999997
6002	-0.0964999999999998
6003	-0.08575
6004	-0.10075
6005	-0.1095
6006	-0.0674999999999999
6007	-0.1075
6008	-0.12775
6009	-0.1435
6010	-0.0952499999999998
6011	-0.1005
6012	-0.12975
6013	-0.158
6014	-0.15875
6015	-0.203
6016	-0.20025
6017	-0.21075
6018	-0.16775
6019	-0.20675
6020	-0.13875
6021	-0.1075
6022	-0.1145
6023	-0.1705
6024	-0.15875
6025	-0.16125
6026	-0.195
6027	-0.19575
6028	-0.16175
6029	-0.11975
6030	-0.1
6031	-0.08125
6032	-0.091
6033	-0.074
6034	-0.0775
6035	-0.06225
6036	-0.0309999999999999
6037	-0.0185
6038	-0.02025
6039	-0.014
6040	-0.00950000000000001
6041	-0.01125
6042	-0.013
6043	-0.000499999999999973
6044	0.03075
6045	0.01475
6046	0.01475
6047	0.021
6048	0.0255
6049	0.0255
