2	1.10857142857143
3	2.04
4	2.41714285714286
5	3.15428571428571
6	3.93142857142857
7	4.25714285714286
8	4.42285714285714
9	4.90857142857143
10	5.44
11	5.95428571428571
12	6.50857142857143
13	7.25142857142857
14	7.66285714285714
15	8.01714285714286
16	8.60571428571429
17	9.21142857142857
18	9.52571428571429
19	10.16
20	11.0285714285714
21	11.56
22	11.8857142857143
23	12.2857142857143
24	12.9942857142857
25	13.2114285714286
26	13.6342857142857
27	13.9371428571429
28	14.6228571428571
29	15.4171428571429
30	16.0342857142857
31	16.4971428571429
32	16.8685714285714
33	17.3142857142857
34	17.5428571428571
35	18.3028571428571
36	18.5771428571429
37	19.0342857142857
38	19.1028571428571
39	19.0742857142857
40	19.5657142857143
41	19.7485714285714
42	20.4685714285714
43	20.96
44	21.4914285714286
45	21.9028571428571
46	21.9371428571429
47	22.1314285714286
48	22.3542857142857
49	22.3714285714286
50	22.9485714285714
51	23.8342857142857
52	24
53	24.2171428571429
54	24.92
55	25.52
56	26.1142857142857
57	26.6514285714286
58	27.0971428571429
59	27.9371428571429
60	27.9371428571429
61	29.1885714285714
62	29.88
63	30.72
64	31.0971428571429
65	31.24
66	31.6514285714286
67	32.24
68	33.3485714285714
69	34.1142857142857
70	35.4857142857143
71	35.6457142857143
72	35.7714285714286
73	36.3942857142857
74	32.9028571428572
75	37.7657142857143
76	37.9542857142857
77	38.2114285714286
78	38.0742857142857
79	37.8457142857143
80	37.9771428571429
81	38.3371428571429
82	39.5371428571429
83	39.5828571428571
84	39.6514285714286
85	39.4742857142857
86	39.9657142857143
87	39.7657142857143
88	39.6742857142857
89	39.9771428571429
90	40.4514285714286
91	40.6514285714286
92	40.0971428571429
93	39.96
94	40.7314285714286
95	41.0457142857143
96	42.6914285714286
97	42.5885714285714
98	43.5942857142857
99	44.1657142857143
100	45.08
101	45.8457142857143
102	46.5142857142857
103	46.3885714285714
104	46.9028571428571
105	46.7371428571429
106	46.8742857142857
107	47.0057142857143
108	47.5885714285714
109	47.7028571428571
110	48.4857142857143
111	48.4685714285714
112	48.9142857142857
113	48.9771428571429
114	49.9314285714286
115	51.6571428571429
116	53.5085714285714
117	54.2628571428572
118	54.6114285714286
119	55.8742857142857
120	57.4114285714286
121	59.2628571428572
122	60.1485714285714
123	61.7828571428571
124	62.6571428571429
125	63.0571428571429
126	63.7257142857143
127	65.1771428571429
128	66.36
129	68.2971428571429
130	70.2228571428572
131	71.8342857142857
132	71.5257142857143
133	72.1428571428572
134	71.4685714285714
135	71.6285714285714
136	72.0628571428571
137	71.6971428571429
138	71.4685714285715
139	72.1085714285714
140	71.5085714285714
141	72.3542857142857
142	72.0285714285714
143	72.0114285714286
144	71.3142857142857
145	71.2914285714286
146	70.6457142857143
147	71.8571428571428
148	71.4571428571429
149	71.7257142857143
150	70.6457142857143
151	70.5371428571429
152	69.72
153	69.4971428571429
154	68.9428571428572
155	68.5714285714286
156	67.8285714285714
157	67.9828571428571
158	68.1714285714286
159	67.4857142857143
160	68.1314285714286
161	68.1314285714286
162	68.4742857142857
163	68.0685714285714
164	67.76
165	66.7257142857143
166	65.5885714285714
167	65.7714285714286
168	66.0685714285714
169	66.3371428571429
170	66.1371428571429
171	65.6971428571429
172	64.4342857142857
173	64.8114285714286
174	64.5428571428571
175	65.1428571428571
176	66.16
177	66.9714285714286
178	68.1771428571429
179	68.3314285714286
180	68.3142857142857
181	68.6228571428571
182	68.5314285714286
183	67.9485714285714
184	69.2457142857143
185	69.9428571428572
186	70.8342857142857
187	70.3828571428571
188	69.7714285714286
189	69
190	69.0685714285714
191	69.1428571428572
192	69.2857142857143
193	68.5885714285714
194	67.6857142857143
195	67.8457142857143
196	67.6971428571429
197	68.8457142857143
198	69.2514285714286
199	68.6685714285714
200	68.1828571428571
201	67.9085714285714
202	67.8514285714286
203	66.8971428571429
204	66.4685714285715
205	65.7028571428571
206	66.1828571428572
207	66.5428571428571
208	66.3028571428572
209	65.2857142857143
210	64.4571428571429
211	62.9771428571429
212	60.7257142857143
213	58.9885714285714
214	56.76
215	55.4742857142857
216	55.3371428571429
217	54.24
218	53.9428571428571
219	52.9142857142857
220	51.6971428571429
221	50.1657142857143
222	49.2
223	48.4914285714286
224	47.4114285714286
225	47.2171428571429
226	47.2114285714286
227	46.1542857142857
228	45.3885714285714
229	45.2342857142857
230	44.5828571428571
231	43.4457142857143
232	42.2571428571429
233	40.2571428571429
234	37.8228571428571
235	37.1542857142857
236	35.8742857142857
237	35.7142857142857
238	34.5657142857143
239	32.8457142857143
240	31.6342857142857
241	31.1371428571429
242	30.2114285714286
243	29.3371428571429
244	29.2857142857143
245	29.6
246	30.4628571428571
247	30.9257142857143
248	31.0285714285714
249	31.7142857142857
250	32.4914285714286
251	33.3885714285714
252	33.5828571428572
253	33.9314285714286
254	34.0114285714286
255	34.4171428571429
256	33.9142857142857
257	33.72
258	33.5771428571429
259	33.4
260	33.8171428571429
261	33.4685714285714
262	32.5714285714286
263	32.7942857142857
264	32.5314285714286
265	31.7885714285714
266	31.7314285714286
267	31.6514285714286
268	31.2514285714286
269	31.2514285714286
270	31.3828571428571
271	31.56
272	31.7714285714286
273	31.0457142857143
274	30.5485714285714
275	30.7314285714286
276	30.72
277	30.6057142857143
278	30.4571428571429
279	30.2228571428571
280	29.8114285714286
281	28.9028571428571
282	28.0228571428571
283	27.5771428571429
284	27.4914285714286
285	26.8228571428571
286	26.4228571428571
287	26.0857142857143
288	25.5257142857143
289	24.9257142857143
290	24.3142857142857
291	23.9085714285714
292	23.7142857142857
293	23.6057142857143
294	23.36
295	23.0457142857143
296	22.7142857142857
297	22.7085714285714
298	22.9142857142857
299	22.6114285714286
300	22.4742857142857
301	22.1657142857143
302	21.72
303	21.8628571428571
304	22.1142857142857
305	22.5142857142857
306	21.9942857142857
307	21.6971428571429
308	21.64
309	22.1257142857143
310	22.6971428571429
311	22.2857142857143
312	22.3771428571429
313	22.9142857142857
314	23.1828571428571
315	23.6685714285714
316	23.9314285714286
317	24.7085714285714
318	25.04
319	25.1085714285714
320	25.6457142857143
321	25.9085714285714
322	26.6742857142857
323	26.6114285714286
324	27.1771428571429
325	27.7885714285714
326	28.1542857142857
327	28.5771428571429
328	28.7142857142857
329	29.3885714285714
330	29.5314285714286
331	29.9942857142857
332	30.1828571428571
333	30.2342857142857
334	30.1714285714286
335	30.6
336	30.9028571428571
337	31.5428571428571
338	31.8628571428571
339	31.9028571428571
340	32.08
341	32.68
342	33.48
343	34.0228571428571
344	34.7085714285714
345	34.5257142857143
346	34.6857142857143
347	35.24
348	35.4571428571429
349	34.8
350	34.8342857142857
351	35.3885714285714
352	35.88
353	35.8285714285714
354	36.3828571428571
355	36.9714285714286
356	37.7428571428571
357	38.0971428571429
358	38.12
359	38.8971428571429
360	39.2057142857143
361	39.88
362	40.3028571428571
363	40.5257142857143
364	40.6285714285714
365	40.8857142857143
366	40.4514285714286
367	41.7314285714286
368	42.72
369	44.1428571428572
370	44.96
371	45.1085714285714
372	45.44
373	45.0971428571429
374	45.0971428571429
375	45.1257142857143
376	45.72
377	44.6971428571429
378	44.24
379	44.32
380	43.8857142857143
381	43.9485714285714
382	44.1257142857143
383	44.4228571428571
384	44.5028571428572
385	44.5657142857143
386	44.8228571428571
387	44.2171428571429
388	44.1314285714286
389	44.8514285714286
390	44.6
391	44.32
392	44.3257142857143
393	44.2514285714286
394	44.24
395	44.3771428571429
396	44.3085714285714
397	43.7314285714286
398	43.7142857142857
399	43.9314285714286
400	45.1028571428572
401	45.72
402	45.7257142857143
403	45.3257142857143
404	44.52
405	43.4114285714286
406	43.0285714285714
407	43.0342857142857
408	42.7657142857143
409	42.64
410	42.8
411	42.7771428571429
412	42.96
413	44.7142857142857
414	45.9142857142857
415	46.7657142857143
416	46.92
417	46.6971428571429
418	46.1485714285714
419	45.84
420	46.2342857142857
421	46.6685714285714
422	47.12
423	47.4114285714286
424	47.6742857142857
425	47.1485714285714
426	47.0857142857143
427	47.1714285714286
428	46.6742857142857
429	47.3314285714286
430	47.4971428571429
431	47.2114285714286
432	47.3142857142857
433	47.3828571428571
434	47.5942857142857
435	47.5371428571429
436	47.3085714285714
437	46.6742857142857
438	46.4628571428571
439	46.36
440	47.2685714285714
441	46.96
442	46.5885714285714
443	46.3942857142857
444	46.5942857142857
445	46.44
446	45.9485714285714
447	45.9257142857143
448	45.1885714285714
449	43.9885714285714
450	43.3714285714286
451	41.9885714285714
452	41.8742857142857
453	41.6685714285714
454	41.52
455	41.4285714285714
456	40.5428571428571
457	40.6514285714286
458	39.8571428571429
459	39.3314285714286
460	38.6228571428571
461	38.4857142857143
462	38.2628571428572
463	37.72
464	37.6171428571429
465	36.5771428571429
466	35.7028571428571
467	35.4342857142857
468	34.5885714285714
469	33.8742857142857
470	33.2171428571429
471	32.6628571428571
472	31.6342857142857
473	31.6342857142857
474	31.4285714285714
475	31.2057142857143
476	30.7485714285714
477	31.2342857142857
478	31.8114285714286
479	32.2057142857143
480	33.04
481	33.7428571428571
482	34.2514285714286
483	34.1714285714286
484	34.1657142857143
485	33.7028571428571
486	33.5657142857143
487	33.5885714285714
488	33.2457142857143
489	32.8914285714286
490	32.6857142857143
491	32.6057142857143
492	32.9714285714286
493	32.1771428571429
494	32.24
495	31.8285714285714
496	32.1257142857143
497	32.12
498	32.3942857142857
499	32.7885714285714
500	32.6171428571429
501	33.12
502	33.0571428571429
503	33.1371428571429
504	33.5828571428572
505	33.6685714285714
506	33.6571428571429
507	33.8228571428571
508	34.0285714285714
509	33.84
510	33.9942857142857
511	34.1771428571429
512	33.5542857142857
513	32.7257142857143
514	32.1542857142857
515	31.7771428571429
516	30.5028571428571
517	30.1942857142857
518	29.9085714285714
519	29.7257142857143
520	29.76
521	29.8857142857143
522	29.4457142857143
523	29.5885714285714
524	29.4514285714286
525	29.4571428571429
526	29.6857142857143
527	29.5771428571429
528	29.2571428571429
529	29.7371428571429
530	29.6457142857143
531	29.24
532	28.7942857142857
533	28.4971428571429
534	28.0057142857143
535	27.56
536	27.6685714285714
537	27.1714285714286
538	26.6514285714286
539	26.4628571428571
540	26.1142857142857
541	26.2628571428571
542	25.48
543	25.0971428571429
544	24.5428571428571
545	23.7371428571429
546	23.0514285714286
547	22.28
548	21.7942857142857
549	21.5257142857143
550	21.1371428571429
551	20.4457142857143
552	19.9428571428571
553	19.2914285714286
554	18.9371428571429
555	19.1142857142857
556	18.7885714285714
557	18.3085714285714
558	18.3428571428571
559	18.3428571428571
560	18.6114285714286
561	18.7257142857143
562	18.7542857142857
563	18.9257142857143
564	18.5428571428571
565	18.0571428571429
566	18.0971428571429
567	18.5085714285714
568	18.5428571428571
569	17.9257142857143
570	18.0342857142857
571	17.88
572	17.1657142857143
573	16.8628571428571
574	17.1085714285714
575	16.48
576	16.1942857142857
577	15.8914285714286
578	16.2914285714286
579	16.0171428571429
580	16.3371428571429
581	16.6685714285714
582	16.9657142857143
583	17.1885714285714
584	17.92
585	18.1314285714286
586	18.1142857142857
587	18.5885714285714
588	18.9085714285714
589	18.8171428571429
590	19.0171428571429
591	18.4228571428571
592	18.1142857142857
593	18.1485714285714
594	17.9542857142857
595	17.5657142857143
596	17.0628571428571
597	17.2628571428571
598	17.2742857142857
599	16.6285714285714
600	16.7942857142857
601	16.5542857142857
602	16.3257142857143
603	16.2114285714286
604	15.9942857142857
605	16.3257142857143
606	16.5142857142857
607	16.4285714285714
608	16.8571428571429
609	16.6742857142857
610	16.4514285714286
611	16.9885714285714
612	17.4628571428571
613	17.4057142857143
614	17.3657142857143
615	17.6342857142857
616	17.9028571428571
617	17.4171428571429
618	17.1314285714286
619	17.7028571428571
620	17.48
621	17.8857142857143
622	17.8114285714286
623	17.4285714285714
624	17.5314285714286
625	17.8457142857143
626	18.3428571428571
627	18.88
628	20.2571428571429
629	20.4342857142857
630	20.9085714285714
631	21.32
632	22.3657142857143
633	22.5828571428571
634	22.6285714285714
635	23.1714285714286
636	23.8342857142857
637	24.04
638	24.1257142857143
639	24.1828571428571
640	24.4
641	24.3085714285714
642	24.2857142857143
643	24.6114285714286
644	24.6342857142857
645	25.3085714285714
646	26.08
647	26.5428571428571
648	27.2457142857143
649	27.7371428571429
650	28.4
651	29.3028571428571
652	29.7828571428571
653	30.3828571428571
654	30.8
655	31.08
656	31.8457142857143
657	31.9657142857143
658	32.7942857142857
659	33.24
660	33.36
661	33.6971428571429
662	33.1371428571429
663	32.9714285714286
664	31.7771428571429
665	32.5085714285714
666	32.2685714285714
667	32.9485714285714
668	33.4857142857143
669	34.0514285714286
670	34.7885714285714
671	36.2628571428572
672	36.4514285714286
673	37.16
674	38.1257142857143
675	39.0742857142857
676	41.16
677	42.8914285714286
678	44.0514285714286
679	44.4114285714286
680	45.2457142857143
681	45.72
682	45.84
683	45.6628571428571
684	44.1542857142857
685	44.2342857142857
686	43.7485714285714
687	43.8228571428571
688	43.7371428571429
689	44.36
690	45.68
691	45.4171428571429
692	45.8
693	46.4171428571429
694	46.84
695	47.1942857142857
696	47.76
697	47.7828571428571
698	48.6171428571429
699	49.2914285714286
700	50.3885714285714
701	49.8971428571429
702	51.0228571428571
703	50.7942857142857
704	50.1714285714286
705	49.8228571428572
706	50.2171428571429
707	49.7771428571429
708	50.4114285714286
709	50.7657142857143
710	50.7828571428572
711	50.2457142857143
712	48.5485714285714
713	47.7257142857143
714	47.4114285714286
715	48.16
716	47.6742857142857
717	48.0742857142857
718	48.5085714285714
719	48.8057142857143
720	49.6685714285714
721	49.6057142857143
722	50.3485714285714
723	51.0514285714286
724	51.2628571428571
725	50.9314285714286
726	50.4285714285714
727	50.9142857142857
728	50.28
729	50.3542857142857
730	50.7142857142857
731	51.7771428571429
732	52.4742857142857
733	53.2742857142857
734	53.2
735	53.5714285714286
736	53.2228571428571
737	53.7657142857143
738	52.1771428571429
739	52.5085714285714
740	52.9657142857143
741	52.9028571428571
742	52.2285714285714
743	51.6171428571429
744	50.7714285714286
745	50.9142857142857
746	51.24
747	51.9885714285714
748	52.1771428571429
749	52
750	52.3028571428571
751	51.3771428571429
752	50.8228571428571
753	49.8457142857143
754	49.6057142857143
755	48.6914285714286
756	47.8457142857143
757	48.2114285714286
758	47.5257142857143
759	46.6571428571429
760	47.1085714285714
761	47.2
762	47.0628571428571
763	46.88
764	46.8
765	46.4285714285714
766	46.3485714285714
767	45
768	44.0342857142857
769	42.6971428571429
770	42.7428571428571
771	42.6514285714286
772	42.8
773	42.64
774	42.7485714285714
775	43.9085714285714
776	43.1028571428571
777	43.1028571428571
778	43.32
779	43.4628571428571
780	43.3714285714286
781	42.9314285714286
782	42.4342857142857
783	41.3371428571429
784	40.24
785	39.5771428571429
786	38.24
787	37.4742857142857
788	37.0171428571429
789	36.3428571428571
790	35.1485714285714
791	34.7257142857143
792	34.5828571428571
793	33.5771428571429
794	33.1428571428571
795	32.6914285714286
796	31.3714285714286
797	30.4914285714286
798	29.6285714285714
799	29.1828571428571
800	28.7085714285714
801	28.0971428571429
802	26.7428571428571
803	25.8342857142857
804	24.72
805	24.0857142857143
806	22.9371428571429
807	21.5885714285714
808	20.4628571428571
809	19.4228571428571
810	18.3314285714286
811	16.6342857142857
812	16.1371428571429
813	15.6057142857143
814	14.5942857142857
815	13.9257142857143
816	13.1371428571429
817	12.0857142857143
818	11.0685714285714
819	10.8342857142857
820	10.5485714285714
821	10.2514285714286
822	9.96
823	9.94857142857143
824	10.04
825	10.1542857142857
826	10.3314285714286
827	10.0857142857143
828	9.75428571428571
829	9.56571428571429
830	9.11428571428572
831	8.65714285714286
832	8.14285714285714
833	7.96
834	7.54285714285714
835	6.89714285714286
836	6.56571428571429
837	6.04
838	5.93714285714286
839	5.90285714285714
840	6.01142857142857
841	5.94285714285714
842	5.85142857142857
843	6
844	5.88
845	5.64
846	5.63428571428572
847	5.35428571428571
848	5
849	4.37142857142857
850	3.82857142857143
851	3.26285714285714
852	3.08571428571429
853	2.84571428571429
854	2.56571428571429
855	2.29714285714286
856	2.22285714285714
857	2.21142857142857
858	2.07428571428571
859	2
860	1.85142857142857
861	1.61714285714286
862	1.30857142857143
863	1.30285714285714
864	1.22857142857143
865	1.14285714285714
866	1.11428571428571
867	1.09714285714286
868	1.05714285714286
869	1.02857142857143
870	0.897142857142857
871	0.857142857142857
872	0.708571428571428
873	0.548571428571428
874	0.6
875	0.548571428571428
876	0.36
877	0.354285714285714
878	0.302857142857143
879	0.04
880	-0.0171428571428571
881	-0.0857142857142859
882	-0.205714285714286
883	-0.297142857142857
884	-0.262857142857143
885	-0.222857142857143
886	-0.182857142857143
887	-0.0914285714285716
888	-0.137142857142857
889	-0.108571428571428
890	-0.0857142857142856
891	-0.0628571428571429
892	-0.0685714285714285
893	-0.102857142857143
894	-0.0514285714285714
895	-0.0171428571428572
896	-0.0171428571428571
897	-0.0171428571428571
898	-0.0342857142857144
899	-0.08
900	-0.0342857142857144
901	0.04
902	0.0857142857142856
903	0.08
904	0.12
905	0.102857142857143
906	0.0857142857142856
907	0.108571428571429
908	0.125714285714286
909	0.125714285714286
910	0.04
911	0.0514285714285715
912	0.0971428571428571
913	0.0685714285714285
914	0.154285714285714
915	0.16
916	0.142857142857143
917	0.234285714285714
918	0.274285714285714
919	0.274285714285714
920	0.325714285714286
921	0.388571428571429
922	0.451428571428572
923	0.434285714285714
924	0.474285714285714
925	0.577142857142858
926	0.645714285714286
927	0.725714285714286
928	0.777142857142857
929	0.857142857142857
930	0.96
931	0.874285714285714
932	1.05142857142857
933	1.09714285714286
934	1.26285714285714
935	1.48
936	1.65142857142857
937	1.62285714285714
938	1.58285714285714
939	1.62857142857143
940	1.78857142857143
941	1.88571428571429
942	2.10857142857143
943	2.06857142857143
944	2.14857142857143
945	2.29142857142857
946	2.33142857142857
947	2.39428571428571
948	2.73142857142857
949	2.99428571428571
950	3.21714285714286
951	3.30857142857143
952	3.44571428571429
953	3.49714285714286
954	3.52571428571429
955	3.77142857142857
956	3.78857142857143
957	3.72
958	3.70285714285714
959	3.64571428571429
960	3.63428571428572
961	3.56571428571429
962	3.57714285714286
963	3.45714285714286
964	3.54857142857143
965	3.51428571428571
966	3.50857142857143
967	3.53714285714286
968	3.36
969	3.34285714285714
970	3.25714285714286
971	3.02857142857143
972	2.84
973	2.75428571428571
974	2.82285714285714
975	2.86857142857143
976	2.67428571428571
977	2.63428571428571
978	2.43428571428571
979	2.45714285714286
980	2.32
981	2.19428571428571
982	2.13714285714286
983	2.06285714285714
984	1.72571428571429
985	1.47428571428571
986	1.18857142857143
987	1.06285714285714
988	0.937142857142857
989	0.8
990	0.742857142857143
991	0.457142857142857
992	0.4
993	0.451428571428572
994	0.382857142857143
995	0.422857142857143
996	0.548571428571429
997	0.514285714285714
998	0.611428571428572
999	0.725714285714286
1000	0.674285714285714
1001	0.754285714285715
1002	0.662857142857143
1003	0.668571428571429
1004	0.708571428571429
1005	0.708571428571429
1006	0.651428571428572
1007	0.708571428571428
1008	0.685714285714286
1009	0.725714285714286
1010	0.651428571428572
1011	0.617142857142857
1012	0.662857142857143
1013	0.685714285714286
1014	0.845714285714286
1015	0.902857142857143
1016	1.09714285714286
1017	1.16571428571429
1018	1.18285714285714
1019	1.22857142857143
1020	1.33714285714286
1021	1.29142857142857
1022	1.52
1023	1.67428571428571
1024	1.73142857142857
1025	1.72
1026	1.74857142857143
1027	1.80571428571429
1028	1.86285714285714
1029	1.89714285714286
1030	1.98285714285714
1031	1.99428571428572
1032	1.86285714285714
1033	1.90285714285714
1034	1.74285714285714
1035	1.66285714285714
1036	1.59428571428571
1037	1.49142857142857
1038	1.44571428571429
1039	1.51428571428571
1040	1.52
1041	1.54857142857143
1042	1.58285714285714
1043	1.61714285714286
1044	1.68
1045	1.66857142857143
1046	1.81142857142857
1047	1.76
1048	1.86285714285714
1049	2.06285714285714
1050	1.98857142857143
1051	1.94285714285714
1052	1.77714285714286
1053	1.78857142857143
1054	1.82857142857143
1055	1.85142857142857
1056	1.70285714285714
1057	1.72571428571429
1058	1.48571428571429
1059	1.34285714285714
1060	1.36
1061	1.36571428571429
1062	1.35428571428571
1063	1.49142857142857
1064	1.41714285714286
1065	1.34857142857143
1066	1.26857142857143
1067	1.19428571428571
1068	1.17714285714286
1069	1.12
1070	1.08571428571429
1071	1.13142857142857
1072	1.16571428571429
1073	1.11428571428571
1074	1.21714285714286
1075	1.11428571428571
1076	1.05714285714286
1077	0.988571428571429
1078	0.965714285714286
1079	0.891428571428571
1080	0.834285714285714
1081	0.817142857142857
1082	0.714285714285715
1083	0.714285714285714
1084	0.571428571428571
1085	0.274285714285714
1086	0.228571428571429
1087	0.165714285714286
1088	0.182857142857143
1089	0.114285714285714
1090	0.0457142857142857
1091	-0.0114285714285713
1092	-0.0171428571428571
1093	1.11022302462516e-16
1094	0.0171428571428572
1095	0
1096	-0.0628571428571428
1097	-0.0514285714285714
1098	-0.0742857142857142
1133	-0.0685714285714285
1134	-0.0857142857142857
1135	0.00571428571428578
1136	0.0457142857142858
1137	0.0571428571428572
1138	0.04
1139	0.0342857142857143
1140	0.0514285714285715
1141	0.0857142857142857
1142	0.102857142857143
1143	0.0742857142857143
1144	0.0628571428571427
1145	0.0685714285714285
1146	0.16
1147	0.142857142857143
1148	0.142857142857143
1149	0.211428571428572
1150	0.251428571428571
1151	0.302857142857143
1152	0.417142857142857
1153	0.485714285714286
1154	0.531428571428572
1155	0.582857142857143
1156	0.64
1157	0.662857142857143
1158	0.668571428571429
1159	0.714285714285714
1160	0.771428571428571
1161	0.902857142857143
1162	0.862857142857143
1163	0.84
1164	0.817142857142858
1165	0.794285714285714
1166	0.908571428571429
1167	0.885714285714286
1168	0.897142857142857
1169	0.931428571428572
1170	1.02857142857143
1171	1.06285714285714
1172	1.02285714285714
1173	1.08
1174	1.23428571428571
1175	1.35428571428571
1176	1.34857142857143
1177	1.28571428571429
1178	1.39428571428571
1179	1.45714285714286
1180	1.50857142857143
1181	1.52
1182	1.41714285714286
1183	1.46285714285714
1184	1.46285714285714
1185	1.37142857142857
1186	1.4
1187	1.39428571428571
1188	1.32
1189	1.24571428571429
1190	1.19428571428571
1191	1.17142857142857
1192	1.07428571428571
1193	1.07428571428571
1194	1.02857142857143
1195	0.982857142857143
1196	0.96
1197	0.834285714285714
1198	0.817142857142857
1199	0.8
1200	0.771428571428572
1201	0.76
1202	0.668571428571429
1203	0.611428571428572
1204	0.64
1205	0.514285714285715
1206	0.491428571428571
1207	0.388571428571429
1208	0.382857142857143
1209	0.337142857142857
1210	0.211428571428572
1211	0.16
1212	0.102857142857143
1213	0.165714285714286
1214	0.0742857142857143
1215	0.0285714285714285
1216	0.177142857142857
1217	0.205714285714286
1218	0.337142857142857
1219	0.331428571428572
1220	0.32
1221	0.342857142857143
1222	0.342857142857143
1223	0.36
1224	0.297142857142857
1225	0.422857142857143
1226	0.428571428571429
1227	0.502857142857143
1228	0.565714285714286
1229	0.611428571428571
1230	0.817142857142857
1231	0.897142857142857
1232	0.857142857142857
1233	0.845714285714286
1234	0.942857142857143
1235	1.01142857142857
1236	1.04
1237	1.08
1238	1.17714285714286
1239	1.22857142857143
1240	1.21142857142857
1241	1.25714285714286
1242	1.29142857142857
1243	1.26857142857143
1244	1.30285714285714
1245	1.28
1246	1.26857142857143
1247	1.24
1248	1.27428571428571
1249	1.24
1250	1.24
1251	1.28
1252	1.08
1253	1.03428571428571
1254	0.897142857142857
1255	1.02857142857143
1256	1.08
1257	1.06285714285714
1258	1.06857142857143
1259	1.04571428571429
1260	1.05142857142857
1261	0.954285714285714
1262	0.96
1263	0.845714285714286
1264	0.811428571428571
1265	0.771428571428571
1266	0.554285714285714
1267	0.422857142857143
1268	0.502857142857143
1269	0.497142857142857
1270	0.377142857142857
1271	0.28
1272	0.28
1273	0.217142857142857
1274	0.0685714285714284
1275	0.0514285714285714
1276	0.0342857142857143
1277	-0.0171428571428571
1278	-0.0285714285714286
1279	0
1280	-0.0457142857142857
1281	-0.0571428571428571
1282	-0.0742857142857143
1283	-0.131428571428571
1284	-0.131428571428571
1285	-0.125714285714286
1286	-0.16
1287	-0.188571428571429
1288	-0.2
1289	-0.205714285714286
1290	-0.205714285714286
1291	-0.325714285714286
1292	-0.36
1293	-0.342857142857143
1350	-0.485714285714286
1351	-0.48
1352	-0.474285714285714
1353	-0.485714285714286
1354	-0.371428571428571
1355	-0.405714285714286
1356	-0.371428571428571
1357	-0.394285714285714
1358	-0.371428571428571
1359	-0.394285714285714
1360	-0.348571428571429
1361	-0.314285714285714
1362	-0.325714285714286
1363	-0.388571428571428
1364	-0.32
1365	-0.36
1366	-0.285714285714286
1367	-0.291428571428571
1368	-0.24
1369	-0.171428571428571
1370	-0.12
1371	-0.0857142857142857
1372	0.0457142857142859
1373	0.0628571428571429
1374	0.0514285714285715
1375	0.0628571428571429
1376	0.0342857142857144
1377	0.0628571428571428
1378	0.0342857142857144
1379	0.0171428571428573
1380	0.0971428571428573
1381	0.108571428571429
1382	0.0971428571428573
1383	-0.0285714285714285
1384	-0.0399999999999999
1385	-0.0628571428571427
1386	-0.0971428571428572
1387	-0.12
1388	-0.0857142857142857
1389	-0.0628571428571428
1390	-0.165714285714286
1391	-0.2
1392	-0.148571428571428
1393	-0.131428571428572
1394	-0.154285714285714
1395	-0.12
1396	-0.2
1397	-0.24
1398	-0.285714285714286
1399	-0.285714285714286
1400	-0.331428571428572
1401	-0.285714285714286
1402	-0.297142857142857
1403	-0.274285714285714
1404	-0.274285714285714
1405	-0.377142857142857
1406	-0.422857142857143
1407	-0.457142857142857
1408	-0.617142857142857
1409	-0.634285714285714
1410	-0.645714285714286
1411	-0.634285714285714
1412	-0.674285714285714
1413	-0.634285714285714
1414	-0.588571428571429
1415	-0.594285714285715
1416	-0.674285714285714
1417	-0.691428571428571
1418	-0.64
1419	-0.617142857142857
1420	-0.657142857142857
1421	-0.674285714285714
1422	-0.68
1423	-0.691428571428571
1424	-0.765714285714286
1425	-0.794285714285714
1426	-0.8
1427	-0.765714285714286
1433	-0.845714285714286
1434	-0.817142857142857
1435	-0.788571428571428
1436	-0.817142857142857
1437	-0.828571428571429
1438	-0.811428571428571
1439	-0.731428571428571
1440	-0.777142857142857
1441	-0.68
1442	-0.668571428571429
1443	-0.548571428571429
1444	-0.474285714285714
1445	-0.474285714285714
1446	-0.451428571428571
1447	-0.48
1448	-0.428571428571428
1449	-0.508571428571429
1450	-0.565714285714286
1451	-0.571428571428571
1452	-0.525714285714286
1453	-0.508571428571429
1454	-0.577142857142857
1455	-0.571428571428571
1456	-0.56
1457	-0.502857142857143
1458	-0.474285714285714
1459	-0.422857142857143
1460	-0.36
1461	-0.337142857142857
1462	-0.377142857142857
1463	-0.314285714285714
1464	-0.331428571428571
1465	-0.342857142857143
1466	-0.342857142857143
1467	-0.274285714285714
1468	-0.24
1469	-0.32
1470	-0.331428571428571
1471	-0.365714285714286
1472	-0.297142857142857
1473	-0.257142857142857
1474	-0.262857142857143
1475	-0.371428571428571
1476	-0.251428571428571
1477	-0.302857142857143
1478	-0.28
1479	-0.371428571428571
1480	-0.394285714285714
1481	-0.4
1482	-0.405714285714286
1483	-0.4
1484	-0.457142857142857
1485	-0.405714285714286
1486	-0.422857142857143
1487	-0.365714285714286
1488	-0.417142857142857
1489	-0.417142857142857
1490	-0.4
1491	-0.308571428571428
1492	-0.28
1493	-0.331428571428572
1494	-0.382857142857143
1495	-0.44
1496	-0.468571428571429
1497	-0.485714285714286
1498	-0.445714285714286
1499	-0.502857142857143
1500	-0.491428571428572
1501	-0.434285714285714
1502	-0.417142857142857
1503	-0.468571428571428
1504	-0.468571428571428
1505	-0.462857142857143
1506	-0.508571428571428
1507	-0.485714285714286
1508	-0.548571428571428
1509	-0.582857142857143
1510	-0.634285714285714
1511	-0.617142857142857
1515	-0.64
1516	-0.651428571428572
1517	-0.651428571428572
1518	-0.56
1519	-0.577142857142857
1520	-0.502857142857143
1521	-0.548571428571428
1522	-0.531428571428572
1523	-0.491428571428572
1524	-0.474285714285714
1525	-0.457142857142857
1526	-0.451428571428572
1527	-0.508571428571428
1528	-0.497142857142857
1529	-0.377142857142857
1530	-0.308571428571429
1531	-0.274285714285714
1532	-0.28
1533	-0.308571428571429
1534	-0.274285714285714
1535	-0.297142857142857
1536	-0.24
1537	-0.302857142857143
1538	-0.297142857142857
1539	-0.285714285714286
1540	-0.302857142857143
1541	-0.251428571428571
1542	-0.205714285714286
1543	-0.234285714285714
1544	-0.217142857142857
1545	-0.12
1546	-0.0857142857142859
1547	-0.0514285714285713
1548	0.0171428571428572
1549	0.0114285714285715
1550	-0.00571428571428578
1551	-0.0228571428571427
1552	-0.0114285714285713
1553	0.0685714285714286
1554	1.11022302462516e-16
1555	0.0742857142857143
1556	0.0285714285714287
1557	0.0400000000000001
1558	0.0857142857142859
1559	0.0457142857142859
1560	0.0571428571428572
1561	0.0228571428571428
1562	0.017142857142857
1563	0.00571428571428578
1564	0.0800000000000001
1565	-0.0457142857142857
1566	-0.102857142857143
1567	-0.0971428571428572
1568	-0.08
1569	-0.0628571428571427
1570	-0.00571428571428578
1571	-0.0171428571428572
1572	-0.0285714285714287
1573	-0.0285714285714285
1574	-0.0342857142857144
1575	-0.04
1576	-0.0228571428571428
1577	-0.0742857142857143
1578	-0.0114285714285715
1579	0.0114285714285713
1580	0.0400000000000001
1581	-0.0514285714285714
1582	-0.0514285714285715
1583	0.0114285714285715
1584	0.0571428571428572
1585	0.0971428571428571
1586	0.182857142857143
1587	0.205714285714286
1588	0.245714285714286
1589	0.325714285714286
1590	0.354285714285714
1591	0.377142857142857
1592	0.457142857142858
1593	0.422857142857143
1594	0.4
1595	0.48
1596	0.617142857142857
1597	0.88
1598	1.03428571428571
1599	1.2
1600	1.32
1601	1.45142857142857
1602	1.77714285714286
1603	1.88571428571429
1604	1.94857142857143
1605	2.15428571428571
1606	2.22285714285714
1607	2.32571428571429
1608	2.44571428571429
1609	2.52
1610	2.52
1611	2.82857142857143
1612	2.84571428571429
1613	2.92
1614	2.86285714285714
1615	2.90285714285714
1616	2.85714285714286
1617	2.89714285714286
1618	2.90285714285714
1619	2.89142857142857
1620	2.85714285714286
1621	2.82285714285714
1622	2.77714285714286
1623	2.68571428571429
1624	2.63428571428571
1625	2.57714285714286
1626	2.53714285714286
1627	2.49142857142857
1628	2.39428571428571
1629	2.46857142857143
1630	2.44571428571429
1631	2.37714285714286
1632	2.22857142857143
1633	1.97714285714286
1634	1.90285714285714
1635	1.81714285714286
1636	1.62285714285714
1637	1.58285714285714
1638	1.32571428571429
1639	1.29714285714286
1640	1.21714285714286
1641	1.01714285714286
1642	0.845714285714286
1643	0.811428571428571
1644	0.782857142857143
1645	0.754285714285714
1646	0.851428571428571
1647	0.64
1648	0.611428571428571
1649	0.622857142857143
1650	0.754285714285714
1651	0.828571428571429
1652	0.977142857142857
1653	0.988571428571429
1654	1.25142857142857
1655	1.29142857142857
1656	1.35428571428571
1657	1.38857142857143
1658	1.4
1659	1.65142857142857
1660	1.65714285714286
1661	1.68
1662	1.73142857142857
1663	1.81714285714286
1664	2.00571428571429
1665	2.02857142857143
1666	2.29142857142857
1667	2.33142857142857
1668	2.50285714285714
1669	2.58285714285714
1670	2.51428571428572
1671	2.50857142857143
1672	2.58285714285714
1673	2.78857142857143
1674	2.90857142857143
1675	2.98857142857143
1676	3.16
1677	3.37142857142857
1678	3.42285714285714
1679	3.50857142857143
1680	3.45142857142857
1681	3.46285714285714
1682	3.38857142857143
1683	3.50857142857143
1684	3.51428571428571
1685	3.42857142857143
1686	3.41142857142857
1687	3.36571428571429
1688	3.28
1689	3.33142857142857
1690	3.09714285714286
1691	3.01714285714286
1692	2.89714285714286
1693	2.85714285714286
1694	2.81714285714286
1695	2.59428571428571
1696	2.6
1697	2.53142857142857
1698	2.49714285714286
1699	2.38285714285714
1700	2.25142857142857
1701	2.17142857142857
1702	1.89714285714286
1703	1.82857142857143
1704	1.77142857142857
1705	1.73142857142857
1706	1.73142857142857
1707	1.73714285714286
1708	1.62285714285714
1709	1.38857142857143
1710	1.23428571428571
1711	1.06285714285714
1712	0.914285714285714
1713	0.697142857142857
1714	0.668571428571429
1715	0.514285714285714
1716	0.445714285714286
1717	0.411428571428571
1718	0.405714285714286
1719	0.251428571428571
1720	0.257142857142857
1721	0.262857142857143
1722	0.142857142857143
1723	0.08
1724	0.0285714285714287
1725	-0.0857142857142856
1726	-0.142857142857143
1727	-0.188571428571429
1728	-0.102857142857143
1729	-0.0628571428571428
1730	-0.0571428571428572
1731	-0.0628571428571428
1732	-0.0914285714285714
1733	-0.0857142857142856
1734	-0.102857142857143
1735	-0.102857142857143
1736	-0.142857142857143
1737	-0.0914285714285714
1738	-0.102857142857143
1739	-0.125714285714286
1740	-0.245714285714286
1748	-0.308571428571428
1749	-0.262857142857143
1750	-0.274285714285714
1751	-0.251428571428571
1752	-0.24
1753	-0.245714285714286
1754	-0.234285714285714
1755	-0.28
1756	-0.285714285714286
1757	-0.268571428571429
1758	-0.308571428571428
1776	-0.142857142857143
1777	-0.0857142857142857
1778	-0.04
1779	-0.0114285714285714
1780	0.0457142857142857
1781	0.0628571428571428
1782	0.0971428571428571
1783	0.0571428571428571
1784	0.0514285714285714
1785	0.0171428571428571
1786	0.0285714285714286
1787	0.0685714285714286
1788	0.0685714285714286
1789	0.114285714285714
1790	0.0971428571428571
1791	0.137142857142857
1792	0.142857142857143
1793	0.142857142857143
1794	0.177142857142857
1795	0.257142857142857
1796	0.325714285714286
1797	0.365714285714286
1798	0.445714285714286
1799	0.44
1800	0.577142857142857
1801	0.645714285714286
1802	0.662857142857143
1803	0.674285714285714
1804	0.697142857142857
1805	0.674285714285714
1806	0.674285714285715
1807	0.64
1808	0.582857142857143
1809	0.611428571428572
1810	0.565714285714286
1811	0.634285714285714
1812	0.617142857142857
1813	0.651428571428572
1814	0.64
1815	0.617142857142857
1816	0.6
1817	0.582857142857143
1818	0.634285714285714
1819	0.725714285714286
1820	0.708571428571429
1821	0.731428571428571
1822	0.845714285714286
1823	0.84
1824	1.02857142857143
1825	1.04571428571429
1826	1.16
1827	1.16
1828	1.14857142857143
1829	1.17714285714286
1830	1.21142857142857
1831	1.13714285714286
1832	1.10285714285714
1833	1.10285714285714
1834	1.06857142857143
1835	1.11428571428571
1836	1.01142857142857
1837	1
1838	0.96
1839	0.942857142857143
1840	0.925714285714286
1841	1.01142857142857
1842	0.994285714285714
1843	1.00571428571429
1844	1.01142857142857
1845	0.925714285714286
1846	0.891428571428572
1847	0.811428571428571
1848	0.84
1849	0.765714285714286
1850	0.72
1851	0.691428571428571
1852	0.668571428571429
1853	0.634285714285714
1854	0.594285714285714
1855	0.434285714285714
1856	0.411428571428572
1857	0.371428571428572
1858	0.297142857142857
1859	0.405714285714286
1860	0.228571428571429
1861	0.188571428571429
1862	0.0571428571428573
1863	0.0742857142857142
1864	0.108571428571429
1865	0.165714285714286
1866	0.177142857142857
1867	0.262857142857143
1868	0.262857142857143
1869	0.342857142857143
1870	0.348571428571428
1871	0.325714285714286
1872	0.325714285714286
1873	0.308571428571429
1874	0.371428571428571
1875	0.537142857142857
1876	0.594285714285714
1877	0.508571428571428
1878	0.691428571428572
1879	0.805714285714286
1880	0.937142857142857
1881	0.931428571428571
1882	1.08571428571429
1883	1.2
1884	1.21142857142857
1885	1.24
1886	1.29714285714286
1887	1.31428571428571
1888	1.35428571428571
1889	1.4
1890	1.39428571428571
1891	1.45714285714286
1892	1.51428571428571
1893	1.63428571428572
1894	1.58285714285714
1895	1.40571428571429
1896	1.49142857142857
1897	1.45142857142857
1898	1.53142857142857
1899	1.57714285714286
1900	1.52
1901	1.4
1902	1.40571428571429
1903	1.32
1904	1.27428571428571
1905	1.25142857142857
1906	1.26285714285714
1907	1.27428571428571
1908	1.34285714285714
1909	1.37714285714286
1910	1.33142857142857
1911	1.18285714285714
1912	1.11428571428571
1913	1.12
1914	0.891428571428571
1915	0.805714285714286
1916	0.628571428571429
1917	0.788571428571429
1918	0.72
1919	0.708571428571429
1920	0.674285714285714
1921	0.68
1922	0.64
1923	0.702857142857143
1924	0.72
1925	0.742857142857143
1926	0.748571428571429
1927	0.731428571428572
1928	0.708571428571429
1929	0.622857142857143
1930	0.622857142857143
1931	0.628571428571429
1932	0.52
1933	0.542857142857143
1934	0.565714285714286
1935	0.48
1936	0.531428571428572
1937	0.571428571428572
1938	0.611428571428571
1939	0.582857142857143
1940	0.565714285714286
1941	0.445714285714286
1942	0.36
1943	0.308571428571429
1944	0.188571428571429
1945	0.148571428571429
1946	0.125714285714286
1947	0.125714285714286
1948	0.102857142857143
1949	0.142857142857143
1950	0.182857142857143
1951	0.24
1952	0.331428571428572
1953	0.171428571428572
1954	0.125714285714286
1955	0.137142857142857
1956	0.154285714285714
1957	0.148571428571429
1958	0.137142857142857
1959	0.0971428571428572
1960	0.0685714285714285
1961	0.0457142857142856
1962	-0.0285714285714285
1963	-0.0514285714285715
1964	-0.0685714285714284
1965	-0.0685714285714284
1966	-0.0742857142857142
1967	-0.0342857142857143
1968	0
1969	-0.0171428571428571
1970	-0.137142857142857
1971	-0.171428571428572
1972	-0.234285714285714
1973	-0.245714285714286
1974	-0.382857142857143
1975	-0.371428571428572
1976	-0.354285714285714
1977	-0.354285714285714
1978	-0.411428571428571
1979	-0.4
1980	-0.405714285714286
1981	-0.491428571428571
1982	-0.451428571428572
1983	-0.485714285714286
1984	-0.451428571428572
1985	-0.457142857142857
1986	-0.48
1987	-0.577142857142857
1988	-0.628571428571429
1989	-0.577142857142857
1990	-0.594285714285714
1991	-0.708571428571429
1992	-0.737142857142857
2053	-0.228571428571429
2054	-0.228571428571429
2055	-0.114285714285714
2056	-0.08
2057	-0.0857142857142856
2058	-0.108571428571428
2059	-0.12
2060	-0.0685714285714286
2061	-0.0285714285714285
2062	-0.0114285714285716
2063	-0.08
2064	-0.102857142857143
2065	-0.108571428571429
2066	-0.0685714285714286
2067	-0.0971428571428572
2068	-0.114285714285714
2069	-0.125714285714286
2070	-0.165714285714286
2071	-0.0857142857142857
2072	-0.142857142857143
2073	-0.131428571428571
2074	-0.12
2075	-0.142857142857143
2076	-0.108571428571429
2077	-0.114285714285714
2078	-0.0857142857142859
2079	-0.148571428571429
2080	-0.194285714285714
2081	-0.182857142857143
2082	-0.182857142857143
2083	-0.165714285714286
2084	-0.12
2085	-0.131428571428571
2086	-0.148571428571428
2087	-0.165714285714286
2088	-0.137142857142857
2089	-0.194285714285714
2090	-0.24
2091	-0.325714285714286
2092	-0.377142857142857
2093	-0.405714285714286
2094	-0.388571428571428
2095	-0.302857142857143
2096	-0.297142857142857
2097	-0.28
2098	-0.314285714285714
2099	-0.268571428571429
2100	-0.257142857142857
2101	-0.24
2102	-0.297142857142857
2103	-0.268571428571428
2104	-0.228571428571428
2105	-0.297142857142857
2106	-0.325714285714286
2107	-0.365714285714286
2108	-0.325714285714286
2109	-0.325714285714286
2110	-0.291428571428572
2111	-0.205714285714286
2112	-0.211428571428572
2113	-0.2
2114	-0.205714285714286
2115	-0.171428571428571
2116	-0.16
2117	-0.0857142857142857
2118	-0.0571428571428571
2119	-0.0742857142857144
2120	-0.142857142857143
2121	-0.0799999999999998
2122	-0.0228571428571428
2123	-0.0457142857142857
2124	-0.0114285714285713
2125	-0.00571428571428567
2126	0.0400000000000001
2127	0.017142857142857
2128	0.0342857142857143
2129	0.0971428571428572
2130	0.0857142857142857
2131	0.0228571428571429
2132	-0.0514285714285715
2133	-0.125714285714286
2134	-0.125714285714286
2135	-0.16
2136	-0.148571428571428
2137	-0.102857142857143
2138	-0.0914285714285715
2139	-0.0342857142857144
2140	-0.0457142857142858
2141	-0.022857142857143
2142	0.0114285714285716
2143	-0.0285714285714286
2144	-0.0914285714285715
2145	1.11022302462516e-16
2146	-0.0342857142857143
2147	-0.102857142857143
2148	-0.114285714285714
2149	-0.0857142857142859
2150	-0.108571428571429
2151	-0.154285714285714
2152	-0.171428571428571
2153	-0.257142857142857
2154	-0.262857142857143
2155	-0.274285714285714
2156	-0.222857142857143
2157	-0.274285714285714
2158	-0.354285714285714
2159	-0.354285714285714
2160	-0.422857142857143
2161	-0.394285714285714
2162	-0.405714285714286
2163	-0.405714285714286
2164	-0.434285714285714
2165	-0.48
2166	-0.474285714285714
2167	-0.48
2168	-0.491428571428571
2169	-0.48
2170	-0.462857142857143
2171	-0.468571428571429
2172	-0.417142857142857
2173	-0.474285714285714
2174	-0.474285714285714
2206	-0.388571428571429
2207	-0.348571428571429
2208	-0.365714285714286
2209	-0.394285714285714
2210	-0.388571428571429
2211	-0.377142857142857
2212	-0.36
2213	-0.371428571428572
2216	-0.331428571428572
2217	-0.314285714285714
2218	-0.302857142857143
2222	-0.24
2223	-0.228571428571429
2224	-0.228571428571429
2225	-0.211428571428571
2226	-0.205714285714286
2228	-0.194285714285714
2250	-0.12
2251	-0.137142857142857
2321	-0.302857142857143
2322	-0.285714285714286
2323	-0.28
2327	-0.251428571428571
2328	-0.262857142857143
2329	-0.285714285714286
2330	-0.262857142857143
2331	-0.228571428571428
2332	-0.268571428571429
2333	-0.268571428571429
2334	-0.331428571428572
2335	-0.331428571428572
2336	-0.308571428571429
2337	-0.285714285714286
2341	-0.388571428571429
2342	-0.388571428571429
2343	-0.348571428571429
2344	-0.365714285714286
2345	-0.371428571428571
2346	-0.394285714285714
2347	-0.371428571428571
2348	-0.354285714285714
2349	-0.371428571428571
2350	-0.302857142857143
2351	-0.291428571428571
2352	-0.32
2353	-0.314285714285714
2354	-0.268571428571429
2355	-0.251428571428571
2356	-0.234285714285714
2357	-0.268571428571429
2358	-0.222857142857143
2359	-0.217142857142857
2360	-0.211428571428571
2361	-0.217142857142857
2362	-0.251428571428571
2363	-0.308571428571429
2364	-0.325714285714286
2365	-0.28
2366	-0.331428571428571
2367	-0.4
2368	-0.36
2369	-0.337142857142857
2370	-0.342857142857143
2371	-0.377142857142857
2372	-0.445714285714286
2373	-0.462857142857143
2374	-0.462857142857143
2375	-0.497142857142857
2376	-0.537142857142857
2377	-0.577142857142857
2378	-0.571428571428572
2379	-0.617142857142857
2380	-0.588571428571429
2381	-0.6
2382	-0.594285714285714
2416	-0.56
2417	-0.48
2418	-0.497142857142857
2419	-0.508571428571428
2420	-0.457142857142857
2421	-0.417142857142857
2422	-0.417142857142857
2423	-0.417142857142857
2424	-0.36
2425	-0.382857142857143
2426	-0.388571428571428
2427	-0.354285714285714
2428	-0.32
2429	-0.291428571428572
2430	-0.285714285714286
2431	-0.32
2432	-0.291428571428571
2433	-0.325714285714286
2434	-0.297142857142857
2435	-0.257142857142857
2436	-0.28
2437	-0.257142857142857
2438	-0.285714285714286
2439	-0.285714285714286
2440	-0.297142857142857
2441	-0.308571428571428
2442	-0.348571428571428
2443	-0.32
2444	-0.337142857142857
2445	-0.302857142857143
2446	-0.314285714285714
2447	-0.417142857142857
2448	-0.44
2449	-0.434285714285714
2450	-0.451428571428571
2451	-0.428571428571429
2452	-0.548571428571429
2453	-0.565714285714286
2454	-0.491428571428571
2455	-0.457142857142857
2456	-0.497142857142857
2457	-0.571428571428571
2458	-0.554285714285714
2459	-0.565714285714286
2460	-0.611428571428571
2461	-0.622857142857143
2462	-0.617142857142857
2463	-0.611428571428571
2464	-0.611428571428571
2465	-0.657142857142857
2466	-0.628571428571429
2467	-0.594285714285714
2468	-0.588571428571429
2469	-0.457142857142857
2470	-0.411428571428571
2471	-0.451428571428572
2472	-0.457142857142857
2473	-0.434285714285714
2474	-0.394285714285714
2475	-0.365714285714286
2476	-0.245714285714286
2477	-0.182857142857143
2478	-0.114285714285714
2479	-0.16
2480	-0.0799999999999998
2481	-0.0971428571428572
2482	-0.0228571428571427
2483	0.108571428571429
2484	0.125714285714286
2485	0.177142857142857
2486	0.148571428571429
2487	0.0971428571428572
2488	0.102857142857143
2489	0.0742857142857145
2490	0.0228571428571429
2491	-0.00571428571428556
2492	-0.0171428571428571
2493	0.0514285714285716
2494	0.131428571428572
2495	0.16
2496	0.142857142857143
2497	0.182857142857143
2498	0.211428571428572
2499	0.257142857142857
2500	0.2
2501	0.177142857142857
2502	0.177142857142857
2503	0.125714285714286
2504	0.0914285714285716
2505	0.0342857142857143
2506	-0.0228571428571429
2507	0.0228571428571429
2508	0.0685714285714285
2509	0.0114285714285716
2510	0.102857142857143
2511	0.0800000000000001
2512	-0.00571428571428556
2513	0.0228571428571429
2514	-0.0342857142857143
2515	-0.00571428571428556
2516	-0.0857142857142856
2517	-0.108571428571428
2518	-0.217142857142857
2519	-0.228571428571428
2520	-0.24
2521	-0.285714285714286
2522	-0.24
2523	-0.228571428571429
2524	-0.24
2525	-0.245714285714286
2526	-0.245714285714286
2527	-0.245714285714286
2528	-0.24
2529	-0.24
2530	-0.331428571428572
2531	-0.337142857142857
2532	-0.342857142857143
2533	-0.365714285714286
2534	-0.382857142857143
2535	-0.462857142857143
2536	-0.44
2537	-0.44
2538	-0.417142857142857
2539	-0.371428571428572
2540	-0.388571428571428
2541	-0.451428571428572
2542	-0.434285714285714
2543	-0.434285714285714
2544	-0.371428571428572
2545	-0.365714285714286
2546	-0.44
2547	-0.48
2548	-0.491428571428572
2549	-0.56
2550	-0.56
2551	-0.588571428571429
2552	-0.548571428571428
2553	-0.508571428571428
2554	-0.491428571428572
2555	-0.56
2556	-0.491428571428572
2557	-0.417142857142857
2558	-0.411428571428572
2559	-0.422857142857143
2560	-0.36
2561	-0.36
2562	-0.354285714285714
2563	-0.308571428571428
2564	-0.297142857142857
2565	-0.331428571428572
2566	-0.268571428571428
2567	-0.245714285714286
2568	-0.211428571428571
2569	-0.154285714285714
2570	-0.148571428571429
2571	-0.16
2572	-0.16
2573	-0.154285714285714
2574	-0.177142857142857
2575	-0.205714285714286
2576	-0.194285714285714
2577	-0.211428571428572
2578	-0.211428571428572
2579	-0.217142857142857
2580	-0.291428571428571
2581	-0.234285714285714
2582	-0.28
2583	-0.251428571428571
2584	-0.262857142857143
2585	-0.274285714285714
2586	-0.291428571428571
2587	-0.285714285714286
2588	-0.314285714285714
2589	-0.348571428571429
2590	-0.331428571428571
2591	-0.257142857142857
2592	-0.331428571428571
2593	-0.377142857142857
2594	-0.394285714285714
2595	-0.394285714285714
2596	-0.377142857142857
2597	-0.308571428571429
2598	-0.308571428571429
2599	-0.365714285714286
2600	-0.417142857142857
2601	-0.388571428571428
2602	-0.371428571428572
2603	-0.388571428571428
2604	-0.377142857142857
2605	-0.434285714285714
2606	-0.394285714285714
2607	-0.382857142857143
2608	-0.291428571428571
2609	-0.297142857142857
2610	-0.32
2611	-0.331428571428571
2612	-0.32
2613	-0.308571428571429
2614	-0.32
2615	-0.337142857142857
2616	-0.337142857142857
2617	-0.382857142857143
2618	-0.377142857142857
2619	-0.365714285714286
2620	-0.365714285714286
2621	-0.365714285714286
2622	-0.342857142857143
2623	-0.32
2624	-0.32
2625	-0.32
2626	-0.325714285714286
2627	-0.4
2628	-0.388571428571429
2629	-0.417142857142857
2630	-0.405714285714286
2631	-0.354285714285714
2632	-0.4
2634	-0.411428571428571
2635	-0.354285714285714
2636	-0.285714285714286
2637	-0.302857142857143
2638	-0.377142857142857
2639	-0.388571428571429
2640	-0.417142857142857
2641	-0.428571428571429
2652	-0.44
2653	-0.445714285714286
2654	-0.462857142857143
2655	-0.474285714285714
2656	-0.502857142857143
2657	-0.48
2658	-0.474285714285714
2659	-0.497142857142857
2660	-0.525714285714286
2661	-0.52
2662	-0.52
2663	-0.508571428571428
2664	-0.542857142857143
2665	-0.514285714285714
2666	-0.417142857142857
2667	-0.457142857142857
2668	-0.417142857142857
2669	-0.405714285714286
2670	-0.451428571428572
2671	-0.457142857142857
2672	-0.491428571428572
2673	-0.48
2674	-0.497142857142857
2675	-0.508571428571428
2676	-0.462857142857143
2677	-0.44
2678	-0.462857142857143
2679	-0.474285714285714
2680	-0.48
2681	-0.485714285714286
2682	-0.514285714285714
2683	-0.508571428571428
2684	-0.451428571428572
2685	-0.44
2686	-0.44
2687	-0.451428571428572
2688	-0.474285714285714
2689	-0.485714285714286
2690	-0.474285714285714
2691	-0.342857142857143
2692	-0.285714285714286
2693	-0.285714285714286
2694	-0.291428571428571
2695	-0.24
2696	-0.182857142857143
2697	-0.16
2698	-0.205714285714286
2699	-0.205714285714286
2700	-0.171428571428571
2701	-0.102857142857143
2702	-0.194285714285714
2703	-0.188571428571429
2704	-0.251428571428571
2705	-0.2
2706	-0.188571428571429
2707	-0.228571428571429
2708	-0.228571428571429
2709	-0.251428571428571
2710	-0.245714285714286
2711	-0.228571428571429
2712	-0.222857142857143
2713	-0.234285714285714
2714	-0.28
2715	-0.297142857142857
2716	-0.194285714285714
2717	-0.137142857142857
2718	-0.125714285714286
2719	-0.142857142857143
2720	-0.262857142857143
2721	-0.268571428571428
2722	-0.257142857142857
2723	-0.211428571428571
2724	-0.2
2725	-0.222857142857143
2726	-0.182857142857143
2727	-0.308571428571428
2728	-0.308571428571428
2729	-0.331428571428572
2730	-0.365714285714286
2731	-0.394285714285714
2732	-0.451428571428572
2733	-0.462857142857143
2734	-0.405714285714286
2735	-0.417142857142857
2736	-0.462857142857143
2737	-0.577142857142857
2738	-0.571428571428572
2739	-0.582857142857143
2740	-0.508571428571428
2741	-0.548571428571428
2742	-0.525714285714286
2743	-0.531428571428571
2744	-0.554285714285714
2745	-0.56
2746	-0.52
2747	-0.52
2748	-0.571428571428571
2749	-0.537142857142857
2750	-0.428571428571429
2751	-0.371428571428572
2752	-0.422857142857143
2753	-0.417142857142857
2754	-0.451428571428572
2755	-0.394285714285714
2756	-0.36
2757	-0.4
2758	-0.285714285714286
2759	-0.342857142857143
2760	-0.36
2761	-0.32
2762	-0.365714285714286
2763	-0.348571428571429
2764	-0.348571428571429
2765	-0.314285714285715
2766	-0.291428571428571
2767	-0.262857142857143
2768	-0.24
2769	-0.274285714285714
2770	-0.325714285714286
2771	-0.285714285714286
2772	-0.274285714285714
2773	-0.257142857142857
2774	-0.28
2775	-0.28
2776	-0.365714285714286
2777	-0.32
2778	-0.411428571428571
2779	-0.411428571428571
2780	-0.388571428571428
2781	-0.388571428571428
2782	-0.434285714285714
2783	-0.462857142857143
2784	-0.451428571428572
2785	-0.497142857142857
2786	-0.56
2787	-0.605714285714286
2788	-0.645714285714286
2827	-0.685714285714286
2828	-0.691428571428572
2829	-0.64
2830	-0.64
2831	-0.651428571428572
2832	-0.674285714285714
2833	-0.702857142857143
2834	-0.708571428571429
2835	-0.708571428571429
2837	-0.685714285714286
2849	-0.542857142857143
2853	-0.571428571428571
2854	-0.554285714285714
2855	-0.565714285714286
2856	-0.548571428571429
2857	-0.525714285714286
2858	-0.48
2859	-0.468571428571429
2860	-0.468571428571429
2861	-0.474285714285714
2862	-0.468571428571429
2863	-0.462857142857143
2864	-0.457142857142857
2865	-0.508571428571429
2866	-0.52
2867	-0.485714285714286
2868	-0.525714285714286
2869	-0.411428571428571
2870	-0.44
2871	-0.44
2872	-0.485714285714286
2873	-0.491428571428571
2874	-0.502857142857143
2875	-0.485714285714286
2876	-0.451428571428571
2877	-0.468571428571429
2878	-0.48
2879	-0.502857142857143
2880	-0.497142857142857
2881	-0.468571428571429
2922	-0.422857142857143
2923	-0.417142857142857
2924	-0.388571428571429
3217	-0.16
3218	-0.154285714285714
3219	-0.125714285714286
3220	-0.137142857142857
3221	-0.131428571428571
3222	-0.131428571428571
3223	-0.171428571428571
3229	-0.108571428571429
3230	-0.0628571428571429
3231	-0.0685714285714286
3232	-0.0628571428571429
3233	-0.0285714285714285
3234	-0.0228571428571429
3235	-0.0399999999999999
3236	-0.0457142857142857
3237	-0.0857142857142857
3238	-0.0571428571428572
3239	-0.0457142857142857
3240	-0.0171428571428571
3241	0.0342857142857143
3242	0.0114285714285715
3243	0.0171428571428572
3245	-0.0342857142857143
3272	-0.28
3273	-0.268571428571429
3380	-0.451428571428571
3381	-0.502857142857143
3382	-0.497142857142857
3383	-0.474285714285714
3384	-0.462857142857143
3385	-0.434285714285714
3386	-0.445714285714286
3391	-0.417142857142857
3392	-0.417142857142857
3393	-0.422857142857143
3394	-0.445714285714286
3395	-0.48
3396	-0.497142857142857
3397	-0.405714285714286
3398	-0.451428571428571
3399	-0.445714285714286
3400	-0.457142857142857
3401	-0.445714285714286
3402	-0.4
3403	-0.36
3404	-0.342857142857143
3405	-0.314285714285714
3406	-0.28
3407	-0.308571428571429
3408	-0.257142857142857
3409	-0.2
3410	-0.205714285714286
3411	-0.137142857142857
3412	-0.131428571428571
3413	-0.0685714285714286
3414	-0.04
3415	-0.0228571428571429
3416	-0.0685714285714285
3417	-0.0285714285714285
3418	-0.0171428571428571
3419	0.0628571428571428
3420	0.0800000000000001
3421	0.0857142857142857
3422	0.0914285714285715
3423	0.0800000000000001
3424	0.0742857142857143
3425	0.0228571428571428
3426	0.0228571428571428
3427	-0.0114285714285715
3428	0.182857142857143
3429	0.194285714285714
3430	0.2
3431	0.211428571428572
3432	0.217142857142857
3433	0.108571428571429
3434	0.102857142857143
3435	0.114285714285714
3436	0.0914285714285715
3437	0.0857142857142857
3438	0.102857142857143
3439	0.0457142857142857
3440	-0.00571428571428578
3441	-0.0171428571428571
3442	-0.0457142857142857
3443	-0.0457142857142857
3444	-0.0742857142857142
3445	-0.12
3446	-0.08
3447	-0.154285714285714
3448	-0.165714285714286
3449	-0.217142857142857
3450	-0.308571428571428
3451	-0.308571428571428
3452	-0.36
3453	-0.337142857142857
3454	-0.342857142857143
3455	-0.451428571428571
3456	-0.468571428571429
3457	-0.462857142857143
3458	-0.417142857142857
3459	-0.394285714285714
3460	-0.422857142857143
3461	-0.44
3462	-0.417142857142857
3463	-0.445714285714286
3525	-0.502857142857143
3526	-0.497142857142857
3543	-0.302857142857143
3544	-0.302857142857143
3545	-0.297142857142857
3546	-0.274285714285714
3554	-0.291428571428571
3556	-0.268571428571429
3557	-0.217142857142857
3558	-0.194285714285714
3559	-0.205714285714286
3565	-0.262857142857143
3566	-0.171428571428571
3567	-0.211428571428571
3568	-0.205714285714286
3569	-0.177142857142857
3570	-0.165714285714286
3571	-0.171428571428571
3572	-0.2
3573	-0.194285714285714
3574	-0.194285714285714
3575	-0.205714285714286
3576	-0.205714285714286
3577	-0.251428571428572
3578	-0.291428571428571
3579	-0.348571428571429
3580	-0.371428571428572
3581	-0.331428571428571
3582	-0.28
3583	-0.268571428571429
3584	-0.245714285714286
3585	-0.251428571428571
3586	-0.257142857142857
3587	-0.217142857142857
3588	-0.2
3589	-0.154285714285714
3590	-0.137142857142857
3591	-0.131428571428572
3592	-0.188571428571429
3593	-0.245714285714286
3594	-0.257142857142857
3595	-0.268571428571429
3596	-0.24
3597	-0.24
3598	-0.222857142857143
3599	-0.251428571428571
3600	-0.257142857142857
3601	-0.371428571428571
3602	-0.508571428571429
3603	-0.514285714285714
3604	-0.531428571428571
3613	-0.645714285714286
3614	-0.628571428571428
3615	-0.531428571428572
3616	-0.52
3617	-0.571428571428571
3622	-0.577142857142857
3623	-0.537142857142857
3624	-0.462857142857143
3625	-0.451428571428572
3626	-0.331428571428572
3627	-0.342857142857143
3628	-0.251428571428572
3629	-0.137142857142857
3630	0.0514285714285716
3631	0.0457142857142858
3632	0.177142857142857
3633	0.274285714285714
3634	0.274285714285714
3635	0.297142857142857
3636	0.285714285714286
3637	0.32
3638	0.377142857142857
3639	0.371428571428571
3640	0.365714285714285
3641	0.365714285714285
3642	0.4
3643	0.445714285714286
3644	0.468571428571428
3645	0.485714285714286
3646	0.457142857142857
3647	0.491428571428571
3648	0.502857142857143
3649	0.445714285714286
3650	0.577142857142857
3651	0.497142857142857
3652	0.502857142857143
3653	0.531428571428571
3654	0.514285714285714
3655	0.514285714285714
3656	0.508571428571428
3657	0.548571428571429
3658	0.542857142857143
3659	0.497142857142857
3660	0.468571428571428
3661	0.457142857142857
3662	0.394285714285714
3663	0.542857142857143
3664	0.457142857142857
3665	0.428571428571429
3666	0.274285714285714
3667	0.405714285714286
3668	0.32
3669	0.222857142857143
3670	0.2
3671	0.32
3672	0.382857142857143
3673	0.428571428571429
3674	0.428571428571428
3675	0.594285714285714
3676	0.68
3677	0.822857142857143
3678	0.868571428571429
3679	0.822857142857143
3680	0.8
3681	0.794285714285714
3682	0.868571428571429
3683	0.862857142857143
3684	0.862857142857143
3685	0.891428571428571
3686	0.805714285714286
3687	0.857142857142857
3688	0.88
3689	0.845714285714286
3690	0.891428571428571
3691	1.01142857142857
3692	1.01142857142857
3693	0.977142857142857
3694	0.942857142857143
3695	0.92
3696	0.851428571428571
3697	0.845714285714286
3698	0.731428571428571
3699	0.56
3700	0.6
3701	0.571428571428572
3702	0.531428571428571
3703	0.411428571428572
3704	0.377142857142857
3705	0.394285714285714
3706	0.445714285714286
3707	0.32
3708	0.274285714285714
3709	0.262857142857143
3710	0.28
3711	0.177142857142857
3712	0.12
3713	0.0228571428571428
3714	-0.0399999999999999
3715	-0.0571428571428571
3716	-0.0514285714285713
3717	-0.0342857142857143
3718	-0.0857142857142857
3719	-0.08
3720	-0.0971428571428572
3721	-0.142857142857143
3722	-0.205714285714286
3723	-0.297142857142857
3724	-0.257142857142857
3725	-0.177142857142857
3726	-0.222857142857143
3727	-0.32
3728	-0.257142857142857
3729	-0.297142857142857
3730	-0.302857142857143
3731	-0.331428571428571
3732	-0.32
3733	-0.382857142857143
3734	-0.365714285714286
3735	-0.365714285714286
3736	-0.388571428571429
3737	-0.44
3738	-0.428571428571429
3739	-0.417142857142857
3740	-0.428571428571429
3741	-0.4
3742	-0.422857142857143
3743	-0.371428571428571
3744	-0.388571428571429
3745	-0.468571428571429
3746	-0.52
3758	-0.48
3759	-0.434285714285714
3887	-0.325714285714286
3888	-0.24
3889	-0.251428571428572
3890	-0.297142857142857
3891	-0.268571428571429
3892	-0.28
3893	-0.28
3894	-0.28
3895	-0.274285714285714
3896	-0.245714285714286
3897	-0.188571428571429
3898	-0.205714285714286
3899	-0.188571428571429
3900	-0.222857142857143
3901	-0.188571428571429
3902	-0.114285714285714
3903	-0.0114285714285713
3904	-0.00571428571428567
3905	-0.00571428571428578
3906	-0.0514285714285713
3907	0.0171428571428572
3908	-0.0228571428571428
3909	-0.0399999999999999
3910	-0.0857142857142856
3911	-0.0799999999999998
3912	-0.0857142857142856
3913	-0.0799999999999998
3914	-0.0514285714285714
3915	-0.0685714285714285
3916	-0.0971428571428571
3917	-0.125714285714286
3918	-0.131428571428571
3919	-0.0571428571428572
3920	-0.0114285714285713
3921	0.00571428571428556
3922	0.0285714285714285
3923	-0.08
3924	-0.125714285714286
3925	-0.125714285714286
3926	-0.0914285714285715
3927	-0.0685714285714284
3928	-0.00571428571428578
3929	-0.0114285714285716
3930	-0.0285714285714285
3931	-0.0228571428571429
3932	-0.08
3933	-0.0685714285714285
3934	0.04
3935	0.0228571428571429
3936	-0.0114285714285716
3937	-0.0457142857142856
3938	-0.0685714285714285
3939	-0.177142857142857
3940	-0.0285714285714285
3941	-0.0399999999999999
3942	-0.0114285714285716
3943	-0.0342857142857144
3944	0.0342857142857143
3945	0.0628571428571429
3946	0.12
3947	0.131428571428572
3948	0.251428571428572
3949	0.32
3950	0.354285714285715
3951	0.48
3952	0.502857142857143
3953	0.48
3954	0.697142857142857
3955	0.588571428571429
3956	0.525714285714286
3957	0.502857142857143
3958	0.491428571428571
3959	0.497142857142857
3960	0.537142857142857
3961	0.554285714285714
3962	0.628571428571429
3963	0.542857142857143
3964	0.565714285714286
3965	0.651428571428571
3966	0.68
3967	0.68
3968	0.708571428571429
3969	0.674285714285714
3970	0.605714285714286
3971	0.588571428571429
3972	0.617142857142857
3973	0.628571428571429
3974	0.565714285714286
3975	0.548571428571429
3976	0.422857142857143
3977	0.457142857142857
3978	0.491428571428571
3979	0.457142857142857
3980	0.382857142857143
3981	0.4
3982	0.36
3983	0.417142857142857
3984	0.32
3985	0.291428571428571
3986	0.217142857142857
3987	0.108571428571429
3988	0.142857142857143
3989	0.245714285714286
3990	0.131428571428571
3991	0.205714285714286
3992	0.4
3993	0.474285714285714
3994	0.497142857142857
3995	0.485714285714286
3996	0.571428571428572
3997	0.748571428571429
3998	0.72
3999	0.737142857142857
4000	0.788571428571429
4001	0.8
4002	0.8
4003	0.84
4004	0.897142857142857
4005	0.931428571428571
4006	1.08
4007	1.12571428571429
4008	1.14857142857143
4009	1.17142857142857
4010	1.21714285714286
4011	1.25142857142857
4012	1.24571428571429
4013	1.25142857142857
4014	1.22857142857143
4015	1.21714285714286
4016	1.27428571428571
4017	1.35428571428571
4018	1.32
4019	1.25142857142857
4020	1.25142857142857
4021	1.24571428571429
4022	1.23428571428571
4023	1.31428571428571
4024	1.30857142857143
4025	1.25142857142857
4026	1.05142857142857
4027	1.05714285714286
4028	0.92
4029	0.885714285714286
4030	0.822857142857143
4031	0.862857142857143
4032	0.731428571428572
4033	0.594285714285714
4034	0.622857142857143
4035	0.64
4036	0.548571428571429
4037	0.508571428571429
4038	0.571428571428571
4039	0.542857142857143
4040	0.52
4041	0.445714285714286
4042	0.285714285714286
4043	0.234285714285714
4044	0.222857142857143
4045	0.222857142857143
4046	0.194285714285714
4047	0.16
4048	0.148571428571429
4049	0.0971428571428572
4050	0.0857142857142856
4051	0.0742857142857143
4052	-0.0114285714285713
4053	-0.102857142857143
4054	-0.0742857142857144
4055	-0.0457142857142857
4056	-0.0628571428571428
4057	-0.0800000000000001
4058	-0.0514285714285715
4059	-0.0800000000000001
4060	-0.131428571428571
4061	-0.16
4062	-0.142857142857143
4063	-0.188571428571429
4064	-0.228571428571429
4065	-0.16
4066	-0.131428571428571
4067	-0.188571428571429
4068	-0.194285714285714
4069	-0.245714285714286
4070	-0.28
4071	-0.308571428571429
4072	-0.314285714285715
4073	-0.365714285714286
4074	-0.457142857142857
4075	-0.462857142857143
4076	-0.508571428571428
4077	-0.468571428571428
4078	-0.451428571428572
4079	-0.445714285714286
4080	-0.428571428571428
4081	-0.457142857142857
4082	-0.451428571428571
4083	-0.457142857142857
4084	-0.462857142857143
4085	-0.462857142857143
4086	-0.474285714285714
4087	-0.457142857142857
4088	-0.457142857142857
4089	-0.485714285714286
4090	-0.52
4091	-0.554285714285714
4092	-0.582857142857143
4094	-0.594285714285714
4099	-0.582857142857143
4100	-0.565714285714286
4118	-0.605714285714286
4119	-0.588571428571429
4120	-0.485714285714286
4121	-0.474285714285714
4122	-0.48
4123	-0.502857142857143
4124	-0.474285714285714
4125	-0.474285714285714
4126	-0.44
4127	-0.451428571428571
4128	-0.434285714285714
4129	-0.428571428571429
4130	-0.457142857142857
4131	-0.491428571428571
4132	-0.474285714285714
4133	-0.468571428571429
4134	-0.48
4135	-0.525714285714286
4136	-0.554285714285714
4142	-0.582857142857143
4143	-0.537142857142857
4144	-0.497142857142857
4145	-0.445714285714286
4146	-0.445714285714286
4147	-0.388571428571429
4148	-0.371428571428571
4149	-0.365714285714286
4150	-0.365714285714286
4151	-0.394285714285714
4152	-0.428571428571429
4153	-0.497142857142857
4154	-0.514285714285714
4155	-0.537142857142857
4158	-0.554285714285714
4159	-0.537142857142857
4160	-0.531428571428571
4161	-0.502857142857143
4162	-0.508571428571429
4163	-0.497142857142857
4164	-0.468571428571429
4165	-0.474285714285714
4166	-0.485714285714286
4167	-0.474285714285714
4168	-0.457142857142857
4169	-0.457142857142857
4170	-0.417142857142857
4171	-0.417142857142857
4172	-0.4
4173	-0.411428571428571
4174	-0.411428571428571
4175	-0.371428571428571
4176	-0.417142857142857
4177	-0.44
4178	-0.48
4179	-0.502857142857143
4180	-0.548571428571429
4214	-0.514285714285714
4215	-0.531428571428571
4216	-0.502857142857143
4217	-0.491428571428571
4218	-0.485714285714286
4219	-0.485714285714286
4220	-0.502857142857143
4221	-0.491428571428571
4222	-0.485714285714286
4223	-0.468571428571429
4224	-0.491428571428571
4225	-0.434285714285714
4226	-0.457142857142857
4227	-0.468571428571429
4228	-0.474285714285714
4229	-0.445714285714286
4230	-0.457142857142857
4231	-0.44
4232	-0.457142857142857
4233	-0.502857142857143
4234	-0.525714285714286
4235	-0.497142857142857
4236	-0.537142857142857
4237	-0.451428571428572
4238	-0.462857142857143
4239	-0.451428571428571
4240	-0.542857142857143
4241	-0.571428571428572
4242	-0.6
4243	-0.64
4244	-0.565714285714286
4245	-0.554285714285714
4246	-0.617142857142857
4247	-0.6
4248	-0.628571428571428
4249	-0.617142857142857
4252	-0.605714285714286
4253	-0.594285714285714
4254	-0.571428571428571
4255	-0.548571428571429
4256	-0.537142857142857
4257	-0.548571428571429
4258	-0.514285714285714
4259	-0.422857142857143
4260	-0.417142857142857
4261	-0.48
4262	-0.462857142857143
4263	-0.445714285714286
4264	-0.445714285714286
4265	-0.462857142857143
4266	-0.417142857142857
4267	-0.445714285714286
4268	-0.44
4269	-0.417142857142857
4270	-0.388571428571429
4271	-0.405714285714286
4272	-0.371428571428571
4283	-0.4
4284	-0.417142857142857
4285	-0.434285714285714
4286	-0.445714285714286
4287	-0.44
4291	-0.491428571428571
4292	-0.411428571428571
4293	-0.4
4294	-0.405714285714286
4295	-0.537142857142857
4296	-0.525714285714286
4297	-0.525714285714286
4298	-0.571428571428572
4299	-0.605714285714286
4300	-0.617142857142857
4301	-0.68
4302	-0.674285714285714
4303	-0.668571428571428
4304	-0.68
4306	-0.651428571428572
4307	-0.685714285714286
4308	-0.714285714285714
4309	-0.731428571428571
4310	-0.674285714285714
4311	-0.668571428571429
4312	-0.668571428571429
4313	-0.691428571428571
4314	-0.622857142857143
4315	-0.617142857142857
4316	-0.611428571428571
4317	-0.651428571428571
4318	-0.662857142857143
4319	-0.754285714285714
4320	-0.754285714285714
4321	-0.788571428571428
4322	-0.822857142857143
4323	-0.834285714285714
4324	-0.828571428571429
4325	-0.84
4326	-0.828571428571429
4327	-0.845714285714286
4330	-0.862857142857143
4331	-0.868571428571428
4332	-0.868571428571428
4333	-0.862857142857143
4334	-0.851428571428571
4335	-0.868571428571428
4336	-0.857142857142857
4337	-0.822857142857143
4341	-0.897142857142857
4365	-0.862857142857143
4369	-0.988571428571429
4370	-0.994285714285714
4371	-0.977142857142857
4372	-1
4373	-0.948571428571429
4374	-0.942857142857143
4375	-0.931428571428571
4376	-0.8
4377	-0.84
4378	-0.822857142857143
4379	-0.805714285714286
4380	-0.725714285714286
4381	-0.72
4382	-0.777142857142857
4383	-0.788571428571429
4384	-0.822857142857143
4385	-0.742857142857143
4386	-0.805714285714286
4387	-0.794285714285714
4388	-0.685714285714286
4389	-0.708571428571429
4390	-0.674285714285714
4391	-0.588571428571428
4392	-0.577142857142857
4393	-0.554285714285714
4394	-0.514285714285714
4395	-0.531428571428572
4396	-0.48
4397	-0.468571428571429
4398	-0.485714285714286
4399	-0.542857142857143
4400	-0.594285714285714
4401	-0.628571428571429
4402	-0.491428571428571
4403	-0.394285714285714
4404	-0.382857142857143
4405	-0.44
4406	-0.405714285714286
4407	-0.382857142857143
4408	-0.348571428571429
4409	-0.297142857142857
4410	-0.251428571428571
4411	-0.205714285714286
4412	-0.285714285714286
4413	-0.245714285714286
4414	-0.211428571428571
4415	-0.0857142857142856
4416	-0.12
4417	-0.125714285714286
4418	-0.0971428571428572
4419	-0.0342857142857143
4420	-0.00571428571428578
4421	-0.0800000000000001
4422	-0.00571428571428578
4423	-0.0171428571428571
4424	-0.0571428571428572
4425	-0.0285714285714285
4426	-0.0628571428571429
4427	-0.0514285714285714
4428	-0.0971428571428572
4429	-0.0742857142857143
4430	-0.0628571428571427
4431	-0.0457142857142856
4432	-0.0799999999999998
4433	-0.0457142857142856
4434	-0.0457142857142856
4435	0.00571428571428578
4436	-0.0114285714285711
4437	2.22044604925031e-16
4438	-0.108571428571429
4439	-0.171428571428571
4440	-0.177142857142857
4441	-0.102857142857143
4442	-0.142857142857143
4443	-0.12
4444	-0.142857142857143
4445	-0.262857142857143
4446	-0.325714285714286
4447	-0.377142857142857
4448	-0.377142857142857
4449	-0.325714285714286
4450	-0.325714285714286
4451	-0.365714285714286
4452	-0.354285714285714
4453	-0.365714285714286
4454	-0.388571428571429
4455	-0.445714285714286
4456	-0.514285714285714
4457	-0.52
4458	-0.52
4459	-0.497142857142857
4460	-0.514285714285714
4461	-0.548571428571429
4462	-0.537142857142857
4463	-0.64
4464	-0.577142857142857
4465	-0.622857142857143
4466	-0.628571428571429
4467	-0.645714285714286
4468	-0.628571428571429
4469	-0.651428571428572
4470	-0.685714285714286
4471	-0.651428571428572
4472	-0.605714285714286
4473	-0.617142857142857
4474	-0.611428571428572
4475	-0.617142857142857
4476	-0.571428571428572
4477	-0.634285714285715
4478	-0.617142857142857
4479	-0.645714285714286
4480	-0.645714285714286
4481	-0.628571428571429
4482	-0.617142857142857
4483	-0.594285714285714
4484	-0.645714285714286
4485	-0.725714285714286
4486	-0.76
4487	-0.834285714285714
4488	-0.857142857142857
4489	-0.828571428571429
4490	-0.811428571428571
4491	-0.777142857142857
4492	-0.725714285714286
4493	-0.674285714285714
4494	-0.731428571428571
4495	-0.754285714285714
4496	-0.725714285714286
4497	-0.702857142857143
4498	-0.714285714285714
4499	-0.691428571428571
4500	-0.714285714285714
4503	-0.617142857142857
4552	-0.514285714285714
4553	-0.491428571428571
4554	-0.451428571428571
4555	-0.531428571428572
4556	-0.44
4557	-0.331428571428572
4558	-0.32
4559	-0.365714285714286
4560	-0.365714285714286
4561	-0.348571428571429
4562	-0.342857142857143
4563	-0.28
4564	-0.291428571428571
4565	-0.285714285714286
4566	-0.182857142857143
4567	-0.171428571428572
4568	-0.16
4569	-0.16
4570	-0.114285714285714
4571	-0.154285714285714
4572	-0.131428571428572
4573	-0.0457142857142858
4574	-0.0514285714285716
4575	0.0342857142857143
4576	0.0514285714285716
4577	0.0914285714285716
4578	0.125714285714286
4579	0.268571428571429
4580	0.342857142857143
4581	0.331428571428572
4582	0.234285714285715
4583	0.217142857142857
4584	0.217142857142857
4585	0.211428571428572
4586	0.274285714285714
4587	0.331428571428571
4588	0.337142857142857
4589	0.354285714285714
4590	0.291428571428572
4591	0.377142857142857
4592	0.331428571428572
4593	0.285714285714286
4594	0.325714285714286
4595	0.32
4596	0.314285714285715
4597	0.394285714285714
4598	0.411428571428571
4599	0.422857142857143
4600	0.52
4601	0.497142857142857
4602	0.417142857142857
4603	0.548571428571429
4604	0.531428571428571
4605	0.537142857142857
4606	0.542857142857143
4607	0.588571428571429
4608	0.582857142857143
4609	0.531428571428571
4610	0.468571428571429
4611	0.411428571428571
4612	0.36
4613	0.285714285714286
4614	0.297142857142857
4615	0.177142857142857
4616	0.0742857142857145
4617	0.0685714285714289
4618	0.0800000000000003
4619	0.0857142857142859
4620	0.0800000000000003
4621	0.12
4622	0.0514285714285714
4623	0.0971428571428574
4624	0.0571428571428572
4625	0
4626	0.0628571428571427
4627	0.0285714285714289
4628	-0.0285714285714285
4629	-0.0857142857142856
4630	-0.154285714285714
4631	-0.165714285714285
4632	-0.182857142857143
4633	-0.302857142857143
4634	-0.331428571428571
4635	-0.382857142857143
4636	-0.491428571428572
4637	-0.485714285714286
4638	-0.52
4639	-0.634285714285714
4640	-0.622857142857143
4641	-0.605714285714286
4642	-0.662857142857143
4643	-0.691428571428572
4644	-0.742857142857143
4645	-0.777142857142857
4646	-0.765714285714286
4647	-0.794285714285715
4648	-0.794285714285714
4649	-0.731428571428571
4650	-0.765714285714286
4651	-0.714285714285714
4652	-0.742857142857143
4653	-0.754285714285714
4654	-0.731428571428571
4655	-0.731428571428571
4656	-0.691428571428572
4657	-0.782857142857143
4658	-0.788571428571429
4659	-0.845714285714286
4660	-0.777142857142857
4661	-0.691428571428572
4662	-0.742857142857143
4663	-0.708571428571428
4664	-0.685714285714286
4665	-0.708571428571428
4666	-0.737142857142857
4667	-0.651428571428571
4668	-0.588571428571429
4669	-0.508571428571429
4670	-0.497142857142857
4671	-0.531428571428572
4672	-0.497142857142857
4673	-0.462857142857143
4674	-0.468571428571429
4675	-0.508571428571428
4676	-0.525714285714286
4677	-0.542857142857143
4678	-0.502857142857143
4679	-0.502857142857143
4680	-0.462857142857143
4681	-0.474285714285714
4682	-0.491428571428571
4683	-0.462857142857143
4684	-0.451428571428572
4685	-0.462857142857143
4686	-0.462857142857143
4687	-0.548571428571429
4688	-0.497142857142857
4689	-0.485714285714286
4690	-0.422857142857143
4691	-0.382857142857143
4692	-0.411428571428571
4693	-0.405714285714286
4694	-0.388571428571428
4695	-0.428571428571428
4696	-0.485714285714286
4697	-0.554285714285714
4698	-0.531428571428571
4699	-0.52
4700	-0.554285714285714
4701	-0.565714285714286
4702	-0.508571428571429
4703	-0.594285714285714
4704	-0.64
4705	-0.742857142857143
4706	-0.731428571428571
4707	-0.702857142857143
4708	-0.72
4709	-0.771428571428571
4710	-0.771428571428571
4711	-0.805714285714286
4712	-0.708571428571428
4713	-0.72
4714	-0.697142857142857
4715	-0.594285714285714
4716	-0.56
4717	-0.525714285714286
4718	-0.497142857142857
4719	-0.462857142857143
4720	-0.485714285714286
4721	-0.531428571428572
4722	-0.502857142857143
4723	-0.422857142857143
4724	-0.48
4725	-0.468571428571428
4726	-0.542857142857143
4727	-0.565714285714286
4728	-0.571428571428572
4729	-0.565714285714286
4730	-0.542857142857143
4731	-0.548571428571428
4732	-0.497142857142857
4733	-0.497142857142857
4734	-0.502857142857143
4735	-0.514285714285714
4736	-0.474285714285714
4737	-0.445714285714286
4738	-0.451428571428571
4739	-0.457142857142857
4740	-0.445714285714286
4741	-0.337142857142857
4742	-0.365714285714286
4743	-0.348571428571429
4744	-0.308571428571428
4745	-0.297142857142857
4746	-0.285714285714286
4747	-0.205714285714286
4748	-0.285714285714286
4749	-0.28
4750	-0.268571428571429
4751	-0.365714285714286
4752	-0.428571428571429
4753	-0.44
4754	-0.434285714285714
4755	-0.388571428571429
4756	-0.405714285714286
4757	-0.388571428571429
4758	-0.394285714285714
4762	-0.348571428571429
4763	-0.342857142857143
4764	-0.342857142857143
4765	-0.337142857142857
4766	-0.314285714285714
4767	-0.325714285714286
4768	-0.36
4769	-0.36
4770	-0.314285714285714
4771	-0.337142857142857
4772	-0.342857142857143
4773	-0.348571428571429
4774	-0.302857142857143
4775	-0.257142857142857
4776	-0.291428571428571
4777	-0.365714285714286
4778	-0.268571428571429
4779	-0.297142857142857
4780	-0.36
4781	-0.342857142857143
4782	-0.36
4783	-0.4
4784	-0.4
4785	-0.348571428571429
4786	-0.394285714285714
4787	-0.342857142857143
4788	-0.337142857142857
4789	-0.331428571428572
4790	-0.337142857142857
4791	-0.394285714285714
4792	-0.388571428571429
4793	-0.4
4794	-0.354285714285714
4795	-0.354285714285714
4796	-0.331428571428572
4797	-0.337142857142857
4851	-0.325714285714286
4852	-0.308571428571428
4853	-0.302857142857143
4854	-0.274285714285714
4855	-0.274285714285714
4856	-0.302857142857143
4857	-0.337142857142857
4914	-0.251428571428571
4915	-0.24
4916	-0.234285714285714
4917	-0.2
4918	-0.177142857142857
4919	-0.205714285714286
4920	-0.182857142857143
4921	-0.177142857142857
4922	-0.148571428571429
4923	-0.125714285714286
4924	-0.12
4925	-0.131428571428571
4926	-0.137142857142857
4927	-0.142857142857143
4928	-0.171428571428571
4929	-0.194285714285714
4930	-0.211428571428571
4931	-0.177142857142857
4932	-0.08
4933	-0.0914285714285714
4934	-0.0742857142857143
4935	-0.0914285714285714
4936	-0.108571428571429
4937	-0.148571428571429
4938	-0.165714285714286
4939	-0.154285714285714
4940	-0.182857142857143
4941	-0.114285714285714
4942	-0.0800000000000001
4943	0
4944	-0.0285714285714285
4945	-0.0114285714285713
4946	-0.0457142857142857
4947	-0.0399999999999999
4948	-0.0342857142857144
4949	-0.08
4950	-0.142857142857143
4951	-0.165714285714286
4952	-0.171428571428571
4953	-0.194285714285714
4954	-0.211428571428571
4955	-0.211428571428571
4956	-0.188571428571429
4957	-0.142857142857143
4958	-0.16
4959	-0.182857142857143
4960	-0.171428571428571
4961	-0.148571428571429
4962	-0.211428571428572
4963	-0.125714285714286
4964	-0.154285714285714
4965	-0.142857142857143
4966	-0.16
4967	-0.222857142857143
4968	-0.165714285714286
4969	-0.148571428571428
4970	-0.177142857142857
4971	-0.194285714285714
4972	-0.125714285714286
4973	-0.154285714285714
4974	-0.2
4975	-0.211428571428572
4976	-0.228571428571428
4977	-0.28
4978	-0.36
4979	-0.44
4980	-0.44
4981	-0.474285714285714
4982	-0.462857142857143
4983	-0.48
4984	-0.491428571428572
4985	-0.434285714285714
4986	-0.445714285714286
4987	-0.451428571428572
4988	-0.382857142857143
4989	-0.405714285714286
4990	-0.314285714285714
4991	-0.302857142857143
4992	-0.308571428571428
4993	-0.302857142857143
4994	-0.348571428571429
4995	-0.388571428571429
4996	-0.36
4997	-0.365714285714286
4998	-0.377142857142857
4999	-0.468571428571428
5000	-0.451428571428572
5001	-0.497142857142857
5002	-0.48
5003	-0.48
5004	-0.611428571428572
5005	-0.611428571428572
5006	-0.617142857142857
5007	-0.582857142857143
5057	-0.697142857142857
5058	-0.622857142857143
5059	-0.634285714285714
5060	-0.605714285714286
5061	-0.617142857142857
5062	-0.571428571428571
5063	-0.571428571428571
5064	-0.52
5065	-0.502857142857143
5066	-0.48
5067	-0.445714285714286
5068	-0.445714285714286
5069	-0.428571428571428
5070	-0.354285714285714
5071	-0.377142857142857
5072	-0.331428571428571
5073	-0.262857142857143
5074	-0.274285714285714
5075	-0.297142857142857
5076	-0.314285714285715
5077	-0.388571428571428
5078	-0.411428571428571
5079	-0.434285714285714
5080	-0.44
5081	-0.462857142857143
5082	-0.497142857142857
5083	-0.4
5084	-0.388571428571429
5085	-0.382857142857143
5086	-0.354285714285714
5087	-0.354285714285714
5088	-0.302857142857143
5089	-0.257142857142857
5090	-0.245714285714286
5091	-0.245714285714286
5092	-0.434285714285714
5093	-0.405714285714286
5094	-0.417142857142857
5095	-0.417142857142857
5096	-0.417142857142857
5097	-0.377142857142857
5098	-0.417142857142857
5099	-0.354285714285714
5100	-0.337142857142857
5101	-0.354285714285714
5102	-0.394285714285714
5103	-0.405714285714286
5104	-0.428571428571428
5105	-0.4
5106	-0.417142857142857
5107	-0.377142857142857
5108	-0.405714285714286
5109	-0.474285714285714
5110	-0.474285714285714
5111	-0.462857142857143
5112	-0.445714285714286
5113	-0.445714285714286
5114	-0.405714285714286
5115	-0.411428571428571
5116	-0.405714285714286
5117	-0.377142857142857
5118	-0.371428571428571
5119	-0.411428571428571
5120	-0.422857142857143
5121	-0.434285714285714
5122	-0.451428571428571
5123	-0.468571428571429
5124	-0.468571428571429
5125	-0.52
5126	-0.514285714285714
5127	-0.52
5128	-0.531428571428572
5129	-0.52
5130	-0.508571428571428
5131	-0.491428571428572
5132	-0.531428571428572
5133	-0.548571428571428
5134	-0.56
5196	-0.737142857142857
5197	-0.737142857142857
5198	-0.737142857142857
5199	-0.742857142857143
5200	-0.782857142857143
5201	-0.811428571428571
5202	-0.788571428571429
5203	-0.805714285714286
5204	-0.822857142857143
5205	-0.828571428571428
5206	-0.868571428571428
5207	-0.8
5208	-0.811428571428572
5209	-0.805714285714286
5210	-0.782857142857143
5211	-0.788571428571429
5212	-0.817142857142857
5213	-0.851428571428572
5214	-0.948571428571429
5215	-0.965714285714286
5216	-0.96
5217	-0.902857142857143
5218	-0.914285714285714
5219	-0.914285714285714
5220	-0.914285714285714
5221	-1.02285714285714
5222	-0.988571428571429
5223	-0.977142857142857
5224	-0.931428571428572
5225	-0.874285714285714
5226	-0.891428571428571
5227	-0.891428571428571
5228	-0.868571428571429
5229	-0.874285714285714
5230	-0.857142857142857
5231	-0.96
5234	-0.931428571428572
5235	-0.92
5236	-0.914285714285714
5237	-0.891428571428572
5238	-0.988571428571429
5239	-0.925714285714286
5240	-0.914285714285714
5241	-0.891428571428572
5242	-0.8
5243	-0.754285714285714
5244	-0.76
5245	-0.771428571428571
5246	-0.84
5247	-0.845714285714286
5248	-0.8
5249	-0.76
5250	-0.765714285714286
5251	-0.742857142857143
5252	-0.805714285714286
5253	-0.84
5254	-0.822857142857143
5255	-0.771428571428572
5256	-0.8
5257	-0.788571428571429
5258	-0.805714285714286
5259	-0.828571428571429
5260	-0.868571428571429
5261	-0.902857142857143
5262	-0.982857142857143
5263	-1.04
5264	-1.10857142857143
5265	-1.10285714285714
5266	-1.12571428571429
5267	-1.11428571428571
5268	-1.13142857142857
5269	-1.12571428571429
5270	-1.13714285714286
5271	-1.18857142857143
5272	-1.16
5273	-1.17714285714286
5274	-1.15428571428571
5275	-1.19428571428571
5276	-1.14857142857143
5277	-1.16571428571429
5278	-1.22857142857143
5279	-1.38857142857143
5280	-1.37714285714286
5281	-1.43428571428571
5282	-1.41142857142857
5283	-1.36
5284	-1.33714285714286
5285	-1.35428571428571
5286	-1.25714285714286
5287	-1.26857142857143
5288	-1.22285714285714
5289	-1.20571428571429
5290	-1.19428571428571
5291	-1.24571428571429
5292	-1.19428571428571
5293	-1.08571428571429
5294	-1.06857142857143
5295	-0.988571428571428
5296	-0.971428571428572
5297	-1.04
5298	-1.01714285714286
5299	-0.965714285714286
5300	-0.902857142857143
5301	-0.965714285714286
5302	-0.971428571428572
5303	-0.96
5304	-0.891428571428571
5305	-0.902857142857143
5306	-0.925714285714285
5307	-0.862857142857143
5308	-0.897142857142857
5309	-0.925714285714286
5310	-0.891428571428572
5311	-0.96
5312	-0.948571428571429
5313	-0.965714285714286
5314	-0.988571428571429
5315	-0.977142857142857
5316	-0.994285714285714
5317	-0.948571428571429
5318	-0.908571428571428
5319	-0.897142857142857
5320	-0.931428571428571
5321	-0.931428571428571
5322	-0.982857142857143
5323	-0.92
5324	-0.925714285714286
5325	-0.96
5326	-1
5327	-1.01714285714286
5328	-1
5329	-1.02857142857143
5330	-1.04571428571429
5331	-1.16
5332	-1.14857142857143
5333	-1.10857142857143
5334	-1.13714285714286
5335	-1.14285714285714
5336	-1.13714285714286
5337	-1.14285714285714
5338	-1.13142857142857
5339	-1.10857142857143
5340	-1.12
5341	-1.2
5342	-1.25142857142857
5343	-1.32571428571429
5344	-1.25142857142857
5345	-1.24571428571429
5346	-1.32
5347	-1.26285714285714
5348	-1.36
5349	-1.34285714285714
5350	-1.27428571428571
5351	-1.24
5352	-1.22285714285714
5353	-1.27428571428571
5354	-1.28571428571429
5355	-1.36
5356	-1.36571428571429
5357	-1.38285714285714
5358	-1.37714285714286
5359	-1.45714285714286
5360	-1.4
5361	-1.37714285714286
5362	-1.36571428571429
5363	-1.37714285714286
5364	-1.53142857142857
5365	-1.61142857142857
5366	-1.62285714285714
5367	-1.56571428571429
5368	-1.57142857142857
5369	-1.54285714285714
5370	-1.54857142857143
5371	-1.57714285714286
5372	-1.53142857142857
5373	-1.52
5374	-1.42285714285714
5375	-1.48571428571429
5376	-1.53714285714286
5377	-1.53142857142857
5378	-1.52
5379	-1.50857142857143
5380	-1.62857142857143
5381	-1.56
5382	-1.49142857142857
5383	-1.59428571428571
5384	-1.60571428571429
5385	-1.60571428571429
5386	-1.64
5387	-1.70285714285714
5388	-1.66857142857143
5389	-1.57714285714286
5390	-1.62285714285714
5391	-1.65714285714286
5392	-1.68
5393	-1.72571428571429
5394	-1.77714285714286
5395	-1.76
5396	-1.86285714285714
5397	-1.89142857142857
5398	-1.90857142857143
5399	-1.91428571428571
5400	-1.84571428571429
5401	-1.82285714285714
5402	-1.85714285714286
5403	-1.92
5404	-1.92
5405	-1.94285714285714
5406	-1.96571428571429
5407	-1.91428571428571
5408	-1.99428571428571
5409	-2.02857142857143
5410	-2.14285714285714
5411	-2.13714285714286
5412	-2.14857142857143
5413	-2.13142857142857
5414	-2.13714285714286
5415	-2.17142857142857
5416	-2.13714285714286
5419	-1.93714285714286
5420	-1.88571428571429
5421	-1.85142857142857
5422	-1.76571428571429
5423	-1.65142857142857
5424	-1.64
5425	-1.57714285714286
5426	-1.44
5427	-1.38857142857143
5428	-1.31428571428571
5429	-1.26857142857143
5430	-1.26857142857143
5431	-1.21714285714286
5432	-1.14857142857143
5433	-1.04571428571429
5434	-0.948571428571428
5435	-0.948571428571429
5436	-0.8
5437	-0.697142857142857
5438	-0.622857142857143
5439	-0.508571428571428
5440	-0.514285714285714
5441	-0.502857142857143
5442	-0.44
5443	-0.417142857142857
5444	-0.382857142857143
5445	-0.371428571428571
5446	-0.257142857142857
5447	-0.188571428571429
5448	-0.0342857142857143
5449	0.00571428571428578
5450	0.0342857142857143
5451	0.0685714285714289
5452	0.0971428571428574
5453	0.171428571428572
5454	0.222857142857143
5455	0.0914285714285712
5456	0.108571428571429
5457	-0.0285714285714285
5458	-0.0800000000000001
5459	-0.165714285714286
5460	-0.194285714285714
5461	-0.211428571428572
5462	-0.291428571428572
5463	-0.325714285714286
5464	-0.394285714285714
5465	-0.417142857142857
5466	-0.36
5467	-0.342857142857143
5468	-0.377142857142857
5469	-0.44
5470	-0.52
5471	-0.468571428571429
5472	-0.611428571428572
5473	-0.777142857142857
5474	-0.88
5475	-1.00571428571429
5476	-1.04571428571429
5477	-1.07428571428571
5478	-1.12
5479	-1.15428571428571
5480	-1.18857142857143
5481	-1.21142857142857
5482	-1.28
5483	-1.32
5484	-1.45142857142857
5485	-1.45714285714286
5486	-1.47428571428571
5487	-1.47428571428571
5488	-1.46857142857143
5489	-1.6
5490	-1.65714285714286
5491	-1.66857142857143
5492	-1.71428571428571
5493	-1.67428571428571
5494	-1.71428571428571
5495	-1.72
5496	-1.72
5501	-1.66857142857143
5502	-1.77714285714286
5504	-1.79428571428571
5505	-1.76571428571429
5508	-1.69142857142857
5509	-1.57142857142857
5510	-1.53142857142857
5511	-1.46857142857143
5512	-1.38285714285714
5513	-1.36
5514	-1.29142857142857
5515	-1.28
5516	-1.25714285714286
5517	-1.21142857142857
5518	-1.14857142857143
5519	-1.21714285714286
5520	-1.21714285714286
5521	-1.22285714285714
5522	-1.18285714285714
5523	-1.12
5524	-1.11428571428571
5525	-1.12571428571429
5526	-1.14285714285714
5527	-0.994285714285714
5528	-0.965714285714286
5529	-0.954285714285714
5530	-0.897142857142857
5531	-0.891428571428571
5532	-0.885714285714286
5533	-0.96
5534	-0.96
5535	-0.908571428571428
5536	-0.954285714285714
5537	-1.01714285714286
5538	-0.925714285714286
5539	-0.96
5540	-0.845714285714286
5541	-0.908571428571429
5542	-0.908571428571428
5543	-0.942857142857143
5544	-0.942857142857143
5545	-1.02857142857143
5546	-1.04
5547	-1.02857142857143
5548	-1.08
5549	-1.02285714285714
5550	-1.04571428571429
5551	-1.06285714285714
5552	-1.02857142857143
5553	-0.994285714285714
5554	-1.04571428571429
5555	-0.834285714285714
5556	-0.8
5557	-0.777142857142857
5558	-0.725714285714286
5559	-0.771428571428571
5560	-0.8
5561	-0.811428571428571
5562	-0.771428571428571
5563	-0.885714285714286
5564	-0.88
5565	-0.765714285714286
5566	-0.84
5567	-0.817142857142857
5568	-0.737142857142857
5569	-0.645714285714285
5570	-0.645714285714286
5571	-0.634285714285715
5572	-0.645714285714286
5573	-0.6
5574	-0.588571428571429
5575	-0.577142857142857
5576	-0.685714285714285
5577	-0.645714285714285
5578	-0.577142857142857
5579	-0.497142857142857
5580	-0.525714285714285
5581	-0.428571428571429
5582	-0.434285714285714
5583	-0.354285714285714
5584	-0.365714285714286
5585	-0.468571428571429
5586	-0.468571428571429
5587	-0.451428571428572
5588	-0.48
5589	-0.491428571428571
5590	-0.497142857142857
5591	-0.708571428571429
5592	-0.748571428571428
5593	-0.8
5594	-0.897142857142857
5595	-0.902857142857143
5596	-0.891428571428571
5597	-0.834285714285714
5598	-0.8
5599	-0.737142857142857
5600	-0.782857142857143
5601	-0.862857142857143
5602	-0.8
5603	-0.794285714285714
5604	-0.914285714285714
5605	-0.891428571428571
5606	-0.862857142857143
5607	-0.885714285714286
5608	-0.862857142857143
5609	-0.868571428571429
5610	-0.777142857142857
5611	-0.754285714285714
5612	-0.857142857142857
5613	-0.811428571428571
5614	-0.88
5615	-0.96
5616	-0.908571428571429
5617	-0.965714285714286
5618	-0.942857142857143
5619	-0.96
5620	-0.965714285714286
5621	-0.937142857142857
5622	-0.977142857142857
5623	-0.965714285714286
5624	-1.00571428571429
5625	-1.02285714285714
5626	-1.03428571428571
5627	-1.04
5628	-1.02285714285714
5629	-1.00571428571429
5630	-0.982857142857143
5631	-1.01142857142857
5632	-1.05142857142857
5633	-1.12
5634	-1.18857142857143
5635	-1.30857142857143
5636	-1.30285714285714
5637	-1.33714285714286
5638	-1.41714285714286
5639	-1.43428571428571
5640	-1.43428571428571
5641	-1.52
5642	-1.56
5643	-1.59428571428571
5644	-1.65142857142857
5645	-1.69714285714286
5678	-1.66285714285714
5679	-1.66857142857143
5680	-1.68571428571429
5681	-1.63428571428571
5682	-1.67428571428571
5683	-1.58857142857143
5684	-1.48
5685	-1.40571428571429
5686	-1.34857142857143
5687	-1.21142857142857
5688	-1.2
5689	-1.18857142857143
5690	-1.08571428571429
5691	-1.00571428571429
5692	-0.971428571428572
5693	-0.862857142857143
5694	-0.868571428571429
5695	-0.857142857142857
5696	-0.765714285714286
5697	-0.805714285714286
5698	-0.76
5699	-0.76
5700	-0.685714285714285
5701	-0.72
5702	-0.754285714285714
5703	-0.788571428571428
5704	-0.811428571428571
5705	-0.862857142857143
5706	-0.857142857142857
5707	-0.925714285714286
5708	-0.96
5709	-1.00571428571429
5710	-1.01714285714286
5711	-1.00571428571429
5712	-1.02857142857143
5713	-1.00571428571429
5714	-1.04
5715	-1.06857142857143
5716	-0.885714285714286
5717	-0.977142857142857
5718	-0.885714285714286
5719	-0.828571428571429
5720	-0.908571428571428
5721	-0.994285714285714
5722	-1.06285714285714
5723	-1.16571428571429
5724	-1.12571428571429
5725	-1.12
5726	-1.19428571428571
5727	-1.29714285714286
5728	-1.31428571428571
5729	-1.50285714285714
5730	-1.48
5731	-1.48571428571429
5732	-1.54857142857143
5733	-1.46857142857143
5734	-1.52
5735	-1.54857142857143
5736	-1.60571428571429
5737	-1.64
5738	-1.48571428571429
5739	-1.24
5740	-1.20571428571429
5741	-1.18285714285714
5742	-1.11428571428571
5743	-1.04
5744	-0.948571428571428
5745	-0.96
5746	-0.742857142857143
5747	-0.6
5748	-0.634285714285714
5749	-0.571428571428571
5750	-0.457142857142857
5751	-0.36
5752	-0.342857142857143
5753	-0.32
5754	-0.24
5755	-0.177142857142857
5756	-0.177142857142857
5757	-0.2
5758	-0.114285714285714
5759	-0.04
5760	0.120000000000001
5761	0.188571428571428
5762	0.234285714285714
5763	0.537142857142857
5764	0.742857142857143
5765	0.971428571428571
5766	1.13714285714286
5767	1.38857142857143
5768	1.57714285714286
5769	1.68571428571429
5770	1.94285714285714
5771	2.27428571428571
5772	2.37714285714286
5773	2.73714285714286
5774	2.69714285714286
5775	2.71428571428571
5776	3.13142857142857
5777	3.57714285714286
5778	3.97714285714286
5779	4.58857142857143
5780	5.04
5781	5.45142857142857
5782	5.76
5783	6.01714285714286
5784	6.37142857142857
5785	6.45714285714286
5786	6.62285714285714
5787	7.03428571428572
5788	7.46857142857143
5789	7.76
5790	7.66285714285714
5791	7.73142857142857
5792	7.80571428571429
5793	8.29714285714286
5794	8.43428571428571
5795	8.82857142857143
5796	9.15428571428571
5797	9.48571428571429
5798	10.0114285714286
5799	10.6628571428571
5800	11.1942857142857
5801	11.9142857142857
5802	12.1428571428571
5803	12.2285714285714
5804	12.8342857142857
5805	13.4971428571429
5806	13.92
5807	13.9257142857143
5808	14.3942857142857
5809	14.4685714285714
5810	14.5314285714286
5811	14.6742857142857
5812	14.6114285714286
5813	14.5542857142857
5814	14.5142857142857
5815	14.28
5816	14.2457142857143
5817	14.3257142857143
5818	14.3828571428571
5819	14.4685714285714
5820	14.8
5821	15.5485714285714
5822	15.6514285714286
5823	15.7542857142857
5824	15.6914285714286
5825	15.9028571428571
5826	16.3885714285714
5827	16.84
5828	17.3428571428571
5829	17.36
5830	17.6114285714286
5831	17.68
5832	17.6571428571429
5833	18.0571428571429
5834	17.9085714285714
5835	17.5142857142857
5836	17.3885714285714
5837	17.3942857142857
5838	17.6857142857143
5839	17.6914285714286
5840	17.3314285714286
5841	17.1314285714286
5842	17.4571428571429
5843	17.96
5844	18.9428571428571
5845	19.8571428571429
5846	20.5085714285714
5847	20.8342857142857
5848	21.6857142857143
5849	22.0914285714286
5850	22.4171428571429
5851	23
5852	23.52
5853	23.6
5854	23.6228571428571
5855	24.0057142857143
5856	23.92
5857	24.0342857142857
5858	25.1771428571429
5859	25.6742857142857
5860	26.9828571428571
5861	28.28
5862	29.5485714285714
5863	30.28
5864	30.84
5865	31.6914285714286
5866	33.0914285714286
5867	34.2971428571429
5868	35.6971428571429
5869	36.6914285714286
5870	37.44
5871	37.7771428571429
5872	37.9542857142857
5873	38.6457142857143
5874	39.3314285714286
5875	40.1828571428571
5876	40.6914285714286
5877	41.1485714285714
5878	41.0457142857143
5879	41.0228571428571
5880	40
5881	39.1657142857143
5882	38.6685714285714
5883	38.0571428571429
5884	37.7428571428571
5885	37.24
5886	37.0285714285714
5887	36.7257142857143
5888	36.1028571428571
5889	35.9542857142857
5890	35.6285714285714
5891	35.16
5892	35.0457142857143
5893	34.5885714285714
5894	33.5542857142857
5895	32.7085714285714
5896	31.5942857142857
5897	30.24
5898	28.9942857142857
5899	28.0114285714286
5900	27.7542857142857
5901	27.0514285714286
5902	25.3485714285714
5903	24.04
5904	22.4114285714286
5905	21.1257142857143
5906	20.5371428571429
5907	20.5657142857143
5908	20.6685714285714
5909	19.9314285714286
5910	18.84
5911	18.1257142857143
5912	18.52
5913	18.4342857142857
5914	18.6971428571429
5915	18.6685714285714
5916	19.0628571428571
5917	19.5657142857143
5918	20.3314285714286
5919	20.4628571428571
5920	21.1085714285714
5921	21.6571428571429
5922	21.8285714285714
5923	22.2857142857143
5924	22.88
5925	23.4571428571429
5926	24.7257142857143
5927	24.9828571428571
5928	25.2685714285714
5929	25.6171428571429
5930	26.28
5931	27.76
5932	28.2285714285714
5933	28.44
5934	28.6057142857143
5935	28.52
5936	28.8342857142857
5937	28.8057142857143
5938	29.2742857142857
5939	29.4
5940	29.7257142857143
5941	29.9314285714286
5942	29.7428571428571
5943	29.4571428571429
5944	29.1428571428571
5945	28.8457142857143
5946	28.8457142857143
5947	28.7371428571429
5948	27.9428571428571
5949	27.3085714285714
5950	26.6971428571429
5951	26.6114285714286
5952	26.0914285714286
5953	25.6114285714286
5954	24.7257142857143
5955	24.7942857142857
5956	24.1542857142857
5957	23.92
5958	23.6171428571429
5959	22.9657142857143
5960	22.4171428571429
5961	21.9257142857143
5962	20.7428571428571
5963	20.3257142857143
5964	19.8285714285714
5965	19.32
5966	18.9257142857143
5967	17.6285714285714
5968	16.8457142857143
5969	16.4742857142857
5970	16.0457142857143
5971	15.9885714285714
5972	14.8228571428571
5973	14.3314285714286
5974	13.7142857142857
5975	13.4057142857143
5976	13.1942857142857
5977	12.9828571428571
5978	12.7028571428571
5979	12.36
5980	11.7942857142857
5981	11.4571428571429
5982	11.4
5983	10.8514285714286
5984	10.6457142857143
5985	10.24
5986	9.81142857142857
5987	9.21142857142857
5988	8.90285714285714
5989	8.65142857142857
5990	8.35428571428571
5991	7.58857142857143
5992	7.12571428571429
5993	6.61714285714286
5994	6.10285714285714
5995	5.66857142857143
5996	5.25142857142857
5997	4.76571428571429
5998	4.48
5999	4.34857142857143
6000	4.01142857142857
6001	3.68
6002	3.01142857142857
6003	2.62285714285714
6004	2.30285714285714
6005	2.10857142857143
6006	1.77142857142857
6007	1.53714285714286
6008	1.44571428571429
6009	1.34285714285714
6010	1.34285714285714
6011	1.20571428571429
6012	1.01714285714286
6013	0.577142857142857
6014	0.434285714285714
6015	0.24
6016	0.245714285714286
6017	0.245714285714286
6018	0.0457142857142857
6019	0.131428571428571
