3	0.430555555555556
4	0.503968253968254
5	0.591269841269841
6	0.650793650793651
7	0.861111111111111
8	1.09722222222222
9	1.32142857142857
10	1.67460317460317
11	2.01388888888889
12	2.21626984126984
13	2.58928571428571
14	2.69047619047619
15	2.87301587301587
16	2.89880952380952
17	2.98611111111111
18	3.12103174603175
19	3.09920634920635
20	3.22023809523809
21	3.50595238095238
22	3.51190476190476
23	3.57936507936508
24	3.70833333333333
25	3.82936507936508
26	4.10119047619048
27	4.20238095238095
28	4.37896825396825
29	4.84722222222222
30	5.0297619047619
31	5.4781746031746
32	5.84523809523809
33	6.17857142857143
34	6.45039682539683
35	6.83730158730159
36	7.16269841269841
37	7.05357142857143
38	7.49801587301587
39	7.49007936507936
40	7.58531746031746
41	8.06150793650793
42	8.50396825396825
43	8.68055555555556
44	9.03571428571428
45	9.2718253968254
46	9.14285714285714
47	9.08134920634921
48	9.14285714285714
49	8.89087301587302
50	9.02579365079365
51	9.26984126984127
52	9.48809523809524
53	9.65674603174603
54	9.63690476190476
55	9.84126984126984
56	9.65674603174603
57	9.44444444444444
58	9.53373015873016
59	9.62103174603175
60	9.49007936507937
61	9.61309523809524
62	9.59126984126984
63	9.56944444444444
64	9.38492063492063
65	9.0515873015873
66	9.00396825396825
67	8.72420634920635
68	8.36111111111111
69	8.21626984126984
70	8.03769841269841
71	7.73809523809524
72	7.46031746031746
73	7.58730158730159
74	5.87896825396825
75	7.18650793650793
76	7.21428571428571
77	6.73809523809524
78	6.04960317460317
79	5.71626984126984
80	5.3968253968254
81	5.00992063492063
82	4.79761904761905
83	4.6468253968254
84	4.43650793650794
85	4.34920634920635
86	4.19246031746032
87	3.97619047619048
88	3.82539682539682
89	3.60119047619048
90	3.61507936507937
91	3.60119047619048
92	3.88095238095238
93	3.93650793650793
94	3.86111111111111
95	3.95634920634921
96	4.1547619047619
97	4.03769841269841
98	3.99801587301587
99	3.97222222222222
100	4.00595238095238
101	4.26388888888889
102	4.66468253968254
103	4.58333333333333
104	4.63095238095238
105	4.61111111111111
106	4.7281746031746
107	4.57936507936508
108	4.85119047619048
109	5.11111111111111
110	5.41071428571429
111	5.22619047619048
112	5.3968253968254
113	5.53968253968254
114	6.10515873015873
115	6.55357142857143
116	6.42261904761905
117	6.95238095238095
118	7.2797619047619
119	8.38095238095238
120	8.71825396825397
121	8.89285714285714
122	8.97619047619048
123	9.23412698412698
124	9.20634920634921
125	9.62301587301587
126	9.64880952380952
127	10.0297619047619
128	10.125
129	10.6468253968254
130	11.0198412698413
131	11.5496031746032
132	11.9563492063492
133	12.1349206349206
134	12.6031746031746
135	12.6785714285714
136	13.0039682539683
137	12.7460317460317
138	12.3373015873016
139	12.5277777777778
140	12.6527777777778
141	13.2857142857143
142	13.3869047619048
143	13.406746031746
144	13.5099206349206
145	13.734126984127
146	13.7003968253968
147	14.265873015873
148	14.3472222222222
149	14.7896825396825
150	14.6686507936508
151	14.5595238095238
152	15.125
153	14.9623015873016
154	15.1051587301587
155	14.4345238095238
156	14.2242063492063
157	14.640873015873
158	15.2519841269841
159	15.1706349206349
160	15.7777777777778
161	15.593253968254
162	16.5456349206349
163	16.640873015873
164	16.8253968253968
165	16.3154761904762
166	16.8115079365079
167	16.4027777777778
168	16.5873015873016
169	16.9325396825397
170	16.4742063492063
171	16.6349206349206
172	16.4126984126984
173	17.0992063492063
174	17.2162698412698
175	17.3571428571429
176	17.5376984126984
177	17.7261904761905
178	17.7202380952381
179	18.0595238095238
180	17.7996031746032
181	17.7718253968254
182	17.702380952381
183	17.4702380952381
184	17.2440476190476
185	16.8353174603175
186	16.8869047619048
187	17.1507936507936
188	16.9126984126984
189	16.4761904761905
190	16.4007936507937
191	16.4742063492063
192	16.5218253968254
193	16.3214285714286
194	16.2043650793651
195	16.2242063492063
196	15.8809523809524
197	16.0019841269841
198	15.1111111111111
199	14.8789682539683
200	14.5793650793651
201	14.7162698412698
202	14.1924603174603
203	14.1111111111111
204	13.8035714285714
205	13.4722222222222
206	13.3313492063492
207	13.1428571428571
208	13.1230158730159
209	12.4702380952381
210	12.4166666666667
211	11.9900793650794
212	11.5992063492063
213	10.8253968253968
214	10.5535714285714
215	10.202380952381
216	10.1011904761905
217	9.78174603174603
218	9.56547619047619
219	9.21825396825397
220	8.90674603174603
221	8.62103174603175
222	8.36309523809524
223	7.91468253968254
224	7.48015873015873
225	7.46825396825397
226	7.04563492063492
227	6.52976190476191
228	6.38095238095238
229	6.22222222222222
230	6.03373015873016
231	5.85714285714286
232	5.72420634920635
233	5.45436507936508
234	5.1765873015873
235	4.91865079365079
236	4.60515873015873
237	4.44246031746032
238	4.09722222222222
239	3.96825396825397
240	3.69047619047619
241	3.47222222222222
242	3.59523809523809
243	3.64285714285714
244	3.76388888888889
245	3.79166666666667
246	3.85912698412698
247	3.89285714285714
248	3.75396825396825
249	3.85515873015873
250	3.83531746031746
251	3.81349206349206
252	3.7718253968254
253	3.64285714285714
254	3.5
255	3.46626984126984
256	3.44642857142857
257	3.58333333333333
258	3.53769841269841
259	3.40277777777778
260	3.33333333333333
261	3.44246031746032
262	3.40873015873016
263	3.5515873015873
264	3.40873015873016
265	3.19047619047619
266	2.78174603174603
267	2.69444444444444
268	2.44246031746032
269	2.54365079365079
270	2.63293650793651
271	2.42857142857143
272	2.47023809523809
273	2.45634920634921
274	2.45634920634921
275	2.28769841269841
276	2.13293650793651
277	2.37103174603175
278	2.16071428571429
279	2.04563492063492
280	1.75396825396825
281	1.65873015873016
282	1.54960317460317
283	1.50992063492063
284	1.39484126984127
285	1.57936507936508
286	1.64087301587302
287	1.62698412698413
288	1.53968253968254
289	1.51984126984127
290	1.51388888888889
291	1.46626984126984
292	1.51388888888889
293	1.4047619047619
294	1.43253968253968
295	1.58928571428571
296	1.73412698412698
297	1.51587301587302
298	1.50396825396825
299	1.43650793650794
300	1.51190476190476
301	1.41666666666667
302	1.44444444444444
303	1.43650793650794
304	1.45634920634921
305	1.36111111111111
306	1.29960317460317
307	1.29365079365079
308	1.46428571428571
309	1.46428571428571
310	1.38888888888889
311	1.43650793650794
312	1.45039682539683
313	1.26785714285714
314	1.34920634920635
315	1.45634920634921
316	1.77579365079365
317	1.84325396825397
318	1.83531746031746
319	2.10119047619048
320	2.10912698412698
321	1.95238095238095
322	1.86309523809524
323	1.8968253968254
324	2.09325396825397
325	2.34523809523809
326	2.6031746031746
327	2.88293650793651
328	2.84722222222222
329	2.96230158730159
330	3.0297619047619
331	3.17261904761905
332	3.34920634920635
333	3.44444444444444
334	3.51190476190476
335	3.62103174603175
336	3.60714285714286
337	3.98809523809524
338	4.15079365079365
339	4.43055555555556
340	4.6765873015873
341	4.87301587301587
342	5.24007936507936
343	5.4781746031746
344	5.68849206349206
345	6.01388888888889
346	6.14880952380952
347	6.38690476190476
348	6.4484126984127
349	6.42063492063492
350	6.27579365079365
351	6.40476190476191
352	6.30357142857143
353	6.26984126984127
354	6.45436507936508
355	6.46626984126984
356	6.87301587301587
357	6.86507936507936
358	6.94642857142857
359	7.09523809523809
360	7.04166666666667
361	7.33333333333333
362	7.43452380952381
363	7.46230158730159
364	7.69444444444445
365	7.89087301587301
366	8.03968253968254
367	8.11904761904762
368	8.75
369	8.95238095238095
370	9.10119047619048
371	9.18253968253968
372	9.50793650793651
373	9.26984126984127
374	9.30357142857143
375	9.51388888888889
376	9.46626984126984
377	9.64880952380952
378	9.71031746031746
379	9.84722222222222
380	9.69642857142857
381	9.46626984126984
382	9.78769841269841
383	10.1944444444444
384	10.281746031746
385	10.281746031746
386	10.7123015873016
387	10.875
388	11.1666666666667
389	11.4246031746032
390	11.3551587301587
391	11.702380952381
392	11.9960317460317
393	12.0357142857143
394	12.734126984127
395	13.3472222222222
396	13.5714285714286
397	13.6587301587302
398	13.9384920634921
399	14.1607142857143
400	14.7321428571429
401	15.0039682539682
402	15.1944444444444
403	15.0813492063492
404	14.8650793650794
405	15.1587301587302
406	15.4861111111111
407	15.9623015873016
408	16.3313492063492
409	16.8670634920635
410	17.0238095238095
411	16.7103174603175
412	16.6746031746032
413	16.8809523809524
414	16.765873015873
415	16.9960317460317
416	17.5416666666667
417	17.5218253968254
418	17.2361111111111
419	16.734126984127
420	16.9047619047619
421	16.8095238095238
422	16.4087301587302
423	16.3630952380952
424	16.5337301587302
425	16.2559523809524
426	16.3809523809524
427	16.0416666666667
428	15.7083333333333
429	15.859126984127
430	15.3730158730159
431	14.9861111111111
432	14.6190476190476
433	14.6329365079365
434	14.6388888888889
435	14.5793650793651
436	14.1507936507937
437	14.0099206349206
438	13.827380952381
439	13.6507936507937
440	13.3789682539683
441	12.9781746031746
442	12.4484126984127
443	11.9384920634921
444	11.3472222222222
445	10.7777777777778
446	10.4246031746032
447	10.4186507936508
448	10.3174603174603
449	9.68452380952381
450	9.82738095238095
451	9.25595238095238
452	8.82738095238095
453	8.88888888888889
454	8.875
455	8.71825396825397
456	8.48611111111111
457	8.80555555555555
458	8.92063492063492
459	8.68253968253968
460	8.24801587301587
461	8.13888888888889
462	8.01587301587302
463	7.83928571428571
464	7.60119047619047
465	7.5952380952381
466	7.40277777777778
467	7.00793650793651
468	7.24603174603175
469	6.62103174603175
470	6.18055555555555
471	5.78571428571428
472	5.19246031746032
473	4.87896825396825
474	4.6468253968254
475	4.48214285714286
476	4.17460317460317
477	4.0515873015873
478	4.21428571428571
479	4.125
480	4.0218253968254
481	3.98611111111111
482	4.06746031746032
483	3.77380952380952
484	3.73214285714286
485	3.82738095238095
486	3.48015873015873
487	3.60912698412698
488	3.45238095238095
489	3.29563492063492
490	3.3015873015873
491	3.50595238095238
492	3.36309523809524
493	3.21230158730159
494	3.13690476190476
495	3.12301587301587
496	3.03373015873016
497	3.03373015873016
498	3.06150793650794
499	3.28571428571429
500	3.08730158730159
501	2.86904761904762
502	2.81547619047619
503	2.8968253968254
504	2.65079365079365
505	2.67857142857143
506	2.62301587301587
507	2.68452380952381
508	2.82738095238095
509	2.80753968253968
510	2.86904761904762
511	3.13492063492063
512	3.23809523809524
513	3.21825396825397
514	3.02777777777778
515	2.9265873015873
516	2.88690476190476
517	2.82738095238095
518	2.72619047619048
519	2.92460317460317
520	3.06746031746032
521	3.01388888888889
522	3
523	2.91269841269841
524	2.76388888888889
525	2.77777777777778
526	2.79960317460317
527	2.60119047619048
528	2.69642857142857
529	2.82738095238095
530	3.04563492063492
531	3.04563492063492
532	3.07936507936508
533	3.31746031746032
534	3.24206349206349
535	3.11309523809524
536	3.23611111111111
537	3.31150793650794
538	3.30555555555556
539	3.2718253968254
540	3.40277777777778
541	3.53174603174603
542	3.49206349206349
543	3.41071428571429
544	3.4265873015873
545	3.32539682539683
546	3.25793650793651
547	3.10912698412698
548	3.10912698412698
549	3.01388888888889
550	3
551	3.05357142857143
552	3.03968253968254
553	3.02579365079365
554	3.05952380952381
555	2.93650793650794
556	2.81547619047619
557	2.6031746031746
558	2.54166666666667
559	2.48015873015873
560	2.51984126984127
561	2.46428571428571
562	2.375
563	2.27380952380952
564	2.31547619047619
565	2.19246031746032
566	1.89880952380952
567	1.76190476190476
568	1.54365079365079
569	1.33333333333333
570	1.28571428571429
571	1.19047619047619
572	1.04761904761905
573	0.861111111111111
574	0.771825396825396
575	0.662698412698413
576	0.716269841269841
577	0.470238095238095
578	0.42063492063492
579	0.351190476190476
580	0.323412698412698
581	0.287698412698413
582	0.190476190476191
583	0.168650793650793
584	0.0734126984126982
585	0.134920634920635
586	0.194444444444444
587	0.0575396825396823
588	0.152777777777778
589	0.29563492063492
590	0.259920634920634
591	0.273809523809524
592	0.341269841269841
593	0.484126984126984
594	0.587301587301587
595	0.621031746031746
596	0.587301587301587
597	0.533730158730159
598	0.601190476190476
599	0.567460317460317
600	0.430555555555555
601	0.287698412698413
602	0.595238095238095
603	0.603174603174603
604	0.650793650793651
605	0.718253968253968
606	0.704365079365079
607	0.587301587301587
608	0.648809523809524
609	0.732142857142857
610	0.827380952380952
611	0.875
612	0.718253968253968
613	0.704365079365079
614	0.726190476190476
615	0.821428571428571
616	0.916666666666667
617	1.08134920634921
618	1.32738095238095
619	1.24603174603175
620	1.2797619047619
621	1.21230158730159
622	1.41666666666667
623	1.55357142857143
624	1.53373015873016
625	1.3968253968254
626	1.30952380952381
627	1.46626984126984
628	1.33531746031746
629	1.22619047619048
630	1.18452380952381
631	1.22420634920635
632	1.21031746031746
633	1.19642857142857
634	1.14880952380952
635	1.3531746031746
636	1.58531746031746
637	1.61309523809524
638	1.29960317460317
639	1.33333333333333
640	1.45039682539683
641	1.45039682539683
642	1.49206349206349
643	1.59523809523809
644	1.68452380952381
645	1.82142857142857
646	1.93055555555555
647	2.01785714285714
648	2.1468253968254
649	2.21428571428571
650	2.21428571428571
651	2.2281746031746
652	2.25396825396825
653	2.1984126984127
654	2.19246031746032
655	2.36309523809524
656	2.42460317460317
657	2.43055555555556
658	2.38293650793651
659	2.26785714285714
660	2.29365079365079
661	2.43055555555556
662	2.49206349206349
663	2.33531746031746
664	2.30952380952381
665	2.28968253968254
666	2.28373015873016
667	2.35912698412698
668	2.56944444444444
669	2.65079365079365
670	2.55555555555556
671	2.41071428571429
672	2.24007936507936
673	2.21230158730159
674	2.34126984126984
675	2.26587301587302
676	2.28571428571429
677	2.28373015873016
678	2.23611111111111
679	2.22222222222222
680	2.11309523809524
681	1.89484126984127
682	1.86111111111111
683	1.86309523809524
684	1.74801587301587
685	1.87301587301587
686	1.88690476190476
687	1.91468253968254
688	1.7797619047619
689	1.75396825396825
690	1.62896825396825
691	1.54761904761905
692	1.65674603174603
693	1.73214285714286
694	1.65873015873016
695	1.86309523809524
696	1.67857142857143
697	1.5
698	1.75198412698413
699	2.06547619047619
700	2.28373015873016
701	2.35912698412698
702	2.47420634920635
703	2.54365079365079
704	2.30555555555556
705	2.16865079365079
706	2.37301587301587
707	2.31944444444444
708	2.40674603174603
709	2.42063492063492
710	2.37896825396825
711	2.31746031746032
712	2.11309523809524
713	2.27777777777778
714	2.29761904761905
715	2.39285714285714
716	2.48809523809524
717	2.63095238095238
718	2.51388888888889
719	2.3968253968254
720	2.43055555555556
721	2.33928571428571
722	2.50793650793651
723	2.56746031746032
724	2.64285714285714
725	2.62896825396825
726	2.70634920634921
727	2.77976190476191
728	2.68253968253968
729	2.6765873015873
730	2.63492063492063
731	2.44246031746032
732	2.47619047619048
733	2.69444444444444
734	2.36706349206349
735	2.11309523809524
736	2.1468253968254
737	2.24801587301587
738	2.09920634920635
739	2.06349206349206
740	2.22023809523809
741	2.64285714285714
742	2.79960317460317
743	2.73809523809524
744	2.75198412698413
745	2.74404761904762
746	2.81150793650794
747	2.96031746031746
748	3.01587301587302
749	2.89285714285714
750	2.70833333333333
751	2.72222222222222
752	2.68849206349206
753	2.60119047619048
754	2.50595238095238
755	2.58134920634921
756	2.42460317460317
757	2.5218253968254
758	2.30555555555556
759	2.31944444444444
760	2.16865079365079
761	2.2281746031746
762	2.06944444444444
763	2.1031746031746
764	2.19444444444444
765	2.20039682539683
766	2.19246031746032
767	2.13690476190476
768	2.17857142857143
769	2.01587301587302
770	1.94642857142857
771	1.96031746031746
772	1.89880952380952
773	1.61706349206349
774	1.65674603174603
775	1.75198412698413
776	1.60714285714286
777	1.27380952380952
778	0.843253968253968
779	1.04166666666667
780	1.01587301587301
781	0.962301587301587
782	0.922619047619047
783	0.801587301587302
784	0.787698412698413
785	0.658730158730159
786	0.75595238095238
787	0.599206349206349
788	0.646825396825397
789	0.619047619047619
790	0.654761904761904
791	0.676587301587301
792	0.698412698412698
793	0.569444444444444
794	0.583333333333333
795	0.543650793650793
796	0.537698412698413
797	0.361111111111111
798	0.458333333333333
799	0.261904761904761
800	0.172619047619047
801	0.0575396825396823
802	0.0456349206349205
803	0.136904761904761
804	0.125
805	0.125
806	0.194444444444444
807	0.134920634920634
808	0
809	0.0714285714285712
810	-0.111111111111111
811	-0.321428571428571
812	-0.325396825396825
813	-0.255952380952381
814	-0.194444444444445
815	-0.426587301587302
816	-0.47420634920635
817	-0.527777777777778
818	-0.533730158730159
819	-0.617063492063492
820	-0.650793650793651
821	-0.636904761904762
822	-0.720238095238096
823	-0.692460317460318
824	-0.726190476190476
825	-0.732142857142857
826	-0.759920634920635
827	-0.773809523809524
828	-0.726190476190476
829	-0.698412698412699
830	-0.712301587301588
831	-0.787698412698413
832	-0.746031746031746
833	-0.746031746031746
836	-0.70436507936508
837	-0.732142857142857
838	-0.718253968253968
847	-0.815476190476191
848	-0.787698412698413
849	-0.787698412698413
852	-0.662698412698413
853	-0.676587301587302
859	-0.398809523809524
861	-0.454365079365079
862	-0.440476190476191
863	-0.440476190476191
920	-0.162698412698413
921	-0.134920634920635
925	-0.148809523809524
927	-0.176587301587302
928	-0.190476190476191
929	-0.246031746031746
930	-0.287698412698413
931	-0.281746031746032
932	-0.281746031746032
933	-0.30952380952381
934	-0.337301587301588
935	-0.345238095238095
936	-0.26984126984127
937	-0.26984126984127
938	-0.283730158730159
939	-0.331349206349206
940	-0.311507936507937
941	-0.216269841269841
942	-0.0793650793650795
943	-0.0456349206349208
944	-0.0873015873015874
945	-0.0674603174603176
946	-0.103174603174603
947	-0.200396825396825
948	-0.216269841269842
949	-0.24404761904762
950	-0.313492063492063
951	-0.404761904761905
952	-0.404761904761905
953	-0.398809523809524
954	-0.371031746031746
955	-0.390873015873016
956	-0.438492063492064
957	-0.507936507936508
958	-0.535714285714286
959	-0.426587301587302
960	-0.392857142857143
961	-0.45436507936508
962	-0.371031746031746
963	-0.406746031746032
964	-0.345238095238096
965	-0.28968253968254
966	-0.26984126984127
967	-0.412698412698413
968	-0.426587301587302
969	-0.365079365079365
970	-0.378968253968254
971	-0.384920634920635
972	-0.426587301587302
973	-0.440476190476191
974	-0.45436507936508
975	-0.509920634920635
976	-0.565476190476191
977	-0.716269841269842
978	-0.839285714285715
979	-0.956349206349207
980	-0.942460317460318
981	-0.928571428571429
982	-0.859126984126984
983	-0.80952380952381
984	-0.896825396825397
985	-0.849206349206349
986	-0.793650793650794
987	-0.654761904761905
988	-0.668650793650794
989	-0.702380952380952
990	-0.634920634920635
991	-0.547619047619048
992	-0.547619047619048
993	-0.396825396825397
994	-0.341269841269842
995	-0.492063492063492
996	-0.505952380952381
997	-0.492063492063492
998	-0.424603174603175
999	-0.553571428571428
1000	-0.615079365079365
1001	-0.656746031746032
1002	-0.662698412698413
1003	-0.634920634920635
1004	-0.607142857142857
1005	-0.654761904761905
1006	-0.599206349206349
1007	-0.599206349206349
1008	-0.619047619047619
1009	-0.591269841269842
1010	-0.591269841269842
1011	-0.549603174603175
1012	-0.541666666666667
1013	-0.527777777777778
1014	-0.472222222222222
1015	-0.388888888888889
1016	-0.458333333333333
1017	-0.478174603174603
1018	-0.416666666666667
1019	-0.458333333333333
1020	-0.486111111111111
1021	-0.505952380952381
1022	-0.486111111111111
1023	-0.5
1024	-0.472222222222222
1025	-0.513888888888889
1026	-0.541666666666667
1027	-0.609126984126984
1028	-0.66468253968254
1029	-0.759920634920635
1030	-0.773809523809524
1031	-0.718253968253968
1039	-0.607142857142857
1040	-0.601190476190476
1041	-0.615079365079365
1042	-0.628968253968254
1043	-0.561507936507937
1044	-0.561507936507937
1045	-0.561507936507937
1046	-0.547619047619048
1047	-0.533730158730159
1048	-0.5
1049	-0.472222222222222
1050	-0.486111111111111
1051	-0.472222222222222
1052	-0.375
1053	-0.402777777777778
1054	-0.492063492063492
1055	-0.492063492063492
1056	-0.388888888888889
1057	-0.416666666666667
1058	-0.450396825396826
1059	-0.484126984126984
1060	-0.484126984126984
1061	-0.428571428571429
1062	-0.468253968253968
1170	-0.162698412698413
1171	-0.176587301587302
1172	-0.170634920634921
1173	-0.212301587301587
1174	-0.226190476190476
1175	-0.16468253968254
1176	-0.0357142857142858
1177	-0.0357142857142858
1178	0.0119047619047618
1179	0.0595238095238093
1180	0.0734126984126983
1181	0.115079365079365
1182	0.115079365079365
1183	0.277777777777778
1184	0.359126984126984
1185	0.474206349206349
1186	0.501984126984127
1187	0.549603174603175
1188	0.563492063492063
1189	0.549603174603175
1190	0.398809523809524
1191	0.446428571428571
1192	0.46031746031746
1193	0.398809523809524
1194	0.384920634920635
1195	0.323412698412698
1196	0.365079365079365
1197	0.378968253968254
1198	0.392857142857143
1199	0.351190476190476
1200	0.418650793650793
1201	0.404761904761905
1202	0.404761904761905
1203	0.438492063492063
1204	0.486111111111111
1205	0.466269841269841
1206	0.446428571428571
1207	0.494047619047619
1208	0.535714285714286
1209	0.549603174603175
1210	0.535714285714286
1211	0.583333333333333
1212	0.488095238095238
1213	0.535714285714286
1214	0.535714285714286
1215	0.488095238095238
1216	0.535714285714286
1217	0.569444444444444
1218	0.603174603174603
1219	0.454365079365079
1220	0.392857142857143
1221	0.277777777777778
1222	0.242063492063492
1223	0.26984126984127
1224	0.317460317460318
1225	0.26984126984127
1226	0.339285714285714
1227	0.305555555555555
1228	0.244047619047619
1229	0.339285714285714
1230	0.311507936507936
1231	0.353174603174603
1232	0.496031746031746
1233	0.454365079365079
1234	0.46031746031746
1235	0.507936507936508
1236	0.432539682539682
1237	0.513888888888889
1238	0.452380952380952
1239	0.452380952380952
1240	0.404761904761905
1241	0.376984126984127
1242	0.410714285714286
1243	0.363095238095238
1244	0.307539682539682
1245	0.369047619047619
1246	0.382936507936508
1247	0.259920634920635
1248	0.198412698412698
1249	0.123015873015873
1250	0.0753968253968251
1251	0.0615079365079362
1252	-0.0138888888888891
1253	-0.0476190476190476
1254	-0.0813492063492065
1255	-0.109126984126984
1256	-0.128968253968254
1257	-0.142857142857143
1258	-0.0595238095238099
1259	-0.107142857142857
1260	-0.168650793650794
1261	-0.168650793650794
1262	-0.196428571428572
1263	-0.21031746031746
1264	-0.224206349206349
1265	-0.277777777777778
1266	-0.222222222222222
1267	-0.25
1268	-0.392857142857143
1269	-0.337301587301588
1270	-0.30952380952381
1271	-0.253968253968254
1272	-0.246031746031746
1354	-0.357142857142857
1355	-0.398809523809524
1356	-0.365079365079365
1357	-0.331349206349206
1358	-0.283730158730159
1359	-0.339285714285715
1360	-0.291666666666667
1361	-0.353174603174603
1362	-0.400793650793651
1363	-0.386904761904762
1364	-0.331349206349206
1365	-0.255952380952381
1366	-0.303571428571429
1367	-0.28968253968254
1368	-0.248015873015873
1369	-0.220238095238095
1370	-0.214285714285714
1371	-0.113095238095238
1372	-0.202380952380953
1373	-0.277777777777778
1374	-0.291666666666667
1375	-0.305555555555556
1376	-0.327380952380952
1377	-0.321428571428572
1378	-0.33531746031746
1379	-0.390873015873016
1380	-0.46031746031746
1381	-0.432539682539683
1382	-0.351190476190476
1383	-0.345238095238095
1384	-0.345238095238095
1385	-0.420634920634921
1386	-0.373015873015873
1387	-0.476190476190476
1388	-0.462301587301587
1389	-0.462301587301587
1390	-0.392857142857143
1391	-0.353174603174603
1392	-0.41468253968254
1393	-0.462301587301587
1394	-0.537698412698413
1395	-0.496031746031746
1396	-0.571428571428572
1397	-0.640873015873016
1398	-0.640873015873016
1399	-0.668650793650794
1400	-0.71031746031746
1401	-0.650793650793651
1402	-0.66468253968254
1403	-0.698412698412699
1404	-0.712301587301587
1405	-0.712301587301587
1406	-0.732142857142858
1407	-0.869047619047619
1408	-0.841269841269841
1409	-0.863095238095238
1410	-0.835317460317461
1411	-0.807539682539683
1412	-0.813492063492064
1413	-0.757936507936508
1414	-0.785714285714286
1415	-0.757936507936508
1416	-0.744047619047619
1417	-0.757936507936508
1418	-0.839285714285714
1419	-0.886904761904762
1420	-0.839285714285714
1421	-0.811507936507937
1422	-0.817460317460318
1423	-0.714285714285715
1424	-0.523809523809524
1425	-0.58531746031746
1426	-0.632936507936508
1427	-0.64484126984127
1428	-0.64484126984127
1429	-0.611111111111111
1430	-0.583333333333333
1431	-0.563492063492064
1432	-0.563492063492064
1433	-0.521825396825397
1434	-0.535714285714286
1435	-0.507936507936508
1436	-0.466269841269842
1437	-0.601190476190476
1438	-0.553571428571429
1439	-0.553571428571429
1440	-0.581349206349207
1441	-0.5
1442	-0.527777777777778
1443	-0.492063492063492
1444	-0.430555555555556
1445	-0.39484126984127
1446	-0.408730158730159
1447	-0.39484126984127
1448	-0.380952380952381
1449	-0.408730158730159
1450	-0.478174603174603
1451	-0.464285714285715
1452	-0.375
1453	-0.35515873015873
1454	-0.33531746031746
1455	-0.33531746031746
1456	-0.424603174603175
1457	-0.412698412698413
1458	-0.45436507936508
1459	-0.529761904761905
1460	-0.700396825396825
1461	-0.666666666666667
1462	-0.60515873015873
1463	-0.591269841269842
1464	-0.557539682539683
1465	-0.543650793650794
1466	-0.537698412698413
1467	-0.557539682539683
1468	-0.557539682539683
1469	-0.571428571428572
1470	-0.571428571428572
1471	-0.571428571428572
1472	-0.613095238095238
1473	-0.58531746031746
1474	-0.537698412698413
1475	-0.551587301587302
1476	-0.367063492063492
1477	-0.380952380952381
1478	-0.367063492063492
1479	-0.319444444444444
1480	-0.408730158730158
1481	-0.464285714285714
1482	-0.505952380952381
1483	-0.505952380952381
1484	-0.505952380952381
1485	-0.547619047619048
1486	-0.355158730158731
1487	-0.341269841269842
1488	-0.382936507936508
1489	-0.402777777777778
1490	-0.450396825396826
1491	-0.408730158730158
1492	-0.353174603174603
1493	-0.337301587301588
1494	-0.337301587301588
1495	-0.261904761904762
1496	-0.337301587301588
1497	-0.371031746031746
1498	-0.404761904761905
1499	-0.404761904761905
1500	-0.424603174603175
1501	-0.438492063492064
1502	-0.486111111111111
1503	-0.5
1504	-0.486111111111111
1505	-0.396825396825397
1506	-0.369047619047619
1507	-0.424603174603175
1508	-0.396825396825397
1509	-0.382936507936508
1510	-0.478174603174603
1511	-0.464285714285715
1512	-0.621031746031746
1550	-0.343253968253968
1551	-0.371031746031746
1552	-0.412698412698413
1553	-0.468253968253968
1554	-0.454365079365079
1555	-0.454365079365079
1556	-0.509920634920635
1557	-0.523809523809524
1558	-0.496031746031746
1559	-0.482142857142857
1560	-0.482142857142857
1564	-0.440476190476191
1565	-0.454365079365079
1566	-0.412698412698413
1605	-0.329365079365079
1606	-0.343253968253968
1607	-0.30952380952381
1608	-0.261904761904762
1609	-0.28968253968254
1610	-0.303571428571429
1611	-0.26984126984127
1612	-0.222222222222222
1613	-0.277777777777778
1614	-0.277777777777778
1615	-0.263888888888889
1616	-0.182539682539683
1617	-0.182539682539683
1618	-0.134920634920635
1619	-0.190476190476191
1620	-0.232142857142857
1621	-0.18452380952381
1622	-0.232142857142857
1623	-0.246031746031746
1624	-0.315476190476191
1625	-0.376984126984127
1626	-0.376984126984127
1627	-0.267857142857143
1628	-0.192460317460318
1629	-0.192460317460318
1630	-0.130952380952381
1631	-0.0833333333333335
1632	-0.0912698412698416
1633	-0.125
1634	-0.125
1635	-0.180555555555556
1636	-0.28968253968254
1637	-0.166666666666667
1638	-0.172619047619048
1639	-0.186507936507937
1640	-0.186507936507937
1641	-0.220238095238095
1642	-0.234126984126984
1643	-0.261904761904762
1644	-0.253968253968254
1645	-0.212301587301588
1646	-0.198412698412699
1647	-0.218253968253968
1648	-0.238095238095238
1649	-0.148809523809524
1650	-0.134920634920635
1651	-0.115079365079365
1652	-0.162698412698413
1653	-0.162698412698413
1654	-0.196428571428572
1655	-0.140873015873016
1656	-0.0714285714285715
1657	-0.10515873015873
1658	-0.10515873015873
1659	-0.0853174603174605
1660	-0.00992063492063511
1661	0.00396825396825384
1662	0.0178571428571427
1663	-0.0773809523809524
1664	-0.14484126984127
1665	-0.0555555555555557
1666	-0.158730158730159
1667	-0.0972222222222223
1668	-0.0416666666666667
1669	-0.0892857142857144
1670	-0.0277777777777779
1671	0.0277777777777777
1672	0.0277777777777777
1673	-0.01984126984127
1674	-0.00595238095238104
1675	-0.0337301587301589
1676	-0.0753968253968256
1677	-0.117063492063492
1678	-0.0694444444444445
1679	-0.117063492063492
1680	-0.103174603174603
1681	-0.0892857142857144
1682	-0.0753968253968256
1683	-0.130952380952381
1684	-0.111111111111111
1685	-0.14484126984127
1686	-0.0833333333333335
1687	-0.130952380952381
1688	-0.16468253968254
1689	-0.150793650793651
1690	-0.16468253968254
1691	-0.150793650793651
1692	-0.16468253968254
1693	-0.16468253968254
1694	-0.16468253968254
1695	-0.170634920634921
1696	-0.128968253968254
1697	-0.115079365079365
1698	-0.101190476190476
1699	-0.115079365079365
1700	-0.115079365079365
1701	-0.176587301587302
1702	-0.148809523809524
1820	-0.398809523809524
1823	-0.426587301587302
1824	-0.398809523809524
1825	-0.365079365079365
1826	-0.365079365079365
1827	-0.378968253968254
1828	-0.311507936507937
1829	-0.367063492063492
1830	-0.353174603174603
1831	-0.291666666666667
1832	-0.305555555555556
1833	-0.367063492063492
1834	-0.305555555555556
1835	-0.23015873015873
1836	-0.319444444444445
1837	-0.244047619047619
1838	-0.23015873015873
1839	-0.154761904761905
1840	-0.031746031746032
1841	-0.0734126984126987
1842	0.00198412698412698
1843	0.0853174603174602
1844	0.132936507936508
1845	0.146825396825397
1846	0.113095238095238
1847	0.0853174603174602
1848	0.0575396825396824
1849	0.0357142857142856
1850	0.0138888888888887
1851	-0.0277777777777779
1852	-0.136904761904762
1853	-0.0753968253968255
1854	-0.0753968253968255
1855	-0.136904761904762
1856	-0.18452380952381
1857	-0.170634920634921
1858	-0.14484126984127
1859	-0.119047619047619
1860	-0.0912698412698416
1861	-0.146825396825397
1862	-0.146825396825397
1863	-0.174603174603175
1864	-0.255952380952381
1865	-0.214285714285714
1866	-0.228174603174603
1867	-0.200396825396825
1868	-0.228174603174603
1869	-0.200396825396825
1870	-0.214285714285714
1871	-0.28968253968254
1872	-0.234126984126984
1873	-0.200396825396825
1874	-0.138888888888889
1875	-0.228174603174603
1876	-0.351190476190476
1877	-0.337301587301588
1878	-0.426587301587302
1879	-0.515873015873016
1880	-0.549603174603175
1881	-0.549603174603175
1882	-0.549603174603175
1883	-0.488095238095238
1884	-0.426587301587302
1885	-0.384920634920635
1886	-0.432539682539683
1887	-0.418650793650794
1888	-0.418650793650794
1889	-0.48015873015873
1890	-0.418650793650794
1891	-0.418650793650794
1892	-0.466269841269842
1893	-0.507936507936508
1894	-0.452380952380952
1895	-0.533730158730159
1896	-0.575396825396826
1897	-0.595238095238095
1898	-0.51984126984127
1899	-0.505952380952381
1900	-0.492063492063492
1901	-0.376984126984127
1902	-0.376984126984127
1903	-0.438492063492064
1904	-0.404761904761905
1905	-0.384920634920635
1906	-0.432539682539683
1907	-0.343253968253968
1908	-0.384920634920635
1909	-0.507936507936508
1910	-0.569444444444445
1911	-0.513888888888889
1912	-0.513888888888889
1913	-0.5
1914	-0.5
1915	-0.5
1916	-0.541666666666667
1917	-0.527777777777778
1918	-0.549603174603175
1919	-0.577380952380953
1920	-0.625
1921	-0.64484126984127
1922	-0.589285714285715
1923	-0.297619047619048
1924	-0.325396825396825
1925	-0.291666666666667
1926	-0.353174603174603
1927	-0.319444444444444
1928	-0.238095238095238
1929	-0.293650793650794
1930	-0.375
1931	-0.353174603174603
1932	-0.367063492063492
1933	-0.353174603174603
1934	-0.386904761904762
1935	-0.386904761904762
1936	-0.400793650793651
1937	-0.448412698412699
1938	-0.476190476190476
1939	-0.490079365079365
1940	-0.482142857142858
1941	-0.45436507936508
1942	-0.509920634920635
1943	-0.462301587301587
1944	-0.420634920634921
1945	-0.392857142857143
1946	-0.297619047619048
1947	-0.325396825396825
1948	-0.311507936507937
1949	-0.367063492063492
1950	-0.353174603174603
1951	-0.291666666666667
1952	-0.263888888888889
1953	-0.277777777777778
1954	-0.236111111111111
1955	-0.26984126984127
1956	-0.283730158730159
1957	-0.283730158730159
1958	-0.311507936507937
1959	-0.494047619047619
1960	-0.371031746031746
1961	-0.390873015873016
1962	-0.384920634920635
1963	-0.390873015873016
1964	-0.458333333333333
1965	-0.35515873015873
1966	-0.35515873015873
1967	-0.35515873015873
1968	-0.327380952380952
1969	-0.327380952380952
1970	-0.313492063492064
1971	-0.313492063492064
1972	-0.299603174603175
1973	-0.380952380952381
1974	-0.367063492063492
1975	-0.353174603174603
1976	-0.319444444444445
1977	-0.380952380952381
1978	-0.311507936507937
1979	-0.378968253968254
1980	-0.365079365079365
1981	-0.378968253968254
1984	-0.412698412698413
1985	-0.343253968253968
1986	-0.301587301587302
2049	0.0793650793650792
2050	0.0515873015873015
2051	0.0238095238095237
2052	-0.017857142857143
2053	-0.0317460317460319
2054	0.00198412698412687
2055	0.00198412698412687
2056	-0.107142857142857
2057	-0.101190476190476
2058	-0.0952380952380953
2059	-0.123015873015873
2060	-0.16468253968254
2061	-0.178571428571429
2062	-0.220238095238095
2063	-0.186507936507937
2064	-0.214285714285714
2065	-0.236111111111111
2066	-0.263888888888889
2067	-0.160714285714286
2068	-0.160714285714286
2069	-0.160714285714286
2070	-0.0793650793650795
2071	-0.0873015873015874
2072	-0.0873015873015874
2073	-0.0674603174603176
2074	-0.0337301587301588
2075	-0.0753968253968255
2076	-0.0892857142857143
2077	-0.0198412698412699
2078	-0.0198412698412699
2079	-0.0674603174603176
2080	-0.0337301587301588
2081	-0.0138888888888891
2082	-0.0753968253968255
2083	-0.103174603174603
2084	-0.295634920634921
2085	-0.404761904761905
2086	-0.404761904761905
2087	-0.323412698412699
2088	-0.365079365079365
2089	-0.337301587301588
2090	-0.323412698412699
2091	-0.317460317460318
2092	-0.317460317460318
2093	-0.337301587301588
2094	-0.412698412698413
2095	-0.400793650793651
2096	-0.400793650793651
2097	-0.39484126984127
2098	-0.238095238095238
2099	-0.313492063492063
2100	-0.327380952380953
2101	-0.347222222222222
2102	-0.39484126984127
2103	-0.450396825396826
2104	-0.478174603174603
2105	-0.444444444444445
2106	-0.53968253968254
2107	-0.498015873015873
2108	-0.553571428571428
2109	-0.581349206349207
2110	-0.615079365079365
2111	-0.410714285714286
2112	-0.410714285714286
2113	-0.390873015873016
2114	-0.446428571428572
2115	-0.263888888888889
2116	-0.202380952380953
2117	-0.25
2118	-0.222222222222222
2119	-0.26984126984127
2120	-0.152777777777778
2121	-0.0912698412698414
2122	-0.015873015873016
2123	-0.0833333333333335
2124	0.0476190476190474
2125	0.0535714285714284
2126	-0.0218253968253972
2127	-0.0277777777777777
2128	0.01984126984127
2129	0.0337301587301586
2130	0.136904761904762
2131	0.138888888888889
2132	0.186507936507936
2133	0.180555555555555
2134	0.0654761904761902
2135	0.0376984126984123
2136	0.0376984126984123
2137	0.0793650793650791
2138	0.0932539682539679
2139	0.162698412698412
2140	0.19047619047619
2141	0.142857142857143
2142	0.109126984126984
2143	0.0813492063492063
2144	0.109126984126984
2145	0.089285714285714
2146	0.103174603174603
2147	-0.0595238095238099
2148	-0.0456349206349208
2149	-0.107142857142857
2150	-0.0793650793650795
2151	-0.317460317460318
2152	-0.426587301587302
2153	-0.412698412698413
2154	-0.378968253968254
2155	-0.337301587301588
2156	-0.357142857142857
2373	-0.634920634920635
2374	-0.545634920634921
2375	-0.55952380952381
2376	-0.634920634920635
2377	-0.607142857142857
2378	-0.579365079365079
2382	-0.43452380952381
2383	-0.482142857142857
2401	-0.426587301587302
2402	-0.398809523809524
2403	-0.392857142857143
2404	-0.378968253968254
2405	-0.345238095238095
2406	-0.28968253968254
2407	-0.242063492063492
2408	-0.172619047619048
2409	-0.220238095238095
2410	-0.240079365079365
2411	-0.240079365079365
2412	-0.16468253968254
2413	-0.206349206349206
2414	-0.234126984126984
2415	-0.158730158730159
2416	-0.138888888888889
2417	-0.152777777777778
2418	-0.234126984126984
2419	-0.152777777777778
2420	-0.180555555555556
2421	-0.194444444444445
2422	-0.222222222222222
2423	-0.236111111111111
2424	-0.208333333333333
2425	-0.25
2426	-0.236111111111111
2427	-0.263888888888889
2428	-0.208333333333333
2429	-0.194444444444445
2430	-0.214285714285714
2431	-0.275793650793651
2432	-0.152777777777778
2433	-0.132936507936508
2434	-0.26984126984127
2435	-0.222222222222222
2436	-0.216269841269841
2437	-0.255952380952381
2438	-0.208333333333333
2439	-0.214285714285714
2440	-0.228174603174603
2441	-0.255952380952381
2442	-0.26984126984127
2443	-0.242063492063492
2444	-0.228174603174603
2445	-0.200396825396826
2446	-0.26984126984127
2447	-0.236111111111111
2448	-0.339285714285715
2449	-0.339285714285715
2450	-0.291666666666667
2451	-0.347222222222222
2452	-0.422619047619048
2453	-0.408730158730159
2454	-0.408730158730159
2455	-0.490079365079365
2456	-0.442460317460318
2457	-0.442460317460318
2458	-0.456349206349207
2459	-0.408730158730159
2460	-0.416666666666667
2461	-0.388888888888889
2462	-0.402777777777778
2463	-0.35515873015873
2464	-0.382936507936508
2465	-0.452380952380952
2466	-0.494047619047619
2467	-0.577380952380953
2468	-0.714285714285715
2469	-0.761904761904762
2470	-0.734126984126984
2471	-0.865079365079365
2472	-0.94047619047619
2473	-0.968253968253968
2482	-1.12103174603175
2484	-1.0515873015873
2485	-1.02380952380952
2497	-0.954365079365079
2498	-0.968253968253968
2508	-0.70436507936508
2509	-0.70436507936508
2510	-0.662698412698413
2511	-0.648809523809524
2512	-0.56547619047619
2717	-0.642857142857143
2718	-0.650793650793651
2719	-0.66468253968254
2720	-0.630952380952381
2721	-0.597222222222222
2722	-0.625
2723	-0.501984126984127
2724	-0.488095238095238
2725	-0.446428571428572
2726	-0.418650793650794
2727	-0.398809523809524
2728	-0.371031746031746
2729	-0.384920634920635
2730	-0.446428571428572
2731	-0.418650793650794
2732	-0.404761904761905
2733	-0.357142857142857
2734	-0.206349206349206
2735	-0.178571428571429
2736	-0.123015873015873
2737	-0.0753968253968255
2738	-0.150793650793651
2739	-0.16468253968254
2740	-0.192460317460318
2741	-0.130952380952381
2742	-0.0416666666666667
2743	0.00595238095238071
2744	0.0257936507936507
2745	0.154761904761904
2746	0.140873015873016
2747	0.188492063492063
2748	0.107142857142857
2749	0.107142857142857
2750	0.0734126984126982
2751	0.0873015873015872
2752	0.0734126984126982
2753	0.0535714285714286
2754	0.0337301587301584
2755	0.109126984126984
2756	0.123015873015873
2757	0.0952380952380953
2758	0.17063492063492
2759	0.0416666666666665
2760	0.103174603174603
2761	0.089285714285714
2762	0.136904761904762
2763	0.178571428571428
2764	0.212301587301587
2765	0.226190476190476
2766	0.226190476190476
2767	0.240079365079365
2768	0.253968253968254
2769	0.206349206349206
2770	0.0833333333333331
2771	0.0694444444444443
2772	0.0833333333333331
2773	0.226190476190476
2774	0.206349206349206
2775	0.130952380952381
2776	0.117063492063492
2777	0.130952380952381
2778	0.0694444444444443
2779	0.00793650793650802
2780	0.00198412698412698
2781	-0.126984126984127
2782	-0.113095238095238
2783	-0.174603174603175
2784	-0.244047619047619
2785	-0.244047619047619
2786	-0.216269841269841
2787	-0.271825396825397
2788	-0.244047619047619
2789	-0.305555555555556
2790	-0.277777777777778
2791	-0.353174603174603
2792	-0.339285714285715
2793	-0.311507936507937
2794	-0.386904761904762
2795	-0.386904761904762
2796	-0.448412698412699
2797	-0.462301587301588
2798	-0.462301587301588
2799	-0.537698412698413
2812	-0.593253968253968
2820	-0.478174603174603
2821	-0.533730158730159
2822	-0.547619047619048
2823	-0.492063492063492
2824	-0.458333333333333
2825	-0.466269841269842
2826	-0.371031746031746
2827	-0.32936507936508
2828	-0.418650793650794
2829	-0.343253968253968
2830	-0.301587301587302
2831	-0.315476190476191
2832	-0.206349206349206
2833	-0.192460317460318
2834	-0.281746031746032
2835	-0.220238095238095
2836	-0.206349206349206
2837	-0.206349206349206
2838	-0.234126984126984
2839	-0.261904761904762
2840	-0.152777777777778
2841	-0.228174603174603
2842	-0.125
2843	-0.0853174603174605
2844	0.00992063492063444
2845	-0.0714285714285714
2846	-0.0515873015873018
2847	-0.146825396825397
2848	-0.194444444444445
2849	-0.166666666666667
2850	-0.10515873015873
2851	-0.0912698412698416
2852	-0.0912698412698416
2853	-0.035714285714286
2854	0.0257936507936507
2855	0.0535714285714286
2856	-0.14484126984127
2857	-0.0892857142857143
2858	-0.0138888888888891
2859	-0.0277777777777779
2860	-0.0615079365079366
2861	-0.00595238095238104
2862	-0.128968253968254
2863	-0.128968253968254
2864	-0.115079365079365
2865	-0.196428571428572
2866	-0.238095238095238
2867	-0.251984126984127
2868	-0.313492063492064
2869	-0.299603174603175
2870	-0.299603174603175
2871	-0.327380952380952
2872	-0.313492063492064
2873	-0.35515873015873
2874	-0.369047619047619
2875	-0.299603174603175
2876	-0.39484126984127
2877	-0.339285714285715
2878	-0.359126984126984
2879	-0.412698412698413
3322	-0.190476190476191
3323	-0.218253968253968
3324	-0.218253968253968
3378	-0.496031746031746
3379	-0.496031746031746
3380	-0.454365079365079
3381	-0.468253968253968
3382	-0.496031746031746
3383	-0.43452380952381
3384	-0.496031746031746
3385	-0.400793650793651
3386	-0.400793650793651
3387	-0.41468253968254
3388	-0.468253968253968
3389	-0.496031746031746
3393	-0.496031746031746
3394	-0.523809523809524
3395	-0.551587301587302
3396	-0.503968253968254
3397	-0.490079365079365
3398	-0.476190476190476
3399	-0.503968253968254
3400	-0.503968253968254
3401	-0.41468253968254
3402	-0.428571428571429
3403	-0.347222222222222
3404	-0.39484126984127
3405	-0.367063492063492
3406	-0.339285714285715
3407	-0.325396825396825
3408	-0.297619047619048
3409	-0.317460317460318
3410	-0.303571428571429
3411	-0.255952380952381
3412	-0.255952380952381
3413	-0.303571428571429
3414	-0.323412698412699
3415	-0.323412698412699
3416	-0.337301587301588
3417	-0.30952380952381
3418	-0.234126984126984
3419	-0.323412698412699
3420	-0.315476190476191
3428	-0.301587301587302
3429	-0.329365079365079
3430	-0.323412698412699
3431	-0.337301587301588
3432	-0.398809523809524
3433	-0.482142857142857
3434	-0.476190476190476
3435	-0.448412698412699
3436	-0.400793650793651
3437	-0.43452380952381
3438	-0.448412698412699
3442	-0.537698412698413
3443	-0.551587301587302
3444	-0.648809523809524
3445	-0.676587301587302
3446	-0.69047619047619
3447	-0.70436507936508
3448	-0.732142857142857
3449	-0.718253968253968
3450	-0.746031746031746
3451	-0.68452380952381
3452	-0.68452380952381
3453	-0.68452380952381
3454	-0.718253968253968
3455	-0.648809523809524
3456	-0.621031746031746
3457	-0.621031746031746
3458	-0.593253968253968
3522	-0.371031746031746
3523	-0.357142857142857
3524	-0.275793650793651
3525	-0.275793650793651
3526	-0.255952380952381
3527	-0.275793650793651
3528	-0.323412698412699
3529	-0.351190476190476
3530	-0.323412698412699
3531	-0.295634920634921
3532	-0.248015873015873
3533	-0.178571428571429
3534	-0.117063492063492
3535	-0.117063492063492
3536	-0.0753968253968256
3537	-0.0615079365079365
3538	-0.109126984126984
3539	-0.136904761904762
3540	-0.123015873015873
3541	-0.170634920634921
3542	-0.142857142857143
3543	-0.156746031746032
3544	-0.142857142857143
3545	-0.128968253968254
3546	-0.0734126984126986
3547	-0.0317460317460319
3548	-0.0317460317460319
3549	-0.017857142857143
3550	-0.0317460317460319
3551	-0.0595238095238096
3552	-0.0456349206349208
3553	0.00198412698412687
3554	0.0238095238095237
3555	-0.0238095238095238
3556	0.0376984126984126
3557	-0.0238095238095238
3559	-0.00992063492063494
3627	-0.329365079365079
3628	-0.281746031746032
3629	-0.255952380952381
3630	-0.113095238095238
3631	-0.140873015873016
3632	-0.121031746031746
3633	-0.0674603174603176
3634	-0.0476190476190476
3635	0.0337301587301584
3636	-0.035714285714286
3637	0.162698412698412
3638	0.134920634920635
3639	0.0932539682539679
3640	0.208333333333333
3641	0.146825396825397
3642	0.146825396825397
3643	0.220238095238095
3644	0.273809523809524
3645	0.259920634920635
3646	0.246031746031746
3647	0.246031746031746
3648	0.341269841269841
3649	0.313492063492063
3650	0.341269841269841
3651	0.279761904761904
3652	0.279761904761904
3653	0.313492063492063
3654	0.353174603174603
3655	0.392857142857143
3656	0.378968253968254
3657	0.432539682539683
3658	0.48015873015873
3659	0.376984126984127
3660	0.363095238095238
3661	0.33531746031746
3662	0.376984126984127
3663	0.363095238095238
3664	0.33531746031746
3665	0.329365079365079
3666	0.117063492063491
3667	0.0416666666666665
3668	0.0416666666666665
3669	-0.0257936507936511
3670	-0.0674603174603177
3671	-0.0555555555555558
3672	-0.0138888888888888
3673	-0.136904761904762
3674	0.0674603174603172
3675	0.128968253968254
3676	0.0138888888888886
3677	0.0753968253968249
3678	0.136904761904762
3679	0.0357142857142854
3680	-0.0456349206349207
3681	0.0158730158730158
3682	0.158730158730158
3683	0.125
3684	0.0158730158730158
3685	0.29563492063492
3686	0.281746031746032
3687	0.29563492063492
3688	0.248015873015873
3689	0.27579365079365
3690	0.236111111111111
3691	0.216269841269841
3692	0.263888888888889
3693	0.347222222222222
3694	0.299603174603174
3695	0.341269841269841
3696	0.35515873015873
3697	0.410714285714285
3698	0.390873015873016
3699	0.404761904761905
3700	0.343253968253968
3701	0.281746031746031
3702	0.398809523809524
3703	0.515873015873016
3704	0.529761904761905
3705	0.529761904761905
3706	0.619047619047619
3707	0.511904761904762
3708	0.53968253968254
3709	0.628968253968254
3710	0.466269841269841
3711	0.418650793650793
3712	0.390873015873016
3713	0.432539682539682
3714	0.432539682539682
3715	0.474206349206349
3716	0.46031746031746
3717	0.398809523809524
3718	0.255952380952381
3719	0.242063492063492
3720	0.255952380952381
3721	-0.00992063492063511
3722	-0.00992063492063511
3723	-0.00992063492063511
3724	-0.0376984126984129
3725	-0.0714285714285715
3726	-0.0238095238095239
3727	-0.0714285714285715
3728	-0.0436507936507937
3729	-0.138888888888889
3730	-0.125
3731	-0.0972222222222223
3732	-0.125
3733	-0.0773809523809524
3734	-0.138888888888889
3735	-0.200396825396826
3736	-0.172619047619048
3737	-0.158730158730159
3738	-0.192460317460318
3739	-0.240079365079365
3740	-0.287698412698413
3741	-0.273809523809524
3747	-0.301587301587302
3748	-0.287698412698413
3749	-0.315476190476191
3752	-0.301587301587302
3753	-0.259920634920635
3754	-0.232142857142857
3755	-0.232142857142857
3756	-0.18452380952381
3757	-0.212301587301587
3758	-0.204365079365079
3759	-0.204365079365079
3760	-0.148809523809524
3761	-0.162698412698413
3775	-0.259920634920635
3776	-0.18452380952381
3777	-0.198412698412699
3778	-0.198412698412699
3779	-0.212301587301587
3780	-0.170634920634921
3781	-0.18452380952381
3782	-0.218253968253968
3913	-0.454365079365079
3914	-0.454365079365079
3915	-0.406746031746032
3916	-0.339285714285715
3917	-0.339285714285715
3918	-0.408730158730159
3919	-0.375
3920	-0.347222222222222
3921	-0.347222222222222
3922	-0.333333333333333
3923	-0.319444444444445
3924	-0.361111111111111
3925	-0.375
3926	-0.375
3927	-0.361111111111111
3928	-0.416666666666667
3929	-0.35515873015873
3930	-0.293650793650794
3931	-0.382936507936508
3932	-0.424603174603175
3933	-0.323412698412699
3934	-0.30952380952381
3935	-0.228174603174603
3936	-0.26984126984127
3937	-0.283730158730159
3938	-0.26984126984127
3939	-0.283730158730159
3940	-0.208333333333333
3941	-0.146825396825397
3942	-0.146825396825397
3943	-0.154761904761905
3944	-0.168650793650794
3945	-0.202380952380953
3946	-0.107142857142857
3947	-0.21031746031746
3948	-0.301587301587302
3949	-0.46031746031746
3950	-0.496031746031746
3951	-0.476190476190476
3952	-0.523809523809524
3953	-0.537698412698413
3954	-0.367063492063492
3955	-0.380952380952381
3956	-0.295634920634921
3957	-0.105158730158731
3958	-0.146825396825397
3959	-0.202380952380953
3960	-0.113095238095238
3961	-0.148809523809524
3962	-0.182539682539683
3963	-0.176587301587302
3964	-0.176587301587302
3965	-0.204365079365079
3966	-0.232142857142857
3967	-0.287698412698413
3968	-0.220238095238095
3969	-0.253968253968254
3970	-0.248015873015873
3971	-0.343253968253969
3972	-0.349206349206349
3973	-0.33531746031746
3974	-0.363095238095238
3975	-0.301587301587302
3976	-0.267857142857143
3977	-0.31547619047619
3978	-0.30952380952381
3979	-0.31547619047619
3980	-0.192460317460317
3981	-0.198412698412699
3982	-0.204365079365079
3983	-0.218253968253969
3984	-0.0793650793650793
3985	0.0178571428571426
3986	0.087301587301587
3987	0.0674603174603172
3988	0.00595238095238049
3989	0.0396825396825393
3990	-0.0337301587301593
3991	-0.0535714285714288
3992	0.0158730158730158
3993	-0.0595238095238098
3994	-0.0257936507936511
3995	0.00198412698412698
3996	-0.0932539682539684
3997	0.0178571428571428
3998	0.0456349206349205
3999	0.0535714285714284
4000	0.128968253968254
4001	0.0952380952380951
4002	0.198412698412698
4003	0.253968253968254
4004	0.214285714285714
4005	0.160714285714286
4006	0.202380952380952
4007	0.216269841269841
4008	0.182539682539682
4009	0.196428571428571
4010	0.224206349206349
4011	0.251984126984127
4012	0.142857142857143
4013	0.218253968253968
4014	0.212301587301587
4015	0.184523809523809
4016	0.0555555555555556
4017	-0.0138888888888891
4018	-0.0476190476190476
4019	0.0357142857142856
4020	-0.0257936507936509
4021	0.0496031746031746
4022	0.0158730158730158
4023	-0.017857142857143
4024	0.00992063492063466
4025	-0.0793650793650795
4026	-0.0793650793650795
4027	-0.0932539682539684
4028	-0.261904761904762
4032	-0.232142857142857
4035	-0.287698412698413
4120	-0.523809523809524
4121	-0.476190476190476
4122	-0.420634920634921
4123	-0.345238095238095
4124	-0.28968253968254
4125	-0.303571428571429
4126	-0.303571428571429
4127	-0.345238095238095
4128	-0.392857142857143
4129	-0.412698412698413
4130	-0.426587301587302
4131	-0.454365079365079
4136	-0.398809523809524
4137	-0.398809523809524
4138	-0.351190476190476
4139	-0.351190476190476
4140	-0.303571428571429
4141	-0.317460317460318
4142	-0.345238095238095
4143	-0.345238095238095
4144	-0.331349206349206
4145	-0.317460317460318
4146	-0.345238095238095
4147	-0.420634920634921
4148	-0.420634920634921
4149	-0.468253968253968
4150	-0.426587301587302
4151	-0.384920634920635
4152	-0.371031746031746
4153	-0.30952380952381
4236	-0.64484126984127
4237	-0.658730158730159
4238	-0.583333333333333
4239	-0.625
4240	-0.638888888888889
4241	-0.666666666666667
4242	-0.632936507936508
4243	-0.660714285714286
4244	-0.674603174603175
4245	-0.660714285714286
4246	-0.646825396825397
4247	-0.646825396825397
4248	-0.660714285714286
4249	-0.613095238095238
4250	-0.599206349206349
4251	-0.613095238095238
4252	-0.537698412698413
4253	-0.496031746031746
4254	-0.482142857142858
4255	-0.638888888888889
4256	-0.652777777777778
4257	-0.658730158730159
4258	-0.589285714285715
4259	-0.547619047619048
4260	-0.55952380952381
4261	-0.525793650793651
4262	-0.511904761904762
4263	-0.53968253968254
4264	-0.456349206349207
4265	-0.41468253968254
4266	-0.448412698412699
4267	-0.448412698412699
4268	-0.392857142857143
4269	-0.378968253968254
4270	-0.351190476190476
4271	-0.295634920634921
4286	-0.134920634920635
4287	-0.134920634920635
4295	-0.218253968253968
4296	-0.212301587301587
4297	-0.246031746031746
4298	-0.273809523809524
4299	-0.273809523809524
4300	-0.273809523809524
4301	-0.273809523809524
4302	-0.273809523809524
4303	-0.343253968253968
4304	-0.343253968253968
4305	-0.357142857142857
4306	-0.295634920634921
4307	-0.337301587301588
4308	-0.337301587301588
4309	-0.351190476190476
4310	-0.398809523809524
4311	-0.412698412698413
4316	-0.317460317460318
4317	-0.365079365079365
4318	-0.392857142857143
4319	-0.392857142857143
4320	-0.468253968253968
4321	-0.440476190476191
4329	-0.412698412698413
4381	-1.1765873015873
4382	-1.1765873015873
4383	-1.16269841269841
4384	-1.10119047619048
4385	-1.12896825396825
4386	-1.12896825396825
4387	-1.16269841269841
4388	-1.13492063492063
4392	-1.09325396825397
4393	-1.03174603174603
4394	-1.00396825396825
4395	-0.956349206349207
4396	-0.970238095238096
4397	-0.956349206349207
4398	-0.928571428571429
4399	-0.942460317460318
4400	-0.91468253968254
4401	-0.948412698412699
4402	-0.942460317460318
4403	-0.93452380952381
4404	-0.845238095238095
4405	-0.817460317460318
4406	-0.686507936507937
4407	-0.611111111111111
4408	-0.686507936507937
4409	-0.734126984126984
4410	-0.589285714285715
4411	-0.575396825396826
4412	-0.575396825396826
4413	-0.452380952380952
4414	-0.494047619047619
4415	-0.597222222222222
4416	-0.569444444444445
4417	-0.597222222222222
4418	-0.625
4419	-0.652777777777778
4420	-0.728174603174603
4421	-0.728174603174603
4422	-0.686507936507937
4423	-0.755952380952381
4424	-0.700396825396825
4425	-0.686507936507937
4426	-0.597222222222222
4427	-0.60515873015873
4428	-0.577380952380953
4429	-0.611111111111111
4430	-0.625
4431	-0.714285714285715
4432	-0.700396825396825
4433	-0.708333333333334
4434	-0.708333333333334
4435	-0.708333333333334
4436	-0.736111111111111
4437	-0.702380952380952
4438	-0.652777777777778
4439	-0.652777777777778
4440	-0.700396825396825
4441	-0.700396825396825
4442	-0.708333333333334
4443	-0.783730158730159
4444	-0.728174603174603
4445	-0.694444444444444
4446	-0.728174603174603
4447	-0.742063492063492
4448	-0.728174603174603
4449	-0.823412698412699
4450	-0.781746031746032
4451	-0.740079365079365
4452	-0.753968253968254
4453	-0.759920634920635
4454	-0.732142857142857
4455	-0.70436507936508
4456	-0.69047619047619
4457	-0.662698412698413
4458	-0.567460317460318
4459	-0.402777777777778
4460	-0.402777777777778
4461	-0.430555555555556
4462	-0.505952380952381
4463	-0.464285714285715
4464	-0.525793650793651
4465	-0.511904761904762
4466	-0.492063492063492
4467	-0.492063492063492
4468	-0.444444444444445
4469	-0.436507936507937
4470	-0.436507936507937
4471	-0.39484126984127
4472	-0.325396825396825
4473	-0.325396825396825
4474	-0.339285714285715
4475	-0.319444444444445
4476	-0.305555555555556
4477	-0.202380952380953
4478	-0.242063492063492
4479	-0.186507936507937
4480	-0.186507936507937
4481	-0.192460317460318
4482	-0.192460317460318
4483	-0.178571428571429
4484	-0.212301587301587
4485	-0.259920634920635
4486	-0.170634920634921
4487	-0.18452380952381
4488	-0.142857142857143
4489	-0.115079365079365
4490	-0.115079365079365
4491	-0.0873015873015874
4492	-0.0873015873015874
4493	-0.0734126984126986
4533	-0.0793650793650794
4534	-0.0793650793650794
4535	-0.0793650793650794
4536	-0.0654761904761905
4537	-0.0654761904761905
4538	-0.0515873015873016
4539	-0.0932539682539683
4540	-0.0932539682539683
4541	-0.0317460317460319
4542	0.00992063492063477
4543	0.0297619047619047
4544	0.0297619047619047
4545	0.00198412698412687
4546	0.0357142857142856
4547	0.0277777777777777
4548	0.109126984126984
4549	0.0674603174603173
4550	0.142857142857143
4551	0.0198412698412698
4552	-0.0218253968253969
4553	-0.00198412698412709
4554	-0.0357142857142858
4555	-0.0218253968253969
4556	0.0595238095238093
4557	0.0595238095238093
4558	0.140873015873016
4559	0.126984126984127
4560	0.113095238095238
4561	0.146825396825397
4562	0.119047619047619
4563	0.138888888888889
4564	0.0833333333333331
4565	0.0357142857142856
4566	0.0496031746031746
4567	0.0357142857142856
4568	0.00793650793650802
4569	-0.0337301587301588
4570	-0.0138888888888891
4571	-0.0218253968253972
4572	-0.0912698412698416
4573	-0.132936507936508
4574	-0.168650793650794
4575	-0.148809523809524
4576	-0.218253968253968
4577	-0.363095238095238
4578	-0.404761904761905
4579	-0.32936507936508
4580	-0.248015873015873
4581	-0.261904761904762
4582	-0.194444444444445
4583	-0.180555555555556
4584	-0.30952380952381
4585	-0.152777777777778
4586	-0.194444444444445
4587	-0.146825396825397
4588	-0.0912698412698414
4589	-0.166666666666667
4590	-0.194444444444445
4591	-0.174603174603175
4592	-0.277777777777778
4593	-0.291666666666667
4594	-0.359126984126985
4595	-0.359126984126985
4596	-0.378968253968254
4597	-0.440476190476191
4598	-0.345238095238096
4599	-0.359126984126985
4600	-0.208333333333334
4601	-0.188492063492063
4602	-0.216269841269842
4603	-0.277777777777778
4604	-0.271825396825397
4605	-0.291666666666667
4606	-0.353174603174603
4607	-0.359126984126985
4608	-0.255952380952381
4609	-0.214285714285714
4610	-0.192460317460318
4611	-0.18452380952381
4612	-0.053571428571429
4613	-0.0119047619047621
4614	-0.0119047619047621
4615	-0.101190476190477
4616	-0.0873015873015877
4617	0.00198412698412653
4618	-0.0932539682539686
4619	-0.0932539682539686
4620	-0.0178571428571432
4621	-0.0456349206349211
4622	-0.0734126984126988
4623	-0.0734126984126988
4624	-0.101190476190477
4625	-0.156746031746032
4626	-0.156746031746032
4627	-0.156746031746032
4628	-0.162698412698413
4629	-0.162698412698413
4630	-0.176587301587302
4631	-0.190476190476191
4632	-0.20436507936508
4633	-0.142857142857143
4634	-0.251984126984127
4635	-0.21031746031746
4636	-0.319444444444444
4637	-0.380952380952381
4638	-0.353174603174603
4639	-0.367063492063492
4640	-0.319444444444444
4641	-0.361111111111111
4642	-0.347222222222222
4643	-0.388888888888889
4644	-0.436507936507937
4645	-0.464285714285714
4646	-0.478174603174603
4647	-0.396825396825397
4648	-0.49404761904762
4649	-0.452380952380953
4650	-0.410714285714286
4651	-0.541666666666667
4652	-0.630952380952381
4653	-0.706349206349206
4654	-0.740079365079366
4655	-0.787698412698413
4656	-0.918650793650794
4657	-1.01388888888889
4658	-1.04761904761905
4659	-1.05357142857143
4660	-1.02579365079365
4661	-0.998015873015873
4662	-0.936507936507937
4663	-0.942460317460318
4664	-0.956349206349207
4665	-0.91468253968254
4666	-0.956349206349207
4667	-1.00396825396825
4668	-1.01785714285714
4669	-1.02380952380952
4670	-0.976190476190476
4671	-1.02380952380952
4672	-1.0515873015873
4673	-1.00992063492064
4680	-0.912698412698413
4681	-0.865079365079365
4682	-0.851190476190476
4690	-0.648809523809524
4691	-0.593253968253968
4692	-0.509920634920635
4696	-0.454365079365079
4697	-0.412698412698413
4815	-0.204365079365079
4816	-0.273809523809524
4823	-0.398809523809524
4825	-0.412698412698413
4915	-0.259920634920635
4917	-0.315476190476191
4918	-0.343253968253968
4919	-0.371031746031746
4920	-0.337301587301588
4921	-0.331349206349206
4922	-0.331349206349206
4923	-0.331349206349206
4924	-0.283730158730159
4925	-0.283730158730159
4926	-0.339285714285715
4927	-0.291666666666667
4928	-0.162698412698413
4929	-0.115079365079365
4930	-0.142857142857143
4931	-0.212301587301588
4932	-0.240079365079365
4933	-0.178571428571429
4934	-0.234126984126984
4935	-0.186507936507937
4936	-0.180555555555556
4937	-0.132936507936508
4938	-0.188492063492064
4939	-0.216269841269842
4940	-0.20436507936508
4941	-0.226190476190476
4942	-0.212301587301588
4943	-0.192460317460318
4944	-0.186507936507937
4945	-0.295634920634921
4946	-0.234126984126984
4947	-0.0972222222222223
4948	-0.214285714285714
4949	-0.180555555555556
4950	-0.180555555555556
4951	-0.194444444444445
4952	-0.152777777777778
4953	-0.138888888888889
4954	-0.0773809523809523
4955	-0.132936507936508
4956	-0.166666666666667
4957	-0.172619047619047
4958	-0.172619047619047
4959	-0.138888888888889
4960	-0.125
4961	-0.125
4962	-0.0357142857142858
4963	-0.00198412698412698
4964	-0.0496031746031746
4965	-0.0833333333333335
4966	-0.0773809523809523
4967	-0.0555555555555558
4968	-0.0753968253968251
4969	-0.0892857142857144
4970	-0.0694444444444449
4971	-0.103174603174603
4972	-0.0138888888888891
4973	0.01984126984127
4974	0.0138888888888888
4975	0.0416666666666663
4976	0.00198412698412653
4977	0.0297619047619044
4978	0.0436507936507933
4979	-0.0317460317460321
4980	-0.0039682539682544
4981	0.0297619047619044
4982	-0.0039682539682544
4983	-0.126984126984127
4984	-0.113095238095238
4985	-0.132936507936508
4986	-0.166666666666667
4987	-0.0912698412698416
4988	-0.0773809523809526
4989	-0.0912698412698416
4990	-0.138888888888889
4991	-0.0416666666666667
4992	-0.0833333333333335
4993	-0.0634920634920637
4994	-0.0972222222222223
4995	-0.158730158730159
4996	-0.172619047619048
4997	-0.172619047619048
4998	-0.192460317460318
4999	-0.273809523809524
5000	-0.321428571428572
5001	-0.390873015873016
5002	-0.382936507936508
5003	-0.396825396825397
5004	-0.382936507936508
5005	-0.402777777777778
5006	-0.39484126984127
5007	-0.422619047619048
5008	-0.517857142857143
5010	-0.551587301587302
5011	-0.551587301587302
5012	-0.537698412698413
5061	-0.440476190476191
5062	-0.454365079365079
5063	-0.43452380952381
5064	-0.43452380952381
5065	-0.462301587301588
5066	-0.476190476190476
5067	-0.448412698412699
5068	-0.503968253968254
5069	-0.55952380952381
5070	-0.545634920634921
5071	-0.484126984126984
5072	-0.484126984126984
5073	-0.498015873015873
5074	-0.470238095238095
5075	-0.498015873015873
5076	-0.53968253968254
5077	-0.492063492063492
5078	-0.478174603174603
5079	-0.492063492063492
5080	-0.567460317460318
5081	-0.609126984126984
5082	-0.692460317460318
5083	-0.700396825396825
5084	-0.652777777777778
5085	-0.625
5086	-0.563492063492064
5087	-0.597222222222222
5088	-0.611111111111111
5089	-0.748015873015873
5090	-0.80952380952381
5091	-0.795634920634921
5092	-0.815476190476191
5093	-0.753968253968254
5094	-0.746031746031746
5095	-0.732142857142857
5096	-0.68452380952381
5097	-0.676587301587302
5098	-0.648809523809524
5102	-0.523809523809524
5103	-0.523809523809524
5104	-0.496031746031746
5105	-0.440476190476191
5106	-0.454365079365079
5112	-0.426587301587302
5118	-0.246031746031746
5194	-0.253968253968254
5195	-0.295634920634921
5196	-0.315476190476191
5197	-0.357142857142857
5198	-0.398809523809524
5199	-0.378968253968254
5200	-0.406746031746032
5201	-0.420634920634921
5202	-0.448412698412699
5203	-0.456349206349207
5204	-0.442460317460318
5205	-0.484126984126984
5206	-0.484126984126984
5207	-0.484126984126984
5208	-0.450396825396826
5209	-0.402777777777778
5210	-0.402777777777778
5211	-0.430555555555556
5212	-0.444444444444445
5213	-0.430555555555556
5214	-0.416666666666667
5215	-0.450396825396826
5216	-0.422619047619048
5217	-0.511904761904762
5218	-0.484126984126984
5219	-0.55952380952381
5220	-0.573412698412699
5221	-0.503968253968254
5222	-0.531746031746032
5223	-0.470238095238095
5224	-0.375
5225	-0.375
5226	-0.313492063492064
5227	-0.386904761904762
5228	-0.41468253968254
5229	-0.400793650793651
5230	-0.400793650793651
5231	-0.325396825396825
5232	-0.39484126984127
5233	-0.333333333333333
5234	-0.353174603174603
5235	-0.39484126984127
5236	-0.422619047619048
5237	-0.416666666666667
5238	-0.444444444444445
5239	-0.464285714285715
5240	-0.369047619047619
5241	-0.363095238095238
5242	-0.301587301587302
5243	-0.301587301587302
5244	-0.343253968253968
5245	-0.432539682539683
5246	-0.529761904761905
5247	-0.496031746031746
5248	-0.565476190476191
5249	-0.593253968253969
5250	-0.607142857142857
5251	-0.587301587301588
5252	-0.656746031746032
5253	-0.670634920634921
5254	-0.68452380952381
5255	-0.656746031746032
5256	-0.698412698412699
5257	-0.740079365079366
5258	-0.734126984126984
5259	-0.795634920634921
5260	-0.890873015873016
5261	-0.918650793650794
5262	-0.938492063492064
5263	-0.98015873015873
5264	-1.0218253968254
5265	-1.03571428571429
5266	-1.16666666666667
5267	-1.2281746031746
5268	-1.21428571428571
5269	-1.28968253968254
5270	-1.25595238095238
5271	-1.24801587301587
5272	-1.17261904761905
5273	-1.14484126984127
5274	-1.15873015873016
5275	-1.15873015873016
5276	-1.25396825396825
5277	-1.21825396825397
5279	-1.17063492063492
5280	-1.1765873015873
5281	-1.12896825396825
5282	-1.02579365079365
5283	-1.03174603174603
5284	-0.91468253968254
5285	-0.928571428571429
5286	-0.900793650793651
5287	-1.00396825396825
5288	-0.976190476190476
5289	-0.93452380952381
5290	-0.990079365079366
5291	-1.01785714285714
5292	-0.948412698412699
5293	-1.00396825396825
5294	-1.02380952380952
5295	-1.09325396825397
5296	-1.10119047619048
5297	-1.08730158730159
5298	-1.06150793650794
5299	-1.03373015873016
5300	-0.986111111111111
5301	-1.01388888888889
5302	-0.944444444444445
5303	-0.882936507936508
5304	-0.821428571428572
5305	-0.68452380952381
5306	-0.732142857142858
5307	-0.66468253968254
5308	-0.706349206349206
5309	-0.767857142857143
5310	-0.767857142857143
5311	-0.740079365079366
5312	-0.781746031746032
5313	-0.80952380952381
5314	-0.761904761904762
5315	-0.898809523809524
5316	-0.926587301587302
5317	-0.932539682539683
5318	-0.904761904761905
5319	-0.898809523809524
5320	-0.97420634920635
5321	-0.904761904761905
5322	-0.884920634920635
5323	-0.753968253968254
5324	-0.706349206349206
5325	-0.706349206349206
5326	-0.569444444444444
5327	-0.474206349206349
5328	-0.535714285714286
5329	-0.48015873015873
5330	-0.452380952380953
5331	-0.382936507936508
5332	-0.327380952380953
5333	-0.341269841269842
5334	-0.347222222222222
5335	-0.265873015873016
5336	-0.257936507936508
5337	-0.190476190476191
5338	-0.20436507936508
5339	-0.251984126984127
5340	-0.251984126984127
5341	-0.382936507936508
5342	-0.355158730158731
5343	-0.375
5344	-0.39484126984127
5345	-0.422619047619048
5346	-0.347222222222222
5347	-0.382936507936508
5348	-0.369047619047619
5349	-0.355158730158731
5350	-0.313492063492063
5351	-0.271825396825397
5352	-0.224206349206349
5353	-0.293650793650794
5354	-0.33531746031746
5355	-0.438492063492064
5356	-0.466269841269842
5357	-0.535714285714286
5358	-0.619047619047619
5359	-0.666666666666667
5360	-0.646825396825397
5361	-0.599206349206349
5362	-0.680555555555556
5363	-0.736111111111111
5364	-0.73015873015873
5365	-0.757936507936508
5366	-0.827380952380953
5367	-0.827380952380953
5368	-0.888888888888889
5369	-0.966269841269841
5370	-1.04166666666667
5371	-1.1031746031746
5372	-1.11111111111111
5373	-1.19246031746032
5374	-1.42063492063492
5375	-1.37301587301587
5376	-1.47619047619048
5377	-1.40079365079365
5378	-1.42261904761905
5379	-1.53373015873016
5380	-1.52777777777778
5381	-1.52777777777778
5382	-1.64484126984127
5383	-1.76190476190476
5384	-1.76984126984127
5385	-1.90873015873016
5386	-2.06746031746032
5387	-1.98015873015873
5388	-2.04166666666667
5389	-2
5390	-2.00595238095238
5391	-1.95039682539683
5392	-1.93650793650794
5393	-1.90873015873016
5394	-1.94246031746032
5395	-2.01190476190476
5396	-2.03769841269841
5397	-2.14087301587302
5398	-2.16865079365079
5399	-2.20833333333333
5400	-2.25595238095238
5401	-2.26984126984127
5402	-2.26388888888889
5403	-2.27777777777778
5404	-2.26388888888889
5405	-2.20039682539683
5406	-2.21428571428571
5407	-2.2202380952381
5408	-2.20634920634921
5409	-2.23412698412699
5410	-2
5411	-2.08928571428571
5412	-2.11706349206349
5413	-2.1984126984127
5414	-2.21825396825397
5415	-2.16269841269841
5419	-1.90674603174603
5420	-1.86507936507937
5421	-1.75396825396825
5422	-1.66468253968254
5425	-1.73214285714286
5426	-1.71230158730159
5427	-1.78174603174603
5428	-1.65873015873016
5429	-1.59722222222222
5430	-1.56349206349206
5431	-1.50198412698413
5432	-1.55753968253968
5433	-1.52380952380952
5434	-1.57936507936508
5435	-1.52579365079365
5436	-1.51190476190476
5437	-1.40873015873016
5438	-1.37301587301587
5439	-1.31150793650794
5440	-1.3531746031746
5441	-1.39484126984127
5442	-1.33928571428571
5443	-1.31944444444444
5444	-1.25793650793651
5445	-1.05952380952381
5446	-1.01190476190476
5447	-1.08730158730159
5448	-1.01785714285714
5449	-0.990079365079366
5450	-0.928571428571429
5451	-0.867063492063492
5452	-0.861111111111111
5453	-0.72420634920635
5454	-0.668650793650794
5455	-0.75
5456	-0.797619047619048
5457	-0.755952380952381
5458	-0.700396825396825
5459	-0.686507936507937
5460	-0.714285714285714
5461	-0.78968253968254
5462	-0.837301587301588
5463	-0.775793650793651
5464	-0.80952380952381
5465	-0.871031746031746
5466	-0.821428571428572
5467	-0.827380952380953
5468	-0.799603174603175
5469	-0.777777777777778
5470	-0.708333333333333
5471	-0.783730158730159
5472	-0.708333333333333
5473	-0.797619047619048
5474	-0.797619047619048
5475	-0.859126984126984
5476	-0.817460317460318
5477	-0.761904761904762
5478	-0.761904761904762
5479	-0.878968253968254
5480	-1.04365079365079
5481	-1.20833333333333
5482	-1.24801587301587
5483	-1.2202380952381
5484	-1.17857142857143
5485	-1.17857142857143
5486	-1.21230158730159
5528	-1.05952380952381
5529	-1.0734126984127
5530	-1.05357142857143
5531	-1.12896825396825
5532	-1.05357142857143
5533	-1.06150793650794
5534	-0.972222222222222
5535	-1.01388888888889
5536	-1.01388888888889
5537	-0.98015873015873
5538	-0.972222222222222
5539	-0.952380952380952
5540	-0.932539682539683
5541	-0.95436507936508
5542	-0.948412698412699
5543	-0.942460317460318
5544	-0.902777777777778
5545	-0.958333333333333
5546	-0.986111111111111
5547	-0.863095238095238
5548	-0.95436507936508
5549	-0.886904761904762
5550	-0.797619047619048
5551	-0.783730158730159
5552	-0.783730158730159
5553	-0.777777777777778
5554	-0.89484126984127
5555	-0.861111111111111
5556	-0.938492063492064
5557	-1.03571428571429
5558	-1.1468253968254
5559	-1.0734126984127
5560	-1.12103174603175
5561	-0.916666666666667
5562	-0.964285714285715
5563	-0.964285714285715
5564	-0.942460317460318
5565	-0.942460317460318
5566	-0.976190476190476
5567	-0.942460317460318
5568	-0.956349206349207
5569	-0.91468253968254
5570	-0.900793650793651
5571	-0.873015873015873
5572	-0.845238095238096
5573	-0.865079365079366
5574	-0.817460317460318
5575	-0.865079365079366
5576	-0.775793650793651
5577	-0.740079365079366
5578	-0.68452380952381
5579	-0.670634920634921
5580	-0.656746031746032
5581	-0.51984126984127
5582	-0.464285714285715
5583	-0.533730158730159
5584	-0.484126984126984
5585	-0.545634920634921
5586	-0.573412698412699
5587	-0.573412698412699
5588	-0.573412698412699
5589	-0.57936507936508
5590	-0.57936507936508
5591	-0.557539682539683
5592	-0.466269841269841
5593	-0.430555555555556
5594	-0.319444444444445
5595	-0.39484126984127
5596	-0.408730158730159
5597	-0.58531746031746
5598	-0.58531746031746
5599	-0.468253968253968
5600	-0.557539682539683
5601	-0.58531746031746
5602	-0.571428571428571
5603	-0.490079365079365
5604	-0.551587301587302
5605	-0.503968253968254
5606	-0.57936507936508
5607	-0.648809523809524
5608	-0.656746031746032
5609	-0.68452380952381
5610	-0.773809523809524
5611	-0.712301587301588
5612	-0.740079365079366
5613	-0.80952380952381
5614	-0.871031746031746
5615	-0.904761904761905
5616	-0.938492063492064
5617	-1
5618	-0.966269841269841
5619	-1.01984126984127
5620	-0.944444444444445
5621	-0.978174603174603
5622	-1.05357142857143
5623	-1.06746031746032
5624	-1.02579365079365
5625	-1.08134920634921
5626	-0.992063492063492
5627	-0.978174603174603
5628	-0.89484126984127
5629	-0.880952380952381
5630	-0.880952380952381
5631	-0.865079365079366
5632	-0.851190476190476
5633	-0.78968253968254
5634	-0.775793650793651
5635	-0.884920634920635
5636	-0.76984126984127
5637	-0.742063492063492
5638	-0.680555555555556
5639	-0.837301587301588
5640	-0.859126984126984
5641	-0.940476190476191
5642	-0.912698412698413
5643	-0.843253968253969
5644	-0.932539682539683
5645	-0.904761904761905
5646	-0.882936507936508
5647	-0.902777777777778
5648	-0.956349206349207
5649	-0.942460317460318
5650	-0.984126984126984
5651	-1.02579365079365
5652	-0.998015873015873
5653	-1.08730158730159
5654	-1.05952380952381
5655	-1.10714285714286
5656	-1.12103174603175
5657	-1.13492063492063
5658	-1.09325396825397
5659	-1.10714285714286
5660	-1.10714285714286
5661	-1.06547619047619
5663	-1.12103174603175
5664	-1.13492063492063
5665	-1.12103174603175
5666	-1.1765873015873
5667	-1.1765873015873
5668	-1.19047619047619
5669	-1.20436507936508
5670	-1.23214285714286
5671	-1.24603174603175
5681	-0.968253968253968
5682	-1.03769841269841
5683	-1.00992063492064
5684	-1.0515873015873
5685	-0.942460317460318
5686	-0.859126984126984
5687	-0.831349206349207
5688	-0.865079365079365
5689	-0.775793650793651
5690	-0.817460317460318
5691	-0.783730158730159
5692	-0.803571428571429
5693	-0.694444444444444
5694	-0.777777777777778
5695	-0.771825396825397
5696	-0.771825396825397
5697	-0.799603174603175
5698	-0.785714285714286
5699	-0.805555555555556
5700	-0.833333333333334
5701	-0.888888888888889
5702	-0.861111111111111
5703	-0.827380952380953
5704	-0.869047619047619
5705	-0.930555555555556
5706	-0.930555555555556
5707	-0.944444444444445
5708	-0.986111111111111
5709	-1.0952380952381
5710	-1.07539682539683
5711	-1.12301587301587
5712	-1.10912698412698
5713	-1.03373015873016
5714	-0.972222222222222
5715	-0.944444444444445
5716	-0.944444444444445
5717	-1.03373015873016
5718	-0.960317460317461
5719	-0.892857142857143
5720	-0.906746031746032
5721	-0.946428571428572
5722	-1.05753968253968
5723	-1.07142857142857
5724	-0.942460317460318
5725	-1.10119047619048
5726	-1.04563492063492
5727	-0.998015873015873
5728	-0.998015873015873
5729	-1.09325396825397
5730	-1.12103174603175
5731	-1.13492063492064
5732	-1.0734126984127
5733	-1.02579365079365
5734	-1.10912698412698
5735	-1.12301587301587
5736	-1.12301587301587
5737	-1.07539682539683
5738	-1.07539682539683
5739	-1.16468253968254
5740	-1.06150793650794
5741	-0.986111111111111
5742	-0.958333333333333
5743	-0.882936507936508
5744	-0.746031746031746
5745	-0.746031746031746
5746	-0.779761904761905
5747	-0.724206349206349
5748	-0.724206349206349
5749	-0.71031746031746
5750	-0.738095238095238
5751	-0.751984126984127
5752	-0.771825396825397
5753	-0.771825396825397
5754	-0.803571428571429
5755	-0.851190476190476
5756	-0.80952380952381
5757	-0.851190476190476
5758	-0.795634920634921
5759	-0.672619047619048
5760	-0.720238095238095
5761	-0.583333333333333
5762	-0.597222222222223
5763	-0.625
5764	-0.625
5765	-0.557539682539683
5766	-0.426587301587302
5767	-0.418650793650794
5768	-0.48015873015873
5769	-0.507936507936508
5770	-0.438492063492064
5771	-0.438492063492064
5772	-0.384920634920635
5773	-0.384920634920635
5774	-0.248015873015873
5775	-0.186507936507937
5776	-0.146825396825397
5777	-0.25
5778	-0.244047619047619
5779	-0.396825396825397
5780	-0.521825396825397
5781	-0.406746031746032
5782	-0.442460317460317
5783	-0.444444444444444
5784	-0.444444444444444
5785	-0.51984126984127
5786	-0.603174603174603
5787	-0.658730158730159
5788	-0.523809523809524
5789	-0.509920634920635
5790	-0.476190476190476
5791	-0.537698412698413
5792	-0.490079365079365
5793	-0.41468253968254
5794	-0.41468253968254
5795	-0.400793650793651
5796	-0.448412698412699
5797	-0.523809523809524
5798	-0.55952380952381
5799	-0.503968253968255
5800	-0.327380952380953
5801	-0.238095238095239
5802	-0.103174603174604
5803	-0.14484126984127
5804	-0.297619047619048
5805	-0.255952380952381
5806	-0.126984126984127
5807	-0.113095238095239
5808	-0.180555555555556
5809	-0.152777777777778
5810	-0.214285714285714
5811	-0.132936507936509
5812	-0.261904761904762
5813	-0.14484126984127
5814	-0.14484126984127
5815	-0.0337301587301591
5816	0.0218253968253963
5817	-0.0476190476190479
5818	-0.0952380952380953
5819	-0.101190476190476
5820	-0.0119047619047619
5821	0.115079365079364
5822	0.0952380952380949
5823	0.204365079365079
5824	0.0615079365079358
5825	0.218253968253968
5826	0.319444444444444
5827	0.359126984126984
5828	0.331349206349206
5829	0.200396825396825
5830	0.27579365079365
5831	0.27579365079365
5832	0.200396825396825
5833	0.283730158730159
5834	0.331349206349206
5835	0.220238095238095
5836	0.253968253968254
5837	0.15079365079365
5838	0.049603174603174
5839	0.14484126984127
5840	0.323412698412698
5841	0.240079365079365
5842	0.33531746031746
5843	0.422619047619047
5844	0.537698412698412
5845	0.515873015873016
5846	0.454365079365079
5847	0.386904761904761
5848	0.652777777777778
5849	0.583333333333333
5850	0.638888888888889
5851	0.694444444444445
5852	0.682539682539682
5853	0.650793650793651
5854	0.775793650793651
5855	0.75595238095238
5856	0.694444444444444
5857	0.567460317460317
5858	0.650793650793651
5859	0.625
5860	0.646825396825396
5861	0.462301587301587
5862	0.341269841269841
5863	0.357142857142857
5864	0.46031746031746
5865	0.515873015873016
5866	0.515873015873016
5867	0.42063492063492
5868	0.490079365079365
5869	0.470238095238095
5870	0.424603174603174
5871	0.468253968253968
5872	0.25
5873	0.202380952380952
5874	0.154761904761905
5875	0.0734126984126979
5876	0.115079365079365
5877	0.184523809523809
5878	-0.0615079365079365
5879	-0.0873015873015877
5880	-0.188492063492064
5881	-0.255952380952381
5882	-0.174603174603175
5883	-0.25
5884	-0.482142857142858
5885	-0.43452380952381
5886	-0.456349206349206
5887	-0.464285714285714
5888	-0.513888888888889
5889	-0.605158730158731
5890	-0.565476190476191
5891	-0.621031746031746
5892	-0.732142857142857
5893	-0.728174603174603
5894	-0.75
5895	-0.777777777777778
5896	-0.833333333333334
5897	-0.676587301587302
5898	-0.527777777777778
5899	-0.501984126984127
5900	-0.529761904761905
5901	-0.482142857142857
5902	-0.456349206349207
5903	-0.505952380952381
5904	-0.569444444444445
5905	-0.571428571428572
5906	-0.355158730158731
5907	-0.424603174603176
5908	-0.424603174603176
5909	-0.376984126984128
5910	-0.382936507936508
5911	-0.103174603174603
5912	-0.035714285714286
5913	-0.0218253968253967
5914	0.101190476190475
5915	0.121031746031746
5916	0.345238095238095
5917	0.446428571428571
5918	0.575396825396825
5919	0.874999999999999
5920	0.948412698412699
5921	0.857142857142857
5922	0.795634920634921
5923	0.823412698412698
5924	1.20436507936508
5925	1.45039682539683
5926	1.49007936507936
5927	1.5297619047619
5928	1.79563492063492
5929	1.77777777777778
5930	1.81944444444444
5931	1.83928571428571
5932	2.07738095238095
5933	2.0297619047619
5934	2.15277777777778
5935	2.3234126984127
5936	2.1031746031746
5937	2.17857142857143
5938	2.26785714285714
5939	2.41865079365079
5940	2.57539682539683
5941	2.63095238095238
5942	2.35912698412698
5943	2.35912698412698
5944	2.40079365079365
5945	2.38095238095238
5946	2.36706349206349
5947	2.20238095238095
5948	2.08134920634921
5949	2.09523809523809
5950	1.92460317460317
5951	1.81547619047619
5952	1.75396825396825
5953	1.78968253968254
5954	1.64087301587302
5955	1.49007936507936
5956	1.39484126984127
5957	1.47222222222222
5958	1.6031746031746
5959	1.60912698412698
5960	1.33730158730159
5961	1.16865079365079
5962	1.1765873015873
5963	1.21825396825397
5964	1.07539682539683
5965	0.990079365079364
5966	0.865079365079364
5967	0.96031746031746
5968	0.763888888888889
5969	0.682539682539682
5970	0.525793650793651
5971	0.327380952380952
5972	0.533730158730158
5973	0.410714285714285
5974	0.192460317460317
5975	0.0912698412698405
5976	0.0793650793650791
5977	-0.07936507936508
5978	-0.0257936507936507
5979	0.0357142857142847
5980	0.049603174603174
5981	0.0297619047619047
5982	0.0833333333333326
5983	-0.0119047619047623
5984	-0.0952380952380953
5985	-0.156746031746032
5986	-0.115079365079365
5987	-0.0734126984126986
5988	-0.160714285714286
5989	-0.26984126984127
5990	-0.275793650793651
5991	-0.321428571428572
5992	-0.277777777777778
5993	-0.345238095238095
5994	-0.378968253968254
5995	-0.466269841269842
5996	-0.525793650793651
5997	-0.511904761904762
5998	-0.646825396825397
5999	-0.64484126984127
6000	-0.656746031746032
6001	-0.515873015873016
6002	-0.410714285714286
6003	-0.511904761904762
6004	-0.573412698412699
6005	-0.573412698412699
6006	-0.688492063492064
6007	-0.686507936507937
6008	-0.678571428571429
6009	-0.678571428571429
6010	-0.636904761904762
6011	-0.706349206349207
6012	-0.773809523809524
6021	-4.16071428571429
6022	-5.32142857142857
6023	-6.17857142857143
6024	-6.28373015873016
6025	-6.48412698412698
6026	-6.49206349206349
6027	-6.49206349206349
6028	-6.7281746031746
6029	-6.69642857142857
6030	-6.72420634920635
6031	-6.71031746031746
6032	-6.71031746031746
6033	-6.71031746031746
6034	-6.71031746031746
6035	-6.71031746031746
6036	-6.71031746031746
6037	-6.71031746031746
6038	-6.71031746031746
6039	-6.68253968253968
6040	-6.64087301587302
6041	-6.58531746031746
6042	-6.55753968253968
6043	-6.55753968253968
6044	-6.55753968253968
6045	-6.50198412698413
6046	-6.50198412698413
6047	-6.40476190476191
6048	-6.40476190476191
6049	-6.39087301587302
6050	-6.37698412698413
6051	-6.34920634920635
6052	-6.07142857142857
6053	-5.65476190476191
6054	-4.29563492063492
6055	-3.21825396825397
6056	-3.10714285714286
6057	-2.69047619047619
6058	-1.47420634920635
