7	0.261111111111111
8	0.230555555555556
9	0.35
10	0.588888888888889
11	0.680555555555555
12	0.863888888888889
13	0.875
14	0.966666666666667
15	1.17777777777778
16	1.30833333333333
17	1.45277777777778
18	1.59722222222222
19	1.99444444444444
20	2.125
21	2.39166666666667
22	2.61666666666667
23	3.05555555555556
24	3.10833333333333
25	3.10555555555556
26	3.225
27	3.38333333333333
28	3.50277777777778
29	3.71388888888889
30	3.85833333333333
31	4.03055555555556
32	4.21666666666667
33	4.21666666666667
34	4.40277777777778
35	4.69444444444444
36	4.70555555555556
37	4.825
38	4.80277777777778
39	4.81388888888889
40	4.74722222222222
41	4.81388888888889
42	5.16111111111111
43	5.21388888888889
44	5.35
45	5.11944444444444
46	5.06666666666667
47	5.18611111111111
48	4.86666666666667
49	5.05277777777778
50	5.19722222222222
51	4.88888888888889
52	5.05
53	4.98055555555556
54	4.94166666666667
55	4.55555555555556
56	4.38055555555555
57	4.17777777777778
58	4.08611111111111
59	3.76388888888889
60	3.54722222222222
61	3.44166666666667
62	3.50555555555556
63	3.56944444444444
64	3.52777777777778
65	3.46111111111111
66	3.32777777777778
67	3.28611111111111
68	3.02777777777778
69	3.33055555555556
70	3.38055555555555
71	3.23333333333333
72	3.35555555555556
73	2.84444444444444
74	2.26944444444444
75	2.93888888888889
76	2.96666666666667
77	3.03333333333333
78	2.63055555555555
79	2.56388888888889
80	2.64444444444444
81	2.68611111111111
82	2.48333333333333
83	2.42777777777778
84	2.38888888888889
85	2.31111111111111
86	1.83055555555556
87	1.83333333333333
88	1.91111111111111
89	1.925
90	2.00555555555556
91	2.125
92	2.3
93	2.48888888888889
94	2.59444444444444
95	2.46111111111111
96	2.78333333333333
97	2.84722222222222
98	2.70277777777778
99	2.83888888888889
100	2.89166666666667
101	2.79722222222222
102	2.83611111111111
103	2.65
104	2.65
105	2.74444444444444
106	2.88055555555555
107	3.12222222222222
108	3.10833333333333
109	3.24444444444444
110	3.325
111	3.35
112	3.37777777777778
113	3.57777777777778
114	4.15277777777778
115	4.19166666666667
116	4.375
117	4.6
118	5.10833333333333
119	5.33333333333333
120	4.99444444444444
121	5.28333333333333
122	5.3
123	5.33888888888889
124	5.37777777777778
125	5.32777777777778
126	5.19166666666667
127	5.25833333333333
128	5.325
129	5.49444444444444
130	5.77222222222222
131	5.66388888888889
132	5.32777777777778
133	5.61111111111111
134	5.68888888888889
135	5.71666666666667
136	5.86111111111111
137	5.88888888888889
138	5.72777777777778
139	5.72777777777778
140	5.91944444444444
141	6.06666666666667
142	5.95833333333333
143	5.86388888888889
144	6.05277777777778
145	6.03888888888889
146	5.45277777777778
147	5.56111111111111
148	5.41388888888889
149	5.36111111111111
150	5.63055555555556
151	5.75
152	5.59166666666667
153	5.35277777777778
154	5.08611111111111
155	5.025
156	5.18611111111111
157	5.13611111111111
158	5.28055555555556
159	5.29444444444444
160	5.17777777777778
161	5.06944444444444
162	4.86944444444444
163	5.00277777777778
164	5.04444444444444
165	4.85833333333333
166	5.03055555555556
167	5.06944444444444
168	5.17777777777778
169	5.29444444444444
170	5.10277777777778
171	5.24444444444445
172	5.42222222222222
173	5.39444444444444
174	5.66388888888889
175	5.5
176	5.28055555555556
177	5.11666666666667
178	5.15833333333333
179	5.31666666666667
180	5.44722222222222
181	5.61944444444444
182	5.75
183	5.84166666666667
184	5.75833333333333
185	5.79722222222222
186	5.45833333333333
187	5.32222222222222
188	5.38888888888889
189	5.33333333333333
190	5.63888888888889
191	5.70277777777778
192	5.56944444444444
193	5.41666666666667
194	5.41388888888889
195	5.65277777777778
196	5.3
197	5.23055555555556
198	5.11111111111111
199	5.06944444444444
200	5.12222222222222
201	5.09722222222222
202	4.83055555555555
203	4.71111111111111
204	4.44166666666667
205	4.27222222222222
206	4.43611111111111
207	4.73333333333333
208	4.56111111111111
209	4.575
210	4.61666666666667
211	4.64722222222222
212	4.49444444444444
213	4.51111111111111
214	4.39166666666667
215	4.31666666666667
216	4.15833333333333
217	3.90555555555555
218	3.90833333333333
219	3.69444444444444
220	3.69722222222222
221	3.43055555555555
222	3.19166666666667
223	3.15277777777778
224	3.19444444444444
225	3.41111111111111
226	3.16944444444444
227	2.825
228	3
229	3.15555555555556
230	2.78611111111111
231	2.6
232	2.95277777777778
233	2.93055555555556
234	2.98611111111111
235	3.28055555555556
236	2.98611111111111
237	3.14722222222222
238	3.23055555555556
239	2.84444444444444
240	2.9
241	2.80555555555555
242	2.83333333333333
243	2.76666666666667
244	2.83055555555556
245	2.99166666666667
246	2.96388888888889
247	2.95
248	3.01111111111111
249	2.83611111111111
250	3.13055555555555
251	2.99444444444444
252	3.15277777777778
253	3.1
254	3.23333333333333
255	3.24722222222222
256	3.14166666666667
257	3.18333333333333
258	3.14722222222222
259	3.33611111111111
260	3.06666666666667
261	2.88055555555556
262	2.82777777777778
263	2.96111111111111
264	2.69444444444444
265	2.53333333333333
266	2.30555555555555
267	2.16111111111111
268	2.14722222222222
269	2.37222222222222
270	2.28055555555556
271	2.2
272	2.175
273	2.02777777777778
274	1.82777777777778
275	1.76388888888889
276	1.71388888888889
277	1.51388888888889
278	1.675
279	1.90277777777778
280	2.01111111111111
281	1.81111111111111
282	1.53055555555555
283	1.38611111111111
284	1.34722222222222
285	1.45555555555556
286	1.26944444444444
287	1.18888888888889
288	1.17777777777778
289	1.13888888888889
290	1.24722222222222
291	1.18055555555556
292	1.18055555555556
293	1.36666666666667
294	1.39444444444444
295	1.40833333333333
296	1.57222222222222
297	1.34444444444444
298	1.36111111111111
299	1.25555555555556
300	1.28333333333333
301	1.35
302	1.71111111111111
303	1.58888888888889
304	1.62777777777778
305	1.49444444444444
306	1.48055555555556
307	1.45555555555556
308	1.61666666666667
309	1.81666666666667
310	1.85555555555556
311	1.72222222222222
312	1.53611111111111
313	1.65833333333333
314	1.57777777777778
315	1.56111111111111
316	1.61388888888889
317	1.65277777777778
318	1.53055555555556
319	1.75833333333333
320	1.74722222222222
321	1.73333333333333
322	1.89166666666667
323	1.94444444444444
324	2.03611111111111
325	2.11666666666667
326	2.28888888888889
327	2.33055555555556
328	2.38055555555556
329	2.28611111111111
330	2.45833333333333
331	2.59166666666667
332	2.51111111111111
333	2.51111111111111
334	2.35
335	2.49722222222222
336	2.55
337	2.68333333333333
338	2.52222222222222
339	2.83055555555556
340	3.08611111111111
341	2.97777777777778
342	3.29722222222222
343	3.36388888888889
344	3.33611111111111
345	3.28055555555556
346	3.425
347	3.49166666666667
348	3.50555555555555
349	3.54444444444444
350	3.44722222222222
351	3.56666666666667
352	3.80833333333333
353	3.82222222222222
354	3.73055555555556
355	3.64722222222222
356	3.91111111111111
357	4.12222222222222
358	3.975
359	4
360	3.90833333333333
361	3.93333333333333
362	3.69166666666667
363	3.78611111111111
364	3.89444444444444
365	4.05277777777778
366	3.94444444444444
367	3.9
368	3.95
369	4
370	4.35833333333333
371	4.07777777777778
372	3.82222222222222
373	3.88888888888889
374	3.80833333333333
375	4.11388888888889
376	4.11388888888889
377	4.525
378	4.33888888888889
379	4.24722222222222
380	4.325
381	4.71388888888889
382	4.66388888888889
383	4.86111111111111
384	4.87222222222222
385	5.00555555555556
386	5.30277777777778
387	5.275
388	5.16666666666667
389	5.20555555555556
390	5.26944444444444
391	5.28333333333333
392	5.20555555555556
393	5.41666666666667
394	5.70555555555556
395	5.81388888888889
396	6
397	5.94444444444444
398	6.11944444444445
399	6.275
400	6.60833333333333
401	6.46111111111111
402	6.79444444444444
403	7.11944444444444
404	7.05555555555555
405	7.17777777777778
406	7.08611111111111
407	7.55277777777778
408	8.23611111111111
409	8.15277777777778
410	8.3
411	8.27222222222222
412	8.38888888888889
413	8.5
414	8.59444444444444
415	8.33888888888889
416	8.40833333333333
417	8.03611111111111
418	7.83611111111111
419	8.03888888888889
420	8
421	7.8
422	7.82777777777778
423	7.99166666666667
424	8.01944444444444
425	7.80833333333333
426	7.73333333333333
427	7.84166666666667
428	7.50833333333333
429	7.49722222222222
430	7.34444444444444
431	7.05277777777778
432	6.93333333333333
433	6.81388888888889
434	6.70555555555556
435	6.72222222222222
436	6.72222222222222
437	6.88611111111111
438	6.94166666666667
439	6.42222222222222
440	6.63611111111111
441	6.46388888888889
442	6.30555555555556
443	6.38611111111111
444	6.08055555555556
445	5.91111111111111
446	5.67222222222222
447	5.91388888888889
448	5.62222222222222
449	5.34166666666667
450	5.075
451	4.875
452	4.60833333333333
453	4.75555555555555
454	4.875
455	4.86111111111111
456	4.75277777777778
457	4.80555555555555
458	5.17777777777778
459	5.11111111111111
460	5.15277777777778
461	5.13888888888889
462	5.04444444444444
463	4.85833333333333
464	4.925
465	4.76666666666667
466	4.40277777777778
467	4.52222222222222
468	4.12222222222222
469	4.09722222222222
470	4.11388888888889
471	4.16666666666667
472	3.96388888888889
473	3.80277777777778
474	3.76111111111111
475	3.69166666666667
476	3.28888888888889
477	3.19444444444444
478	3.23333333333333
479	2.65833333333333
480	2.60277777777778
481	2.65277777777778
482	2.83888888888889
483	2.78333333333333
484	2.875
485	2.74166666666667
486	2.72777777777778
487	2.58055555555556
488	2.5
489	2.15277777777778
490	1.91111111111111
491	1.85833333333333
492	1.925
493	2.00277777777778
494	1.90833333333333
495	1.76111111111111
496	1.71944444444444
497	1.65277777777778
498	1.68055555555556
499	1.86666666666667
500	1.87777777777778
501	1.65
502	1.55833333333333
503	1.34444444444444
504	1.28888888888889
505	1.38333333333333
506	1.39444444444444
507	1.075
508	1.20833333333333
509	1.16944444444444
510	1.11666666666667
511	1.14444444444444
512	1.06666666666667
513	1.02777777777778
514	0.894444444444444
515	0.802777777777778
516	0.724999999999999
517	0.675
518	0.583333333333333
519	0.572222222222222
520	0.505555555555556
521	0.747222222222222
522	0.533333333333333
523	0.722222222222222
524	0.830555555555555
525	0.777777777777777
526	0.713888888888889
527	0.725
528	0.925
529	1.14166666666667
530	1.43611111111111
531	1.43611111111111
532	1.55555555555555
533	1.68888888888889
534	1.72777777777778
535	1.675
536	1.70277777777778
537	1.73055555555556
538	1.90555555555556
539	1.98611111111111
540	2.06944444444444
541	1.92222222222222
542	2.04444444444444
543	2.25833333333333
544	2.43611111111111
545	2.47777777777778
546	2.50555555555556
547	2.61388888888889
548	2.74722222222222
549	2.81388888888889
550	2.73333333333333
551	2.75833333333333
552	2.74444444444444
553	2.73055555555556
554	2.78333333333333
555	2.82222222222222
556	2.825
557	2.42222222222222
558	2.475
559	2.26111111111111
560	2.13888888888889
561	2.01666666666667
562	1.90833333333333
563	1.81666666666667
564	1.45833333333333
565	1.23055555555556
566	1.04166666666667
567	0.866666666666667
568	0.905555555555556
569	0.866666666666667
570	0.733333333333333
571	0.733333333333333
572	0.666666666666667
573	0.661111111111111
574	0.619444444444444
575	0.405555555555556
576	0.230555555555556
577	0.241666666666666
578	0.211111111111111
579	0.341666666666666
580	0.247222222222222
581	0.0972222222222221
582	-0.0666666666666664
583	-0.136111111111111
584	-0.269444444444445
585	-0.388888888888889
586	-0.272222222222223
587	-0.313888888888889
588	-0.247222222222222
589	-0.247222222222222
590	-0.263888888888889
591	-0.316666666666666
592	-0.411111111111111
593	-0.344444444444445
594	-0.222222222222222
595	-0.102777777777778
596	0.0444444444444443
597	0.286111111111111
598	0.391666666666666
599	0.405555555555555
600	0.430555555555555
601	0.430555555555555
602	0.566666666666666
603	0.622222222222222
604	0.422222222222222
605	0.261111111111111
606	0.247222222222222
607	0.177777777777778
608	0.258333333333333
609	0.275
610	0.275
611	0.141666666666667
612	0.194444444444444
613	0.113888888888888
614	0.116666666666667
615	-0.0166666666666666
616	-0.0166666666666666
617	0.119444444444444
618	0.241666666666667
619	0.255555555555556
620	0.375
621	0.469444444444444
622	0.483333333333333
623	0.458333333333333
624	0.419444444444444
625	0.511111111111111
626	0.633333333333333
627	0.713888888888889
628	0.830555555555555
629	0.816666666666666
630	0.775
631	0.586111111111111
632	0.438888888888889
633	0.358333333333333
634	0.225
635	0.372222222222222
636	0.347222222222222
637	0.441666666666666
638	0.413888888888889
639	0.466666666666667
640	0.469444444444444
641	0.602777777777778
642	0.644444444444445
643	0.633333333333333
644	0.608333333333333
645	0.716666666666667
646	0.930555555555555
647	1.00833333333333
648	0.927777777777778
649	1.03333333333333
650	1.16666666666667
651	1.24722222222222
652	1.11111111111111
653	1.05555555555555
654	0.963888888888889
655	0.991666666666666
656	1.07222222222222
657	1.03055555555556
658	1.03055555555556
659	1.125
660	1.05555555555555
661	1.16388888888889
662	1.11111111111111
663	1.03055555555556
664	1.1
665	1.06111111111111
666	0.969444444444444
667	0.997222222222222
668	0.969444444444444
669	1.08888888888889
670	1.15555555555556
671	1.05833333333333
672	1.03055555555556
673	0.869444444444444
674	0.788888888888889
675	0.627777777777777
676	0.533333333333334
677	0.636111111111111
678	0.636111111111111
679	0.622222222222222
680	0.808333333333333
681	0.647222222222222
682	0.727777777777777
683	0.891666666666666
684	1.11944444444444
685	1.24444444444444
686	1.05833333333333
687	1.15277777777778
688	1.20833333333333
689	1.27777777777778
690	1.08611111111111
691	1.03333333333333
692	1.11388888888889
693	1.00833333333333
694	1.14444444444444
695	1.225
696	1.11666666666667
697	0.833333333333333
698	1.11388888888889
699	1.275
700	1.30277777777778
701	1.26388888888889
702	1.23611111111111
703	1.37222222222222
704	1.50555555555556
705	1.39722222222222
706	1.67777777777778
707	1.78611111111111
708	1.79722222222222
709	1.81111111111111
710	1.83611111111111
711	1.82222222222222
712	1.94166666666667
713	2.07777777777778
714	1.98333333333333
715	1.98333333333333
716	1.78333333333333
717	1.78333333333333
718	1.64722222222222
719	1.71111111111111
720	1.49722222222222
721	1.425
722	1.35555555555556
723	1.13888888888889
724	1.23333333333333
725	1.28611111111111
726	1.41111111111111
727	1.275
728	1.24444444444444
729	1.35277777777778
730	1.04444444444444
731	0.947222222222222
732	1.13333333333333
733	1.36111111111111
734	1.18611111111111
735	1.075
736	1.06111111111111
737	1.21944444444444
738	1.12777777777778
739	0.977777777777777
740	0.991666666666666
741	1.16666666666667
742	1.04722222222222
743	0.966666666666666
744	0.780555555555555
745	0.658333333333333
746	0.497222222222222
747	0.655555555555555
748	0.777777777777777
749	0.616666666666666
750	0.575
751	0.655555555555555
752	0.802777777777778
753	0.791666666666666
754	0.791666666666666
755	0.619444444444444
756	0.605555555555555
757	0.636111111111111
758	0.838888888888889
759	0.986111111111111
760	0.797222222222222
761	0.780555555555555
762	0.669444444444444
763	0.655555555555555
764	0.727777777777777
765	0.619444444444444
766	0.563888888888889
767	0.508333333333333
768	0.349999999999999
769	0.177777777777778
770	0.174999999999999
771	0.0555555555555549
772	0.108333333333333
773	-0.163888888888889
774	-0.152777777777778
775	0.0472222222222225
776	0.216666666666667
777	0.083333333333333
778	0.0527777777777776
779	0.108333333333333
780	0.11111111111111
781	0.152777777777776
782	0.208333333333333
783	-0.0555555555555554
784	-0.0694444444444446
785	-0.0555555555555554
786	0.0416666666666661
787	-0.0388888888888892
788	-0.105555555555555
789	-0.0666666666666673
790	-0.0500000000000003
791	-0.113888888888889
792	0.088888888888889
793	-0.0972222222222228
794	-0.15
795	-0.227777777777778
796	-0.186111111111111
797	-0.238888888888889
798	-0.0750000000000002
799	-0.0333333333333337
800	-0.208333333333333
801	-0.247222222222222
802	-0.230555555555556
803	-0.158333333333333
804	-0.0750000000000002
805	-0.0750000000000002
806	-0.0722222222222224
807	0.0111111111111106
808	-0.266666666666667
809	-0.166666666666667
810	-0.311111111111111
811	-0.483333333333333
812	-0.344444444444445
813	-0.275
814	-0.194444444444445
815	-0.302777777777778
816	-0.436111111111111
817	-0.461111111111111
837	-0.541666666666667
838	-0.527777777777778
839	-0.583333333333333
840	-0.638888888888889
841	-0.611111111111111
842	-0.638888888888889
843	-0.638888888888889
844	-0.638888888888889
845	-0.638888888888889
846	-0.477777777777778
847	-0.491666666666667
848	-0.530555555555556
849	-0.530555555555556
850	-0.527777777777778
851	-0.352777777777778
852	-0.338888888888889
853	-0.352777777777778
854	-0.338888888888889
855	-0.227777777777778
856	-0.2
857	-0.158333333333333
858	-0.0888888888888889
859	-0.075
860	-0.0361111111111112
861	-0.0638888888888891
862	-0.0500000000000003
863	-0.0500000000000003
864	-0.102777777777778
865	-0.158333333333333
866	-0.116666666666667
867	-0.0888888888888889
868	-0.0888888888888889
869	0.0472222222222221
870	-0.00555555555555554
871	0.0222222222222223
872	-0.0694444444444445
952	-0.833333333333334
953	-0.808333333333334
954	-0.647222222222223
955	-0.619444444444445
956	-0.619444444444445
957	-0.688888888888889
958	-0.65
959	-0.636111111111111
960	-0.65
961	-0.663888888888889
962	-0.580555555555556
963	-0.663888888888889
964	-0.65
965	-0.594444444444445
966	-0.622222222222222
967	-0.622222222222222
968	-0.636111111111111
969	-0.555555555555556
970	-0.569444444444444
971	-0.527777777777778
972	-0.569444444444444
973	-0.65
974	-0.730555555555556
975	-0.852777777777778
976	-0.908333333333333
977	-0.963888888888889
978	-0.925
979	-1.06111111111111
980	-1.04722222222222
981	-1.03333333333333
982	-0.897222222222222
983	-0.8
984	-0.744444444444445
985	-0.744444444444445
986	-0.755555555555556
987	-0.616666666666667
988	-0.697222222222222
989	-0.683333333333333
990	-0.711111111111111
991	-0.7
992	-0.7
993	-0.577777777777778
994	-0.588888888888889
995	-0.644444444444445
996	-0.658333333333333
997	-0.644444444444445
998	-0.672222222222222
999	-0.591666666666667
1000	-0.605555555555556
1001	-0.580555555555556
1002	-0.538888888888889
1003	-0.511111111111111
1004	-0.483333333333333
1005	-0.55
1006	-0.494444444444444
1007	-0.561111111111111
1008	-0.533333333333333
1009	-0.372222222222222
1010	-0.372222222222222
1011	-0.330555555555556
1012	-0.275
1013	-0.261111111111111
1014	-0.338888888888889
1015	-0.255555555555556
1016	-0.325
1017	-0.230555555555556
1018	-0.216666666666667
1019	-0.258333333333333
1020	-0.286111111111111
1021	-0.325
1022	-0.286111111111111
1023	-0.433333333333333
1024	-0.272222222222222
1025	-0.380555555555556
1026	-0.475
1027	-0.380555555555556
1028	-0.369444444444445
1029	-0.369444444444445
1030	-0.383333333333333
1031	-0.327777777777778
1032	-0.380555555555556
1033	-0.366666666666667
1034	-0.338888888888889
1035	-0.244444444444445
1036	-0.216666666666667
1037	-0.283333333333333
1038	-0.283333333333333
1039	-0.216666666666667
1040	-0.258333333333333
1041	-0.272222222222222
1042	-0.219444444444445
1043	-0.247222222222222
1044	-0.247222222222222
1045	-0.380555555555556
1046	-0.366666666666667
1047	-0.352777777777778
1048	-0.433333333333333
1049	-0.272222222222222
1050	-0.286111111111111
1051	-0.272222222222222
1052	-0.108333333333333
1053	-0.136111111111111
1054	-0.177777777777778
1055	-0.177777777777778
1056	-0.188888888888889
1057	-0.216666666666667
1058	-0.269444444444445
1059	-0.322222222222222
1061	-0.333333333333333
1062	-0.277777777777778
1063	-0.183333333333334
1064	-0.208333333333333
1065	-0.208333333333333
1066	-0.194444444444445
1067	-0.208333333333333
1068	-0.141666666666667
1069	-0.127777777777778
1070	-0.127777777777778
1199	-0.125
1200	-0.152777777777778
1201	-0.166666666666667
1202	-0.166666666666667
1203	-0.180555555555556
1204	-0.180555555555556
1205	-0.152777777777778
1206	-0.125
1207	-0.125
1208	-0.0166666666666668
1209	-0.00277777777777788
1210	0.0499999999999999
1211	0.0499999999999999
1212	0.0499999999999999
1213	-0.0166666666666668
1214	0.0499999999999999
1215	-0.0166666666666668
1216	-0.0166666666666668
1217	-0.0305555555555557
1218	-0.0444444444444445
1219	-0.00277777777777788
1225	-0.111111111111111
1226	-0.0416666666666667
1227	-0.0277777777777779
1237	-0.152777777777778
1238	-0.166666666666667
1239	-0.166666666666667
1244	-0.263888888888889
1245	-0.25
1252	-0.347222222222222
1253	-0.266666666666667
1254	-0.252777777777778
1255	-0.213888888888889
1256	-0.186111111111111
1257	-0.2
1258	-0.116666666666667
1259	-0.116666666666667
1260	-0.197222222222222
1261	-0.197222222222222
1262	-0.225
1263	-0.238888888888889
1264	-0.252777777777778
1265	-0.211111111111111
1266	-0.155555555555556
1267	-0.183333333333334
1268	-0.116666666666667
1269	0.00555555555555531
1270	-0.0333333333333333
1271	-0.0444444444444445
1272	0.011111111111111
1273	-0.0416666666666667
1274	-0.0277777777777779
1275	-0.0555555555555557
1276	0.011111111111111
1277	0.0249999999999999
1278	-0.0555555555555557
1279	-0.0555555555555557
1286	0.0833333333333333
1287	0.111111111111111
1397	-0.736111111111111
1398	-0.736111111111111
1399	-0.763888888888889
1400	-0.805555555555556
1401	-0.888888888888889
1402	-0.902777777777778
1403	-0.822222222222222
1404	-0.836111111111111
1405	-0.702777777777778
1406	-0.675
1407	-0.716666666666667
1408	-0.688888888888889
1409	-0.758333333333334
1410	-0.863888888888889
1411	-0.769444444444444
1412	-0.727777777777778
1413	-0.605555555555556
1414	-0.633333333333334
1415	-0.605555555555556
1416	-0.591666666666667
1417	-0.538888888888889
1418	-0.525
1419	-0.525
1420	-0.525
1421	-0.497222222222222
1422	-0.455555555555556
1423	-0.466666666666667
1424	-0.533333333333333
1425	-0.547222222222222
1426	-0.547222222222222
1427	-0.463888888888889
1428	-0.463888888888889
1429	-0.477777777777778
1430	-0.45
1431	-0.477777777777778
1465	-0.638888888888889
1466	-0.680555555555556
1467	-0.652777777777778
1468	-0.652777777777778
1469	-0.666666666666667
1470	-0.666666666666667
1471	-0.533333333333333
1472	-0.575
1473	-0.547222222222222
1474	-0.613888888888889
1475	-0.561111111111111
1476	-0.519444444444444
1477	-0.533333333333333
1478	-0.519444444444444
1479	-0.519444444444444
1480	-0.561111111111111
1481	-0.616666666666667
1482	-0.725
1483	-0.725
1484	-0.725
1485	-0.833333333333334
1487	-0.722222222222222
1488	-0.763888888888889
1489	-0.736111111111111
1490	-0.669444444444445
1491	-0.627777777777778
1492	-0.572222222222223
1493	-0.461111111111111
1494	-0.461111111111111
1495	-0.366666666666667
1496	-0.461111111111111
1497	-0.380555555555556
1498	-0.366666666666667
1499	-0.3
1500	-0.272222222222222
1501	-0.286111111111111
1502	-0.219444444444445
1503	-0.233333333333333
1504	-0.286111111111111
1505	-0.244444444444445
1506	-0.216666666666667
1507	-0.405555555555556
1508	-0.377777777777778
1509	-0.297222222222222
1510	-0.297222222222222
1511	-0.283333333333333
1512	-0.297222222222222
1513	-0.241666666666667
1514	-0.186111111111111
1515	-0.186111111111111
1516	-0.144444444444444
1517	-0.0888888888888889
1518	-0.113888888888889
1519	-0.0611111111111112
1520	-0.0333333333333333
1521	0.0888888888888888
1522	0.127777777777778
1523	0.0333333333333332
1524	0.0749999999999998
1525	0.0749999999999998
1526	0.0638888888888889
1527	0.130555555555555
1528	0.0083333333333333
1529	0.0083333333333333
1530	-0.00555555555555554
1531	-0.180555555555556
1532	0.0083333333333333
1533	-0.125
1534	-0.0583333333333335
1535	-0.152777777777778
1536	-0.152777777777778
1537	-0.138888888888889
1547	-0.0972222222222223
1548	-0.0972222222222223
1549	-0.125
1550	-0.152777777777778
1591	-0.0138888888888888
1592	-0.0277777777777779
1593	0.0388888888888888
1594	-0.0277777777777779
1595	-0.0416666666666667
1596	-0.0416666666666667
1597	-0.0694444444444445
1598	-0.0305555555555557
1599	0.0888888888888888
1600	0.0222222222222223
1601	0.0749999999999998
1602	0.1
1603	0.1
1604	-0.0194444444444445
1605	0.127777777777778
1606	0.180555555555555
1607	0.233333333333333
1608	0.233333333333333
1609	0.205555555555555
1610	0.191666666666667
1611	0.177777777777778
1612	0.177777777777778
1613	0.122222222222222
1614	0.122222222222222
1615	0.136111111111111
1616	0.188888888888889
1617	0.255555555555556
1618	0.322222222222222
1619	0.2
1620	0.158333333333333
1621	0.158333333333333
1622	0.158333333333333
1623	0.144444444444444
1624	0.075
1625	0.0611111111111109
1626	0.0611111111111109
1627	0.075
1628	0.102777777777778
1629	0.102777777777778
1630	0.183333333333333
1631	0.183333333333333
1632	0.127777777777778
1633	0.208333333333333
1634	0.141666666666667
1635	-0.0472222222222225
1636	0.00555555555555531
1637	0.0333333333333332
1638	0.0083333333333333
1639	-0.0722222222222224
1640	-0.00555555555555576
1641	0.0083333333333333
1642	-0.00555555555555576
1643	-0.0333333333333334
1644	0.0222222222222221
1645	0.197222222222222
1646	0.0777777777777777
1647	0.105555555555555
1648	0.266666666666667
1649	0.308333333333333
1650	0.388888888888889
1651	0.361111111111111
1652	0.294444444444445
1653	0.294444444444445
1654	0.241666666666666
1655	0.297222222222222
1656	0.366666666666667
1657	0.447222222222222
1658	0.380555555555555
1659	0.286111111111111
1660	0.313888888888889
1661	0.327777777777778
1662	0.341666666666667
1663	0.408333333333333
1664	0.436111111111111
1665	0.411111111111111
1666	0.355555555555556
1667	0.436111111111111
1668	0.491666666666667
1669	0.425
1670	0.372222222222222
1671	0.561111111111111
1672	0.494444444444444
1673	0.361111111111111
1674	0.441666666666667
1675	0.413888888888889
1676	0.305555555555555
1677	0.130555555555555
1678	0.130555555555555
1679	0.130555555555555
1680	0.0777777777777777
1681	0.0249999999999999
1682	-0.0277777777777779
1683	-0.0833333333333335
1842	-0.236111111111111
1843	-0.0861111111111112
1844	-0.0861111111111112
1845	-0.00555555555555554
1846	0.0749999999999998
1847	0.113888888888889
1848	0.152777777777778
1849	0.0166666666666665
1850	-0.0527777777777779
1851	-0.0944444444444446
1852	-0.108333333333333
1853	-0.161111111111111
1854	-0.161111111111111
1855	-0.175
1856	-0.175
1857	-0.0944444444444446
1858	-0.163888888888889
1859	-0.233333333333333
1860	-0.205555555555556
1861	-0.261111111111111
1862	-0.261111111111111
1863	-0.222222222222222
1864	-0.0750000000000002
1865	0.0333333333333332
1866	0.0194444444444442
1867	0.0472222222222221
1868	-0.0472222222222225
1869	-0.0194444444444446
1870	-0.0333333333333334
1871	-0.0611111111111113
1872	-0.138888888888889
1873	-0.219444444444445
1874	-0.205555555555556
1875	-0.313888888888889
1876	-0.408333333333333
1877	-0.461111111111111
1889	-0.527777777777778
1890	-0.513888888888889
1891	-0.447222222222223
1892	-0.380555555555556
1893	-0.422222222222222
1894	-0.366666666666667
1895	-0.352777777777778
1896	-0.461111111111111
1897	-0.366666666666667
1898	-0.338888888888889
1899	-0.325
1900	-0.311111111111111
1901	-0.405555555555556
1902	-0.405555555555556
1903	-0.419444444444445
1904	-0.433333333333333
1905	-0.461111111111111
1906	-0.461111111111111
1907	-0.419444444444445
1908	-0.461111111111111
1909	-0.488888888888889
1910	-0.502777777777778
1911	-0.380555555555556
1912	-0.447222222222223
1913	-0.433333333333333
1914	-0.433333333333333
1915	-0.366666666666667
1916	-0.408333333333333
1917	-0.327777777777778
1918	-0.397222222222222
1919	-0.358333333333334
1920	-0.358333333333334
1921	-0.330555555555556
1922	-0.275
1923	-0.383333333333333
1924	-0.477777777777778
1925	-0.558333333333334
1926	-0.572222222222223
1927	-0.519444444444444
1928	-0.533333333333333
1929	-0.655555555555556
1930	-0.641666666666667
1931	-0.638888888888889
1932	-0.652777777777778
1933	-0.638888888888889
1934	-0.558333333333334
1935	-0.425
1936	-0.505555555555556
1937	-0.505555555555556
1938	-0.533333333333333
1939	-0.480555555555556
1940	-0.358333333333334
1941	-0.330555555555556
1942	-0.386111111111111
1943	-0.452777777777778
1944	-0.411111111111111
1945	-0.383333333333333
1946	-0.383333333333333
1947	-0.211111111111111
1948	-0.130555555555556
1949	-0.252777777777778
1950	-0.238888888888889
1951	-0.291666666666667
1952	-0.263888888888889
1953	-0.211111111111111
1954	-0.102777777777778
1955	-0.155555555555556
1956	-0.169444444444445
1957	-0.169444444444445
1958	-0.130555555555556
1959	-0.141666666666667
1960	-0.113888888888889
1961	-0.0861111111111112
1962	-0.127777777777778
1963	-0.0861111111111112
1964	-0.0583333333333333
1965	-0.00277777777777799
1966	-0.00277777777777799
1967	-0.0694444444444446
1968	-0.0416666666666667
1969	-0.0416666666666667
1970	-0.0944444444444446
1971	-0.0944444444444446
1972	-0.147222222222222
1973	-0.133333333333333
1974	-0.119444444444445
1975	-0.172222222222222
1976	-0.119444444444445
1977	-0.133333333333333
1978	-0.0638888888888891
1979	-0.102777777777778
1980	-0.155555555555556
1981	-0.102777777777778
1982	-0.102777777777778
1983	-0.208333333333333
2064	-0.166666666666667
2065	-0.236111111111111
2066	-0.263888888888889
2067	-0.208333333333333
2068	-0.208333333333333
2074	-0.319444444444445
2075	-0.361111111111111
2076	-0.375
2077	-0.305555555555556
2078	-0.305555555555556
2079	-0.238888888888889
2080	-0.252777777777778
2081	-0.280555555555556
2082	-0.161111111111111
2083	-0.188888888888889
2084	-0.286111111111111
2085	-0.366666666666667
2086	-0.3
2087	-0.313888888888889
2088	-0.355555555555556
2089	-0.394444444444445
2090	-0.380555555555556
2091	-0.355555555555556
2092	-0.288888888888889
2093	-0.194444444444445
2094	-0.155555555555556
2095	-0.305555555555556
2096	-0.305555555555556
2097	-0.347222222222222
2098	-0.4
2099	-0.427777777777778
2100	-0.575
2101	-0.480555555555556
2102	-0.480555555555556
2103	-0.536111111111112
2104	-0.497222222222222
2105	-0.511111111111111
2106	-0.511111111111111
2107	-0.469444444444445
2108	-0.525
2109	-0.552777777777778
2110	-0.472222222222222
2111	-0.391666666666667
2112	-0.391666666666667
2113	-0.219444444444445
2114	-0.408333333333334
2115	-0.463888888888889
2116	-0.45
2117	-0.45
2118	-0.488888888888889
2119	-0.488888888888889
2120	-0.419444444444445
2121	-0.338888888888889
2122	-0.311111111111111
2123	-0.35
2124	-0.266666666666667
2125	-0.375
2126	-0.469444444444445
2127	-0.427777777777778
2128	-0.494444444444444
2129	-0.480555555555556
2130	-0.425
2131	-0.327777777777778
2132	-0.327777777777778
2133	-0.352777777777778
2134	-0.391666666666667
2135	-0.352777777777778
2136	-0.352777777777778
2137	-0.244444444444445
2138	-0.230555555555556
2139	-0.161111111111111
2140	-0.133333333333333
2141	-0.0666666666666667
2142	-0.119444444444445
2143	-0.147222222222222
2144	-0.119444444444445
2145	-0.225
2146	-0.211111111111111
2147	-0.25
2148	-0.236111111111111
2152	-0.236111111111111
2153	-0.155555555555556
2154	-0.169444444444445
2155	-0.127777777777778
2156	-0.1
2157	-0.166666666666667
2158	-0.113888888888889
2159	-0.113888888888889
2160	-0.127777777777778
2161	-0.0861111111111112
2162	-0.0583333333333335
2163	-0.125
2164	-0.111111111111111
2165	-0.111111111111111
2201	-0.0694444444444445
2202	-0.00277777777777788
2203	0.0499999999999999
2204	0.0916666666666667
2205	0.105555555555556
2206	0.119444444444445
2207	0.133333333333333
2208	0.119444444444445
2209	0.2
2210	0.147222222222222
2211	0.161111111111111
2212	0.147222222222222
2213	0.0138888888888887
2214	0.0694444444444443
2215	0.111111111111111
2225	0.222222222222222
2362	-0.402777777777778
2374	-0.402777777777778
2375	-0.416666666666667
2376	-0.444444444444445
2377	-0.35
2378	-0.255555555555556
2379	-0.322222222222222
2380	-0.347222222222222
2381	-0.305555555555556
2382	-0.291666666666667
2383	-0.291666666666667
2384	-0.263888888888889
2394	-0.263888888888889
2395	-0.263888888888889
2396	-0.263888888888889
2397	-0.25
2402	-0.141666666666667
2403	-0.116666666666667
2404	-0.102777777777778
2405	-0.116666666666667
2406	-0.127777777777778
2407	-0.127777777777778
2408	-0.0583333333333335
2409	-0.0583333333333335
2419	-0.152777777777778
2420	-0.180555555555556
2421	-0.194444444444445
2422	-0.0888888888888889
2423	-0.169444444444445
2424	-0.141666666666667
2425	-0.116666666666667
2426	-0.102777777777778
2427	-0.130555555555556
2428	-0.075
2429	0.00555555555555531
2430	-0.0333333333333333
2431	-0.0472222222222223
2432	0.0472222222222221
2433	0.0194444444444443
2434	-0.0888888888888889
2435	-0.155555555555556
2436	-0.197222222222222
2437	-0.208333333333333
2439	-0.166666666666667
2440	-0.113888888888889
2441	-0.208333333333333
2442	-0.155555555555556
2443	-0.0611111111111112
2444	0.086111111111111
2445	0.113888888888889
2446	0.0444444444444444
2447	0.0305555555555556
2448	-0.0250000000000001
2449	0.0416666666666665
2450	0.0416666666666665
2451	-0.0138888888888891
2452	-0.108333333333333
2453	-0.0944444444444446
2454	-0.0944444444444446
2455	-0.147222222222222
2456	-0.147222222222222
2457	-0.147222222222222
2458	-0.294444444444445
2459	-0.294444444444445
2460	-0.35
2466	-0.541666666666667
2467	-0.625
2468	-0.666666666666667
2469	-0.666666666666667
2470	-0.572222222222223
2471	-0.655555555555556
2472	-0.75
2473	-0.777777777777778
2474	-0.819444444444445
2475	-0.847222222222223
2476	-0.916666666666667
2477	-0.902777777777778
2478	-0.888888888888889
2486	-0.861111111111111
2487	-0.833333333333334
2488	-0.819444444444445
2489	-0.833333333333334
2490	-0.780555555555556
2491	-0.822222222222222
2492	-0.794444444444445
2493	-0.633333333333334
2494	-0.591666666666667
2495	-0.577777777777778
2496	-0.525
2497	-0.497222222222222
2498	-0.444444444444445
2499	-0.416666666666667
2500	-0.402777777777778
2501	-0.347222222222222
2502	-0.238888888888889
2503	-0.183333333333333
2504	-0.25
2505	-0.263888888888889
2506	-0.302777777777778
2507	-0.327777777777778
2508	-0.313888888888889
2509	-0.313888888888889
2510	-0.272222222222222
2511	-0.258333333333333
2512	-0.175
2513	-0.147222222222222
2514	-0.361111111111111
2515	-0.416666666666667
2516	-0.444444444444445
2517	-0.430555555555556
2528	-0.225
2547	-0.166666666666667
2548	-0.180555555555556
2549	-0.166666666666667
2550	-0.180555555555556
2551	-0.125
2552	-0.0722222222222223
2553	-0.0861111111111112
2554	-0.1
2555	-0.0722222222222223
2556	-0.152777777777778
2557	-0.0972222222222223
2674	-0.222222222222222
2675	-0.25
2676	-0.208333333333333
2677	-0.180555555555556
2678	-0.0861111111111112
2679	-0.113888888888889
2680	0.0194444444444443
2681	-0.0222222222222224
2682	-0.00833333333333341
2683	-0.00833333333333341
2684	0.00555555555555531
2685	-0.00833333333333341
2686	-0.075
2687	-0.116666666666667
2688	-0.158333333333333
2689	-0.186111111111111
2690	-0.213888888888889
2691	-0.266666666666667
2692	-0.319444444444445
2693	-0.305555555555556
2694	-0.277777777777778
2695	-0.291666666666667
2696	-0.333333333333333
2708	-0.388888888888889
2709	-0.402777777777778
2714	-0.486111111111111
2715	-0.472222222222222
2719	-0.569444444444445
2720	-0.516666666666667
2721	-0.530555555555556
2722	-0.491666666666667
2723	-0.397222222222222
2724	-0.383333333333333
2725	-0.341666666666667
2726	-0.313888888888889
2727	-0.341666666666667
2728	-0.313888888888889
2729	-0.327777777777778
2730	-0.341666666666667
2731	-0.313888888888889
2732	-0.366666666666667
2733	-0.3
2734	-0.244444444444445
2735	-0.15
2736	-0.0944444444444446
2737	-0.161111111111111
2738	-0.188888888888889
2739	-0.202777777777778
2740	-0.363888888888889
2741	-0.416666666666667
2742	-0.241666666666667
2743	-0.308333333333333
2744	-0.336111111111111
2745	-0.283333333333333
2746	-0.297222222222222
2747	-0.363888888888889
2748	-0.35
2749	-0.416666666666667
2750	-0.402777777777778
2751	-0.388888888888889
2752	-0.336111111111111
2753	-0.308333333333333
2754	-0.280555555555556
2755	-0.186111111111111
2756	-0.172222222222222
2757	-0.133333333333333
2758	-0.172222222222222
2759	-0.225
2760	-0.211111111111111
2761	-0.225
2762	-0.158333333333333
2763	-0.116666666666667
2764	-0.130555555555556
2765	-0.116666666666667
2766	0.0166666666666665
2767	-0.0361111111111112
2768	0.0444444444444444
2769	0.0444444444444444
2770	0.0166666666666665
2771	0.00277777777777766
2772	0.0166666666666665
2773	0.0166666666666665
2774	-0.0222222222222224
2775	-0.0500000000000003
2776	-0.0638888888888891
2777	0.0166666666666665
2778	-0.0638888888888891
2779	-0.0777777777777778
2780	0.0972222222222222
2781	0.0444444444444444
2782	0.0583333333333333
2783	0.0444444444444444
2784	-0.0250000000000001
2785	0.0416666666666665
2786	0.0694444444444443
2787	-0.119444444444445
2788	-0.0250000000000001
2789	-0.038888888888889
2790	-0.0111111111111111
2791	-0.038888888888889
2792	-0.0916666666666669
2793	-0.0638888888888891
2794	-0.0916666666666669
2795	0.0416666666666665
2796	0.0277777777777777
2797	-0.0527777777777779
2798	-0.119444444444445
2799	-0.147222222222222
2800	-0.227777777777778
2801	-0.227777777777778
2802	-0.347222222222222
2803	-0.416666666666667
2804	-0.402777777777778
2805	-0.402777777777778
2806	-0.444444444444445
2807	-0.444444444444445
2808	-0.444444444444445
2811	-0.444444444444445
2812	-0.402777777777778
2813	-0.35
2814	-0.297222222222222
2815	-0.283333333333333
2816	-0.430555555555556
2817	-0.472222222222222
2818	-0.486111111111111
2819	-0.447222222222223
2820	-0.230555555555556
2821	-0.352777777777778
2822	-0.366666666666667
2823	-0.311111111111111
2824	-0.391666666666667
2825	-0.447222222222223
2826	-0.447222222222223
2839	-0.5
2840	-0.486111111111111
2841	-0.513888888888889
2842	-0.458333333333333
2843	-0.513888888888889
2844	-0.513888888888889
2845	-0.433333333333333
2846	-0.461111111111111
2847	-0.527777777777778
3384	-0.305555555555556
3389	-0.305555555555556
3390	-0.319444444444445
3392	-0.227777777777778
3393	-0.172222222222222
3394	-0.2
3395	-0.227777777777778
3396	-0.227777777777778
3397	-0.213888888888889
3398	-0.133333333333333
3399	-0.161111111111111
3400	-0.161111111111111
3401	-0.119444444444445
3402	-0.133333333333333
3403	-0.147222222222222
3404	-0.147222222222222
3405	-0.119444444444445
3406	-0.0916666666666669
3407	-0.0777777777777778
3408	-0.0500000000000003
3409	-0.155555555555556
3410	-0.075
3411	-0.075
3412	-0.075
3413	-0.075
3414	-0.0472222222222223
3415	-0.0472222222222223
3416	0.00555555555555531
3417	-0.0333333333333333
3418	-0.00555555555555554
3419	-0.180555555555556
3447	-0.513888888888889
3448	-0.541666666666667
3449	-0.527777777777778
3450	-0.488888888888889
3451	-0.408333333333333
3452	-0.475
3453	-0.475
3454	-0.461111111111111
3455	-0.391666666666667
3456	-0.430555555555556
3457	-0.430555555555556
3458	-0.402777777777778
3459	-0.388888888888889
3460	-0.347222222222222
3461	-0.305555555555556
3462	-0.236111111111111
3463	-0.222222222222222
3595	-0.0833333333333335
3600	-0.0555555555555557
3604	-0.0277777777777779
3605	-0.00277777777777788
3606	-0.0166666666666668
3607	-0.0166666666666668
3608	0.0249999999999999
3609	0.011111111111111
3610	0.011111111111111
3611	-0.00277777777777788
3612	-0.0694444444444445
3613	0.011111111111111
3614	0.0499999999999999
3615	0.011111111111111
3616	0.0388888888888888
3619	0.0138888888888887
3620	0.0277777777777777
3621	-0.0138888888888888
3622	-0.0138888888888888
3623	0.172222222222222
3624	0.225
3625	0.211111111111111
3626	0.061111111111111
3627	0.061111111111111
3628	0.061111111111111
3629	0.125
3630	0.125
3631	0.230555555555556
3632	0.202777777777778
3633	0.161111111111111
3634	0.2
3635	0.186111111111111
3636	0.0499999999999998
3637	0.238888888888889
3638	0.144444444444444
3639	0.102777777777778
3640	0.075
3641	0.0611111111111109
3642	0.0611111111111109
3643	-0.00833333333333353
3644	-0.05
3645	-0.0638888888888891
3646	-0.144444444444445
3647	-0.144444444444445
3648	-0.144444444444445
3649	-0.172222222222222
3650	-0.144444444444445
3651	-0.158333333333334
3652	-0.158333333333334
3653	-0.238888888888889
3654	-0.227777777777778
3655	-0.35
3656	-0.363888888888889
3657	-0.405555555555556
3658	-0.405555555555556
3659	-0.594444444444445
3660	-0.675
3661	-0.769444444444444
3662	-0.594444444444445
3663	-0.741666666666667
3664	-0.836111111111111
3665	-0.861111111111111
3666	-0.930555555555556
3667	-0.958333333333334
3668	-0.958333333333334
3669	-0.863888888888889
3670	-0.972222222222222
3671	-0.988888888888889
3672	-0.947222222222222
3675	-0.947222222222222
3676	-0.786111111111112
3677	-0.638888888888889
3678	-0.491666666666667
3679	-0.45
3680	-0.302777777777778
3681	-0.222222222222222
3682	-0.222222222222222
3683	-0.275
3684	-0.288888888888889
3685	-0.313888888888889
3686	-0.327777777777778
3687	-0.313888888888889
3688	-0.313888888888889
3689	-0.286111111111111
3690	-0.297222222222222
3691	-0.336111111111111
3692	-0.336111111111111
3693	-0.252777777777778
3694	-0.319444444444444
3695	-0.277777777777778
3696	-0.263888888888889
3697	-0.208333333333333
3698	-0.113888888888889
3699	-0.0333333333333334
3700	-0.0472222222222225
3701	-0.127777777777778
3702	-0.0583333333333333
3703	0.0111111111111111
3704	0.0249999999999999
3705	0.0249999999999999
3706	0
3707	0.0166666666666665
3708	-0.0888888888888889
3709	-0.113888888888889
3710	-0.152777777777778
3746	-0.111111111111111
3747	-0.111111111111111
3748	-0.0972222222222223
3749	-0.0583333333333335
3750	-0.00555555555555554
3751	-0.0194444444444445
3752	0.0222222222222223
3753	0.0638888888888889
3754	0.0916666666666667
3755	0.0916666666666667
3756	0.0916666666666667
3757	-0.00277777777777788
3758	0.0527777777777778
3759	0.0527777777777778
3760	0.108333333333333
3761	0.0944444444444443
3762	0.0416666666666666
3763	0.0138888888888887
3764	0.0138888888888887
3765	-1.11022302462516e-16
3889	0.0972222222222221
3895	0.0416666666666666
3896	0.0944444444444443
3897	0.0805555555555554
3898	0.0666666666666665
3899	0.213888888888889
3900	0.213888888888889
3901	0.280555555555555
3902	0.186111111111111
3903	0.119444444444445
3904	0.144444444444444
3905	0.130555555555555
3906	0.102777777777778
3907	0.102777777777778
3908	0.061111111111111
3909	0.0194444444444443
3910	-0.0222222222222224
3911	-0.0361111111111112
3912	-0.0361111111111112
3913	-0.0638888888888891
3914	-0.0638888888888891
3915	-0.0638888888888891
3916	-0.158333333333333
3917	-0.158333333333333
3918	-0.294444444444445
3919	-0.241666666666667
3920	-0.213888888888889
3921	-0.347222222222222
3922	-0.333333333333333
3923	-0.252777777777778
3924	-0.294444444444445
3926	-0.308333333333333
3927	-0.361111111111111
3928	-0.416666666666667
3929	-0.336111111111111
3930	-0.322222222222222
3931	-0.430555555555556
3932	-0.405555555555556
3933	-0.447222222222223
3934	-0.366666666666667
3935	-0.380555555555556
3936	-0.422222222222222
3937	-0.369444444444445
3938	-0.355555555555556
3939	-0.369444444444445
3940	-0.408333333333333
3941	-0.394444444444445
3942	-0.327777777777778
3943	-0.383333333333333
3944	-0.330555555555556
3945	-0.116666666666667
3946	-0.05
3947	-0.105555555555556
3948	-0.244444444444445
3949	-0.355555555555556
3950	-0.438888888888889
3951	-0.466666666666667
3952	-0.4
3953	-0.413888888888889
3954	-0.319444444444445
3955	-0.266666666666667
3956	-0.419444444444445
3957	-0.352777777777778
3958	-0.394444444444445
3959	-0.516666666666667
3960	-0.341666666666667
3961	-0.425
3962	-0.544444444444445
3963	-0.586111111111111
3964	-0.652777777777778
3965	-0.613888888888889
3966	-0.641666666666667
3967	-0.697222222222222
3968	-0.725
3969	-0.844444444444444
3970	-0.952777777777778
3971	-1.01944444444444
3972	-0.977777777777778
3973	-0.897222222222222
3974	-0.991666666666667
3975	-0.977777777777778
3976	-0.991666666666667
3977	-1.05833333333333
3978	-1.1
3979	-0.991666666666667
3980	-0.963888888888889
3981	-1.05555555555556
3982	-1.08055555555556
3983	-1.02777777777778
3984	-0.822222222222222
3985	-0.791666666666667
3986	-0.722222222222223
3987	-0.761111111111111
3988	-0.841666666666667
3989	-0.788888888888889
3990	-0.786111111111112
3991	-0.691666666666667
3992	-0.555555555555556
3993	-0.583333333333333
3994	-0.397222222222223
3995	-0.369444444444444
3996	-0.502777777777778
3997	-0.525
3998	-0.430555555555556
3999	-0.375
4000	-0.280555555555556
4001	-0.266666666666667
4002	-0.0777777777777779
4003	0.111111111111111
4004	0.3
4005	0.341666666666667
4006	0.383333333333333
4007	0.463888888888889
4008	0.477777777777778
4009	0.425
4010	0.452777777777778
4011	0.480555555555555
4012	0.466666666666667
4013	0.494444444444444
4014	0.602777777777778
4015	0.508333333333333
4016	0.388888888888889
4017	0.386111111111111
4018	0.4
4019	0.416666666666666
4020	0.402777777777778
4021	0.430555555555555
4022	0.444444444444444
4023	0.458333333333333
4024	0.486111111111111
4025	0.377777777777778
4026	0.244444444444444
4027	0.163888888888889
4028	0.233333333333333
4029	0.180555555555555
4030	0.0749999999999998
4031	0.263888888888889
4032	0.291666666666667
4033	0.277777777777778
4034	0.197222222222222
4035	0.169444444444444
4036	0.0222222222222223
4037	0.0083333333333333
4038	-0.0583333333333335
4044	-0.166666666666667
4045	-0.141666666666667
4046	-0.127777777777778
4047	-0.141666666666667
4048	-0.113888888888889
4049	-0.141666666666667
4050	-0.127777777777778
4051	-0.166666666666667
4052	-0.1
4053	-0.00555555555555554
4054	0.0194444444444443
4055	0.0194444444444443
4056	0.0194444444444443
4057	0.00555555555555531
4058	-0.00833333333333341
4059	-0.0361111111111112
4060	-0.116666666666667
4061	-0.0888888888888889
4062	-0.130555555555556
4063	-0.158333333333333
4064	-0.252777777777778
4065	-0.294444444444445
4066	-0.266666666666667
4067	-0.416666666666667
4068	-0.458333333333333
4069	-0.458333333333333
4070	-0.513888888888889
4071	-0.527777777777778
4186	-0.0555555555555557
4187	-0.125
4188	-0.152777777777778
4189	-0.152777777777778
4190	-0.166666666666667
4191	-0.152777777777778
4192	-0.180555555555556
4195	-0.236111111111111
4197	-0.222222222222222
4198	-0.25
4206	-0.319444444444445
4207	-0.347222222222222
4208	-0.375
4209	-0.319444444444445
4240	-0.638888888888889
4241	-0.666666666666667
4243	-0.708333333333334
4244	-0.722222222222222
4245	-0.708333333333334
4246	-0.694444444444444
4247	-0.694444444444444
4248	-0.708333333333334
4249	-0.641666666666667
4250	-0.694444444444444
4251	-0.708333333333334
4253	-0.638888888888889
4254	-0.625
4255	-0.638888888888889
4256	-0.586111111111111
4257	-0.544444444444445
4258	-0.408333333333333
4259	-0.433333333333333
4260	-0.35
4261	-0.230555555555556
4262	-0.15
4263	-0.177777777777778
4264	-0.161111111111111
4265	-0.186111111111111
4266	-0.172222222222222
4267	-0.172222222222222
4268	-0.183333333333334
4269	-0.169444444444445
4270	-0.208333333333333
4271	-0.152777777777778
4272	-0.125
4273	-0.0972222222222223
4274	-0.0972222222222223
4275	-0.0416666666666667
4276	-0.0138888888888888
4277	-1.11022302462516e-16
4278	-1.11022302462516e-16
4369	-0.666666666666667
4370	-0.763888888888889
4371	-0.805555555555556
4372	-0.833333333333334
4373	-0.861111111111111
4374	-0.972222222222222
4377	-0.986111111111111
4378	-0.933333333333333
4379	-0.944444444444445
4380	-0.958333333333334
4381	-0.919444444444445
4382	-0.919444444444445
4383	-0.905555555555556
4384	-0.958333333333334
4385	-0.786111111111112
4386	-0.786111111111112
4387	-0.705555555555556
4388	-0.677777777777778
4389	-0.730555555555556
4390	-0.702777777777778
4391	-0.688888888888889
4392	-0.702777777777778
4393	-0.755555555555556
4394	-0.727777777777778
4395	-0.727777777777778
4396	-0.741666666666667
4397	-0.727777777777778
4398	-0.7
4399	-0.580555555555556
4400	-0.552777777777778
4401	-0.605555555555556
4402	-0.647222222222223
4403	-0.458333333333333
4404	-0.416666666666667
4405	-0.522222222222222
4406	-0.438888888888889
4407	-0.411111111111111
4408	-0.438888888888889
4409	-0.438888888888889
4410	-0.408333333333333
4411	-0.327777777777778
4412	-0.327777777777778
4413	-0.366666666666667
4414	-0.341666666666667
4415	-0.397222222222222
4416	-0.302777777777778
4417	-0.530555555555556
4418	-0.558333333333334
4419	-0.586111111111111
4420	-0.613888888888889
4421	-0.680555555555556
4422	-0.638888888888889
4429	-0.611111111111111
4430	-0.558333333333334
4431	-0.6
4432	-0.452777777777778
4433	-0.575
4434	-0.641666666666667
4463	-0.416666666666667
4538	0.138888888888889
4539	0.0972222222222221
4540	0.0972222222222221
4541	0.111111111111111
4542	0.219444444444444
4543	0.191666666666667
4544	0.191666666666667
4545	0.0972222222222221
4546	0.0833333333333333
4547	0.0277777777777777
4550	0.0666666666666665
4551	0.0388888888888888
4552	-0.00277777777777788
4553	-0.0305555555555557
4554	-0.0166666666666668
4555	0.0638888888888889
4556	-0.0166666666666668
4557	0.0499999999999999
4558	0.0361111111111111
4559	0.0222222222222223
4560	0.0083333333333333
4561	-0.00555555555555554
4562	-0.0333333333333333
4563	-0.0611111111111112
4564	-0.116666666666667
4565	-0.116666666666667
4566	-0.102777777777778
4567	-0.0500000000000003
4568	-0.0777777777777778
4569	-0.119444444444445
4570	-0.213888888888889
4571	-0.269444444444445
4572	-0.338888888888889
4573	-0.447222222222223
4574	-0.463888888888889
4575	-0.491666666666667
4576	-0.494444444444444
4577	-0.591666666666667
4578	-0.7
4579	-0.672222222222222
4580	-0.619444444444445
4581	-0.566666666666667
4582	-0.527777777777778
4583	-0.513888888888889
4584	-0.433333333333334
4585	-0.419444444444445
4586	-0.527777777777778
4587	-0.594444444444445
4588	-0.538888888888889
4589	-0.566666666666667
4590	-0.527777777777778
4591	-0.555555555555556
4592	-0.544444444444445
4593	-0.491666666666667
4594	-0.463888888888889
4595	-0.463888888888889
4596	-0.302777777777778
4597	-0.383333333333334
4598	-0.316666666666667
4599	-0.330555555555556
4600	-0.275
4601	-0.302777777777778
4602	-0.330555555555556
4603	-0.411111111111111
4604	-0.452777777777778
4605	-0.491666666666667
4606	-0.505555555555556
4607	-0.463888888888889
4608	-0.341666666666667
4609	-0.3
4610	-0.297222222222222
4611	-0.241666666666667
4612	-0.291666666666667
4613	-0.25
4614	-0.25
4615	-0.291666666666667
4616	-0.144444444444445
4617	-0.102777777777778
4618	-0.169444444444445
4619	-0.169444444444445
4620	-0.141666666666667
4621	-0.169444444444445
4622	-0.263888888888889
4623	-0.197222222222222
4624	-0.225
4625	-0.347222222222222
4626	-0.280555555555556
4627	-0.280555555555556
4628	-0.372222222222222
4629	-0.438888888888889
4630	-0.452777777777778
4631	-0.4
4632	-0.413888888888889
4633	-0.4
4634	-0.480555555555556
4635	-0.438888888888889
4636	-0.519444444444444
4637	-0.6
4638	-0.572222222222223
4639	-0.652777777777778
4640	-0.652777777777778
4641	-0.627777777777778
4642	-0.613888888888889
4643	-0.522222222222222
4644	-0.522222222222222
4645	-0.55
4646	-0.563888888888889
4647	-0.577777777777778
4648	-0.675
4649	-0.7
4650	-0.591666666666667
4651	-0.608333333333334
4652	-0.65
4653	-0.677777777777778
4654	-0.730555555555556
4655	-0.797222222222222
4656	-0.880555555555556
4657	-0.880555555555556
4658	-0.733333333333333
4659	-0.691666666666667
4660	-0.663888888888889
4661	-0.636111111111111
4662	-0.688888888888889
4663	-0.647222222222223
4664	-0.661111111111111
4665	-0.619444444444445
4666	-0.661111111111111
4667	-0.661111111111111
4668	-0.741666666666667
4669	-0.7
4670	-0.7
4671	-0.7
4672	-0.727777777777778
4673	-0.752777777777778
4674	-0.794444444444445
4675	-0.752777777777778
4676	-0.563888888888889
4677	-0.536111111111112
4678	-0.508333333333334
4679	-0.561111111111111
4680	-0.588888888888889
4681	-0.588888888888889
4682	-0.575
4683	-0.561111111111111
4684	-0.544444444444445
4685	-0.572222222222223
4686	-0.652777777777778
4705	-0.111111111111111
4706	-0.125
4707	-0.125
4708	-0.111111111111111
4709	-0.111111111111111
4710	-0.0972222222222223
4930	-0.333333333333333
4931	-0.402777777777778
4932	-0.430555555555556
4933	-0.416666666666667
4934	-0.472222222222222
4935	-0.472222222222222
4936	-0.513888888888889
4937	-0.447222222222223
4938	-0.502777777777778
4939	-0.530555555555556
4940	-0.680555555555556
4941	-0.75
4942	-0.736111111111111
4943	-0.763888888888889
4944	-0.805555555555556
4945	-0.819444444444445
4947	-0.763888888888889
4948	-0.833333333333334
4949	-0.847222222222223
4959	-0.805555555555556
4960	-0.791666666666667
4961	-0.791666666666667
4962	-0.75
4963	-0.697222222222222
4964	-0.697222222222222
4965	-0.75
4968	-0.627777777777778
4969	-0.708333333333334
4970	-0.736111111111111
4971	-0.655555555555556
4972	-0.613888888888889
4973	-0.561111111111111
4974	-0.519444444444444
4975	-0.558333333333334
4976	-0.502777777777778
4977	-0.475
4978	-0.394444444444445
4979	-0.355555555555556
4980	-0.327777777777778
4981	-0.275
4982	-0.261111111111111
4983	-0.355555555555556
4984	-0.275
4985	-0.247222222222222
4986	-0.233333333333333
4987	-0.272222222222222
4988	-0.191666666666667
4989	-0.338888888888889
4990	-0.272222222222222
4991	-0.241666666666667
4992	-0.216666666666667
4993	-0.244444444444445
4994	-0.230555555555556
4995	-0.311111111111111
4996	-0.191666666666667
4997	-0.191666666666667
4998	-0.163888888888889
4999	-0.15
5000	-0.283333333333333
5001	-0.352777777777778
5002	-0.297222222222222
5003	-0.311111111111111
5004	-0.297222222222222
5005	-0.269444444444445
5006	-0.213888888888889
5007	-0.308333333333333
5008	-0.308333333333333
5009	-0.388888888888889
5062	-0.197222222222222
5063	-0.158333333333333
5064	-0.158333333333333
5065	-0.119444444444445
5066	-0.0666666666666667
5067	-0.038888888888889
5068	-0.0944444444444446
5069	-0.15
5070	-0.136111111111111
5071	-0.122222222222222
5072	-0.122222222222222
5073	-0.136111111111111
5074	-0.108333333333333
5075	-0.136111111111111
5076	-0.177777777777778
5077	-0.177777777777778
5078	-0.230555555555556
5079	-0.244444444444445
5080	-0.272222222222222
5081	-0.380555555555556
5082	-0.397222222222222
5083	-0.586111111111111
5084	-0.586111111111111
5085	-0.625
5087	-0.530555555555556
5088	-0.544444444444445
5089	-0.519444444444444
5090	-0.533333333333333
5091	-0.586111111111111
5092	-0.558333333333334
5093	-0.544444444444445
5094	-0.555555555555556
5242	-0.444444444444445
5243	-0.444444444444445
5244	-0.486111111111111
5245	-0.527777777777778
5246	-0.625
5247	-0.638888888888889
5259	-0.986111111111111
5276	-1.11111111111111
5277	-1.02777777777778
5282	-0.930555555555556
5283	-0.888888888888889
5284	-0.752777777777778
5285	-0.766666666666667
5286	-0.672222222222222
5287	-0.727777777777778
5288	-0.7
5289	-0.725
5290	-0.713888888888889
5291	-0.608333333333334
5292	-0.538888888888889
5293	-0.594444444444445
5294	-0.633333333333334
5295	-0.836111111111111
5296	-0.758333333333334
5297	-0.744444444444445
5298	-0.813888888888889
5299	-0.786111111111112
5300	-0.719444444444445
5301	-0.747222222222222
5302	-0.744444444444445
5303	-0.730555555555556
5304	-0.716666666666667
5305	-0.675
5306	-0.675
5307	-0.702777777777778
5308	-0.744444444444445
5309	-0.691666666666667
5310	-0.625
5311	-0.597222222222223
5312	-0.705555555555556
5313	-0.666666666666667
5314	-0.6
5315	-0.641666666666667
5316	-0.602777777777778
5317	-0.561111111111111
5318	-0.666666666666667
5319	-0.575
5320	-0.669444444444445
5321	-0.6
5322	-0.561111111111111
5323	-0.477777777777778
5324	-0.411111111111111
5325	-0.411111111111111
5326	-0.436111111111111
5327	-0.636111111111111
5328	-0.583333333333333
5329	-0.461111111111111
5330	-0.433333333333334
5331	-0.363888888888889
5332	-0.441666666666667
5333	-0.455555555555556
5334	-0.413888888888889
5335	-0.427777777777778
5336	-0.438888888888889
5337	-0.466666666666667
5338	-0.413888888888889
5339	-0.480555555555556
5340	-0.413888888888889
5341	-0.497222222222222
5342	-0.402777777777778
5343	-0.375
5344	-0.280555555555556
5345	-0.241666666666667
5346	-0.413888888888889
5347	-0.497222222222222
5348	-0.55
5349	-0.602777777777778
5350	-0.561111111111111
5351	-0.586111111111111
5352	-0.586111111111111
5353	-0.522222222222222
5354	-0.563888888888889
5355	-0.686111111111111
5356	-0.713888888888889
5357	-0.783333333333333
5358	-0.866666666666667
5359	-0.866666666666667
5360	-1.02777777777778
5361	-1.02777777777778
5362	-1.01388888888889
5363	-1.06944444444444
5364	-1.11111111111111
5365	-1.13888888888889
5366	-1.20833333333333
5367	-1.14166666666667
5368	-1.15555555555556
5369	-1.21388888888889
5370	-1.24166666666667
5371	-1.25555555555556
5372	-1.31111111111111
5373	-1.29722222222222
5374	-1.54444444444444
5375	-1.47777777777778
5376	-1.53333333333333
5377	-1.50555555555556
5378	-1.64166666666667
5379	-1.68611111111111
5380	-1.79444444444444
5381	-1.86111111111111
5382	-1.93055555555556
5383	-2
5384	-2.05555555555556
5385	-2.19444444444444
5386	-2.30555555555556
5387	-2.29444444444445
5388	-2.30833333333333
5389	-2.33333333333333
5390	-2.29166666666667
5391	-2.23611111111111
5392	-2.22222222222222
5393	-2.19444444444444
5394	-2.11388888888889
5395	-2.18333333333333
5396	-2.11388888888889
5397	-2.16944444444444
5398	-2.13055555555556
5399	-2.075
5400	-2.075
5401	-2.15555555555556
5402	-2.19722222222222
5403	-2.21111111111111
5404	-2.26388888888889
5427	-1.50555555555556
5428	-1.47777777777778
5429	-1.39722222222222
5430	-1.41111111111111
5431	-1.39722222222222
5432	-1.38611111111111
5433	-1.4
5434	-1.32222222222222
5435	-1.29722222222222
5436	-1.08333333333333
5437	-0.827777777777778
5438	-0.744444444444445
5439	-0.663888888888889
5440	-0.505555555555556
5441	-0.413888888888889
5442	-0.358333333333333
5443	-0.252777777777778
5444	-0.238888888888889
5445	-0.183333333333333
5446	-0.0499999999999998
5447	-0.0777777777777779
5448	0.0583333333333331
5449	0.0861111111111108
5450	0.0999999999999996
5451	0.113888888888888
5452	0.072222222222222
5453	0.113888888888888
5454	0.169444444444444
5455	0.25
5456	0.25
5457	0.358333333333333
5458	0.480555555555556
5459	0.494444444444444
5460	0.466666666666667
5461	0.305555555555555
5462	0.305555555555555
5463	-0.0138888888888888
5464	0
5465	-0.0805555555555553
5466	-0.0500000000000003
5467	-0.0750000000000002
5468	-0.180555555555556
5469	-0.177777777777778
5470	-0.175
5471	-0.269444444444445
5472	-0.508333333333334
5473	-0.683333333333333
5474	-0.616666666666667
5475	-0.697222222222222
5476	-0.722222222222223
5477	-0.8
5478	-0.866666666666667
5479	-1.00277777777778
5480	-1.07222222222222
5481	-1.14166666666667
5528	-0.85
5529	-0.930555555555556
5530	-0.691666666666667
5531	-0.586111111111111
5532	-0.558333333333334
5533	-0.613888888888889
5534	-0.572222222222222
5535	-0.547222222222222
5536	-0.547222222222222
5537	-0.561111111111111
5538	-0.572222222222222
5539	-0.6
5540	-0.561111111111111
5541	-0.697222222222222
5542	-0.805555555555556
5543	-0.847222222222222
5544	-0.836111111111111
5545	-0.891666666666667
5546	-0.919444444444445
5547	-0.891666666666667
5548	-0.897222222222222
5549	-0.925
5550	-0.883333333333334
5551	-0.802777777777778
5552	-0.802777777777778
5553	-0.977777777777778
5554	-0.980555555555556
5555	-0.927777777777778
5556	-1.05277777777778
5557	-1.01666666666667
5558	-1.12777777777778
5559	-1.13055555555556
5560	-1.13055555555556
5561	-1.11666666666667
5562	-1.05
5563	-1.05
5564	-0.913888888888889
5565	-0.847222222222223
5566	-1.03333333333333
5567	-0.980555555555556
5568	-0.994444444444445
5569	-0.886111111111112
5570	-0.872222222222223
5571	-0.911111111111111
5572	-0.883333333333334
5573	-0.855555555555556
5574	-0.855555555555556
5575	-0.855555555555556
5576	-0.747222222222222
5577	-0.463888888888889
5578	-0.408333333333333
5579	-0.261111111111111
5580	-0.313888888888889
5581	-0.272222222222223
5582	-0.216666666666667
5583	-0.286111111111111
5584	-0.322222222222223
5585	-0.336111111111111
5586	-0.430555555555556
5587	-0.563888888888889
5588	-0.563888888888889
5589	-0.588888888888889
5590	-0.588888888888889
5591	-0.452777777777778
5592	-0.447222222222222
5593	-0.430555555555556
5594	-0.386111111111111
5595	-0.480555555555556
5596	-0.627777777777778
5597	-0.680555555555556
5598	-0.680555555555556
5599	-0.744444444444445
5600	-0.786111111111112
5601	-0.813888888888889
5602	-0.866666666666667
5603	-0.947222222222222
5604	-0.961111111111111
5605	-1.02777777777778
5606	-1.05555555555556
5610	-1.25
5688	-0.722222222222222
5689	-0.613888888888889
5690	-0.655555555555556
5691	-0.669444444444445
5692	-0.575
5693	-0.494444444444444
5694	-0.511111111111111
5695	-0.552777777777778
5696	-0.419444444444445
5697	-0.447222222222223
5698	-0.366666666666667
5699	-0.338888888888889
5700	-0.366666666666667
5701	-0.422222222222222
5702	-0.394444444444445
5703	-0.341666666666667
5704	-0.316666666666667
5705	-0.197222222222223
5706	-0.197222222222223
5707	-0.211111111111111
5708	-0.252777777777778
5709	-0.266666666666667
5710	-0.294444444444445
5711	-0.361111111111111
5712	-0.347222222222222
5713	-0.319444444444445
5714	-0.372222222222222
5715	-0.344444444444444
5716	-0.344444444444444
5717	-0.319444444444445
5718	-0.388888888888889
5719	-0.35
5720	-0.430555555555556
5721	-0.375
5722	-0.486111111111111
5723	-0.433333333333334
5724	-0.313888888888889
5725	-0.425
5726	-0.302777777777778
5727	-0.236111111111111
5728	-0.236111111111111
5729	-0.302777777777778
5730	-0.330555555555556
5731	-0.411111111111111
5732	-0.530555555555556
5733	-0.530555555555556
5734	-0.613888888888889
5735	-0.627777777777778
5736	-0.627777777777778
5737	-0.561111111111112
5738	-0.561111111111112
5739	-0.669444444444445
5740	-0.680555555555556
5741	-0.786111111111111
5742	-0.758333333333334
5743	-0.730555555555556
5744	-0.688888888888889
5745	-0.755555555555556
5746	-0.741666666666667
5747	-0.619444444444445
5748	-0.619444444444445
5749	-0.538888888888889
5750	-0.566666666666667
5751	-0.580555555555555
5752	-0.552777777777778
5753	-0.686111111111111
5754	-0.575
5755	-0.708333333333333
5756	-0.866666666666667
5757	-0.775
5758	-0.719444444444445
5759	-0.691666666666667
5760	-0.758333333333334
5761	-0.716666666666667
5762	-0.797222222222222
5763	-0.891666666666667
5764	-0.891666666666667
5765	-0.919444444444445
5766	-0.902777777777778
5767	-0.847222222222223
5768	-0.794444444444445
5769	-0.888888888888889
5770	-0.752777777777778
5771	-0.819444444444445
5772	-0.794444444444445
5773	-0.794444444444445
5774	-0.752777777777778
5775	-0.605555555555556
5776	-0.661111111111111
5777	-0.716666666666667
5778	-0.691666666666667
5779	-0.644444444444445
5780	-0.769444444444445
5781	-0.797222222222222
5782	-0.747222222222222
5783	-0.844444444444444
5784	-0.777777777777778
5785	-0.805555555555556
5786	-0.755555555555556
5787	-0.811111111111112
5788	-0.866666666666667
5789	-0.786111111111111
5790	-0.8
5791	-0.880555555555556
5792	-0.880555555555556
5793	-0.986111111111111
5794	-0.986111111111111
5795	-0.972222222222223
5796	-0.905555555555556
5797	-0.933333333333334
5798	-1.01666666666667
5799	-0.961111111111112
5800	-0.975000000000001
5801	-0.866666666666667
5802	-0.855555555555556
5803	-0.697222222222223
5804	-0.983333333333334
5805	-0.875
5806	-0.822222222222223
5807	-0.808333333333334
5808	-0.713888888888889
5809	-0.752777777777778
5810	-0.833333333333333
5811	-1.04722222222222
5812	-1.03333333333333
5813	-0.963888888888889
5814	-0.897222222222223
5815	-0.852777777777778
5816	-0.863888888888889
5817	-1
5818	-1.26666666666667
5819	-1.09166666666667
5820	-1.05
5821	-1.09444444444444
5822	-1.06666666666667
5823	-0.919444444444445
5824	-0.919444444444445
5825	-0.838888888888889
5826	-0.880555555555556
5827	-0.869444444444445
5828	-0.830555555555556
5829	-0.780555555555556
5830	-0.752777777777778
5831	-0.752777777777778
5832	-0.847222222222223
5833	-0.697222222222223
5834	-0.697222222222223
5835	-0.875
5836	-0.822222222222223
5837	-0.744444444444445
5838	-0.836111111111111
5839	-0.969444444444445
5840	-0.552777777777778
5841	-0.636111111111111
5842	-0.569444444444445
5843	-0.625
5844	-0.586111111111111
5845	-0.655555555555555
5846	-0.736111111111111
5847	-0.641666666666667
5848	-0.480555555555556
5849	-0.55
5850	-0.427777777777778
5851	-0.505555555555556
5852	-0.355555555555556
5853	-0.311111111111111
5854	-0.186111111111111
5855	-0.225
5856	-0.172222222222222
5857	-0.0611111111111113
5858	0.0222222222222221
5859	0.0249999999999999
5860	0.0944444444444443
5861	-0.147222222222222
5862	-0.144444444444445
5863	-0.0333333333333337
5864	-0.0444444444444447
5865	-0.122222222222222
5866	-0.122222222222222
5867	-0.122222222222222
5868	0.080555555555555
5869	0.108333333333333
5870	0.138888888888889
5871	0.277777777777777
5872	-0.0166666666666668
5873	-0.216666666666667
5874	-0.283333333333333
5875	-0.269444444444445
5876	-0.227777777777778
5877	-0.225
5878	-0.147222222222222
5879	-0.0777777777777779
5880	-0.236111111111111
5881	-0.0750000000000002
5882	-0.0222222222222224
5883	-0.25
5884	-0.291666666666667
5885	-0.225
5886	-0.294444444444444
5887	-0.35
5888	-0.380555555555556
5889	-0.519444444444445
5890	-0.508333333333334
5891	-0.497222222222222
5892	-0.675
5893	-0.813888888888889
5894	-0.616666666666667
5895	-0.711111111111111
5896	-0.766666666666667
5897	-0.752777777777778
5898	-0.794444444444445
5899	-0.863888888888889
5900	-0.958333333333334
5901	-0.958333333333334
5902	-1.02777777777778
5903	-1.125
5904	-1.30277777777778
5905	-1.33333333333333
5906	-1.20277777777778
5907	-1.27222222222222
5908	-1.33888888888889
5909	-1.20555555555556
5910	-1.23055555555556
5911	-1.05555555555556
5912	-1.08333333333333
5913	-0.869444444444444
5914	-0.841666666666667
5915	-0.802777777777778
5916	-0.75
5917	-0.858333333333333
5918	-1.00555555555556
5919	-0.925
5920	-1.06111111111111
5921	-1.2
5922	-1.08055555555556
5923	-0.986111111111112
5924	-0.919444444444445
5925	-0.797222222222222
5926	-0.852777777777778
5927	-0.908333333333333
5928	-0.680555555555556
5929	-0.555555555555556
5930	-0.71388888888889
5931	-0.675
5932	-0.741666666666667
5933	-0.675
5934	-0.380555555555556
5935	-0.286111111111111
5936	-0.277777777777778
5937	-0.25
5938	-0.141666666666667
5939	-0.0861111111111108
5940	-0.00555555555555642
5941	-0.0833333333333339
5942	-0.269444444444444
5943	-0.202777777777778
5944	-0.161111111111111
5945	-0.2
5946	-0.280555555555556
5947	-0.350000000000001
5948	-0.280555555555556
5949	-0.466666666666667
5950	-0.494444444444444
5951	-0.508333333333334
5952	-0.655555555555555
5953	-0.505555555555556
5954	-0.530555555555555
5955	-0.586111111111111
5956	-0.586111111111111
5957	-0.461111111111111
5958	-0.377777777777778
5959	-0.419444444444445
5960	-0.472222222222223
5961	-0.469444444444445
5962	-0.413888888888889
5963	-0.438888888888889
5964	-0.372222222222222
5965	-0.486111111111112
5966	-0.611111111111112
5967	-0.677777777777778
5968	-0.636111111111111
5969	-0.555555555555556
5970	-0.702777777777778
5971	-0.558333333333334
5972	-0.447222222222222
5973	-0.341666666666667
5974	-0.236111111111112
5975	-0.194444444444445
5976	-0.177777777777778
5977	-0.355555555555556
5978	-0.397222222222222
5979	-0.450000000000001
5980	-0.436111111111111
5981	-0.408333333333334
5982	-0.450000000000001
5983	-0.583333333333334
5984	-0.666666666666667
5985	-0.680555555555556
5986	-0.638888888888889
5987	-0.663888888888889
5988	-0.675
5989	-0.688888888888889
5990	-0.713888888888889
5991	-0.55
5992	-0.477777777777778
5993	-0.45
5994	-0.569444444444445
5995	-0.580555555555556
5996	-0.563888888888889
5997	-0.55
5998	-0.561111111111112
5999	-0.463888888888889
6000	-0.647222222222222
6001	-0.477777777777778
6002	-0.325
6003	-0.35
6004	-0.430555555555556
6005	-0.563888888888889
6006	-0.736111111111111
6016	-0.369444444444445
6017	-0.411111111111111
6018	0.208333333333332
6019	0.141666666666667
6020	0.541666666666666
6021	2.325
6022	3.91666666666667
6023	5.51666666666667
6024	6.36388888888889
6025	6.27777777777778
6026	6.35555555555556
6027	7.15555555555556
6028	7.25277777777778
6029	7.20833333333333
6030	7.11388888888889
6031	7.19444444444444
6032	7.26111111111111
6033	7.32777777777778
6034	7.32777777777778
6035	7.32777777777778
6036	7.32777777777778
6037	7.32777777777778
6038	7.32777777777778
6039	7.35555555555555
6040	7.39722222222222
6041	7.45277777777778
6042	7.48055555555555
6043	7.48055555555555
6044	7.48055555555555
6045	7.53611111111111
6046	7.53611111111111
6047	7.5
6048	7.5
6049	7.44722222222222
6050	7.06111111111111
6051	6.95555555555556
6052	6.63333333333333
6053	6.18333333333333
6054	5.44722222222222
6055	4.83888888888889
6056	4.68333333333333
6057	3.36666666666667
6058	2.36388888888889
6059	1.19166666666667
6060	0.411111111111111
6061	0.619444444444444
6062	0.608333333333333
