5	1.30698094840773
6	1.48463356973995
7	1.6524127381449
8	1.83903490474204
9	1.97656793213739
10	2.10179390905298
11	2.22458628841608
12	2.3072590738423
13	2.49388124043944
14	2.64038381309971
15	2.84007787512168
16	2.99721874565429
17	3.1241134751773
18	3.24113475177305
19	3.42365456821026
20	3.56362119315811
21	3.72076206369072
22	3.89917952996802
23	4.07106104853289
24	4.17911277986372
25	4.32151300236407
26	4.53427895981087
27	4.83792240300375
28	5.08427200667501
29	5.3830482547629
30	5.67848699763593
31	5.76115978306216
32	5.99033514114866
33	6.06160478375747
34	6.09685718258935
35	6.19427061604784
36	6.19350577110277
37	6.14851898206091
38	6.13301348908358
39	6.06188290919205
40	5.96127103323599
41	5.83771380892783
42	5.79182311222361
43	5.65762759004311
44	5.5536782088722
45	5.63057989153108
46	5.71978862466973
47	5.75170351828675
48	5.82373800584064
49	5.75580586844667
50	5.67236823807537
51	5.65929634265053
52	5.54561257126964
53	5.53087192323738
54	5.60047281323877
55	5.62675566680573
56	5.57857043526631
57	5.47385620915033
58	5.41002642191628
59	5.38631622861911
60	5.39862327909887
61	5.42247253511334
62	5.18780419969406
63	5.00285078570435
64	4.81546377416215
65	4.57731887081074
66	4.49631483799193
67	4.45953274926992
68	4.30983173411208
69	4.34584897788903
70	4.35892087331387
71	4.30086218884717
72	4.19037685996384
73	4.10207203448755
74	3.06501182033097
75	3.80753719927687
76	3.75677930746767
77	3.69385342789598
78	3.62028925045195
79	3.70539563343068
80	3.71603393130302
81	4.06223056598526
82	3.95264914476429
83	3.87574746210541
84	3.92073425114727
85	3.80538172715895
86	3.79641218189403
87	3.6213322208316
88	3.5657071339174
89	3.47406480322625
90	3.39792796551245
91	3.32999582811848
92	3.29474342928661
93	3.2023362536504
94	3.16722291753581
95	3.14518147684606
96	2.98651091642331
97	2.99304686413572
98	3.06007509386733
99	3.01341955221805
100	2.97253511333611
101	3.01508830482548
102	2.8801279376999
103	2.81052704769851
104	2.84411069392296
105	2.72222222222222
106	2.71978862466973
107	2.6649283827006
108	2.66659713530802
109	2.65018773466834
110	2.76387150604923
111	2.85627868168544
112	2.81296064525101
113	2.82603254067584
114	2.86281462939786
115	2.7991239048811
116	2.75990821860659
117	2.14135725212071
118	2.12008065637603
119	2.16263384786539
120	2.05715477680434
121	2.7708246419135
122	2.7986371853706
123	2.8911834237241
124	2.92553191489362
125	3.04665554164928
126	3.07780559032124
127	2.99103045473509
128	2.93950771798081
129	2.9697538589904
130	2.9214295647337
131	3.02204144068975
132	3.17417605340008
133	3.02523988318732
134	3.00639688499513
135	3.00806563760256
136	3.08086497010152
137	3.08329856765401
138	3.12828535669587
139	3.24530663329161
140	3.16826588791545
141	3.25657071339174
142	3.2434988179669
143	3.29502155472118
144	3.3571825893478
145	3.42921707690168
146	3.45049367264636
147	3.41127798637185
148	3.43985537477402
149	3.48970935892087
150	3.45369211514393
151	3.3988318731748
152	3.48470310109859
153	3.6932276456682
154	3.75782227784731
155	3.75038242247254
156	3.71756362119316
157	3.17987762480879
158	3.22973160895564
159	3.22472535113336
160	3.22062300097344
161	3.24676679182311
162	3.30649422889723
163	3.33263801974691
164	3.41440689751078
165	3.56821026282854
166	3.66805729383952
167	3.6107634543179
168	3.53142817410652
169	3.68523153942428
170	3.7171464330413
171	3.72778473091364
172	3.7195800305938
173	3.81622861910722
174	3.88082325128633
175	3.89479905437352
176	3.91044361006814
177	3.90557641496315
178	4.20921985815603
179	4.3000973439021
180	4.28702544847726
181	4.34431928799889
182	4.20935892087331
183	4.34842163815881
184	4.45570852454457
185	4.41983034348491
186	4.4616186900292
187	4.6284939507718
188	4.7439855374774
189	4.77513558614935
190	4.76950354609929
191	4.87679043248505
192	5.11827284105131
193	5.18544013350021
194	5.29272701988597
195	5.22980114031428
196	5.25441524127381
197	5.37644277569184
198	5.42309831734112
199	5.5393547489918
200	5.4812960645251
201	5.47476011681268
202	5.53949381170908
203	5.64024475038242
204	5.60513141426784
205	5.53476567932138
206	5.63051036017244
207	5.75573633708803
208	5.86455291336393
209	5.89146154915867
210	5.89723265192602
211	5.79495202336254
212	5.74982617160339
213	5.96426088165763
214	5.81031845362258
215	5.72597691558893
216	5.68585732165207
217	5.68418856904464
218	5.72430816298151
219	5.78160200250313
220	5.76929495202336
221	5.83632318175497
222	5.88297872340426
223	5.84299819218467
224	5.65547211792518
225	5.58997357808371
226	5.57599777499652
227	5.46961479627312
228	5.3427200667501
229	5.36065915727993
230	5.15776665276039
231	5.23543318036435
232	5.18710888610763
233	5.01355861493534
234	4.87602558753998
235	4.79578639966625
236	4.83013489083577
237	4.70581282158253
238	4.77603949381171
239	4.77346683354193
240	4.83395911556112
241	4.86663885412321
242	4.92560144625226
243	4.87727715199555
244	4.76115978306216
245	4.83242942567098
246	4.93318036434432
247	5.02892504519538
248	4.97663746349604
249	4.85885134195522
250	4.83437630371297
251	4.76491447642887
252	4.819774718398
253	4.74940898345154
254	4.81643721318314
255	4.6716033931303
256	4.6184119037686
257	4.53163676818245
258	4.46857182589348
259	4.51432345988041
260	4.4751077736059
261	4.48331247392574
262	4.51279376999027
263	4.49638436935058
264	4.44562647754137
265	4.29988874982617
266	4.34897788902795
267	4.28681685440134
268	4.47177026839105
269	4.43909052982895
270	4.4472952301488
271	4.42768738701154
272	4.43999443749131
273	4.43589208733139
274	4.44409678765123
275	4.27889027951606
276	4.21172298706717
277	4.16673619802531
278	4.11674315116117
279	4.06598525935197
280	4.01188986232791
281	3.86615213461271
282	3.74488944513976
283	3.76282853566959
284	3.71450424141288
285	3.83959115561118
286	3.76999026560979
287	3.84522319566124
288	3.80997079682937
289	3.71832846613823
290	3.66270337922403
291	3.65039632874426
292	3.66179947156167
293	3.71255736337088
294	3.71742455847587
295	3.65359477124183
296	3.682172159644
297	3.70011125017383
298	3.66075650118203
299	3.7008760951189
300	3.7794465303852
301	3.66409400639689
302	3.6706299541093
303	3.8628841607565
304	3.66652760394938
305	3.73765818384091
306	3.68446669447921
307	3.72124878320122
308	3.73842302878598
309	3.77353636490057
310	3.70073703240161
311	3.8446669447921
312	3.89952718676123
313	3.86761229314421
314	3.87338339591156
315	3.91273814490335
316	4.10422750660548
317	4.08461966346822
318	4.13537755527743
319	4.1174384647476
320	4.12640801001252
321	4.1198720623001
322	4.20011125017383
323	4.19600890001391
324	4.22715894868586
325	4.37929356139619
326	4.50938673341677
327	4.52989848421638
328	4.51272423863162
329	4.52169378389654
330	4.61013767209011
331	4.61090251703518
332	4.64448616325963
333	4.69204561257127
334	4.71422611597831
335	4.74780976220275
336	4.66923932693645
337	4.77562230565985
338	4.82471144486163
339	4.70525657071339
340	4.80830204422194
341	4.92122097065777
342	5.21012376581838
343	5.15206508135169
344	5.24370741204283
345	5.47288277012933
346	5.39354748991795
347	5.48442497566402
348	5.4827562230566
349	5.53108051731331
350	5.51800862188847
351	5.64156584619664
352	5.83882631066611
353	5.99840077875122
354	6.20052843832568
355	6.40022250034766
356	6.61799471561674
357	6.74155193992491
358	6.89048811013767
359	6.98136559588374
360	7.27513558614936
361	7.43637880684188
362	7.58774857460715
363	7.72848004450007
364	7.86677791684049
365	8.05173133083021
366	8.14824085662634
367	8.47893199833125
368	8.65978306216104
369	8.73258239465999
370	8.97225698790155
371	9.24551522736754
372	9.60888610763454
373	9.74551522736754
374	9.97788902795161
375	10.0949103045474
376	10.0883743568349
377	10.2266722291754
378	10.1660408844389
379	10.457377277152
380	10.4418717841747
381	10.3698372966208
382	10.5047976637464
383	10.5350438047559
384	10.6046446947573
385	10.5456821026283
386	10.6864135725212
387	10.6700041718815
388	10.44006396885
389	10.4981226533166
390	10.4621054095397
391	10.413781115283
392	11.0873313864553
393	11.0955360867751
394	11.1397580308719
395	11.3377833402865
396	11.208455013211
397	11.4187873731053
398	11.4098178278404
399	11.5014601585315
400	11.6750104297038
401	11.7731887081074
402	11.8092059518843
403	11.5587539980531
404	11.6373244333194
405	11.703587818106
406	11.5702962035878
407	11.3534278959811
408	11.166805729384
409	11.2806285634821
410	11.1063134473648
411	11.3190794048116
412	11.6513002364066
413	11.6563064942289
414	11.7553886802948
415	11.6711862049784
416	11.8143512724239
417	11.8216520650814
418	11.6514392991239
419	11.6350298984842
420	11.6227228480045
421	11.7356417744403
422	11.5490196078431
423	11.6955221805034
424	11.5743985537477
425	11.6471978862467
426	11.494159365874
427	11.3747044917258
428	10.572590738423
429	10.5701571408705
430	10.3441802252816
431	10.0577110276735
432	9.9022389097483
433	9.73856209150327
434	9.67640105687665
435	9.54630788485607
436	9.28598247809762
437	8.97914059240718
438	8.66242525378946
439	8.6960089000139
440	8.52822973160895
441	8.29828952857739
442	8.12717285495759
443	7.95285773884022
444	7.77610902517035
445	7.49450702266722
446	7.52231956612432
447	7.2890418578779
448	6.95848977889028
449	6.69086357947434
450	6.70713391739675
451	6.64726741760534
452	6.39027951606174
453	6.25531914893617
454	6.25942149909609
455	6.18008621888472
456	6.12689472952302
457	6.02795160617439
458	6.04025865665415
459	5.97642886942011
460	5.94861632596301
461	5.78250591016548
462	5.68112918926436
463	5.62870254484773
464	5.5575719649562
465	5.34967320261438
466	5.27687387011542
467	5.25316367681824
468	5.18690029203171
469	4.997079682937
470	4.97246558197747
471	4.74009178139341
472	4.75483242942567
473	4.75483242942567
474	4.77444027256293
475	4.71638158809623
476	4.65011820330969
477	4.69920734251147
478	4.79662077596996
479	4.84570991517174
480	5.03810318453623
481	5.06681963565568
482	4.91711862049785
483	4.87623418161591
484	4.78535669586984
485	4.81316923932694
486	4.48671951049923
487	4.37623418161591
488	4.35252398831873
489	4.33201223751912
490	4.29356139618968
491	4.3279098873592
492	4.26408010012516
493	4.2885551383674
494	4.21575580586845
495	4.01453205395633
496	3.95070226672229
497	3.86072868863858
498	3.8557224308163
499	3.83201223751912
500	3.81560283687943
501	3.73870115422055
502	3.81150048671951
503	3.70678626060353
504	3.70101515783618
505	3.70178000278125
506	3.47837574746211
507	3.46850229453484
508	3.41120845501321
509	3.34160756501182
510	3.2843137254902
511	3.1893338895842
512	3.12140175219024
513	3.03052426644417
514	2.88645529133639
515	2.83083020442219
516	2.57704074537616
517	2.52461410095953
518	2.51307189542484
519	2.37310527047699
520	2.38861076345432
521	2.35092476706995
522	2.39104436100681
523	2.57356417744403
524	2.58253372270894
525	2.5718954248366
526	2.49986093728271
527	2.36809901265471
528	2.38770685579196
529	2.34925601446252
530	2.40564594632179
531	2.38833263801975
532	2.39730218328466
533	2.3849951328049
534	2.34821304408288
535	2.28194965929634
536	2.20094562647754
537	2.25900431094424
538	2.14851898206091
539	2.21888471700737
540	2.30399109998609
541	2.21888471700737
542	2.31706299541093
543	2.33423724099569
544	2.38742873035739
545	2.40870532610207
546	2.41934362397441
547	2.46676401056877
548	2.47573355583368
549	2.46919760812126
550	2.50278125434571
551	2.60095953274927
552	2.60095953274927
553	2.63287442636629
554	2.63044082881379
555	2.69593936865526
556	2.66569322764567
557	2.74259491030455
558	2.79655124461132
559	2.47329995828118
560	2.44138506466416
561	2.47086636072869
562	2.47177026839104
563	2.4889445139758
564	2.39243498817967
565	2.39486858573217
566	2.30732860520094
567	2.26477541371158
568	2.31963565568071
569	2.33924349881797
570	2.32860520094563
571	2.3825615352524
572	2.51022110972048
573	2.55687665136977
574	2.63788068418857
575	2.64608538450841
576	2.639549436796
577	2.72222222222222
578	2.73529411764706
579	2.81219580030594
580	2.7737449589765
581	2.88423028785982
582	2.93742177722153
583	3.02419691280768
584	3.03817271589487
585	2.95716868307607
586	3.08406341259908
587	3.08573216520651
588	3.14059240717564
589	3.10457516339869
590	3.14226115978306
591	3.11688221387846
592	3.17250730079266
593	3.14636350994298
594	3.08010012515645
595	3.11034626616604
596	3.16764010568767
597	3.12098456403838
598	3.11354470866361
599	3.13892365456821
600	3.11354470866361
601	3.14545960228063
602	3.17083854818523
603	3.15123070504798
604	3.05214851898206
605	3.08740091781393
606	3.13238770685579
607	3.21749408983452
608	3.20031984424976
609	3.18968154637742
610	3.12995410930329
611	3.11521346127103
612	3.10700876095119
613	3.03254067584481
614	2.97691558893061
615	2.91885690446391
616	2.91718815185649
617	2.80837157558059
618	2.79773327770825
619	2.83618411903769
620	2.78785982478098
621	2.75761368377138
622	2.70518703935475
623	2.64302600472813
624	2.60047281323877
625	2.60290641079127
626	2.52843832568488
627	2.54151022110972
628	2.62251425392852
629	2.52099847031011
630	2.52266722291754
631	2.53010707829231
632	2.53587818105966
633	2.60714782366847
634	2.59894312334863
635	2.56702822973161
636	2.62188847170074
637	2.59574468085106
638	2.62355722430816
639	2.64650257266027
640	2.63099707968294
641	2.64650257266027
642	2.60394938117091
643	2.47795855931025
644	2.48282575441524
645	2.37644277569184
646	2.36990682797942
647	2.22187456542901
648	2.17855652899458
649	2.28083715755806
650	2.25469336670839
651	2.29237936309276
652	2.37838965373383
653	2.40620219719093
654	2.365317758309
655	2.20741204283132
656	2.17640105687665
657	2.20421360033375
658	2.21818940342094
659	2.23369489639828
660	2.26971214017522
661	2.26971214017522
662	2.31469892921708
663	2.30816298150466
664	2.15512446113197
665	2.14858851341955
666	2.10360172437769
667	2.01362814629398
668	1.90314281741065
669	1.83354192740926
670	1.80739813655959
671	1.81316923932694
672	1.79189264358226
673	1.73049645390071
674	1.68717841746628
675	1.67820887220136
676	1.6610346266166
677	1.57106104853289
678	1.5359477124183
679	1.55479071061049
680	1.45661243220693
681	1.50083437630371
682	1.45264914476429
683	1.51800862188847
684	1.5359477124183
685	1.38290919204561
686	1.34932554582117
687	1.30510360172438
688	1.25114726741761
689	1.17911277986372
690	1.1447642886942
691	1.11208455013211
692	1.16604088443888
693	1.10798219997219
694	1.17181198720623
695	1.11131970518704
696	1.09414545960228
697	1.02788207481574
698	0.937908496732026
699	0.85857321652065
700	0.791544986789042
701	0.789111389236545
702	0.798984842163816
703	0.842302878598247
704	0.802183284661382
705	0.770268391044361
706	0.814490335141148
707	0.884856070087609
708	0.899596718119872
709	0.830899735780837
710	0.767069948546794
711	0.750660547907106
712	0.6999026560979
713	0.672090112640801
714	0.707203448755388
715	0.758726185509665
716	0.762828535669587
717	0.72924488944514
718	0.772562925879571
719	0.710401891252954
720	0.746419135029898
721	0.784105131414268
722	0.804616882213878
723	0.845501321095814
724	0.718606591572799
725	0.743985537477403
726	0.790641079126686
727	0.799610624391601
728	0.824989570296204
729	0.861771659018218
730	0.77909887359199
731	0.772562925879571
732	0.800375469336671
733	0.783201223751912
734	0.787303573911834
735	0.752955082742316
736	0.77909887359199
737	0.766791823112224
738	0.742942567097761
739	0.736406619385343
740	0.761020720344875
741	0.76999026560979
742	0.733973021832846
743	0.608747044917258
744	0.650396328744263
745	0.661034626616604
746	0.990821860659157
747	1.09553608677514
748	1.11848143512724
749	1.18474481991378
750	1.13155333055208
751	1.0522180503407
752	1.04644694757336
753	1.02760394938117
754	1.04477819496593
755	1.04477819496593
756	0.972743707412043
757	0.949798359059936
758	0.86058962592129
759	0.832777082464191
760	0.841746627729106
761	0.816367681824503
762	0.821234876929495
763	0.884160756501182
764	0.810457516339869
765	0.793283270755111
766	0.783409817827841
767	0.825059101654846
768	0.710471422611598
769	0.717007370324016
770	0.727645668196356
771	0.800445000695314
772	0.806216103462662
773	0.777638715060492
774	0.775205117507996
775	0.820191906549854
776	0.869281045751634
777	0.825963009317202
778	0.865178695591712
779	0.865178695591712
780	0.843137254901961
781	0.897093589208733
782	0.578709497983591
783	0.536156306494229
784	0.574607147823668
785	0.536156306494229
786	0.613057989153108
787	0.630997079682937
788	0.688290919204561
789	0.811848143512724
790	0.793005145320539
791	0.832220831595049
792	0.799541093032958
793	0.810944235850369
794	0.894381866221666
795	0.871436517869559
796	0.908218606591573
797	0.94256709776109
798	0.93192879988875
799	0.878737310527048
800	0.88283966068697
801	0.88360450563204
802	0.868863857599777
803	0.858225559727437
804	0.888471700737032
805	0.876164650257266
806	0.932554582116534
807	0.912042831316924
808	0.923445974134334
809	0.938951467111667
810	0.926644416631901
811	0.916770963704631
812	0.857808371575581
813	0.864344319287999
814	0.863579474342928
815	0.899596718119872
816	0.938047559449312
817	0.880753719927687
818	0.928174106522041
819	0.964956195244055
820	0.965721040189125
821	1.00250312891114
822	1.02864691976081
823	1.04582116534557
824	0.956612432206925
825	0.839591155611181
826	0.86740369906828
827	0.85676540119594
828	0.872270894173272
829	0.86816854401335
830	0.881240439438187
831	0.898414685022946
832	0.926227228480045
833	0.954039771937144
834	0.928660826032541
835	0.935196773744959
836	0.948268669169796
837	0.986719510499235
838	1.00389375608399
839	1.15526352384926
840	1.18064246975386
841	1.20602141565846
842	1.22729801140314
843	1.27638715060492
844	1.28535669586984
845	1.32457238214435
846	1.37609511889862
847	1.40390766235572
848	1.44312334863023
849	1.47823668474482
850	1.48963982756223
851	1.50924767069949
852	1.45271867612293
853	1.46989292170769
854	1.48053121958003
855	1.40606313447365
856	1.35940759282436
857	1.29968015575024
858	1.25302461410096
859	1.2382839660687
860	1.27673480739814
861	1.31518564872758
862	1.30698094840773
936	0.955917118620498
937	0.987832012237519
938	1.01321095814212
939	0.99847031010986
940	0.991934362397441
941	1.01321095814212
942	0.981296064525101
943	0.964121818940342
944	1.02795160617438
945	1.04269225420665
946	1.05333055207899
947	1.06807120011125
948	1.1016548463357
949	1.06320400500626
950	1.09268530107078
951	1.12870254484773
952	1.17125573633709
953	1.31198720623001
954	1.36517869559171
955	1.37991934362397
956	1.43311083298568
957	1.4650257266027
958	1.44785148101794
959	1.46669447921012
960	1.4347795855931
961	1.4347795855931
962	1.3562091503268
963	1.37094979835906
964	1.40286469197608
965	1.41350298984842
966	1.42414128772076
967	1.4372131831456
968	1.39465999165624
969	1.36928104575163
970	1.34800445000695
971	1.35697399527187
972	1.41670143234599
973	1.42733973021833
974	1.45515227367543
975	1.46579057154777
976	1.46168822138785
977	1.49360311500487
978	1.50424141287721
979	1.54269225420665
980	1.51077736058963
981	1.5066750104297
982	1.45758587122792
983	1.46412181894034
984	1.42400222500348
1044	0.966555416492838
1045	0.955917118620498
1046	0.938742873035739
1047	0.917466277291058
1048	0.892087331386455
1049	0.902725629258796
1050	0.879015435961619
1051	0.879015435961619
1052	0.879015435961619
1053	0.879015435961619
1054	0.906827979418718
1055	0.928104575163399
1056	0.91093032957864
1057	0.932206925323321
1058	0.836462244472257
1059	0.808649701015158
1060	0.798011403142817
1061	0.776734807398136
1062	0.755458211653456
1063	0.755458211653456
1064	0.744819913781115
1065	0.730079265748853
1066	0.725976915588931
1067	0.747253511333612
1068	0.725976915588931
1069	0.757891809205952
1070	0.789806702822973
1071	0.789806702822973
1072	0.757891809205952
1073	0.789806702822973
1074	0.785704352663051
1075	0.775066054790711
1076	0.806980948407732
1602	0.991934362397441
1603	1.07050479766375
1604	1.11305798915311
1605	1.17688777638715
1606	1.23007926574885
1607	1.20880267000417
1608	1.24315116117369
1609	1.24315116117369
1610	1.22597691558893
1611	1.23661521346127
1612	1.27263245723821
1613	1.31518564872758
1614	1.32582394659992
1615	1.3471005423446
1616	1.4002920317063
1617	1.37901543596162
1618	1.35773884021694
1619	1.35120289250452
1620	1.36184119037686
1621	1.35120289250452
1622	1.34223334723961
1623	1.34876929495202
1624	1.39132248644139
1625	1.38722013628146
1626	1.35530524266444
1627	1.3724794882492
1628	1.36184119037686
1629	1.39375608399388
1630	1.35120289250452
1631	1.29801140314282
1632	1.24481991378112
1633	1.30044500069531
1634	1.31761924628007
1635	1.31761924628007
1636	1.32825754415241
1637	1.34953413989709
1670	1.0091086079822
1671	0.977193714365179
1672	0.991934362397441
1673	0.915032679738562
1674	0.808649701015158
1675	0.755458211653456
1676	0.776734807398136
1677	0.787373105270477
1678	0.776734807398136
1679	0.610624391600612
1680	0.610624391600612
1681	0.599986093728271
1682	0.614726741760534
1683	0.604088443888194
1684	0.610624391600612
1685	0.599986093728271
1686	0.61716033931303
1687	0.613057989153108
1688	0.581143095536087
1689	0.591781393408427
1690	0.591781393408427
1691	0.559866499791406
1692	0.549228201919065
1693	0.604853288833264
1694	0.615491586705604
5768	1.9027256292588
5769	1.8724794882492
5770	1.88311778612154
5771	1.87658183840912
5772	1.87658183840912
5773	1.85940759282436
5774	1.81031845362258
5775	1.7890418578779
5776	1.7890418578779
5777	1.73995271867612
5778	1.79724655819775
5779	1.79071061048533
5780	1.83326380197469
5781	1.82262550410235
5782	1.88645529133639
5783	1.85864274787929
5784	1.86684744819914
5785	1.78584341538034
5786	1.78584341538034
5787	1.7981504658601
5788	1.75969962453066
5789	1.77444027256293
5790	1.71061048532888
5791	1.62793769990266
5792	1.64267834793492
5793	1.63204005006258
5794	1.67869559171186
5795	1.65741899596718
5796	1.59358920873314
5797	1.57064386038103
5798	1.54693366708385
5799	1.43401474064803
5800	1.43401474064803
5801	1.37018495341399
5802	1.40620219719093
5803	1.37018495341399
5804	1.36608260325407
5805	1.45362258378529
5806	1.54936726463635
5807	1.54526491447643
5808	1.53872896676401
5809	1.51091642330691
5810	1.53872896676401
5811	1.48553747740231
5812	1.51335002085941
5813	1.51988596857183
5814	1.4625921290502
5815	1.44131553330552
5816	1.40286469197608
5817	1.39632874426366
5818	1.33903490474204
5819	1.39876234181616
5820	1.36928104575163
5821	1.39055764149631
5822	1.41837018495341
5823	1.43311083298568
5824	1.4396467806981
5825	1.42490613266583
5826	1.45195383117786
5827	1.49860937282714
5828	1.4879710749548
5829	1.44541788346544
5830	1.42414128772076
5831	1.4879710749548
5832	1.50924767069949
5833	1.56654151022111
5834	1.54936726463635
5835	1.55346961479627
5836	1.53629536921151
5837	1.51912112362676
5838	1.47656793213739
5839	1.4741343345849
5840	1.47823668474482
5841	1.39723265192602
5842	1.31622861910722
5843	1.33096926713948
5844	1.3628841607565
5845	1.37108886107635
5846	1.38172715894869
5847	1.38582950910861
5848	1.33430677235433
5849	1.33840912251425
5850	1.32777082464191
5851	1.34828257544152
5852	1.30983173411208
5853	1.2885551383674
5854	1.26727854262272
5855	1.17487136698651
5856	1.13642052565707
5857	1.12578222778473
5858	1.06605479071061
5859	1.04721179251843
5860	0.969545264914476
5861	0.939299123904881
5862	0.924558475872619
5863	0.875469336670838
5864	0.805103601724378
5865	0.802670004171882
5866	0.768321513002364
5867	0.708594075928244
5868	0.675914337366152
5869	0.629258795716868
5870	0.699624530663329
5871	0.703726880823251
5872	0.697190933110833
5873	0.737310527047699
5874	0.72013628146294
5875	0.711931581143096
5876	0.750382422472535
5877	0.790502016409401
5878	0.807676261994159
5879	0.797037964121819
5880	0.750382422472535
5881	0.748713669865109
5882	0.791266861354471
5883	0.80844110693923
5884	0.870602141565846
5885	0.870602141565846
5886	0.959810874704492
5887	0.977749965234321
5888	1.12258378528716
5889	1.15039632874426
5890	1.15039632874426
5891	1.20845501321096
5892	1.27882074815742
5893	1.31727158948686
5894	1.33854818523154
5895	1.31970518703935
5896	1.38429981921847
5897	1.43992490613267
5898	1.43172020581282
5899	1.4832429425671
5900	1.54297037964122
5901	1.6198720623001
5902	1.73522458628842
5903	1.74176053400083
5904	1.76380197469059
5905	1.79571686830761
5906	1.72124878320122
5907	1.70240578500904
5908	1.75969962453066
5909	1.75559727437074
5910	1.8005840634126
5911	1.85787790293422
5912	1.83660130718954
5913	1.75559727437074
5914	1.78097622027534
5915	1.77200667501043
5916	1.80148797107495
5917	1.77777777777778
5918	1.79905437352246
5919	1.84737866777917
5920	1.86865526352385
5921	1.83187317480184
5922	1.7934223334724
5923	1.77624808788764
5924	1.64539007092199
5925	1.61104157975247
5926	1.6102767348074
5927	1.59310248922264
5928	1.54157975246836
5929	1.52197190933111
5930	1.58580169656515
5931	1.59567514949242
5932	1.60631344736476
5933	1.57850090390766
5934	1.64233069114171
5935	1.61451814768461
5936	1.67424558475873
5937	1.61451814768461
5938	1.57196495619524
5939	1.58670560422751
5940	1.57363370880267
5941	1.58427200667501
5942	1.58670560422751
5943	1.63579474342929
5944	1.62348769294952
5945	1.6193853427896
5946	1.62348769294952
5947	1.60874704491726
5948	1.60464469475734
5949	1.65206508135169
5950	1.61604783757475
5951	1.67410652204144
5952	1.62988457794465
5953	1.68550966485885
5954	1.65769712140175
5955	1.64295647336949
5956	1.64052287581699
5957	1.65602836879433
5958	1.65846196634682
5959	1.66499791405924
5960	1.68947295230149
5961	1.69600890001391
5962	1.74342928660826
5963	1.73112223612849
5964	1.76957307745793
5965	1.79981921846753
5966	2.0273258239466
5967	2.07064386038103
5968	2.13690724516757
5969	2.14997914059241
5970	2.07551105548602
5971	2.10332359894312
5972	2.03949381170908
5973	2.05666805729384
5974	1.9928382700598
5975	2.01001251564456
5976	2.03372270894173
5977	2.048463356974
5978	2.11229314420804
5979	2.09101654846336
5980	2.09101654846336
5981	2.05499930468641
5982	2.06153525239883
5983	2.07217355027117
5984	2.09345014601585
5985	2.07217355027117
5986	2.02962035878181
5987	1.98706716729245
5988	1.99770546516479
5989	1.92323738005841
5990	1.86594354053678
5991	1.80044500069531
