2	1.86690476190476
3	3.42333333333333
4	4.10880952380952
5	4.71261904761905
6	5.85642857142857
7	6.40547619047619
8	7.12119047619047
9	7.71190476190476
10	8.43333333333333
11	9.13761904761905
12	10.0085714285714
13	10.9914285714286
14	11.8795238095238
15	12.1254761904762
16	12.7390476190476
17	13.3714285714286
18	13.9923809523809
19	14.5283333333333
20	15.2269047619048
21	16.0316666666667
22	16.6657142857143
23	17.3757142857143
24	18.2392857142857
25	18.8830952380952
26	19.8259523809524
27	20.7254761904762
28	21.6078571428571
29	22.8121428571429
30	24.1659523809524
31	24.5671428571429
32	25.4552380952381
33	26.0042857142857
34	26.6178571428571
35	27.5778571428571
36	27.9054761904762
37	28.1309523809524
38	28.1195238095238
39	27.422619047619
40	27.1440476190476
41	27.5002380952381
42	27.5419047619048
43	28.055
44	28.2330952380952
45	28.4961904761905
46	28.4488095238095
47	28.4847619047619
48	28.5909523809524
49	28.9014285714286
50	29.2535714285714
51	30.5092857142857
52	31.1833333333333
53	31.6188095238095
54	32.185
55	33.145
56	33.5559523809524
57	33.4497619047619
58	34.0371428571428
59	35.1638095238095
60	35.7904761904762
61	36.4702380952381
62	36.69
63	36.4416666666667
64	36.7954761904762
65	36.9433333333333
66	36.7047619047619
67	37.3183333333333
68	37.6419047619048
69	38.7742857142857
70	39.2057142857143
71	39.9140476190476
72	39.9614285714286
73	40.5292857142857
74	34.1711904761905
75	42.7073809523809
76	43.3209523809524
77	43.7997619047619
78	44.3259523809524
79	44.2123809523809
80	43.6404761904762
81	43.8921428571429
82	45.1421428571428
83	46.0228571428571
84	46.5947619047619
85	46.6609523809524
86	47.4640476190476
87	46.7140476190476
88	46.2859523809524
89	46.2254761904762
90	46.7197619047619
91	46.6364285714286
92	46.1838095238095
93	46.9566666666667
94	48.3030952380952
95	48.5873809523809
96	49.2597619047619
97	50.4885714285714
98	51.122619047619
99	51.3840476190476
100	52.2533333333333
101	52.6340476190476
102	53.4159523809524
103	53.8252380952381
104	54.6928571428571
105	54.6854761904762
106	55.2859523809524
107	55.0073809523809
108	55.6152380952381
109	55.9411904761905
110	56.4240476190476
111	56.3652380952381
112	56.537619047619
113	56.9754761904762
114	57.5097619047619
115	59.5171428571429
116	61.4052380952381
117	62.8978571428571
118	64.0130952380952
119	65.3309523809524
120	66.0997619047619
121	67.6145238095238
122	67.7885714285714
123	69.5745238095238
124	70.0671428571428
125	71.3604761904762
126	72.5573809523809
127	73.8621428571429
128	75.1766666666667
129	76.8204761904762
130	76.7845238095238
131	78.7559523809524
132	79.1440476190476
133	79.8261904761905
134	80.4135714285714
135	81.5385714285714
136	82.2378571428571
137	82.1071428571428
138	81.9085714285714
139	81.6585714285714
140	81.4902380952381
141	82.3292857142857
142	82.7402380952381
143	82.8447619047619
144	82.9109523809524
145	83.4297619047619
146	83.0490476190476
147	83.3938095238095
148	83.3938095238095
149	83.5073809523809
150	82.3407142857143
151	81.8104761904762
152	82.335
153	81.7688095238095
154	80.8961904761905
155	79.5897619047619
156	79.3152380952381
157	78.5978571428571
158	78.5014285714286
159	77.6207142857143
160	78.7947619047619
161	78.9597619047619
162	78.7759523809524
163	78.4352380952381
164	78.8233333333333
165	77.7473809523809
166	77.9385714285714
167	76.4614285714286
168	76.1019047619048
169	74.5488095238095
170	74.2154761904762
171	73.3821428571428
172	71.442619047619
173	72.5030952380952
174	72.1411904761905
175	72.6411904761905
176	73.12
177	73.5914285714286
178	74.1371428571429
179	74.3397619047619
180	73.612619047619
181	73.1828571428571
182	73.7547619047619
183	73.6885714285714
184	74.7473809523809
185	75.0561904761905
186	75.4009523809524
187	75.3878571428571
188	74.2080952380952
189	73.28
190	73.3535714285714
191	74.0161904761905
192	73.7907142857143
193	74.7335714285714
194	75.3373809523809
195	75.8790476190476
196	75.6821428571428
197	75.3390476190476
198	76.1797619047619
199	76.6152380952381
200	75.4411904761905
201	75.4035714285714
202	75.3030952380952
203	76.3538095238095
204	75.6169047619048
205	75.6095238095238
206	74.9428571428571
207	75.5678571428571
208	76.0678571428571
209	74.3407142857143
210	73.4354761904762
211	72.4354761904762
212	70.1290476190476
213	68.5685714285714
214	66.2883333333333
215	64.907619047619
216	64.4321428571428
217	63.665
218	62.5628571428571
219	61.9492857142857
220	60.4321428571428
221	58.7957142857143
222	58.4583333333333
223	58.1397619047619
224	56.9297619047619
225	57.3954761904762
226	57.5980952380952
227	56.0792857142857
228	55.6152380952381
229	53.6209523809524
230	52.3145238095238
231	51.5890476190476
232	50.3938095238095
233	48.8504761904762
234	46.1028571428571
235	44.2792857142857
236	43.2792857142857
237	42.362619047619
238	40.7057142857143
239	38.6190476190476
240	37.607619047619
241	37.2571428571429
242	36.7514285714286
243	35.5904761904762
244	35.2040476190476
245	35.1983333333333
246	36.2228571428571
247	37.0407142857143
248	37.7335714285714
249	38.3259523809524
250	39.2230952380952
251	39.8685714285714
252	40.4878571428571
253	40.5580952380952
254	40.7247619047619
255	40.2721428571429
256	40.2892857142857
257	40.1283333333333
258	39.0621428571429
259	38.8333333333333
260	39.2271428571429
261	38.5719047619048
262	37.3464285714286
263	37.1209523809524
264	36.5964285714286
265	36.6119047619048
266	36.2614285714286
267	35.4264285714286
268	35.0097619047619
269	35.2597619047619
270	35.2295238095238
271	35.3316666666667
272	35.0947619047619
273	34.7557142857143
274	34.4885714285714
275	34.5130952380952
276	34.5
277	34.1307142857143
278	33.6821428571428
279	33.6878571428571
280	33.3830952380952
281	33.2261904761905
282	32.0995238095238
283	31.4238095238095
284	30.7480952380952
285	29.9645238095238
286	29.8361904761905
287	29.8173809523809
288	29.607380952381
289	28.9823809523809
290	28.177619047619
291	27.7569047619048
292	27.5959523809524
293	27.6490476190476
294	27.975
295	27.7307142857143
296	27.1342857142857
297	27.0019047619048
298	26.6309523809524
299	26.8564285714286
300	26.6292857142857
301	26.1823809523809
302	26.5083333333333
303	27.2811904761905
304	27.792619047619
305	27.792619047619
306	27.4592857142857
307	27.1071428571429
308	27.2966666666667
309	27.4273809523809
310	27.5221428571429
311	27.4257142857143
312	27.3538095238095
313	27.787619047619
314	28.9428571428571
315	28.9902380952381
316	29.5980952380952
317	30.2419047619048
318	30.7966666666667
319	30.9519047619048
320	31.5957142857143
321	32.5785714285714
322	32.7509523809524
323	32.9347619047619
324	32.6921428571429
325	32.8702380952381
326	33.1259523809524
327	33.7321428571428
328	33.957619047619
329	34.2035714285714
330	34.8947619047619
331	34.6692857142857
332	35.7828571428571
333	35.837619047619
334	37.0214285714286
335	37.0083333333333
336	37.4495238095238
337	37.5761904761905
338	37.4928571428571
339	37.8261904761905
340	37.3433333333333
341	37.8433333333333
342	39.635
343	40.5345238095238
344	41.1235714285714
345	43.057380952381
346	44.0157142857143
347	44.26
348	44.8621428571428
349	44.6783333333333
350	44.0059523809524
351	44.6252380952381
352	44.845
353	45.4585714285714
354	45.7845238095238
355	46.8147619047619
356	47.2845238095238
357	47.0288095238095
358	47.2633333333333
359	47.4488095238095
360	48.9773809523809
361	50.2216666666667
362	51.6628571428571
363	52.1857142857143
364	53.2102380952381
365	53.7690476190476
366	53.1497619047619
367	54.8580952380952
368	56.055
369	57.6195238095238
370	58.3866666666666
371	58.9585714285714
372	60.2616666666667
373	60.5288095238095
374	60.1138095238095
375	59.7690476190476
376	60.68
377	60.8238095238095
378	59.3066666666667
379	59.4316666666667
380	59.6873809523809
381	58.0035714285714
382	57.8140476190476
383	58.9978571428571
384	58.9145238095238
385	58.8540476190476
386	59.5378571428571
387	60.4088095238095
388	61.0697619047619
389	61.7364285714286
390	61.975
391	62.1
392	63.1890476190476
393	63.8197619047619
394	64.85
395	65.6588095238095
396	65.0885714285714
397	65.0714285714286
398	64.387619047619
399	64.6980952380952
400	64.9195238095238
401	65.27
402	65.1923809523809
403	64.7340476190476
404	63.02
405	61.7397619047619
406	61.0085714285714
407	61.6392857142857
408	60.5673809523809
409	61.1433333333333
410	61.6833333333333
411	62.1171428571429
412	61.8916666666667
413	62.9259523809524
414	64.4259523809524
415	65.7707142857143
416	66.515
417	66.6988095238095
418	65.8752380952381
419	64.47
420	63.7542857142857
421	63.9985714285714
422	63.885
423	62.7280952380952
424	62.167619047619
425	60.8685714285714
426	60.8440476190476
427	59.8497619047619
428	58.207619047619
429	57.9764285714286
430	56.7704761904762
431	55.7647619047619
432	56.3292857142857
433	55.9445238095238
434	56.4142857142857
435	56.1871428571429
436	55.5735714285714
437	54.9542857142857
438	54.6078571428571
439	54.25
440	55.6135714285714
441	56.4166666666667
442	55.2369047619048
443	54.242619047619
444	54.117619047619
445	53.5
446	53.1969047619048
447	52.5907142857143
448	51.8635714285714
449	50.6552380952381
450	50.0547619047619
451	48.2802380952381
452	47.327619047619
453	46.9469047619047
454	47.5016666666667
455	47.4902380952381
456	47.9011904761905
457	47.8480952380952
458	47.3121428571429
459	47.3897619047619
460	46.8195238095238
461	46.5523809523809
462	45.8211904761905
463	45.7966666666667
464	45.6471428571429
465	45.2304761904762
466	44.6528571428571
467	44.497619047619
468	43.2002380952381
469	42.162619047619
470	41.1038095238095
471	40.1095238095238
472	39.4542857142857
473	38.662619047619
474	38.8235714285714
475	38.6340476190476
476	37.6985714285714
477	36.622619047619
478	37.3930952380952
479	37.0540476190476
480	37.55
481	37.8661904761905
482	37.8547619047619
483	37.8130952380952
484	37.8490476190476
485	37.3678571428571
486	36.8907142857143
487	36.9152380952381
488	36.0173809523809
489	35.5647619047619
490	34.7257142857143
491	34.4757142857143
492	34.3164285714286
493	34.4054761904762
494	34.3883333333333
495	33.9619047619048
496	33.9807142857143
497	33.5583333333333
498	33.7609523809524
499	33.7135714285714
500	34.1604761904762
501	33.185
502	33.4138095238095
503	33.0804761904762
504	33.1278571428571
505	33.3419047619048
506	32.7038095238095
507	32.4178571428571
508	31.9235714285714
509	32.06
510	31.8042857142857
511	31.6188095238095
512	31.0959523809524
513	30.6490476190476
514	29.9692857142857
515	30.0771428571428
516	28.9145238095238
517	28.0092857142857
518	28.0435714285714
519	27.6023809523809
520	27.5116666666667
521	27.0173809523809
522	26.767380952381
523	26.2085714285714
524	26.0647619047619
525	25.9038095238095
526	26.0990476190476
527	25.6121428571429
528	25.4038095238095
529	25.0704761904762
530	24.3090476190476
531	23.7583333333333
532	23.3759523809524
533	23.5671428571429
534	23.0540476190476
535	22.715
536	22.2035714285714
537	22.3514285714286
538	21.4747619047619
539	21.5278571428571
540	21.2892857142857
541	21.4028571428571
542	21.17
543	20.8971428571429
544	20.7778571428571
545	20.3138095238095
546	19.6414285714286
547	19.005
548	18.6242857142857
549	18.552380952381
550	18.2721428571429
551	17.7590476190476
552	17.5695238095238
553	17.6397619047619
554	17.1871428571429
555	16.9559523809524
556	16.7852380952381
557	16.9085714285714
558	16.6545238095238
559	16.4045238095238
560	16.3114285714286
561	16.2240476190476
562	16.4642857142857
563	16.5590476190476
564	16.5778571428571
565	16.5721428571429
566	16.8221428571429
567	17.0019047619048
568	16.7478571428571
569	16.1040476190476
570	16.092619047619
571	15.4333333333333
572	14.8557142857143
573	14.6245238095238
574	14.6719047619048
575	14.6016666666667
576	14.2209523809524
577	14.1564285714286
578	14.1580952380952
579	14.3304761904762
580	14.7888095238095
581	15.2602380952381
582	15.4457142857143
583	15.5552380952381
584	15.6916666666667
585	15.7880952380952
586	16.0642857142857
587	15.8102380952381
588	16.0602380952381
589	16.2154761904762
590	15.9671428571429
591	16.0561904761905
592	15.8592857142857
593	16.0202380952381
594	15.8159523809524
595	15.9940476190476
596	15.9278571428571
597	16.1345238095238
598	16.1042857142857
599	16.0152380952381
600	15.7692857142857
601	15.727619047619
602	15.7390476190476
603	15.5364285714286
604	15.3509523809524
605	15.5307142857143
606	15.5609523809524
607	15.9285714285714
608	16.0854761904762
609	16.3942857142857
610	16.7880952380952
611	16.8052380952381
612	16.8828571428571
613	16.7390476190476
614	17.0307142857143
615	17.227619047619
616	17.3411904761905
617	17.1271428571429
618	17.8714285714286
619	18.2995238095238
620	18.65
621	18.6540476190476
622	18.7414285714286
623	19.0502380952381
624	19.5347619047619
625	19.9057142857143
626	21.0878571428571
627	22.3133333333333
628	23.2921428571428
629	23.8109523809524
630	24.6819047619048
631	25.945
632	26.992380952381
633	27.6778571428571
634	27.8519047619048
635	28.4164285714286
636	29.4409523809524
637	29.6966666666667
638	30.2023809523809
639	30.7211904761905
640	31.28
641	31.3935714285714
642	31.7440476190476
643	31.7914285714286
644	31.812619047619
645	32.0152380952381
646	32.11
647	32.5095238095238
648	33.5340476190476
649	33.8388095238095
650	34.0283333333333
651	35.0111904761905
652	35.5545238095238
653	36.1795238095238
654	35.78
655	36.3616666666667
656	36.6190476190476
657	37.3290476190476
658	38.4842857142857
659	38.74
660	38.1116666666667
661	37.9638095238095
662	37.7154761904762
663	37.0447619047619
664	37.0904761904762
665	37.5185714285714
666	37.1002380952381
667	36.7252380952381
668	36.9107142857143
669	37.3747619047619
670	38.6419047619048
671	39.0978571428571
672	38.6280952380952
673	38.7
674	39.4157142857143
675	40.0709523809524
676	41.62
677	42.3397619047619
678	43.4664285714286
679	44.2180952380952
680	45.3790476190476
681	45.54
682	46.2916666666667
683	46.2728571428571
684	45.782619047619
685	45.9892857142857
686	46.1919047619048
687	45.9761904761905
688	45.8021428571429
689	45.9933333333333
690	46.7016666666667
691	47.0938095238095
692	47.66
693	48.0954761904762
694	48.12
695	48.9042857142857
696	50.4533333333333
697	51.0161904761905
698	51.1338095238095
699	51.6247619047619
700	51.1002380952381
701	50.3788095238095
702	50.5928571428571
703	50.687619047619
704	50.3714285714286
705	50.0911904761905
706	49.5021428571429
707	49.6654761904762
708	51.3680952380952
709	52.3207142857143
710	52.3378571428571
711	51.902380952381
712	51.0085714285714
713	52.1507142857143
714	51.9880952380952
715	52.8083333333333
716	52.552619047619
717	52.3442857142857
718	52.1285714285714
719	51.9807142857143
720	51.9235714285714
721	52.3590476190476
722	52.3835714285714
723	52.9497619047619
724	53.0861904761905
725	52.9064285714286
726	53.4235714285714
727	53.3059523809524
728	52.9783333333333
729	52.4709523809524
730	51.9292857142857
731	52.1638095238095
732	52.3892857142857
733	53.557619047619
734	53.7316666666667
735	53.9547619047619
736	54.0928571428571
737	54.6173809523809
738	53.2121428571429
739	53.8902380952381
740	54.1157142857143
741	54.1745238095238
742	53.4702380952381
743	52.6254761904762
744	51.0764285714286
745	50.0992857142857
746	50.44
747	50.4702380952381
748	50.1671428571428
749	49.1083333333333
750	48.7995238095238
751	47.6688095238095
752	47.0078571428571
753	46.8640476190476
754	46.4490476190476
755	46.2047619047619
756	45.822380952381
757	45.6197619047619
758	45.447380952381
759	44.9188095238095
760	45.0152380952381
761	44.9016666666667
762	43.7178571428571
763	43.4433333333333
764	42.985
765	43.8902380952381
766	43.4719047619048
767	42.4816666666667
768	41.0159523809524
769	39.0804761904762
770	38.2111904761905
771	38.0330952380952
772	38.6883333333333
773	38.5233333333333
774	38.6352380952381
775	38.6369047619048
776	38.6311904761905
777	38.0495238095238
778	38.5683333333333
779	39.3011904761905
780	39.2480952380952
781	38.8730952380952
782	37.4359523809524
783	36.4588095238095
784	35.4816666666667
785	34.6654761904762
786	33.4383333333333
787	32.472619047619
788	31.9121428571429
789	31.5428571428571
790	30.8802380952381
791	30.3557142857143
792	29.7895238095238
793	29.1571428571429
794	28.4128571428571
795	27.6914285714286
796	26.7330952380952
797	26.1080952380952
798	25.7919047619048
799	25.1611904761905
800	24.8735714285714
801	23.4854761904762
802	22.7411904761905
803	22.1692857142857
804	21.425
805	20.8473809523809
806	20.4004761904762
807	19.1602380952381
808	17.6528571428571
809	16.6945238095238
810	16.0164285714286
811	15.2892857142857
812	13.9804761904762
813	13.6757142857143
814	12.497619047619
815	11.1757142857143
816	10.6038095238095
817	9.96738095238095
818	9.57357142857143
819	9.53761904761905
820	9.28190476190476
821	9.09809523809524
822	8.92
823	8.82523809523809
824	8.87833333333333
825	8.70761904761905
826	8.64142857142857
827	8.38571428571429
828	7.99928571428571
829	7.51071428571428
830	7.16428571428571
831	7.02214285714286
832	6.52619047619048
833	6.08666666666667
834	5.61119047619048
835	5.14714285714286
836	4.63571428571428
837	4.255
838	4.27380952380952
839	4.15619047619048
840	4.1447619047619
841	4.11619047619048
842	3.89642857142857
843	3.84333333333333
844	3.55166666666667
845	3.38333333333333
846	3.08761904761905
847	2.83761904761905
848	2.67666666666667
849	2.14642857142857
850	2.12190476190476
851	1.82452380952381
852	1.51571428571429
853	1.47404761904762
854	1.39238095238095
855	1.27880952380952
856	1.20119047619048
857	1.18809523809524
858	1.04595238095238
859	0.968333333333333
860	0.898095238095238
861	0.693809523809524
862	0.538571428571428
863	0.407857142857142
864	0.330238095238095
865	0.282857142857142
866	0.252619047619047
867	0.27547619047619
868	0.27547619047619
869	0.245238095238095
870	0.273809523809524
871	0.272142857142857
872	0.200238095238095
873	0.116904761904761
874	0.0449999999999997
875	-0.00976190476190508
876	0.00166666666666648
877	-0.0473809523809525
878	-0.0604761904761907
879	-0.0433333333333334
880	-0.103809523809524
881	-0.175714285714286
882	-0.177380952380953
883	-0.273809523809524
884	-0.197857142857143
885	-0.281190476190476
887	-0.354761904761905
888	-0.320476190476191
889	-0.291904761904762
890	-0.269047619047619
891	-0.286190476190476
892	-0.291904761904762
893	-0.286190476190476
894	-0.274761904761905
895	-0.280476190476191
901	-0.263333333333333
917	-0.349047619047619
922	-0.291904761904762
924	-0.309047619047619
925	-0.28452380952381
926	-0.295952380952381
927	-0.335952380952381
928	-0.282857142857143
929	-0.241190476190476
930	-0.135
931	-0.140714285714286
932	0.00309523809523804
933	0.0938095238095236
934	0.141190476190476
935	0.158333333333333
936	0.213095238095238
937	0.224523809523809
938	0.266190476190476
939	0.271904761904762
940	0.313571428571428
941	0.374047619047619
942	0.480238095238095
943	0.521904761904762
944	0.688571428571428
945	0.838095238095238
946	0.796428571428571
947	0.864285714285714
948	1.13309523809524
949	1.36428571428571
950	1.43047619047619
951	1.52690476190476
952	1.58738095238095
953	1.76547619047619
954	1.79571428571429
955	1.80309523809524
956	1.73857142857143
957	1.71
958	1.65119047619048
959	1.63404761904762
960	1.66428571428571
961	1.67571428571429
962	1.72880952380952
963	1.76880952380952
964	1.73857142857143
965	1.74428571428571
966	1.69690476190476
967	1.85214285714286
968	1.75
969	1.73119047619048
970	1.72547619047619
971	1.69690476190476
972	1.625
973	1.66095238095238
974	1.73285714285714
975	1.78023809523809
976	1.86928571428571
977	1.82761904761905
978	1.74428571428571
979	1.68547619047619
980	1.50166666666667
981	1.36928571428571
982	1.35047619047619
983	1.31285714285714
984	1.08571428571429
985	0.865952380952381
986	0.816904761904762
987	0.769523809523809
988	0.678809523809524
989	0.535
990	0.516190476190476
991	0.468809523809523
992	0.575
993	0.628095238095238
994	0.639523809523809
995	0.681190476190476
996	0.603571428571428
997	0.609285714285714
998	0.586428571428571
999	0.580714285714285
1000	0.652619047619047
1001	0.610952380952381
1002	0.557857142857143
1003	0.396904761904762
1004	0.355238095238095
1005	0.271904761904762
1006	0.336428571428571
1007	0.353571428571428
1008	0.370714285714285
1009	0.370714285714285
1010	0.251428571428571
1011	0.17547619047619
1012	0.056190476190476
1013	0.0390476190476188
1014	0.0423809523809522
1015	0.0595238095238093
1016	0.177142857142857
1017	0.165714285714286
1018	0.142857142857143
1019	0.106904761904762
1020	0.137142857142857
1021	0.173095238095238
1022	0.203333333333333
1023	0.237619047619048
1024	0.254761904761905
1025	0.243333333333333
1026	0.273571428571428
1027	0.332380952380952
1028	0.267857142857143
1029	0.22047619047619
1030	0.392857142857143
1031	0.404285714285714
1032	0.434523809523809
1033	0.476190476190476
1034	0.434523809523809
1035	0.476190476190476
1036	0.404285714285714
1037	0.464761904761904
1038	0.500714285714285
1039	0.530952380952381
1040	0.58
1041	0.568571428571428
1042	0.521190476190476
1043	0.557142857142857
1044	0.623333333333333
1045	0.528571428571428
1046	0.553095238095238
1047	0.625
1048	0.607857142857142
1049	0.649523809523809
1050	0.653571428571428
1051	0.647857142857142
1052	0.558809523809523
1053	0.571904761904762
1054	0.571904761904762
1055	0.596428571428571
1056	0.524523809523809
1057	0.505714285714285
1058	0.422380952380952
1059	0.357857142857143
1060	0.335
1061	0.299047619047619
1062	0.285952380952381
1063	0.261428571428571
1064	0.267142857142857
1065	0.278571428571428
1066	0.111904761904762
1067	0.0759523809523808
1068	0.0988095238095237
1069	-0.00166666666666671
1070	0.00404761904761886
1071	-0.0319047619047621
1072	0.00404761904761886
1073	-0.00738095238095249
1074	-0.0261904761904763
1075	-0.0090476190476193
1076	-0.0695238095238097
1077	-0.0580952380952383
1078	-0.0826190476190477
1079	-0.158571428571429
1080	-0.219047619047619
1081	-0.15452380952381
1082	-0.137380952380952
1083	-0.222380952380952
1084	-0.246904761904762
1085	-0.307380952380953
1086	-0.314761904761905
1087	-0.297619047619048
1088	-0.238809523809524
1089	-0.229047619047619
1090	-0.217619047619048
1183	-0.318809523809524
1184	-0.318809523809524
1185	-0.330238095238095
1186	-0.341666666666667
1187	-0.347380952380952
1188	-0.3
1189	-0.252619047619048
1190	-0.264047619047619
1191	-0.246904761904762
1192	-0.222380952380952
1193	-0.222380952380952
1194	-0.228095238095238
1195	-0.233809523809524
1196	-0.215
1197	-0.220714285714286
1198	-0.156190476190476
1199	-0.0916666666666668
1200	-0.0385714285714287
1201	-0.0500000000000002
1202	0.0619047619047616
1203	0.0447619047619046
1204	-0.00833333333333341
1205	-0.0557142857142858
1206	-0.0385714285714287
1207	0.0619047619047616
1208	0.0961904761904759
1209	0.173809523809524
1210	0.168095238095238
1211	0.156666666666667
1212	0.139523809523809
1213	0.162380952380952
1214	0.190952380952381
1215	0.143571428571428
1216	0.0904761904761904
1217	0.160714285714286
1218	0.172142857142857
1219	0.0830952380952381
1220	0.0716666666666667
1221	0.0945238095238095
1222	0.177857142857143
1223	0.195
1224	0.13047619047619
1225	0.0945238095238095
1226	0.100238095238095
1227	0.0945238095238095
1228	0.0757142857142855
1229	0.0814285714285713
1230	0.087142857142857
1231	0.087142857142857
1232	0.0454761904761903
1233	0.0340476190476189
1234	0.0111904761904761
1235	-0.000238095238095259
1236	-0.0533333333333335
1237	-0.0533333333333335
1238	-0.15952380952381
1239	-0.106428571428572
1240	-0.081904761904762
1241	-0.0345238095238095
1242	0.00142857142857133
1243	-0.188095238095238
1244	-0.0688095238095239
1245	-0.135
1246	-0.106428571428572
1247	-0.136666666666667
1248	-0.144047619047619
1249	-0.138333333333333
1250	-0.138333333333333
1251	-0.138333333333333
1252	-0.0966666666666668
1253	-0.144047619047619
1254	-0.161190476190476
1255	-0.108095238095238
1256	-0.0966666666666668
1257	-0.113809523809524
1258	-0.191428571428571
1259	-0.214285714285714
1260	-0.166904761904762
1261	-0.184047619047619
1262	-0.178333333333333
1263	-0.172619047619048
1264	-0.166904761904762
1265	-0.166904761904762
1266	-0.184047619047619
1267	-0.195476190476191
1268	-0.195476190476191
1269	-0.201190476190476
1270	-0.242857142857143
1271	-0.301666666666667
1272	-0.303333333333333
1273	-0.326190476190476
1274	-0.354761904761905
1360	-0.531904761904762
1361	-0.537619047619048
1364	-0.543333333333333
1371	-0.429047619047619
1372	-0.417619047619048
1373	-0.400476190476191
1374	-0.411904761904762
1375	-0.400476190476191
1376	-0.429047619047619
1377	-0.440476190476191
1378	-0.429047619047619
1379	-0.446190476190476
1380	-0.446190476190476
1381	-0.434761904761905
1382	-0.446190476190476
1383	-0.491904761904762
1384	-0.543333333333333
1385	-0.526190476190476
1386	-0.520476190476191
1387	-0.501666666666667
1388	-0.589047619047619
1394	-0.617619047619048
1406	-0.642857142857143
1407	-0.718809523809524
1408	-0.758809523809524
1409	-0.734285714285714
1410	-0.704047619047619
1411	-0.732619047619048
1412	-0.732619047619048
1413	-0.732619047619048
1414	-0.685238095238095
1415	-0.690952380952381
1416	-0.649285714285715
1417	-0.624761904761905
1418	-0.571666666666667
1419	-0.548809523809524
1420	-0.467142857142857
1421	-0.400952380952381
1422	-0.365
1423	-0.418095238095238
1424	-0.412380952380953
1425	-0.359285714285715
1426	-0.365
1427	-0.289047619047619
1428	-0.360952380952381
1429	-0.320952380952381
1430	-0.45
1431	-0.448333333333333
1432	-0.49
1433	-0.494047619047619
1434	-0.422142857142857
1435	-0.393571428571429
1436	-0.422142857142857
1437	-0.433571428571429
1438	-0.416428571428571
1439	-0.418095238095238
1440	-0.423809523809524
1441	-0.366666666666667
1442	-0.396904761904762
1443	-0.396904761904762
1444	-0.362619047619048
1445	-0.362619047619048
1446	-0.379761904761905
1447	-0.368333333333333
1448	-0.356904761904762
1449	-0.356904761904762
1450	-0.415714285714286
1451	-0.421428571428571
1452	-0.415714285714286
1453	-0.440238095238095
1454	-0.468809523809524
1455	-0.463095238095238
1456	-0.451666666666667
1457	-0.432857142857143
1458	-0.485952380952381
1459	-0.47452380952381
1460	-0.451666666666667
1461	-0.510476190476191
1462	-0.467142857142857
1463	-0.525952380952381
1464	-0.501428571428571
1465	-0.471190476190476
1466	-0.346190476190476
1467	-0.317619047619048
1468	-0.283333333333333
1469	-0.285
1470	-0.339761904761905
1471	-0.374047619047619
1472	-0.303809523809524
1473	-0.345476190476191
1474	-0.30952380952381
1475	-0.296428571428571
1476	-0.254761904761905
1477	-0.22452380952381
1478	-0.285
1479	-0.256428571428572
1480	-0.239285714285714
1481	-0.286666666666667
1482	-0.294047619047619
1483	-0.288333333333333
1484	-0.305476190476191
1485	-0.334047619047619
1486	-0.351190476190476
1487	-0.334047619047619
1488	-0.387142857142857
1489	-0.387142857142857
1490	-0.37
1491	-0.233571428571429
1492	-0.286666666666667
1493	-0.383095238095238
1494	-0.311190476190476
1495	-0.328333333333333
1496	-0.316904761904762
1497	-0.294047619047619
1498	-0.295714285714286
1499	-0.312857142857143
1500	-0.343095238095238
1501	-0.325952380952381
1502	-0.392142857142857
1503	-0.445238095238095
1504	-0.445238095238095
1505	-0.43952380952381
1506	-0.443571428571429
1507	-0.420714285714286
1508	-0.443571428571429
1509	-0.437857142857143
1510	-0.449285714285714
1511	-0.348809523809524
1512	-0.337380952380953
1513	-0.360238095238095
1514	-0.348809523809524
1515	-0.33
1516	-0.341428571428572
1517	-0.341428571428572
1518	-0.288333333333333
1519	-0.305476190476191
1520	-0.271190476190476
1521	-0.236904761904762
1522	-0.219761904761905
1523	-0.219761904761905
1524	-0.202619047619048
1525	-0.22547619047619
1526	-0.261428571428572
1527	-0.363571428571429
1528	-0.352142857142857
1529	-0.352142857142857
1530	-0.365238095238095
1531	-0.330952380952381
1532	-0.336666666666667
1533	-0.365238095238095
1534	-0.370952380952381
1535	-0.353809523809524
1536	-0.336666666666667
1537	-0.401190476190476
1538	-0.435476190476191
1539	-0.382380952380952
1540	-0.39952380952381
1541	-0.388095238095238
1542	-0.424047619047619
1543	-0.410952380952381
1544	-0.435476190476191
1545	-0.418333333333333
1546	-0.425714285714286
1553	-0.474761904761905
1554	-0.463333333333333
1555	-0.429047619047619
1556	-0.434761904761905
1557	-0.423333333333333
1558	-0.375952380952381
1559	-0.292619047619048
1560	-0.281190476190476
1561	-0.275476190476191
1562	-0.23952380952381
1563	-0.209285714285714
1564	-0.215
1565	-0.220714285714286
1566	-0.27952380952381
1567	-0.273809523809524
1568	-0.296666666666667
1569	-0.27952380952381
1570	-0.304047619047619
1571	-0.315476190476191
1572	-0.285238095238095
1573	-0.283571428571429
1574	-0.290952380952381
1575	-0.255
1576	-0.196190476190476
1577	-0.207619047619048
1578	-0.184761904761905
1579	-0.203571428571429
1580	-0.173333333333333
1581	-0.184761904761905
1582	-0.183095238095238
1583	-0.160238095238095
1584	-0.156190476190476
1585	-0.197857142857143
1586	-0.150476190476191
1587	-0.167619047619048
1588	-0.167619047619048
1589	-0.167619047619048
1590	-0.137380952380952
1591	-0.15452380952381
1592	-0.112857142857143
1593	-0.0638095238095241
1594	-0.0450000000000002
1595	-0.0866666666666669
1596	0.0154761904761904
1597	0.165
1598	0.117619047619048
1599	0.208333333333333
1600	0.333333333333333
1601	0.596428571428571
1602	0.727142857142857
1603	0.799047619047619
1604	0.863571428571428
1605	0.910952380952381
1606	0.941190476190476
1607	1.08904761904762
1608	1.08904761904762
1609	1.12333333333333
1610	1.12333333333333
1611	1.15190476190476
1612	1.25404761904762
1613	1.24833333333333
1614	1.27285714285714
1615	1.31452380952381
1616	1.26714285714286
1617	1.26714285714286
1618	1.23119047619048
1619	1.2197619047619
1620	1.31047619047619
1621	1.31619047619048
1622	1.26880952380952
1623	1.21571428571429
1624	1.24595238095238
1625	1.22714285714286
1626	1.14380952380952
1627	1.13809523809524
1628	1.07928571428571
1629	1.03023809523809
1630	0.964047619047619
1631	0.97547619047619
1632	0.861904761904762
1633	0.76547619047619
1634	0.771190476190476
1635	0.638809523809523
1636	0.561190476190476
1637	0.309523809523809
1638	0.209047619047619
1639	0.262142857142857
1640	0.262142857142857
1641	0.22047619047619
1642	0.209047619047619
1643	0.173095238095238
1644	0.142857142857143
1645	0.112619047619048
1646	0.129761904761905
1647	0.0366666666666665
1648	-0.076904761904762
1649	-0.0238095238095241
1650	0.0292857142857141
1651	0.0652380952380951
1652	0.0938095238095236
1653	0.146904761904762
1654	0.169761904761905
1655	0.169761904761905
1656	0.0676190476190474
1657	0.103571428571428
1658	0.115
1659	0.209761904761905
1660	0.173809523809524
1661	0.156666666666667
1662	0.168095238095238
1663	0.21547619047619
1664	0.285714285714286
1665	0.351904761904762
1666	0.501428571428571
1667	0.709761904761904
1668	0.804523809523809
1669	0.846190476190476
1670	0.940952380952381
1671	1.01857142857143
1672	1.09619047619048
1673	1.14357142857143
1674	1.2252380952381
1675	1.1002380952381
1676	1.11166666666667
1677	1.1647619047619
1678	1.17619047619048
1679	1.14190476190476
1680	1.20809523809524
1681	1.26119047619048
1682	1.39190476190476
1683	1.39023809523809
1684	1.39595238095238
1685	1.34857142857143
1686	1.37142857142857
1687	1.36571428571429
1688	1.36
1689	1.37142857142857
1690	1.33547619047619
1691	1.37714285714286
1692	1.37714285714286
1693	1.33547619047619
1694	1.33547619047619
1695	1.26928571428571
1696	1.275
1697	1.28642857142857
1698	1.29214285714286
1699	1.29785714285714
1700	1.2447619047619
1701	1.16142857142857
1702	1.04214285714286
1703	0.803571428571428
1704	0.703095238095238
1705	0.619761904761904
1706	0.536428571428571
1707	0.458809523809524
1708	0.339523809523809
1709	0.345238095238095
1710	0.267619047619047
1711	0.256190476190476
1712	0.225952380952381
1713	0.208809523809524
1714	0.178571428571428
1715	0.100952380952381
1716	0.029047619047619
1717	-0.00690476190476197
1718	-0.137619047619048
1719	-0.131904761904762
1813	-0.331904761904762
1814	-0.301666666666667
1815	-0.32452380952381
1816	-0.341666666666667
1817	-0.400476190476191
1818	-0.347380952380952
1819	-0.334285714285714
1820	-0.309761904761905
1821	-0.326904761904762
1822	-0.290952380952381
1823	-0.213333333333333
1824	-0.183095238095238
1825	-0.164285714285714
1826	-0.128333333333333
1827	-0.128333333333333
1828	-0.0980952380952382
1829	-0.0678571428571429
1830	-0.0735714285714287
1831	-0.0678571428571429
1832	-0.0621428571428573
1833	-0.0204761904761906
1834	0.0685714285714286
1835	0.0326190476190474
1836	0.133095238095238
1837	0.121666666666666
1838	0.121666666666666
1839	0.0211904761904761
1840	0.0857142857142856
1841	0.0914285714285714
1842	0.114285714285714
1843	0.167380952380952
1844	0.214761904761905
1845	0.167380952380952
1846	0.214761904761905
1847	0.131428571428571
1848	0.16
1849	0.0823809523809523
1850	0.0349999999999999
1851	0.0880952380952379
1852	0.105238095238095
1853	0.112619047619048
1854	0.112619047619048
1855	0.0709523809523808
1856	0.0880952380952379
1857	0.0880952380952379
1858	0.0538095238095238
1859	0.000714285714285556
1860	-0.0580952380952383
1861	-0.0997619047619048
1862	-0.152857142857143
1863	-0.134047619047619
1864	-0.181428571428571
1865	-0.245952380952381
1866	-0.23452380952381
1867	-0.187142857142857
1868	-0.185476190476191
1869	-0.142142857142857
1870	-0.261428571428572
1871	-0.284285714285714
1872	-0.367619047619048
1873	-0.261428571428572
1874	-0.238571428571429
1875	-0.232857142857143
1876	-0.255714285714286
1877	-0.136428571428572
1878	-0.153571428571429
1879	-0.117619047619048
1880	-0.146190476190476
1881	-0.191904761904762
1882	-0.155952380952381
1883	-0.12
1884	-0.106904761904762
1885	-0.0766666666666667
1886	-0.0578571428571431
1887	-0.0823809523809524
1888	-0.0823809523809524
1889	-0.0766666666666667
1890	-0.0823809523809524
1891	-0.0995238095238096
1892	-0.164047619047619
1893	-0.164047619047619
1894	-0.135476190476191
1895	-0.152619047619048
1896	-0.105238095238096
1897	-0.0219047619047623
1898	0.0614285714285709
1899	0.0671428571428569
1900	0.0499999999999998
1901	0.0499999999999998
1902	0.0157142857142853
1903	-0.031666666666667
1904	-0.0390476190476192
1905	-0.0219047619047623
1906	-0.0104761904761907
1907	0.000952380952380816
1908	0.0311904761904758
1909	-0.0161904761904763
1910	-0.0635714285714291
1911	-0.0104761904761907
1912	-0.0407142857142859
1913	-0.16
1914	-0.230238095238096
1915	-0.194285714285714
1916	-0.253095238095238
1917	-0.171428571428571
1918	-0.243333333333333
1919	-0.254761904761905
1920	-0.290714285714286
1921	-0.326666666666667
1922	-0.368333333333333
1923	-0.343809523809524
1924	-0.283333333333333
1925	-0.260476190476191
1926	-0.254761904761905
1927	-0.231904761904762
1928	-0.214761904761905
1929	-0.137142857142857
1930	-0.137142857142857
1931	-0.131428571428571
1932	-0.161666666666667
1933	-0.222142857142857
1934	-0.282619047619048
1935	-0.33
1936	-0.318571428571429
1937	-0.235238095238095
1938	-0.235238095238095
1939	-0.222142857142857
1940	-0.155952380952381
1941	-0.239285714285714
1942	-0.245
1943	-0.256428571428572
1944	-0.214761904761905
1945	-0.173095238095238
1946	-0.195952380952381
1947	-0.237619047619048
1948	-0.260476190476191
1949	-0.260476190476191
1950	-0.220476190476191
1951	-0.245
1952	-0.193571428571429
1953	-0.235238095238095
1954	-0.115952380952381
1955	-0.10452380952381
1956	-0.0873809523809526
1957	-0.0930952380952383
1958	0.0188095238095236
1959	0.0188095238095236
1960	-0.0530952380952383
1961	-0.0776190476190479
1962	-0.0285714285714285
1963	-0.0114285714285716
1964	-0.0285714285714285
1965	-0.0702380952380952
1966	-0.117619047619048
1967	-0.117619047619048
1968	-0.0816666666666668
1969	-0.0988095238095239
1970	-0.0554761904761907
1971	-0.0497619047619051
1972	-0.0726190476190478
1973	-0.127380952380952
1974	-0.102857142857143
1975	-0.133095238095238
1976	-0.115952380952381
1977	-0.115952380952381
1978	-0.173095238095238
1979	-0.161666666666667
1980	-0.250714285714286
1981	-0.379761904761905
1982	-0.339761904761905
1983	-0.334047619047619
1984	-0.299761904761905
1985	-0.305476190476191
1986	-0.328333333333333
1987	-0.387142857142857
1988	-0.398571428571429
1989	-0.387142857142857
1990	-0.487619047619048
1991	-0.523571428571429
1992	-0.512142857142857
1993	-0.517857142857143
1994	-0.618333333333333
1995	-0.66
1996	-0.648571428571429
1997	-0.637142857142857
2048	-0.194761904761905
2049	-0.134285714285714
2050	-0.134285714285714
2051	-0.0869047619047619
2052	-0.104047619047619
2053	-0.0869047619047619
2054	-0.0869047619047619
2055	-0.00928571428571434
2056	-0.0150000000000001
2057	-0.0607142857142858
2058	-0.0835714285714286
2059	-0.0950000000000001
2060	-0.123571428571429
2061	-0.081904761904762
2062	-0.104761904761905
2063	-0.0916666666666668
2064	-0.11452380952381
2065	-0.120238095238095
2066	-0.120238095238095
2067	-0.0654761904761906
2068	-0.165952380952381
2069	-0.177380952380953
2070	-0.177380952380953
2071	-0.177380952380953
2072	-0.15452380952381
2073	-0.184761904761905
2074	-0.213333333333333
2075	-0.19452380952381
2076	-0.200238095238095
2077	-0.205952380952381
2078	-0.175714285714286
2079	-0.240238095238095
2080	-0.162619047619048
2081	-0.151190476190476
2082	-0.23452380952381
2083	-0.257380952380952
2084	-0.375
2085	-0.469761904761905
2086	-0.486904761904762
2087	-0.504047619047619
2088	-0.432142857142857
2089	-0.407619047619048
2090	-0.37
2091	-0.417380952380952
2092	-0.262142857142857
2093	-0.250714285714286
2094	-0.150238095238095
2095	-0.14452380952381
2096	-0.0971428571428572
2097	-0.161666666666667
2098	-0.155952380952381
2099	-0.191904761904762
2100	-0.180476190476191
2101	-0.203333333333334
2102	-0.137142857142857
2103	-0.190238095238095
2104	-0.150238095238095
2105	-0.178809523809524
2106	-0.167380952380952
2107	-0.167380952380952
2108	-0.167380952380952
2109	-0.167380952380952
2110	-0.133095238095238
2111	-0.0040476190476193
2112	0.030238095238095
2113	0.0433333333333332
2114	0.0376190476190474
2115	0.0319047619047617
2116	-0.04
2117	-0.0457142857142858
2118	-0.0171428571428571
2119	0.0890476190476188
2120	0.10047619047619
2121	0.165
2122	0.182142857142857
2123	0.157619047619047
2124	0.108571428571429
2125	0.0726190476190475
2126	0.0349999999999999
2127	0.0938095238095236
2128	-0.0557142857142858
2129	-0.032857142857143
2130	-0.00261904761904774
2131	-0.0271428571428572
2132	-0.0630952380952383
2133	-0.0573809523809525
2134	-0.0573809523809525
2135	-0.0516666666666667
2136	0.00142857142857133
2137	0.0488095238095239
2138	-0.0230952380952383
2139	-0.0476190476190478
2140	-0.0590476190476192
2141	-0.0361904761904764
2142	-0.041904761904762
2143	-0.041904761904762
2144	-0.064761904761905
2145	-0.0533333333333335
2146	-0.0876190476190478
2147	-0.241190476190476
2148	-0.252619047619048
2149	-0.265714285714286
2150	-0.206904761904762
2151	-0.170952380952381
2152	-0.188095238095238
2153	-0.152142857142857
2154	-0.157857142857143
2155	-0.210952380952381
2156	-0.241190476190476
2157	-0.294285714285714
2158	-0.334285714285714
2159	-0.334285714285714
2160	-0.362857142857143
2161	-0.374285714285714
2162	-0.385714285714286
2163	-0.469047619047619
2164	-0.497619047619048
2165	-0.461666666666667
2218	-0.286190476190476
2253	-0.107380952380952
2254	-0.166190476190476
2255	-0.130238095238095
2256	-0.141666666666667
2257	-0.147380952380952
2258	-0.135952380952381
2259	-0.158809523809524
2260	-0.187380952380952
2261	-0.227380952380952
2262	-0.197142857142857
2263	-0.202857142857143
2264	-0.149761904761905
2265	-0.214285714285714
2266	-0.231428571428572
2267	-0.237142857142857
2268	-0.32452380952381
2269	-0.305714285714286
2270	-0.3
2271	-0.311428571428571
2272	-0.328571428571429
2273	-0.233809523809524
2274	-0.222380952380952
2275	-0.216666666666667
2276	-0.228095238095238
2277	-0.23952380952381
2278	-0.23952380952381
2279	-0.269761904761905
2280	-0.241190476190476
2281	-0.294285714285714
2282	-0.341666666666667
2283	-0.389047619047619
2284	-0.400476190476191
2285	-0.400476190476191
2286	-0.423333333333333
2287	-0.429047619047619
2288	-0.411904761904762
2326	-0.223333333333333
2327	-0.234761904761905
2328	-0.246190476190476
2329	-0.269047619047619
2330	-0.24452380952381
2331	-0.250238095238095
2332	-0.290238095238095
2333	-0.290238095238095
2334	-0.313095238095238
2335	-0.271428571428572
2336	-0.288571428571429
2337	-0.224047619047619
2338	-0.241190476190476
2339	-0.258333333333333
2340	-0.269761904761905
2341	-0.288571428571429
2342	-0.288571428571429
2343	-0.288571428571429
2344	-0.347380952380952
2345	-0.269761904761905
2346	-0.292619047619048
2347	-0.309761904761905
2348	-0.334285714285714
2349	-0.351428571428571
2350	-0.362857142857143
2351	-0.351428571428571
2352	-0.38
2353	-0.415952380952381
2354	-0.410238095238095
2355	-0.434761904761905
2356	-0.417619047619048
2357	-0.451904761904762
2366	-0.308095238095238
2367	-0.336666666666667
2368	-0.296666666666667
2369	-0.313809523809524
2370	-0.361190476190476
2371	-0.437142857142857
2372	-0.424047619047619
2373	-0.482857142857143
2374	-0.441190476190476
2375	-0.435476190476191
2376	-0.435476190476191
2377	-0.435476190476191
2378	-0.469761904761905
2379	-0.47547619047619
2380	-0.446904761904762
2381	-0.541666666666667
2382	-0.577619047619048
2383	-0.549047619047619
2384	-0.518809523809524
2385	-0.513095238095238
2386	-0.547380952380953
2387	-0.558809523809524
2388	-0.558809523809524
2389	-0.56452380952381
2390	-0.581666666666667
2391	-0.598809523809524
2392	-0.574285714285714
2393	-0.598809523809524
2394	-0.614285714285714
2395	-0.578333333333333
2396	-0.553809523809524
2397	-0.576666666666667
2398	-0.540714285714286
2399	-0.557857142857143
2400	-0.593809523809524
2401	-0.593809523809524
2416	-0.583333333333333
2417	-0.583333333333333
2418	-0.558809523809524
2419	-0.528571428571428
2420	-0.558809523809524
2421	-0.558809523809524
2422	-0.558809523809524
2423	-0.517142857142857
2424	-0.5
2425	-0.522857142857143
2426	-0.445238095238095
2427	-0.450952380952381
2428	-0.456666666666667
2429	-0.426428571428572
2430	-0.380714285714286
2431	-0.375
2432	-0.428095238095238
2433	-0.422380952380953
2434	-0.435476190476191
2435	-0.435476190476191
2436	-0.458333333333333
2437	-0.433809523809524
2438	-0.422380952380953
2439	-0.422380952380953
2440	-0.47547619047619
2441	-0.486904761904762
2442	-0.526904761904762
2443	-0.498333333333333
2444	-0.515476190476191
2445	-0.521190476190476
2446	-0.530952380952381
2447	-0.593809523809524
2448	-0.616666666666667
2449	-0.652619047619048
2450	-0.669761904761905
2451	-0.646904761904762
2452	-0.688571428571429
2453	-0.665714285714286
2454	-0.631428571428571
2455	-0.637142857142857
2456	-0.470476190476191
2457	-0.504761904761905
2458	-0.487619047619048
2459	-0.540714285714286
2460	-0.504761904761905
2461	-0.516190476190476
2462	-0.593809523809524
2463	-0.588095238095238
2464	-0.588095238095238
2465	-0.635476190476191
2466	-0.648571428571429
2467	-0.654285714285714
2468	-0.565238095238095
2469	-0.553809523809524
2470	-0.548095238095238
2471	-0.506428571428572
2472	-0.470476190476191
2473	-0.489285714285714
2474	-0.447619047619048
2475	-0.459047619047619
2476	-0.459047619047619
2477	-0.476190476190476
2478	-0.447619047619048
2479	-0.451666666666667
2480	-0.368333333333333
2481	-0.302142857142857
2482	-0.30952380952381
2483	-0.258095238095238
2484	-0.240952380952381
2485	-0.187857142857143
2486	-0.216428571428572
2487	-0.186190476190476
2488	-0.138809523809524
2489	-0.127380952380952
2490	-0.180476190476191
2491	-0.210714285714286
2492	-0.388809523809524
2493	-0.360238095238095
2494	-0.360238095238095
2495	-0.248333333333333
2496	-0.307142857142857
2497	-0.22547619047619
2498	-0.196904761904762
2499	-0.107857142857143
2500	0
2501	0.0171428571428571
2502	-0.0228571428571429
2503	-0.075952380952381
2504	-0.111904761904762
2505	-0.129047619047619
2506	-0.10452380952381
2507	-0.0988095238095239
2508	0.0735714285714282
2509	0.0564285714285713
2510	-0.0138095238095239
2511	-0.0366666666666668
2512	-0.000714285714285889
2513	0.0695238095238093
2514	0.0940476190476187
2515	0.164285714285714
2516	0.0809523809523809
2517	0.0147619047619048
2518	-0.0138095238095239
2519	-0.0252380952380953
2520	-0.0366666666666668
2521	-0.0840476190476191
2522	-0.0383333333333336
2523	-0.110238095238095
2524	-0.163333333333334
2525	-0.169047619047619
2526	-0.169047619047619
2527	-0.169047619047619
2528	-0.121666666666667
2529	-0.121666666666667
2530	-0.0914285714285716
2531	-0.180476190476191
2532	-0.186190476190476
2533	-0.250714285714286
2534	-0.267857142857143
2535	-0.351190476190476
2536	-0.37
2537	-0.37
2538	-0.347142857142857
2539	-0.341428571428572
2540	-0.358571428571429
2541	-0.341428571428572
2542	-0.365952380952381
2543	-0.365952380952381
2544	-0.551428571428572
2545	-0.545714285714286
2546	-0.498333333333333
2547	-0.498333333333333
2548	-0.551428571428572
2549	-0.54
2550	-0.581666666666667
2551	-0.610238095238095
2552	-0.610238095238095
2553	-0.526904761904762
2554	-0.509761904761905
2555	-0.498333333333333
2556	-0.509761904761905
2557	-0.515476190476191
2558	-0.468095238095238
2559	-0.47952380952381
2560	-0.456666666666667
2561	-0.456666666666667
2562	-0.450952380952381
2563	-0.445238095238095
2564	-0.47547619047619
2565	-0.469761904761905
2566	-0.488571428571429
2567	-0.380714285714286
2568	-0.304761904761905
2569	-0.287619047619048
2570	-0.240238095238095
2571	-0.21
2572	-0.293333333333333
2573	-0.285952380952381
2574	-0.308809523809524
2575	-0.297380952380953
2576	-0.327619047619048
2577	-0.344761904761905
2578	-0.344761904761905
2579	-0.392142857142857
2580	-0.386428571428572
2581	-0.369285714285715
2582	-0.335
2583	-0.306428571428571
2584	-0.277857142857143
2585	-0.330952380952381
2586	-0.348095238095238
2587	-0.425714285714286
2588	-0.414285714285714
2589	-0.408571428571429
2590	-0.391428571428571
2591	-0.355476190476191
2592	-0.349761904761905
2593	-0.355476190476191
2594	-0.372619047619048
2595	-0.372619047619048
2596	-0.353809523809524
2597	-0.240238095238095
2598	-0.240238095238095
2599	-0.215714285714286
2600	-0.267142857142857
2601	-0.236904761904762
2602	-0.219761904761905
2603	-0.321904761904762
2604	-0.392142857142857
2605	-0.409285714285714
2606	-0.450952380952381
2607	-0.481190476190476
2608	-0.511428571428572
2609	-0.518809523809524
2610	-0.501666666666667
2611	-0.513095238095238
2612	-0.501666666666667
2613	-0.490238095238095
2614	-0.501666666666667
2615	-0.478809523809524
2616	-0.478809523809524
2617	-0.48452380952381
2618	-0.520476190476191
2619	-0.509047619047619
2620	-0.509047619047619
2621	-0.467380952380953
2622	-0.44452380952381
2623	-0.421666666666667
2624	-0.421666666666667
2663	-0.611904761904762
2664	-0.60452380952381
2665	-0.615952380952381
2666	-0.557142857142857
2667	-0.515476190476191
2668	-0.515476190476191
2669	-0.504047619047619
2670	-0.509761904761905
2671	-0.515476190476191
2672	-0.509761904761905
2673	-0.456666666666667
2674	-0.350476190476191
2675	-0.320238095238095
2676	-0.272857142857143
2677	-0.25
2678	-0.231190476190476
2679	-0.242619047619048
2680	-0.165
2681	-0.212380952380953
2682	-0.282619047619048
2683	-0.235238095238095
2684	-0.218095238095238
2685	-0.206666666666667
2686	-0.248333333333333
2687	-0.259761904761905
2688	-0.242619047619048
2689	-0.254047619047619
2690	-0.242619047619048
2691	-0.231190476190476
2692	-0.297380952380953
2693	-0.297380952380953
2694	-0.303095238095238
2695	-0.333333333333333
2696	-0.316190476190476
2697	-0.293333333333333
2698	-0.297380952380953
2699	-0.299047619047619
2700	-0.264761904761905
2701	-0.152857142857143
2702	-0.205952380952381
2703	-0.241904761904762
2704	-0.224761904761905
2705	-0.171666666666667
2706	-0.160238095238095
2707	-0.160238095238095
2708	-0.160238095238095
2709	-0.224761904761905
2710	-0.302380952380953
2711	-0.368571428571429
2712	-0.446190476190476
2713	-0.457619047619048
2714	-0.503333333333333
2715	-0.478809523809524
2717	-0.478809523809524
2718	-0.384047619047619
2719	-0.442857142857143
2720	-0.482857142857143
2721	-0.488571428571429
2722	-0.477142857142857
2723	-0.471428571428571
2724	-0.5
2725	-0.56452380952381
2726	-0.56452380952381
2727	-0.570238095238095
2728	-0.570238095238095
2729	-0.553095238095238
2730	-0.545714285714286
2731	-0.534285714285714
2732	-0.509761904761905
2733	-0.521190476190476
2734	-0.505714285714286
2735	-0.517142857142857
2736	-0.562857142857143
2737	-0.638809523809524
2738	-0.633095238095238
2739	-0.477857142857143
2740	-0.400238095238095
2741	-0.441904761904762
2742	-0.375714285714286
2743	-0.381428571428572
2744	-0.404285714285714
2745	-0.41
2746	-0.41
2747	-0.326666666666667
2748	-0.296428571428571
2749	-0.302142857142857
2750	-0.275238095238095
2751	-0.299761904761905
2752	-0.271190476190476
2753	-0.307142857142857
2754	-0.301428571428572
2755	-0.284285714285714
2756	-0.208333333333333
2757	-0.248333333333333
2758	-0.254047619047619
2759	-0.271190476190476
2760	-0.248333333333333
2761	-0.166666666666667
2762	-0.130714285714286
2763	-0.113571428571429
2764	-0.113571428571429
2765	-0.119285714285715
2766	-0.138095238095238
2767	-0.14952380952381
2768	-0.168333333333333
2769	-0.162619047619048
2770	-0.214047619047619
2771	-0.214047619047619
2772	-0.244285714285715
2773	-0.268809523809524
2774	-0.291666666666667
2775	-0.458333333333333
2776	-0.505714285714286
2777	-0.5
2778	-0.594761904761905
2779	-0.594761904761905
2780	-0.571904761904762
2781	-0.571904761904762
2782	-0.577619047619048
2825	-0.690238095238095
2826	-0.655952380952381
2827	-0.627380952380952
2828	-0.674761904761905
2829	-0.621666666666667
2830	-0.58
2831	-0.591428571428572
2832	-0.615952380952381
2833	-0.64452380952381
2834	-0.650238095238095
2835	-0.608571428571429
2836	-0.585714285714286
2837	-0.585714285714286
2838	-0.602857142857143
2839	-0.585714285714286
2840	-0.633095238095238
2841	-0.551428571428572
2842	-0.511428571428572
2843	-0.488571428571429
2844	-0.405238095238095
2845	-0.428095238095238
2846	-0.410952380952381
2847	-0.393809523809524
2848	-0.405238095238095
2849	-0.35952380952381
2850	-0.366904761904762
2851	-0.397142857142857
2852	-0.48452380952381
2853	-0.429761904761905
2854	-0.412619047619048
2855	-0.424047619047619
2856	-0.406904761904762
2857	-0.425714285714286
2858	-0.42
2859	-0.366904761904762
2860	-0.366904761904762
2861	-0.455952380952381
2862	-0.450238095238095
2863	-0.44452380952381
2864	-0.397142857142857
2865	-0.491904761904762
2879	-0.44452380952381
2880	-0.480476190476191
2881	-0.410238095238095
2882	-0.415952380952381
2883	-0.415952380952381
2884	-0.381666666666667
2885	-0.375952380952381
2886	-0.40452380952381
2887	-0.40452380952381
2888	-0.381666666666667
2889	-0.411904761904762
2890	-0.400476190476191
2891	-0.358809523809524
2892	-0.347380952380952
2893	-0.347380952380952
2894	-0.347380952380952
2895	-0.394761904761905
2896	-0.417619047619048
2897	-0.400476190476191
2898	-0.417619047619048
2899	-0.417619047619048
2900	-0.375952380952381
2901	-0.381666666666667
2902	-0.34
2903	-0.345714285714286
2904	-0.311428571428571
2905	-0.357142857142857
2906	-0.398809523809524
2907	-0.421666666666667
2908	-0.433095238095238
2909	-0.438809523809524
2910	-0.44452380952381
2911	-0.480476190476191
2912	-0.486190476190476
2913	-0.497619047619048
2914	-0.503333333333333
3266	-0.223333333333333
3269	-0.257619047619048
3271	-0.251904761904762
3272	-0.263333333333333
3273	-0.251904761904762
3274	-0.257619047619048
3275	-0.280476190476191
3279	-0.343333333333333
3280	-0.326190476190476
3281	-0.320476190476191
3282	-0.297619047619048
3283	-0.233095238095238
3284	-0.221666666666667
3285	-0.210238095238095
3286	-0.227380952380952
3287	-0.24452380952381
3288	-0.274761904761905
3289	-0.286190476190476
3290	-0.161190476190476
3291	-0.202857142857143
3292	-0.214285714285714
3293	-0.178333333333333
3294	-0.172619047619048
3295	-0.202857142857143
3296	-0.267380952380952
3297	-0.24452380952381
3298	-0.280476190476191
3299	-0.274761904761905
3300	-0.286190476190476
3301	-0.291904761904762
3303	-0.240476190476191
3304	-0.246190476190476
3306	-0.229047619047619
3310	-0.246190476190476
3311	-0.240476190476191
3312	-0.240476190476191
3313	-0.234761904761905
3314	-0.229047619047619
3316	-0.257619047619048
3317	-0.263333333333333
3318	-0.303333333333333
3322	-0.326190476190476
3323	-0.320476190476191
3324	-0.278809523809524
3325	-0.278809523809524
3395	-0.463333333333333
3396	-0.397142857142857
3397	-0.425714285714286
3398	-0.389761904761905
3399	-0.342380952380953
3400	-0.353809523809524
3401	-0.342380952380953
3402	-0.336666666666667
3403	-0.295
3404	-0.31952380952381
3405	-0.207619047619048
3406	-0.173333333333333
3407	-0.201904761904762
3408	-0.190476190476191
3409	-0.173333333333333
3410	-0.137380952380952
3411	-0.148809523809524
3412	-0.0180952380952383
3413	0.00476190476190452
3414	-0.00833333333333341
3415	0.092142857142857
3416	0.0864285714285713
3417	0.126428571428571
3418	0.0961904761904759
3419	0.0961904761904759
3420	0.155
3421	0.160714285714286
3422	0.166428571428571
3423	0.28
3424	0.357619047619048
3425	0.346190476190476
3426	0.346190476190476
3427	0.351904761904762
3428	0.346190476190476
3429	0.357619047619048
3430	0.28
3431	0.249761904761905
3432	0.25547619047619
3433	0.266904761904762
3434	0.219523809523809
3435	0.189285714285714
3436	0.291428571428571
3437	0.285714285714286
3438	0.302857142857143
3439	0.244047619047619
3440	0.192619047619047
3441	0.0978571428571428
3442	0.152619047619048
3443	0.152619047619048
3444	0.124047619047619
3445	0.0783333333333333
3446	0.0366666666666665
3447	0.000714285714285556
3448	-0.0940476190476192
3449	-0.105476190476191
3450	-0.0752380952380954
3451	-0.200238095238095
3452	-0.211666666666667
3453	-0.270476190476191
3454	-0.276190476190476
3455	-0.264761904761905
3456	-0.281904761904762
3457	-0.276190476190476
3458	-0.270476190476191
3459	-0.372619047619048
3460	-0.44452380952381
3461	-0.461666666666667
3462	-0.438809523809524
3463	-0.427380952380953
3464	-0.421666666666667
3465	-0.398809523809524
3466	-0.427380952380953
3467	-0.40452380952381
3614	-0.611904761904762
3621	-0.566190476190476
3626	-0.594761904761905
3627	-0.43952380952381
3628	-0.344761904761905
3629	-0.308809523809524
3630	-0.361904761904762
3631	-0.325952380952381
3632	-0.272857142857143
3633	-0.212380952380953
3634	-0.130714285714286
3635	-0.0245238095238096
3636	0.0473809523809521
3637	0.0416666666666665
3638	0.0588095238095236
3639	0.053095238095238
3640	0.0890476190476188
3641	0.0890476190476188
3642	0.165
3643	0.172380952380952
3644	0.196904761904761
3645	0.214047619047619
3646	0.18547619047619
3647	0.261428571428571
3648	0.231190476190476
3649	0.172380952380952
3650	0.142142857142857
3651	0.183809523809524
3652	0.231190476190476
3653	0.219761904761904
3654	0.202619047619047
3655	0.160952380952381
3656	0.196904761904761
3657	0.113571428571428
3658	0.107857142857143
3659	0.143809523809524
3660	0.113571428571428
3661	0.142142857142857
3662	0.119285714285714
3663	-0.0588095238095239
3664	-0.106190476190476
3665	-0.136428571428572
3666	-0.0890476190476193
3667	0.0473809523809521
3668	0.0833333333333333
3669	-0.0171428571428571
3670	0.00166666666666648
3671	0.0433333333333332
3672	0.0661904761904761
3673	0.280238095238095
3674	0.365238095238095
3675	0.49595238095238
3676	0.46
3677	0.524523809523809
3678	0.488571428571428
3679	0.481190476190476
3680	0.498333333333333
3681	0.534285714285714
3682	0.695238095238095
3683	0.689523809523809
3684	0.689523809523809
3685	0.718095238095238
3686	0.795714285714285
3687	0.76547619047619
3688	0.706666666666666
3689	0.754047619047619
3690	0.801428571428571
3691	0.801428571428571
3692	0.759761904761904
3693	0.807142857142857
3694	0.812857142857143
3695	0.83
3696	0.843095238095238
3697	0.837380952380952
3698	0.843095238095238
3699	0.873333333333333
3700	0.831666666666667
3701	0.844761904761904
3702	0.803095238095238
3703	0.636428571428571
3704	0.558809523809523
3705	0.575952380952381
3706	0.545714285714285
3707	0.415
3708	0.325952380952381
3709	0.146190476190476
3710	0.0783333333333333
3711	-0.0295238095238096
3712	-0.0883333333333334
3713	-0.0638095238095241
3714	-0.0866666666666669
3715	-0.103809523809524
3716	-0.0980952380952382
3717	-0.0809523809523812
3718	-0.219047619047619
3719	-0.255
3720	-0.272142857142857
3721	-0.277857142857143
3722	-0.384047619047619
3723	-0.435476190476191
3724	-0.395476190476191
3725	-0.437142857142857
3726	-0.48452380952381
3727	-0.461666666666667
3728	-0.397142857142857
3729	-0.438809523809524
3730	-0.44452380952381
3731	-0.514761904761905
3744	-0.451904761904762
3745	-0.491904761904762
3746	-0.503333333333333
3747	-0.467380952380953
3748	-0.438809523809524
3750	-0.480476190476191
3751	-0.491904761904762
3758	-0.463333333333333
3759	-0.417619047619048
3760	-0.434761904761905
3761	-0.406190476190476
3762	-0.394761904761905
3763	-0.400476190476191
3765	-0.406190476190476
3766	-0.389047619047619
3767	-0.389047619047619
3768	-0.394761904761905
3769	-0.318809523809524
3770	-0.337619047619048
3771	-0.309047619047619
3772	-0.303333333333333
3773	-0.250238095238095
3774	-0.221666666666667
3775	-0.240476190476191
3776	-0.206190476190476
3777	-0.211904761904762
3779	-0.211904761904762
3875	-0.263333333333333
3876	-0.221666666666667
3877	-0.250238095238095
3878	-0.261666666666667
3879	-0.320476190476191
3880	-0.343333333333333
3881	-0.366190476190476
3882	-0.354761904761905
3883	-0.301666666666667
3884	-0.313095238095238
3885	-0.290238095238095
3886	-0.331904761904762
3887	-0.307380952380953
3888	-0.301666666666667
3891	-0.411904761904762
3892	-0.423333333333333
3893	-0.423333333333333
3894	-0.423333333333333
3895	-0.375952380952381
3896	-0.387380952380952
3897	-0.370238095238095
3898	-0.345714285714286
3899	-0.285238095238095
3900	-0.27952380952381
3901	-0.368571428571429
3902	-0.374285714285714
3903	-0.391428571428571
3904	-0.427380952380953
3905	-0.467380952380953
3906	-0.514761904761905
3908	-0.526190476190476
3909	-0.501666666666667
3910	-0.507380952380952
3911	-0.501666666666667
3912	-0.549047619047619
3913	-0.543333333333333
3914	-0.554761904761905
3915	-0.571904761904762
3916	-0.560476190476191
3917	-0.549047619047619
3918	-0.554761904761905
3919	-0.518809523809524
3920	-0.471428571428571
3921	-0.494285714285714
3922	-0.469761904761905
3923	-0.498333333333333
3924	-0.504047619047619
3925	-0.504047619047619
3926	-0.469761904761905
3927	-0.486904761904762
3928	-0.422380952380953
3929	-0.428095238095238
3930	-0.361904761904762
3931	-0.356190476190476
3932	-0.248333333333333
3933	-0.276904761904762
3934	-0.33
3935	-0.265476190476191
3936	-0.299761904761905
3937	-0.294047619047619
3938	-0.276904761904762
3939	-0.265476190476191
3940	-0.195238095238095
3941	-0.0833333333333335
3942	-0.0114285714285716
3943	0.0890476190476188
3944	0.0359523809523807
3945	-0.0171428571428571
3946	-0.04
3947	-0.110238095238095
3948	-0.110238095238095
3949	-0.121666666666667
3950	-0.127380952380952
3951	-0.0383333333333336
3952	0.111190476190476
3953	0.13
3954	0.232142857142857
3955	0.161904761904762
3956	0.222380952380952
3957	0.281190476190476
3958	0.228095238095238
3959	0.192142857142857
3960	0.233809523809524
3961	0.250952380952381
3962	0.286904761904762
3963	0.364523809523809
3964	0.305714285714285
3965	0.353095238095237
3966	0.341666666666666
3967	0.341666666666666
3968	0.245238095238095
3969	0.250952380952381
3970	0.262380952380952
3971	0.120238095238095
3972	0.148809523809524
3973	0.201904761904762
3974	0.179047619047619
3975	0.203571428571429
3976	0.239523809523809
3977	0.233809523809524
3978	0.269761904761904
3979	0.152142857142857
3980	0.157857142857142
3981	0.258333333333333
3982	0.258333333333333
3983	0.317142857142857
3984	0.3
3985	0.271428571428571
3986	0.277142857142857
3987	0.205238095238095
3988	0.0328571428571425
3989	0.0557142857142854
3990	-0.0219047619047623
3991	0.0123809523809522
3992	-0.0766666666666667
3993	-0.080714285714286
3994	0.0254761904761902
3995	0.137380952380952
3996	0.143095238095238
3997	0.203571428571429
3998	0.215
3999	0.107142857142857
4000	0.120238095238095
4001	0.0899999999999999
4002	0.0066666666666666
4003	-0.0350000000000001
4004	-0.0161904761904763
4005	0.0197619047619042
4006	0.0899999999999999
4007	0.220714285714285
4008	0.243571428571428
4009	0.184761904761904
4010	0.232142857142857
4011	0.184761904761904
4012	0.0957142857142854
4013	0.0180952380952379
4014	-0.0897619047619049
4015	-0.0195238095238097
4016	-0.0423809523809524
4017	-0.124047619047619
4018	-0.118333333333333
4019	-0.148571428571429
4020	-0.0652380952380953
4021	-0.0309523809523811
4022	-0.0423809523809524
4023	-0.00238095238095237
4024	0.0735714285714282
4025	0.181428571428571
4026	0.139761904761905
4027	0.103809523809524
4028	0.126666666666666
4029	0.0890476190476188
4030	-0.0171428571428571
4031	-0.100476190476191
4032	-0.153571428571429
4033	-0.172380952380953
4034	-0.22547619047619
4035	-0.166666666666667
4036	-0.139761904761905
4037	-0.139761904761905
4038	-0.116904761904762
4039	-0.105476190476191
4040	-0.13
4041	-0.124285714285714
4042	-0.165952380952381
4043	-0.302380952380953
4044	-0.313809523809524
4045	-0.272142857142857
4046	-0.300714285714286
4047	-0.253333333333334
4048	-0.264761904761905
4049	-0.23452380952381
4050	-0.245952380952381
4051	-0.257380952380952
4052	-0.263095238095238
4053	-0.276190476190476
4054	-0.205952380952381
4055	-0.217380952380953
4056	-0.236190476190476
4057	-0.253333333333334
4058	-0.183095238095238
4059	-0.211666666666667
4060	-0.264761904761905
4061	-0.42
4062	-0.361190476190476
4063	-0.366904761904762
4064	-0.408571428571429
4065	-0.42
4066	-0.349761904761905
4067	-0.406904761904762
4068	-0.412619047619048
4069	-0.382380952380952
4070	-0.376666666666667
4071	-0.446904761904762
4072	-0.452619047619048
4073	-0.464047619047619
4074	-0.47547619047619
4075	-0.481190476190476
4076	-0.486904761904762
4077	-0.528571428571428
4078	-0.551428571428572
4079	-0.545714285714286
4080	-0.528571428571428
4081	-0.558809523809524
4082	-0.554761904761905
4083	-0.560476190476191
4084	-0.52452380952381
4085	-0.52452380952381
4086	-0.495952380952381
4087	-0.520476190476191
4088	-0.520476190476191
4089	-0.509047619047619
4115	-0.549047619047619
4116	-0.571904761904762
4117	-0.571904761904762
4118	-0.589047619047619
4125	-0.537619047619048
4126	-0.503333333333333
4127	-0.514761904761905
4128	-0.497619047619048
4129	-0.491904761904762
4130	-0.480476190476191
4131	-0.514761904761905
4132	-0.497619047619048
4133	-0.491904761904762
4154	-0.497619047619048
4155	-0.478809523809524
4156	-0.531904761904762
4157	-0.531904761904762
4158	-0.537619047619048
4159	-0.520476190476191
4160	-0.514761904761905
4162	-0.531904761904762
4163	-0.520476190476191
4164	-0.531904761904762
4165	-0.537619047619048
4166	-0.549047619047619
4167	-0.537619047619048
4168	-0.520476190476191
4169	-0.478809523809524
4170	-0.478809523809524
4171	-0.437142857142857
4172	-0.42
4173	-0.431428571428571
4174	-0.348095238095238
4175	-0.348095238095238
4176	-0.353809523809524
4177	-0.418333333333333
4178	-0.418333333333333
4179	-0.442857142857143
4180	-0.448571428571429
4181	-0.465714285714286
4182	-0.454285714285714
4183	-0.435476190476191
4184	-0.418333333333333
4185	-0.477142857142857
4186	-0.458333333333333
4187	-0.433809523809524
4188	-0.428095238095238
4189	-0.397857142857143
4190	-0.397857142857143
4191	-0.410952380952381
4192	-0.405238095238095
4193	-0.346428571428572
4194	-0.340714285714286
4195	-0.357857142857143
4196	-0.352142857142857
4197	-0.329285714285715
4198	-0.388095238095238
4199	-0.393809523809524
4200	-0.329285714285715
4201	-0.312142857142857
4202	-0.276190476190476
4203	-0.299047619047619
4204	-0.310476190476191
4205	-0.335
4206	-0.287619047619048
4207	-0.335
4208	-0.329285714285715
4209	-0.312142857142857
4210	-0.378333333333333
4211	-0.372619047619048
4212	-0.378333333333333
4213	-0.361190476190476
4214	-0.372619047619048
4215	-0.389761904761905
4216	-0.361190476190476
4217	-0.308095238095238
4218	-0.260714285714286
4219	-0.302380952380953
4220	-0.31952380952381
4221	-0.308095238095238
4222	-0.219047619047619
4223	-0.243571428571429
4224	-0.266428571428572
4225	-0.290952380952381
4226	-0.480476190476191
4227	-0.0752380952380954
4228	-0.0809523809523812
4229	-0.0507142857142859
4230	-0.0621428571428573
4231	-0.0450000000000002
4232	-0.0204761904761906
4233	-0.0261904761904763
4234	-0.0907142857142859
4235	-0.102142857142857
4236	-0.183809523809524
4237	-0.136428571428572
4238	-0.0661904761904764
4239	-0.0547619047619049
4240	-0.0661904761904764
4241	-0.0530952380952383
4242	-0.123333333333334
4243	-0.04
4244	-0.0457142857142858
4245	-0.0342857142857143
4246	-0.0154761904761906
4247	0.00166666666666648
4248	0.013095238095238
4249	0.107857142857143
4250	0.136428571428571
4251	0.125
4252	0.119285714285714
4253	0.0890476190476188
4254	0.0702380952380951
4255	0.0930952380952379
4256	0.104523809523809
4257	0.0930952380952379
4258	0.00238095238095215
4259	0.0138095238095237
4260	0.0195238095238093
4261	-0.00333333333333352
4262	0.0538095238095238
4263	-0.345714285714286
4264	-0.345714285714286
4265	-0.446190476190476
4266	-0.398809523809524
4267	-0.427380952380953
4268	-0.463333333333333
4269	-0.480476190476191
4270	-0.451904761904762
4271	-0.429047619047619
4272	-0.394761904761905
4301	-0.663333333333334
4319	-0.857619047619048
4320	-0.857619047619048
4321	-0.810238095238095
4322	-0.886190476190476
4323	-0.897619047619048
4324	-0.891904761904762
4325	-0.861666666666667
4326	-0.808571428571428
4327	-0.744047619047619
4328	-0.791428571428571
4329	-0.838809523809524
4330	-0.84452380952381
4331	-0.850238095238095
4332	-0.810238095238095
4333	-0.80452380952381
4334	-0.793095238095238
4335	-0.810238095238095
4336	-0.798809523809524
4337	-0.806190476190476
4338	-0.829047619047619
4339	-0.817619047619048
4340	-0.829047619047619
4341	-0.838809523809524
4342	-0.838809523809524
4343	-0.749761904761905
4344	-0.761190476190476
4345	-0.738333333333333
4346	-0.698333333333333
4347	-0.632142857142857
4348	-0.615
4349	-0.550476190476191
4350	-0.539047619047619
4351	-0.575
4352	-0.597857142857143
4353	-0.550476190476191
4354	-0.597857142857143
4355	-0.592142857142857
4356	-0.597857142857143
4357	-0.681190476190476
4358	-0.658333333333333
4359	-0.552142857142857
4360	-0.47452380952381
4361	-0.455714285714286
4362	-0.442619047619048
4363	-0.472857142857143
4364	-0.418095238095238
4365	-0.42952380952381
4366	-0.520952380952381
4367	-0.50952380952381
4368	-0.538095238095238
4369	-0.596904761904762
4370	-0.519285714285714
4371	-0.460476190476191
4372	-0.483333333333333
4373	-0.430238095238095
4374	-0.382857142857143
4375	-0.329761904761905
4376	-0.318333333333334
4377	-0.318333333333334
4378	-0.176190476190476
4379	-0.242380952380953
4380	-0.160714285714286
4381	-0.113333333333334
4382	-0.170476190476191
4383	-0.223571428571429
4384	-0.176190476190476
4385	-0.217857142857143
4386	-0.240714285714286
4387	-0.229285714285715
4388	-0.200714285714286
4389	-0.265238095238095
4390	-0.230952380952381
4391	-0.266904761904762
4392	-0.172142857142857
4393	-0.189285714285715
4394	-0.230952380952381
4395	-0.248095238095238
4396	-0.32
4397	-0.350238095238095
4398	-0.410714285714286
4399	-0.467857142857143
4400	-0.480952380952381
4401	-0.433571428571429
4402	-0.376428571428571
4403	-0.359285714285715
4404	-0.306190476190476
4405	-0.24
4406	-0.329047619047619
4407	-0.387857142857143
4408	-0.311904761904762
4409	-0.300476190476191
4410	-0.336428571428571
4411	-0.330714285714286
4412	-0.164047619047619
4413	-0.165714285714286
4414	-0.296428571428571
4415	-0.290714285714286
4416	-0.326666666666667
4417	-0.332380952380953
4418	-0.263809523809524
4419	-0.282619047619048
4420	-0.295714285714286
4421	-0.33
4422	-0.295714285714286
4423	-0.265476190476191
4424	-0.140476190476191
4425	-0.151904761904762
4426	-0.14452380952381
4427	-0.0897619047619049
4428	-0.218809523809524
4429	-0.195952380952381
4430	-0.0578571428571431
4431	-0.124047619047619
4432	-0.116666666666667
4433	-0.164047619047619
4434	-0.164047619047619
4435	-0.152619047619048
4436	-0.168095238095238
4437	-0.198333333333333
4438	-0.186904761904762
4439	-0.169761904761905
4440	-0.257142857142857
4441	-0.306190476190476
4442	-0.0978571428571431
4443	-0.0333333333333334
4444	-0.0978571428571431
4445	-0.137857142857143
4446	-0.160714285714286
4447	-0.295476190476191
4448	-0.420476190476191
4449	-0.407380952380952
4450	-0.407380952380952
4451	-0.407380952380952
4452	-0.435952380952381
4453	-0.447380952380953
4454	-0.470238095238095
4455	-0.445714285714286
4456	-0.514285714285714
4457	-0.48
4458	-0.48
4459	-0.538809523809524
4460	-0.680952380952381
4461	-0.675238095238096
4462	-0.663809523809524
4463	-0.73
4464	-0.707142857142857
4465	-0.752857142857143
4466	-0.925238095238095
4467	-0.942380952380953
4468	-0.925238095238095
4469	-0.908095238095239
4470	-0.900714285714286
4471	-0.866428571428572
4472	-0.820714285714286
4473	-0.79047619047619
4474	-0.784761904761905
4475	-0.79047619047619
4476	-0.744761904761905
4477	-0.767619047619048
4478	-0.958809523809524
4479	-0.989047619047619
4480	-0.989047619047619
4483	-0.937619047619048
4484	-0.949047619047619
4488	-0.920476190476191
4541	-0.400476190476191
4542	-0.394761904761905
4543	-0.381666666666667
4544	-0.334285714285714
4545	-0.326904761904762
4546	-0.338333333333333
4547	-0.313809523809524
4548	-0.255
4549	-0.15452380952381
4550	-0.15452380952381
4551	-0.135714285714286
4552	-0.122619047619048
4553	-0.0980952380952382
4554	-0.0980952380952382
4555	-0.178095238095238
4556	-0.125
4557	-0.0530952380952383
4558	-0.0416666666666667
4559	-0.0890476190476193
4560	-0.130714285714286
4561	-0.071904761904762
4562	-0.147857142857143
4563	-0.125
4564	-0.136428571428572
4565	-0.0890476190476193
4566	-0.106190476190476
4567	-0.094761904761905
4568	-0.0833333333333335
4569	-0.0833333333333335
4570	-0.0359523809523812
4571	-0.117619047619048
4572	-0.134761904761905
4573	-0.129047619047619
4574	-0.0514285714285716
4575	-0.00571428571428578
4576	-0.0285714285714285
4577	-0.110238095238095
4578	-0.115952380952381
4579	-0.0930952380952383
4580	-0.138809523809524
4581	-0.193571428571429
4582	-0.169047619047619
4583	-0.227857142857143
4584	-0.186190476190476
4585	-0.275238095238095
4586	-0.292380952380953
4587	-0.356904761904762
4588	-0.30952380952381
4589	-0.292380952380953
4590	-0.315238095238095
4591	-0.26952380952381
4592	-0.275238095238095
4593	-0.322619047619048
4594	-0.280952380952381
4595	-0.161666666666667
4596	-0.0840476190476191
4597	-0.0840476190476191
4598	-0.066904761904762
4599	-0.0121428571428575
4600	0.00499999999999967
4601	-0.017857142857143
4602	0.107142857142857
4603	0.120238095238095
4604	0.103095238095237
4605	0.108809523809523
4606	0.0728571428571425
4607	0.120238095238095
4608	0.114523809523809
4609	0.103095238095237
4610	-0.0447619047619048
4611	-0.0619047619047621
4612	-0.0750000000000002
4613	-0.0692857142857146
4614	-0.0978571428571431
4615	-0.17952380952381
4616	-0.204047619047619
4617	-0.209761904761905
4618	-0.156666666666667
4619	-0.150952380952381
4620	-0.198333333333333
4621	-0.115
4622	-0.0619047619047621
4623	-0.0145238095238098
4624	-0.0978571428571431
4625	-0.0300000000000002
4626	-0.0471428571428574
4627	0.000238095238094926
4628	-0.0585714285714287
4629	-0.0757142857142861
4630	-0.145952380952381
4631	-0.240714285714286
4632	-0.257857142857143
4633	-0.216190476190476
4634	-0.163095238095238
4635	-0.216190476190476
4636	-0.244761904761905
4637	-0.280714285714286
4638	-0.4
4639	-0.435952380952381
4640	-0.382857142857143
4641	-0.364047619047619
4642	-0.381190476190476
4643	-0.369761904761905
4644	-0.33952380952381
4645	-0.292142857142857
4646	-0.280714285714286
4647	-0.267619047619048
4648	-0.265952380952381
4649	-0.159761904761905
4650	-0.0723809523809529
4651	-0.0609523809523813
4652	-0.0495238095238097
4653	-0.0609523809523813
4654	-0.121428571428572
4655	-0.0797619047619051
4656	-0.121428571428572
4657	-0.216190476190476
4658	-0.303571428571429
4659	-0.322380952380953
4660	-0.293809523809524
4661	-0.414761904761905
4662	-0.386190476190476
4663	-0.391904761904762
4664	-0.410714285714286
4665	-0.475238095238095
4666	-0.503809523809524
4667	-0.538095238095238
4668	-0.556904761904762
4669	-0.598571428571429
4670	-0.628809523809524
4671	-0.664761904761905
4672	-0.588809523809524
4673	-0.552857142857143
4674	-0.558571428571429
4675	-0.558571428571429
4676	-0.534047619047619
4677	-0.634523809523809
4678	-0.634523809523809
4679	-0.676190476190476
4680	-0.717857142857143
4681	-0.770952380952381
4682	-0.788095238095238
4683	-0.801190476190476
4684	-0.748095238095238
4685	-0.801190476190476
4686	-0.882857142857143
4687	-0.846904761904762
4688	-0.752142857142858
4689	-0.740714285714286
4690	-0.757857142857143
4691	-0.79952380952381
4692	-0.788095238095238
4693	-0.782380952380952
4694	-0.641904761904762
4695	-0.641904761904762
4696	-0.659047619047619
4697	-0.647619047619048
4698	-0.583095238095238
4699	-0.613333333333334
4700	-0.605952380952381
4701	-0.535714285714286
4702	-0.478571428571429
4703	-0.485952380952381
4704	-0.491666666666667
4705	-0.556190476190476
4706	-0.584761904761905
4707	-0.51452380952381
4708	-0.573333333333333
4709	-0.626428571428571
4710	-0.584761904761905
4711	-0.619047619047619
4712	-0.685238095238095
4713	-0.655
4714	-0.632142857142857
4715	-0.609285714285715
4716	-0.533333333333333
4717	-0.499047619047619
4718	-0.470476190476191
4719	-0.436190476190476
4720	-0.502380952380952
4721	-0.549761904761905
4722	-0.561190476190476
4723	-0.562857142857143
4724	-0.663333333333334
4725	-0.651904761904762
4726	-0.646190476190476
4727	-0.629047619047619
4728	-0.634761904761905
4729	-0.587380952380953
4731	-0.611904761904762
4732	-0.600476190476191
4733	-0.600476190476191
4734	-0.606190476190476
4735	-0.577619047619048
4763	-0.32452380952381
4764	-0.32452380952381
4765	-0.360476190476191
4766	-0.377619047619048
4796	-0.354761904761905
4797	-0.360476190476191
4798	-0.366190476190476
4804	-0.400476190476191
4805	-0.411904761904762
4806	-0.429047619047619
4807	-0.387380952380952
4808	-0.410238095238095
4809	-0.362857142857143
4810	-0.351428571428571
4811	-0.38
4812	-0.393095238095238
4813	-0.40452380952381
4814	-0.410238095238095
4815	-0.421666666666667
4816	-0.362857142857143
4817	-0.374285714285714
4818	-0.34
4819	-0.357142857142857
4820	-0.362857142857143
4821	-0.38
4822	-0.421666666666667
4823	-0.427380952380953
4824	-0.469047619047619
4825	-0.480476190476191
4826	-0.497619047619048
4827	-0.514761904761905
4828	-0.497619047619048
4829	-0.474761904761905
4932	-0.256666666666667
4933	0.106904761904762
4934	0.125714285714286
4935	0.150238095238095
4936	0.258095238095238
4937	0.258095238095238
4938	0.322619047619047
4939	0.500714285714285
4940	0.597142857142857
4941	0.627380952380952
4942	0.621666666666666
4943	0.621666666666666
4944	0.633095238095238
4945	0.691904761904762
4946	0.74095238095238
4947	0.746666666666666
4948	0.712380952380952
4949	0.625
4950	0.60047619047619
4951	0.659285714285714
4952	0.610238095238095
4953	0.587380952380952
4954	0.570238095238095
4955	0.570238095238095
4956	0.593095238095238
4957	0.723809523809523
4958	0.706666666666666
4959	0.932142857142857
4960	0.903571428571428
4961	1.05309523809524
4962	1.03023809523809
4963	1.11928571428571
4964	1.13238095238095
4965	1.18547619047619
4966	1.12666666666667
4967	1.06214285714286
4968	0.870952380952381
4969	0.513095238095238
4970	0.482857142857143
4971	0.424047619047619
4972	0.327619047619047
4973	0.299047619047619
4974	0.253333333333333
4975	0.115238095238095
4976	0.013095238095238
4977	0.0433333333333332
4978	0.0433333333333332
4979	0.0849999999999997
4980	0.0849999999999997
4981	-0.0326190476190478
4982	-0.10452380952381
4983	-0.121666666666667
4984	-0.0914285714285716
4985	-0.0326190476190478
4986	-0.00238095238095237
4987	-0.0497619047619051
4988	0.0204761904761903
4989	0.079285714285714
4990	0.0907142857142855
4991	0.102142857142857
4992	0.0964285714285713
4993	-0.0645238095238096
4994	-0.0702380952380952
4995	-0.318571428571429
4996	-0.29
4997	-0.422380952380953
4998	-0.433809523809524
4999	-0.528571428571428
5000	-0.511428571428572
5001	-0.517142857142857
5002	-0.5
5003	-0.5
5004	-0.511428571428572
5005	-0.511428571428572
5006	-0.517142857142857
5007	-0.482857142857143
5008	-0.452619047619048
5009	-0.441190476190476
5010	-0.454285714285714
5011	-0.441190476190476
5012	-0.433809523809524
5013	-0.545714285714286
5014	-0.562857142857143
5015	-0.54
5016	-0.551428571428572
5017	-0.54
5018	-0.515476190476191
5019	-0.468095238095238
5020	-0.481190476190476
5021	-0.498333333333333
5022	-0.638809523809524
5023	-0.591428571428572
5024	-0.64452380952381
5025	-0.674761904761905
5026	-0.669047619047619
5027	-0.651904761904762
5028	-0.651904761904762
5029	-0.663333333333334
5030	-0.60452380952381
5031	-0.557142857142857
5032	-0.562857142857143
5033	-0.591428571428572
5034	-0.62
5035	-0.631428571428571
5036	-0.68452380952381
5037	-0.709047619047619
5038	-0.703333333333334
5039	-0.703333333333334
5040	-0.691904761904762
5041	-0.703333333333334
5042	-0.726190476190476
5043	-0.754761904761905
5046	-0.766190476190476
5050	-0.743333333333333
5052	-0.766190476190476
5053	-0.760476190476191
5063	-0.754761904761905
5064	-0.701666666666667
5065	-0.68452380952381
5066	-0.703333333333334
5070	-0.577619047619048
5071	-0.560476190476191
5072	-0.554761904761905
5073	-0.566190476190476
5074	-0.535952380952381
5075	-0.518809523809524
5076	-0.535952380952381
5077	-0.530238095238095
5078	-0.513095238095238
5079	-0.495952380952381
5080	-0.46
5081	-0.441190476190476
5082	-0.435476190476191
5083	-0.418333333333333
5084	-0.448571428571429
5085	-0.401190476190476
5086	-0.454285714285714
5087	-0.454285714285714
5088	-0.35952380952381
5089	-0.353809523809524
5090	-0.217380952380953
5091	-0.217380952380953
5092	-0.205952380952381
5093	-0.177380952380953
5094	-0.188809523809524
5095	-0.188809523809524
5096	-0.230476190476191
5097	-0.188809523809524
5098	-0.188809523809524
5099	-0.289285714285714
5100	-0.353809523809524
5101	-0.370952380952381
5102	-0.410952380952381
5103	-0.422380952380953
5104	-0.445238095238095
5105	-0.456666666666667
5106	-0.515476190476191
5107	-0.515476190476191
5108	-0.504047619047619
5109	-0.492619047619048
5110	-0.534285714285714
5111	-0.43952380952381
5112	-0.422380952380953
5113	-0.422380952380953
5114	-0.422380952380953
5115	-0.428095238095238
5116	-0.464047619047619
5117	-0.477142857142857
5118	-0.513095238095238
5119	-0.513095238095238
5120	-0.52452380952381
5121	-0.577619047619048
5122	-0.554761904761905
5123	-0.571904761904762
5186	-0.537619047619048
5187	-0.543333333333333
5188	-0.583333333333333
5189	-0.494285714285714
5190	-0.5
5191	-0.504047619047619
5192	-0.468095238095238
5193	-0.47952380952381
5194	-0.466428571428572
5195	-0.424761904761905
5196	-0.428809523809524
5197	-0.428809523809524
5198	-0.387142857142857
5199	-0.351190476190476
5200	-0.391190476190476
5201	-0.419761904761905
5202	-0.436904761904762
5203	-0.454047619047619
5204	-0.512857142857143
5205	-0.518571428571429
5206	-0.516904761904762
5207	-0.528333333333333
5208	-0.539761904761905
5209	-0.492380952380953
5210	-0.551190476190476
5211	-0.515238095238096
5212	-0.668809523809524
5213	-0.578095238095239
5214	-0.553571428571429
5215	-0.570714285714286
5216	-0.606666666666667
5217	-0.58952380952381
5218	-0.560952380952381
5219	-0.560952380952381
5220	-0.519285714285714
5221	-0.587857142857143
5222	-0.676904761904762
5223	-0.66547619047619
5224	-0.578095238095239
5225	-0.644285714285714
5226	-0.579761904761905
5227	-0.621428571428572
5228	-0.640238095238095
5229	-0.645952380952381
5230	-0.670476190476191
5231	-0.735
5232	-0.748095238095238
5233	-0.730952380952381
5234	-0.789761904761905
5235	-0.86
5236	-0.854285714285714
5237	-0.706428571428572
5238	-0.763571428571429
5239	-0.740714285714286
5240	-0.687619047619048
5241	-0.623095238095238
5242	-0.655
5243	-0.649285714285715
5244	-0.655
5245	-0.708095238095238
5246	-0.653333333333333
5247	-0.659047619047619
5248	-0.693333333333334
5249	-0.818333333333333
5250	-0.865714285714286
5251	-0.757857142857143
5252	-0.695714285714286
5253	-0.69
5254	-0.712857142857143
5255	-0.783095238095239
5256	-0.811666666666667
5257	-0.758571428571429
5258	-0.735714285714286
5259	-0.716904761904762
5260	-0.756904761904762
5261	-0.791190476190476
5262	-0.872857142857143
5263	-0.93
5264	-0.915238095238096
5265	-0.94952380952381
5266	-1.01238095238095
5267	-0.959285714285714
5268	-0.934761904761905
5269	-0.885714285714286
5270	-0.897142857142857
5271	-0.908571428571429
5272	-0.878333333333333
5273	-0.978809523809524
5274	-0.955952380952381
5275	-1.03595238095238
5276	-1.0302380952381
5277	-1.08904761904762
5278	-1.02857142857143
5279	-1.06857142857143
5280	-1.01547619047619
5281	-1.03095238095238
5282	-1.04976190476191
5283	-1.08
5284	-1.01714285714286
5285	-0.994285714285715
5286	-0.977142857142857
5287	-1.03190476190476
5288	-1.11119047619048
5289	-1.09404761904762
5290	-0.999285714285714
5291	-0.970714285714286
5292	-1.00095238095238
5293	-1.01404761904762
5294	-1.03690476190476
5295	-1.11857142857143
5296	-1.10142857142857
5297	-0.963333333333334
5298	-0.980476190476191
5299	-0.929047619047619
5300	-0.947857142857143
5301	-0.930714285714286
5302	-0.896428571428572
5303	-0.966666666666667
5304	-0.979761904761905
5305	-1.07452380952381
5306	-1.09738095238095
5307	-1.11452380952381
5308	-1.10880952380952
5309	-1.09571428571429
5310	-0.976428571428572
5311	-0.965
5312	-1.0352380952381
5313	-0.969047619047619
5314	-0.991904761904762
5315	-0.897142857142857
5316	-0.747619047619048
5317	-0.701904761904762
5318	-0.743571428571429
5319	-0.647142857142857
5320	-0.681428571428572
5321	-0.681428571428572
5322	-0.692857142857143
5323	-0.67
5324	-0.675714285714286
5325	-0.71
5326	-0.793333333333334
5327	-0.810476190476191
5328	-0.793333333333334
5329	-0.781904761904762
5330	-0.799047619047619
5331	-0.793333333333334
5332	-0.823571428571429
5333	-0.908571428571429
5334	-0.895476190476191
5335	-0.901190476190476
5336	-0.853809523809524
5337	-0.817857142857143
5338	-0.723095238095238
5339	-0.658571428571429
5340	-0.67
5341	-0.668333333333334
5342	-0.638095238095238
5343	-0.507380952380953
5344	-0.514761904761905
5345	-0.550714285714286
5346	-0.71
5347	-0.692857142857143
5348	-0.71
5349	-0.776190476190476
5350	-0.830952380952381
5351	-0.88
5352	-1.02952380952381
5353	-1.03928571428571
5354	-1.05071428571429
5355	-1.12833333333333
5356	-1.05238095238095
5357	-1.02785714285714
5358	-0.937142857142857
5359	-1.01880952380952
5360	-1
5361	-0.935476190476191
5362	-0.882380952380952
5363	-0.767142857142858
5364	-0.798095238095239
5365	-0.796428571428571
5366	-0.80952380952381
5367	-0.709047619047619
5368	-0.464761904761905
5369	-0.392857142857143
5370	-0.316904761904762
5371	-0.303809523809524
5372	-0.339761904761905
5373	-0.203333333333334
5374	-0.226190476190476
5375	-0.290714285714286
5376	-0.218809523809524
5377	-0.253095238095239
5378	-0.2
5379	-0.105238095238096
5380	-0.0185714285714291
5381	0.0550000000000002
5382	0.0435714285714286
5383	0.0223809523809515
5384	0.0526190476190473
5385	0.262619047619047
5386	0.311666666666666
5387	0.29047619047619
5388	0.201428571428571
5389	0.294523809523809
5390	0.372142857142857
5391	0.296190476190476
5392	0.273333333333333
5393	0.18595238095238
5394	0.131190476190476
5395	0.231666666666666
5396	0.292142857142857
5397	0.305238095238095
5398	0.288095238095238
5399	0.197380952380952
5400	0.307619047619047
5401	0.372142857142857
5402	0.379523809523809
5403	0.273333333333333
5404	0.0649999999999995
5405	0.0821428571428569
5406	0.0592857142857137
5407	0.235714285714285
5408	0.194047619047619
5409	-0.00690476190476241
5410	-0.0828571428571432
5411	0.0478571428571422
5412	0.036428571428571
5413	0.343571428571428
5414	0.421190476190476
5415	0.220238095238094
5416	0.0878571428571426
5417	0.0183333333333331
5418	0.135952380952381
5419	0.204523809523809
5420	0.174285714285714
5421	-0.0414285714285718
5422	-0.0757142857142861
5423	-0.0414285714285718
5424	0.0966666666666662
5425	0.0778571428571428
5426	0.0116666666666663
5427	0.106428571428571
5428	0.184047619047619
5429	0.229761904761904
5430	0.188095238095237
5431	0.159523809523809
5432	0.0647619047619044
5433	0.129285714285714
5434	0.189761904761904
5435	0.108095238095237
5436	-0.0283333333333333
5437	-0.0471428571428576
5438	0.0304761904761901
5439	0.398095238095237
5440	0.350714285714285
5441	0.238809523809524
5442	0.303333333333332
5443	0.162857142857142
5444	0.157142857142857
5445	0.251904761904761
5446	0.369523809523809
5447	0.273095238095238
5448	0.265714285714285
5449	0.0573809523809521
5450	-0.0807142857142864
5451	-0.0464285714285717
5452	0.0238095238095237
5453	0.0180952380952379
5454	-0.0138095238095239
5455	-0.0669047619047629
5456	0.0335714285714279
5457	0.0180952380952379
5458	-0.0366666666666671
5459	-0.0840476190476198
5460	-0.239285714285715
5461	-0.214761904761905
5462	-0.214761904761905
5463	-0.250714285714286
5464	-0.280952380952381
5465	-0.22047619047619
5466	-0.203333333333334
5467	-0.22952380952381
5468	-0.142142857142858
5469	-0.25
5470	-0.331666666666667
5471	-0.238571428571429
5472	-0.221428571428572
5473	-0.348809523809524
5474	-0.413333333333334
5475	-0.709047619047619
5476	-0.707380952380953
5477	-0.654285714285715
5478	-0.785
5479	-0.822619047619048
5480	-0.816904761904763
5481	-0.881428571428572
5482	-0.911666666666667
5483	-0.911666666666667
5484	-0.923095238095239
5485	-0.972142857142857
5486	-0.905952380952381
5487	-0.947619047619048
5488	-0.981904761904762
5489	-0.993333333333334
5490	-1.01047619047619
5491	-1.02190476190476
5492	-0.985952380952381
5493	-0.945952380952381
5494	-0.904285714285715
5495	-0.785
5496	-0.745
5497	-0.709047619047619
5498	-0.726190476190476
5499	-0.678809523809524
5500	-0.691904761904762
5501	-0.775238095238096
5502	-0.843809523809524
5503	-0.860952380952381
5504	-0.944285714285715
5505	-0.955714285714286
5506	-0.959047619047619
5507	-1.00642857142857
5508	-0.966428571428572
5509	-0.884761904761905
5510	-0.886428571428572
5511	-0.865238095238095
5512	-0.819523809523809
5513	-0.838333333333334
5514	-0.768095238095238
5515	-0.755
5516	-0.690476190476191
5517	-0.686428571428572
5518	-0.746904761904762
5519	-0.775476190476191
5520	-0.817142857142857
5521	-0.781190476190476
5522	-0.82452380952381
5523	-0.801666666666667
5524	-0.837619047619048
5525	-0.849047619047619
5526	-0.866190476190476
5527	-0.797619047619048
5528	-0.892380952380952
5529	-0.880952380952381
5530	-0.862142857142857
5531	-0.898095238095238
5532	-0.932380952380953
5533	-1.05
5534	-0.841666666666667
5535	-0.913571428571429
5536	-0.959285714285714
5537	-0.942142857142857
5538	-0.890714285714286
5539	-0.925
5540	-0.930714285714286
5541	-0.911904761904762
5542	-0.951904761904762
5543	-0.946190476190476
5544	-0.902857142857143
5545	-0.908571428571429
5546	-0.96
5547	-1.0302380952381
5548	-0.996666666666667
5549	-0.811190476190477
5550	-0.875714285714286
5551	-0.89452380952381
5552	-0.940238095238096
5553	-0.904285714285715
5554	-0.87404761904762
5555	-0.820952380952381
5556	-0.743333333333334
5557	-0.677142857142857
5558	-0.620714285714286
5559	-0.541428571428572
5560	-0.486666666666667
5561	-0.331428571428571
5562	-0.331428571428571
5563	-0.365714285714286
5564	-0.401666666666667
5565	-0.407380952380953
5566	-0.485000000000001
5567	-0.503809523809524
5568	-0.503809523809524
5569	-0.494047619047619
5570	-0.575714285714286
5571	-0.564285714285715
5572	-0.617380952380953
5573	-0.528333333333333
5574	-0.516904761904762
5575	-0.505476190476191
5576	-0.494047619047619
5577	-0.494047619047619
5578	-0.465476190476191
5579	-0.465476190476191
5580	-0.537380952380953
5581	-0.561904761904762
5582	-0.569285714285715
5583	-0.485952380952381
5584	-0.542380952380953
5585	-0.648571428571429
5586	-0.648571428571429
5587	-0.631428571428572
5588	-0.621666666666667
5589	-0.593095238095239
5590	-0.64047619047619
5591	-0.693571428571429
5592	-0.776904761904762
5593	-0.871666666666667
5594	-0.932142857142857
5595	-0.93952380952381
5596	-0.888095238095238
5597	-1.03761904761905
5598	-0.961666666666667
5599	-0.813809523809524
5600	-0.776190476190476
5601	-0.817857142857143
5602	-0.67
5603	-0.705952380952381
5604	-0.705952380952381
5605	-0.683095238095238
5606	-0.77952380952381
5607	-0.760714285714286
5608	-0.696190476190476
5609	-0.743571428571429
5610	-0.772142857142857
5611	-0.789285714285715
5612	-0.768809523809524
5613	-0.763095238095238
5614	-0.751666666666667
5615	-0.751666666666667
5616	-0.698571428571429
5617	-0.634047619047619
5618	-0.56952380952381
5619	-0.59
5620	-0.637380952380953
5621	-0.650476190476191
5622	-0.608809523809524
5623	-0.597380952380953
5624	-0.595714285714286
5625	-0.652857142857143
5626	-0.622619047619048
5627	-0.586666666666667
5628	-0.402857142857143
5629	-0.344047619047619
5630	-0.27952380952381
5631	-0.391428571428572
5632	-0.473095238095238
5633	-0.501666666666667
5634	-0.530238095238096
5635	-0.735238095238095
5636	-0.771190476190476
5637	-0.765476190476191
5638	-0.93047619047619
5639	-0.905952380952381
5640	-0.864285714285715
5641	-0.91
5642	-0.826666666666667
5643	-0.862619047619048
5644	-0.879761904761905
5645	-0.843809523809524
5646	-0.798095238095239
5647	-0.775238095238096
5648	-0.83
5649	-0.877380952380953
5650	-0.816904761904763
5651	-0.862619047619048
5652	-0.838095238095238
5653	-0.758809523809524
5654	-0.810238095238096
5655	-0.878809523809524
5656	-0.676190476190476
5657	-0.752142857142858
5658	-0.765238095238095
5659	-0.763571428571429
5660	-0.716190476190477
5661	-0.706428571428572
5662	-0.778333333333334
5663	-0.797142857142857
5664	-0.945
5665	-1.02261904761905
5666	-1.11738095238095
5667	-1.1002380952381
5668	-1.11333333333333
5669	-0.995714285714286
5670	-0.997380952380953
5671	-0.845476190476191
5672	-0.758095238095239
5673	-0.740952380952381
5674	-0.706666666666667
5675	-0.776904761904762
5676	-0.83
5677	-0.776904761904762
5678	-0.896190476190476
5679	-0.860238095238095
5680	-0.919047619047619
5681	-0.907619047619048
5682	-0.905952380952381
5683	-0.858571428571429
5684	-0.746666666666667
5685	-0.670714285714286
5686	-0.570238095238096
5687	-0.471428571428572
5688	-0.543333333333334
5689	-0.656904761904762
5690	-0.592380952380953
5691	-0.552380952380953
5692	-0.684761904761905
5693	-0.61452380952381
5694	-0.620238095238096
5695	-0.525476190476191
5696	-0.554047619047619
5697	-0.594047619047619
5698	-0.546666666666667
5699	-0.503333333333333
5700	-0.467380952380953
5701	-0.46
5702	-0.454285714285715
5703	-0.448571428571429
5704	-0.471428571428572
5705	-0.52452380952381
5706	-0.558809523809524
5707	-0.670714285714286
5708	-0.788333333333334
5709	-0.79404761904762
5710	-0.68047619047619
5711	-0.669047619047619
5712	-0.610238095238095
5713	-0.629047619047619
5714	-0.581666666666667
5715	-0.651904761904762
5716	-0.627380952380953
5717	-0.802142857142857
5718	-0.580714285714286
5719	-0.645238095238095
5720	-0.645238095238095
5721	-0.690952380952381
5722	-0.84452380952381
5723	-0.909047619047619
5724	-0.909047619047619
5725	-0.945
5726	-0.939285714285715
5727	-1.00214285714286
5728	-1.09928571428571
5729	-1.24952380952381
5730	-1.225
5731	-1.27238095238095
5732	-1.33857142857143
5733	-1.2152380952381
5734	-1.225
5735	-1.29690476190476
5736	-1.31404761904762
5737	-1.34833333333333
5738	-1.35404761904762
5739	-1.305
5740	-1.27071428571429
5741	-1.28952380952381
5742	-1.26095238095238
5743	-1.18333333333333
5744	-1.08857142857143
5745	-1.1
5746	-1.16785714285714
5747	-1.145
5748	-1.13761904761905
5749	-1.11142857142857
5750	-1.11714285714286
5751	-0.976666666666667
5752	-0.919523809523809
5753	-0.773333333333334
5754	-1.065
5755	-1.04214285714286
5756	-1.12380952380952
5757	-1.18833333333333
5758	-1.09928571428571
5759	-1.02166666666667
5760	-0.936666666666667
5761	-0.948095238095238
5762	-1.02404761904762
5763	-0.876190476190476
5764	-0.788809523809524
5765	-0.513571428571429
5766	-0.341190476190477
5767	-0.286428571428572
5768	-0.132857142857143
5769	-0.267619047619048
5770	-0.252142857142858
5771	-0.0740476190476191
5772	-0.051190476190476
5773	0.0721428571428571
5774	0.15547619047619
5775	0.255952380952381
5776	0.524761904761904
5777	0.738809523809524
5778	1.19714285714286
5779	1.54357142857143
5780	1.64
5781	1.9847619047619
5782	2.30833333333333
5783	2.70047619047619
5784	3.06642857142857
5785	3.11214285714286
5786	3.40952380952381
5787	3.63095238095238
5788	3.87690476190476
5789	3.93
5790	3.99285714285714
5791	4.02309523809524
5792	4.05738095238095
5793	4.27547619047619
5794	4.37595238095238
5795	4.41023809523809
5796	4.66428571428571
5797	4.84238095238095
5798	5.1797619047619
5799	5.35785714285714
5800	5.66095238095238
5801	5.91095238095238
5802	6.02452380952381
5803	6.07190476190476
5804	6.66261904761905
5805	7.22714285714286
5806	7.37833333333333
5807	7.38404761904762
5808	7.57928571428571
5809	7.90523809523809
5810	8.0547619047619
5811	8.61928571428571
5812	8.67809523809523
5813	8.95261904761905
5814	8.91095238095238
5815	8.62166666666667
5816	8.58404761904762
5817	8.50238095238095
5818	8.39452380952381
5819	8.2352380952381
5820	8.08166666666667
5821	8.57190476190476
5822	8.55309523809524
5823	8.70261904761905
5824	8.7597619047619
5825	9.02119047619047
5826	9.6102380952381
5827	9.955
5828	10.2711904761905
5829	10.79
5830	11.0530952380952
5831	11.4583333333333
5832	11.7271428571429
5833	12.1421428571429
5834	12.3219047619048
5835	12.6192857142857
5836	12.6535714285714
5837	12.7009523809524
5838	12.837380952381
5839	13.2997619047619
5840	13.0897619047619
5841	12.7564285714286
5842	13.5121428571429
5843	14.035
5844	14.5595238095238
5845	14.5138095238095
5846	15.0652380952381
5847	14.737619047619
5848	14.8340476190476
5849	14.8397619047619
5850	15.2204761904762
5851	15.5783333333333
5852	16.245
5853	16.45
5854	16.5145238095238
5855	17.0773809523809
5856	17.7366666666667
5857	17.7692857142857
5858	18.6254761904762
5859	18.807619047619
5860	19.3795238095238
5861	20.2733333333333
5862	20.5119047619048
5863	21.0233333333333
5864	21.5633333333333
5865	21.9080952380952
5866	22.5314285714286
5867	23.0371428571429
5868	23.5354761904762
5869	23.7814285714286
5870	24.0183333333333
5871	24.5771428571428
5872	24.7209523809524
5873	24.8590476190476
5874	24.6564285714286
5875	24.4178571428571
5876	24.2397619047619
5877	24.1752380952381
5878	23.5257142857143
5879	23.0861904761905
5880	22.6866666666667
5881	22.4407142857143
5882	22.0085714285714
5883	21.5388095238095
5884	21.3361904761905
5885	21.1466666666667
5886	20.4685714285714
5887	20.1557142857143
5888	19.4678571428571
5889	19.147619047619
5890	18.6835714285714
5891	18.1566666666667
5892	17.4157142857143
5893	16.9835714285714
5894	16.1992857142857
5895	15.8619047619048
5896	15.1159523809524
5897	14.665
5898	14.1592857142857
5899	13.5947619047619
5900	13.077619047619
5901	12.5130952380952
5902	11.6152380952381
5903	11.045
5904	10.3080952380952
5905	9.71738095238095
5906	9.39547619047619
5907	8.63404761904762
5908	8.65690476190476
5909	8.6797619047619
5910	8.70833333333333
5911	9.08904761904762
5912	9.625
5913	10.2842857142857
5914	10.5988095238095
5915	11.1935714285714
5916	11.7295238095238
5917	12.5457142857143
5918	12.9680952380952
5919	13.6878571428571
5920	14.2752380952381
5921	14.9704761904762
5922	15.5669047619048
5923	16.9990476190476
5924	17.4066666666667
5925	18.3004761904762
5926	19.2890476190476
5927	20.0128571428571
5928	21.2252380952381
5929	21.9621428571429
5930	22.6533333333333
5931	23.4033333333333
5932	24.3102380952381
5933	24.2366666666667
5934	24.9107142857143
5935	24.945
5936	25.4392857142857
5937	25.5340476190476
5938	25.6459523809524
5939	25.6916666666667
5940	25.9057142857143
5941	25.8280952380952
5942	25.8395238095238
5943	25.7904761904762
5944	25.7545238095238
5945	25.6123809523809
5946	25.5290476190476
5947	25.1671428571428
5948	24.4645238095238
5949	24.0135714285714
5950	23.6288095238095
5951	23.1247619047619
5952	22.3747619047619
5953	21.8330952380952
5954	21.4507142857143
5955	21.1492857142857
5956	21.402619047619
5957	20.7433333333333
5958	20.2621428571429
5959	19.0023809523809
5960	18.6821428571429
5961	17.7940476190476
5962	17.2711904761905
5963	16.587380952381
5964	15.9069047619048
5965	15.2966666666667
5966	14.5140476190476
5967	13.5385714285714
5968	12.5990476190476
5969	12.0042857142857
5970	11.597380952381
5971	11.4552380952381
5972	10.7411904761905
5973	10.3964285714286
5974	10.0042857142857
5975	9.59904761904762
5976	9.21261904761904
5977	9.11952380952381
5978	9.03785714285714
5979	9.05666666666666
5980	8.50928571428571
5981	7.99047619047619
5982	7.765
5983	7.61142857142857
5984	7.56571428571428
5985	7.35
5986	7.27642857142857
5987	6.98309523809524
5988	6.86952380952381
5989	6.48142857142857
5990	6.21261904761905
5991	5.78690476190476
5992	4.84238095238095
5993	4.51880952380952
5994	4.31285714285714
5995	4.02357142857143
5996	3.87809523809524
5997	3.82904761904762
5998	3.36166666666667
5999	3.22357142857143
6000	2.65809523809524
6001	2.39166666666667
6002	2.1897619047619
6003	2.11452380952381
6004	1.90285714285714
6005	1.86523809523809
6006	1.34642857142857
6007	1.18380952380952
6008	1.00238095238095
6009	0.934523809523809
6010	0.891190476190476
6011	0.914047619047619
6012	0.84047619047619
6013	0.837142857142857
6014	0.644285714285714
6015	0.273333333333333
6016	0.277380952380952
6017	0.275714285714286
6018	0.315714285714286
6019	0.234761904761905
6020	0.153809523809524
