6	0.303308823529412
7	0.389705882352941
8	0.417279411764706
9	0.53125
10	0.688419117647059
11	0.861213235294118
12	0.841911764705882
13	0.940257352941176
14	0.877757352941176
15	0.889705882352941
16	0.827205882352941
17	0.772977941176471
18	0.706801470588235
19	0.777573529411765
20	0.832720588235294
21	0.962316176470588
22	1.03308823529412
23	1.01378676470588
24	0.966911764705883
25	0.990808823529412
26	0.999080882352941
27	0.889705882352941
28	1.03125
29	1
30	0.973345588235294
31	0.985294117647059
32	0.931066176470588
33	1.17830882352941
34	1.11580882352941
35	1.17095588235294
36	1.09283088235294
37	0.940257352941177
38	1.08915441176471
39	1.07352941176471
40	1.08915441176471
41	1.08915441176471
42	1.08547794117647
43	0.678308823529413
44	0.717830882352942
45	0.729779411764706
46	0.631433823529412
47	0.572610294117647
48	0.655330882352942
49	0.565257352941177
50	0.859375
51	0.761948529411764
52	0.934742647058823
53	0.664522058823529
54	0.711397058823529
55	0.750919117647059
56	0.750919117647059
57	0.747242647058823
58	0.762867647058823
59	0.669117647058824
60	0.64154411764706
61	0.669117647058824
62	0.727941176470589
63	0.888786764705883
64	0.829963235294117
65	0.704963235294118
66	0.751838235294118
67	0.748161764705883
68	0.783088235294117
69	0.500919117647059
70	0.43841911764706
71	0.528492647058823
72	0.736213235294117
73	0.826286764705883
74	0.306985294117647
75	0.493566176470588
76	0.576286764705883
77	0.560661764705883
78	0.576286764705883
79	0.704963235294118
80	0.512867647058823
81	0.33639705882353
82	0.356617647058823
83	0.399816176470589
84	0.332720588235294
85	0.171875
86	-0.0790441176470584
87	-0.0128676470588229
88	0.0965073529411771
89	0.209558823529412
90	0.327205882352941
91	0.5625
92	0.558823529411764
93	0.61764705882353
94	0.61029411764706
95	0.622242647058824
96	0.493566176470588
97	0.28216911764706
98	0.180147058823529
99	0.250919117647059
100	0.396139705882353
101	0.349264705882353
102	0.631433823529413
103	0.591911764705883
104	0.545036764705883
105	0.501838235294118
106	0.662683823529413
107	0.980698529411765
108	0.812499999999999
109	0.828125
110	0.949448529411765
111	0.726102941176471
112	0.930147058823529
113	0.65625
114	0.660845588235295
115	0.786764705882353
116	1.02205882352941
117	1.17555147058824
118	1.44209558823529
119	1.27481617647059
120	1.36948529411765
121	1.52297794117647
122	1.34283088235294
123	1.18658088235294
124	1.08088235294118
125	1.23805147058824
126	1.46139705882353
127	1.35202205882353
128	1.27022058823529
129	1.15716911764706
130	1.33363970588235
131	1.12591911764706
132	1.45128676470588
133	1.42003676470588
134	1.34191176470588
135	1.22426470588235
136	1.31433823529412
137	1.58455882352941
138	1.46691176470588
139	1.41636029411765
140	1.47518382352941
141	1.36948529411765
142	1.23621323529412
143	1.21231617647059
144	1.12959558823529
145	1.34558823529412
146	1.27113970588235
147	1.17738970588235
148	1.02849264705882
149	1.16911764705882
150	1.34099264705882
151	1.32169117647059
152	1.02389705882353
153	1.14522058823529
154	0.99264705882353
155	1.28952205882353
156	1.49724264705882
157	1.63051470588235
158	1.70496323529412
159	1.63419117647059
160	1.64613970588235
161	1.76746323529412
162	1.63878676470588
163	1.75183823529412
164	1.61397058823529
165	2.03308823529412
166	1.76286764705882
167	2.01011029411765
168	1.59834558823529
169	1.70036764705882
170	1.82169117647059
171	1.79044117647059
172	1.67647058823529
173	1.55147058823529
174	1.46139705882353
175	1.48161764705882
176	1.54871323529412
177	1.29871323529412
178	1.32628676470588
179	1.09558823529412
180	1.21323529411765
181	1.11488970588235
182	1.17003676470588
183	1.27205882352941
184	1.33088235294118
185	1.42555147058824
186	1.21415441176471
187	1.51194852941177
188	1.12408088235294
189	0.888786764705882
190	0.947610294117646
191	1.14430147058824
192	0.936580882352941
193	0.991727941176471
194	1.05514705882353
195	1.06709558823529
196	0.96966911764706
197	0.730698529411766
198	0.726102941176472
199	0.545955882352941
200	0.499080882352941
201	0.487132352941177
202	0.596507352941176
203	1.015625
204	0.984374999999999
205	0.909007352941177
206	1.01838235294118
207	1.07720588235294
208	1.25735294117647
209	1.21783088235294
210	1.35477941176471
211	1.54595588235294
212	1.63511029411765
213	2.04963235294118
214	2.13511029411765
215	2.35386029411765
216	2.29503676470588
217	2.16176470588235
218	2.15716911764706
219	1.97242647058824
220	1.90533088235294
221	1.42647058823529
222	1.34007352941176
223	1.02205882352941
224	1.24080882352941
225	1.39705882352941
226	1.39246323529412
227	1.30147058823529
228	1.40716911764706
229	1.53216911764706
230	1.421875
231	1.30790441176471
232	1.48345588235294
233	1.40073529411765
234	1.47518382352941
235	1.46691176470588
236	1.72150735294118
237	1.51378676470588
238	1.39981617647059
239	1.27389705882353
240	1.17922794117647
241	1.13602941176471
242	1.01470588235294
243	0.990808823529412
244	1.15992647058824
245	1.14430147058824
246	1.11305147058824
247	0.862132352941177
248	0.768382352941177
249	0.662683823529412
250	0.674632352941177
251	0.698529411764706
252	0.592830882352942
253	0.788602941176471
254	0.831801470588236
255	0.847426470588236
256	0.918198529411764
257	0.835477941176471
258	0.886029411764706
259	0.799632352941177
260	0.842830882352941
261	0.693933823529412
262	0.705882352941177
263	0.560661764705883
264	0.654411764705882
265	0.779411764705882
266	0.755514705882353
267	0.786764705882353
268	0.920036764705882
269	1.02573529411765
270	1.01378676470588
271	1.06066176470588
272	1.00551470588235
273	1.06801470588235
274	0.981617647058824
275	0.954044117647059
276	0.954044117647059
277	0.969669117647059
278	0.973345588235294
279	1.06341911764706
280	1.09834558823529
281	1.17279411764706
282	1.19209558823529
283	1.25459558823529
284	1.171875
285	1.02297794117647
286	0.862132352941176
287	0.670036764705883
288	0.720588235294118
289	0.571691176470588
290	0.524816176470588
291	0.751838235294118
292	0.814338235294118
293	0.838235294117648
294	0.787683823529412
295	0.815257352941177
296	0.728860294117648
297	0.642463235294118
298	0.587316176470588
299	0.661764705882353
300	0.630514705882353
301	0.630514705882353
302	0.646139705882353
303	0.559742647058823
304	0.340073529411765
305	0.21875
306	0.25827205882353
307	0.136948529411765
308	-0.0863970588235294
309	-0.102022058823529
310	-0.0863970588235294
311	-0.105698529411765
312	-0.03125
313	-0.078125
314	-0.0193014705882351
315	-0.0110294117647056
316	-0.0459558823529411
317	-0.112132352941177
318	-0.0413602941176472
319	-0.0450367647058822
320	-0.103860294117647
321	-0.103860294117647
322	-0.0726102941176472
323	-0.0882352941176472
324	-0.170036764705883
325	-0.248161764705882
326	-0.0836397058823524
327	-0.000919117647058876
328	-0.0477941176470589
329	-0.000919117647058876
330	0.0183823529411766
331	0.0772058823529411
332	0.253676470588235
333	0.340073529411765
334	0.340073529411765
335	0.171875
336	0.28952205882353
337	0.360294117647059
338	0.501838235294118
339	0.725183823529412
340	0.733455882352942
341	0.819852941176471
342	1.06709558823529
343	0.883272058823529
344	0.785845588235294
345	0.833639705882354
346	0.673713235294118
347	0.465992647058823
348	0.309742647058823
349	0.262867647058823
350	0.364889705882353
351	0.380514705882353
352	0.423713235294118
353	0.615808823529413
354	0.439338235294118
355	0.525735294117647
356	0.738051470588236
357	0.757352941176471
358	0.828125
359	0.840073529411765
360	0.918198529411765
361	0.808823529411765
362	0.640625
363	0.738970588235295
364	0.809742647058824
365	0.963235294117649
366	0.841911764705882
367	0.822610294117649
368	0.768382352941178
369	0.698529411764706
370	0.910845588235294
371	0.962316176470589
372	1.01746323529412
373	1.06066176470588
374	0.785845588235294
375	0.629595588235294
376	0.825367647058824
377	1.03308823529412
378	0.852941176470588
379	1.10386029411765
380	1.43658088235294
381	1.6360294117647
382	1.9375
383	2.16084558823529
384	1.94117647058824
385	2.03125
386	1.92555147058824
387	1.80790441176471
388	1.96875
389	2.015625
390	2.14889705882353
391	2.35294117647059
392	2.38419117647059
393	2.24724264705882
394	2.41636029411765
395	2.14981617647059
396	2.07536764705882
397	2.15349264705882
398	2.62775735294118
399	3.13327205882353
400	3.05514705882353
401	2.94117647058824
402	3.20404411764706
403	3.23529411764706
404	3.18014705882353
405	3.06985294117647
406	3.17555147058824
407	3.03400735294118
408	3.05330882352941
409	2.70863970588235
410	2.83823529411765
411	2.95955882352941
412	3.11672794117647
413	2.88970588235294
414	3.26194852941177
415	3.15257352941177
416	3.10569852941177
417	3.23897058823529
418	3.52481617647059
419	3.34834558823529
420	3.48897058823529
421	3.26930147058824
422	3.13602941176471
423	3.18658088235294
424	3.26470588235294
425	3.20588235294118
426	3.08823529411765
427	2.91176470588235
428	2.78216911764706
429	2.85661764705882
430	2.52297794117647
431	2.54595588235294
432	2.51838235294118
433	2.44393382352941
434	2.19301470588235
435	2.02481617647059
436	2.07169117647059
437	2.18933823529412
438	2.02849264705882
439	2.11856617647059
440	2.13786764705882
441	2.27481617647059
442	1.97242647058824
443	2.109375
444	1.87408088235294
445	2.08915441176471
446	1.97518382352941
447	1.86121323529412
448	1.97058823529412
449	1.99356617647059
450	1.73069852941177
451	1.890625
452	1.71783088235294
453	1.64705882352941
454	1.67463235294118
455	1.890625
456	1.80055147058824
457	1.91819852941177
458	2.0514705882353
459	1.96139705882353
460	1.93014705882353
461	2.11029411764706
462	2.0827205882353
463	2.24724264705882
464	2.63143382352941
465	2.76838235294118
466	2.82720588235294
467	2.70955882352941
468	2.85845588235294
469	2.83455882352941
470	2.86580882352941
471	2.58731617647059
472	2.4889705882353
473	2.30055147058824
474	2.421875
475	2.359375
476	2.3125
477	2.26194852941176
478	2.22702205882353
479	2.16452205882353
480	2.1608455882353
481	1.97702205882353
482	1.67555147058824
483	1.54227941176471
484	1.45220588235294
485	1.48345588235294
486	1.36580882352941
487	1.13878676470588
488	1.19761029411765
489	1.06066176470588
490	0.794117647058823
491	0.899816176470588
492	0.809742647058823
493	0.676470588235294
494	0.472426470588236
495	0.42922794117647
496	0.240808823529412
497	0.252757352941177
498	0.217830882352942
499	0.127757352941178
500	0.0413602941176472
501	-0.181985294117647
502	-0.330882352941176
503	-0.350183823529412
504	-0.63235294117647
505	-0.64797794117647
506	-0.722426470588235
507	-0.671874999999999
508	-0.871323529411765
509	-0.957720588235294
510	-1.01286764705882
511	-1.14613970588235
512	-1.18566176470588
513	-1.28033088235294
514	-1.29595588235294
515	-1.29227941176471
516	-1.22977941176471
517	-1.12408088235294
518	-0.983455882352941
519	-1.20680147058824
520	-1.12040441176471
521	-1.01838235294118
522	-0.928308823529412
523	-1.03033088235294
524	-1.14797794117647
525	-1.01102941176471
526	-0.936580882352941
527	-0.909007352941177
528	-0.865808823529412
529	-0.791360294117648
530	-0.806985294117647
531	-0.732536764705883
532	-0.673713235294118
533	-0.748161764705882
534	-0.611213235294117
535	-0.701286764705882
536	-0.791360294117648
537	-0.904411764705882
538	-0.841911764705882
539	-0.943933823529412
540	-0.971507352941177
541	-0.943933823529412
542	-0.940257352941177
543	-0.791360294117648
544	-0.603860294117647
545	-0.498161764705882
546	-0.631433823529412
547	-0.490808823529412
548	-0.580882352941177
549	-0.639705882352941
550	-0.514705882352942
551	-0.369485294117647
552	-0.502757352941177
553	-0.542279411764705
554	-0.542279411764705
555	-0.420955882352941
556	-0.327205882352942
557	-0.264705882352941
558	-0.221507352941177
559	-0.202205882352941
560	-0.0689338235294117
561	-0.0220588235294117
562	-0.0652573529411771
563	-0.0303308823529411
564	-0.0735294117647056
565	-0.159926470588235
566	-0.206801470588235
567	-0.371323529411765
568	-0.398897058823529
569	-0.289522058823529
570	-0.407169117647059
571	-0.238970588235294
572	-0.317095588235294
573	-0.129595588235294
574	-0.0395220588235292
575	-0.110294117647059
576	-0.122242647058824
577	0.0266544117647061
578	0.171875
579	0.069852941176471
580	-0.0514705882352939
581	-0.0238970588235292
582	-0.0863970588235294
583	-0.180147058823529
584	-0.238970588235294
585	-0.317095588235294
586	-0.289522058823529
587	-0.571691176470588
588	-0.450367647058824
589	-0.630514705882353
590	-0.736213235294118
591	-0.693014705882353
592	-0.826286764705882
593	-0.814338235294118
594	-0.829963235294118
595	-0.833639705882353
596	-0.896139705882353
597	-0.884191176470588
598	-0.899816176470588
599	-0.989889705882353
600	-0.911764705882353
601	-0.911764705882353
602	-0.864889705882353
603	-0.861213235294118
604	-0.771139705882353
605	-0.849264705882353
606	-0.790441176470588
607	-0.700367647058824
608	-0.316176470588235
609	-0.359375
610	-0.375
611	-0.284926470588235
612	-0.198529411764706
613	-0.402573529411765
614	-0.645220588235294
615	-0.570772058823529
616	-0.496323529411765
617	-0.511948529411765
618	-0.496323529411765
619	-0.347426470588235
620	-0.390625
621	-0.22610294117647
622	-0.300551470588236
623	-0.191176470588235
624	-0.328125
625	-0.241727941176471
626	-0.0496323529411766
627	0.154411764705883
628	0.0101102941176476
629	0.0689338235294121
630	0.0689338235294121
631	0.0533088235294117
632	0.112132352941176
633	0.198529411764706
634	0.316176470588235
635	0.328125
636	0.25
637	0.277573529411765
638	0.25827205882353
639	0.27389705882353
640	-0.0238970588235294
641	0.0193014705882346
642	-0.086397058823529
643	-0.164522058823529
644	-0.133272058823529
645	-0.0349264705882351
646	-0.00367647058823506
647	-0.175551470588236
648	-0.371323529411765
649	-0.284926470588235
650	-0.0854779411764706
651	-0.35110294117647
652	-0.34283088235294
653	-0.522977941176471
654	-0.534926470588235
655	-0.640625
656	-0.675551470588236
657	-0.765625
658	-0.886948529411765
659	-1.11397058823529
660	-1.12591911764706
661	-1.14981617647059
662	-1.19301470588235
663	-1.31433823529412
664	-1.11488970588235
665	-1.35018382352941
666	-1.33823529411765
667	-1.36948529411765
668	-1.32996323529412
669	-1.20036764705882
670	-1.27849264705882
671	-1.46599264705882
672	-1.30147058823529
673	-1.33272058823529
674	-1.23069852941176
675	-1.26194852941176
676	-1.234375
677	-1.22242647058824
678	-1.22610294117647
679	-1.21047794117647
680	-1.22977941176471
681	-1.328125
682	-1.390625
683	-1.04227941176471
684	-0.874080882352941
685	-0.842830882352941
686	-0.815257352941176
687	-0.525735294117648
688	-0.490808823529412
689	-0.443933823529412
690	-0.541360294117647
691	-0.525735294117648
692	-0.435661764705882
693	-0.475183823529412
694	-0.314338235294118
695	-0.161764705882353
696	-0.224264705882353
697	-0.271139705882353
698	-0.259191176470587
699	-0.404411764705883
700	-0.302389705882353
701	-0.345588235294118
702	-0.349264705882353
703	-0.212316176470588
704	-0.373161764705882
705	-0.295036764705882
706	-0.463235294117648
707	-0.338235294117647
708	-0.494485294117647
709	-0.333639705882353
710	-0.415441176470588
711	-0.258272058823529
712	-0.649816176470588
713	-0.696691176470588
714	-0.727941176470588
715	-0.837316176470588
716	-0.849264705882353
717	-0.923713235294118
718	-1.06066176470588
719	-0.974264705882353
720	-1.15441176470588
721	-1.15808823529412
722	-1.24816176470588
723	-1.20496323529412
724	-1.21691176470588
725	-1.20496323529412
726	-1.20128676470588
727	-1.14246323529412
728	-1.26746323529412
729	-1.36121323529412
730	-1.34191176470588
731	-1.49448529411765
732	-1.45128676470588
733	-1.50551470588235
734	-1.56066176470588
735	-1.50551470588235
736	-1.60753676470588
737	-1.77941176470588
738	-1.65441176470588
739	-1.70863970588235
740	-1.62224264705882
741	-1.97886029411765
742	-2.03768382352941
743	-2.01838235294118
744	-1.98713235294118
745	-2.21875
746	-1.99540441176471
747	-2.25827205882353
748	-2.05147058823529
749	-2.12591911764706
750	-1.98897058823529
751	-1.98897058823529
752	-1.92647058823529
753	-1.89889705882353
754	-1.86397058823529
755	-2.29871323529412
756	-2.40073529411765
757	-2.57261029411765
758	-2.58823529411765
759	-2.50183823529412
760	-2.54871323529412
761	-2.57628676470588
762	-2.51746323529412
763	-2.54871323529412
764	-2.52573529411765
765	-2.45863970588235
766	-2.53676470588235
767	-2.60294117647059
768	-2.52849264705882
769	-2.50183823529412
770	-2.73253676470588
771	-2.99908088235294
772	-3.10477941176471
773	-3.00275735294118
774	-3.01470588235294
775	-3.12040441176471
776	-3.15992647058824
777	-3.11305147058824
778	-3.16819852941176
779	-3.16819852941176
780	-3.16452205882353
781	-3.11764705882353
782	-3.20036764705882
783	-3.13786764705882
784	-3.13786764705882
785	-2.92279411764706
786	-2.82904411764706
787	-2.77849264705882
788	-2.74724264705882
789	-2.78676470588235
790	-2.76746323529412
791	-2.68198529411765
792	-2.69761029411765
793	-2.43198529411765
794	-2.42830882352941
795	-2.31893382352941
796	-2.36213235294118
797	-2.27205882352941
798	-2.20588235294118
799	-2.28860294117647
800	-2.28860294117647
801	-2.21875
802	-2.09375
803	-1.94944852941176
804	-2.05147058823529
805	-2.07904411764706
806	-1.90716911764706
807	-1.76286764705882
808	-1.69669117647059
811	-1.17738970588235
812	-1.09926470588235
813	-0.931066176470588
814	-0.896139705882353
815	-0.833639705882353
816	-0.724264705882353
824	-0.552389705882353
825	-0.583639705882353
826	-0.540441176470588
827	-0.540441176470588
828	-0.403492647058823
829	-0.387867647058823
830	-0.372242647058823
831	-0.372242647058823
832	-0.340992647058824
833	-0.458639705882353
834	-0.356617647058823
835	-0.340992647058824
836	-0.294117647058823
837	-0.278492647058824
838	-0.337316176470588
839	-0.290441176470588
840	-0.259191176470588
841	-0.243566176470588
842	-0.153492647058824
843	-0.259191176470588
844	-0.302389705882353
845	-0.243566176470588
846	-0.290441176470588
847	-0.337316176470588
848	-0.262867647058824
849	-0.321691176470588
850	-0.352941176470588
851	-0.384191176470588
852	-0.325367647058823
853	-0.223345588235294
854	-0.121323529411765
855	-0.0625
856	-0.0468750000000002
857	-0.015625
858	0.0744485294117648
859	0.121323529411765
860	0.0900735294117648
861	0.105698529411765
862	0.121323529411765
863	0.136948529411765
864	0.0625
865	0.0625
866	0.195772058823529
867	0.227022058823529
868	0.258272058823529
869	0.305147058823529
870	0.21875
871	0.25
872	0.371323529411765
873	0.386948529411765
874	0.34375
875	0.269301470588235
876	0.300551470588235
877	0.316176470588235
878	0.284926470588235
879	0.331801470588235
880	0.272977941176471
881	0.214154411764706
882	0.261029411764706
883	0.307904411764706
884	0.339154411764706
885	0.339154411764706
886	0.327205882352941
887	0.315257352941177
888	0.197610294117647
946	-0.474264705882353
947	-0.568014705882353
949	-0.630514705882353
950	-0.693014705882353
955	-0.880514705882353
956	-0.719669117647059
957	-0.660845588235294
958	-0.692095588235294
959	-0.723345588235294
960	-0.648897058823529
961	-0.664522058823529
962	-0.829044117647059
963	-0.875919117647059
964	-0.950367647058823
965	-0.981617647058823
966	-1.02849264705882
967	-1.02849264705882
968	-0.997242647058824
969	-0.965992647058823
970	-0.973345588235294
971	-0.88327205882353
972	-0.88327205882353
973	-0.88327205882353
974	-0.957720588235294
975	-0.977022058823529
976	-0.96139705882353
977	-0.992647058823529
978	-1.02389705882353
979	-1.08272058823529
980	-1.09834558823529
981	-1.03584558823529
982	-0.930147058823529
983	-0.852022058823529
984	-0.808823529411765
985	-0.82077205882353
986	-0.727022058823529
987	-0.680147058823529
988	-0.668198529411765
989	-0.699448529411765
990	-0.715073529411765
991	-0.699448529411765
992	-0.934742647058823
993	-0.934742647058823
994	-0.872242647058824
995	-0.872242647058824
996	-0.844669117647059
997	-0.785845588235294
998	-0.785845588235294
999	-0.801470588235294
1000	-0.817095588235294
1001	-0.832720588235294
1002	-0.860294117647059
1003	-0.860294117647059
1004	-0.817095588235294
1005	-0.801470588235294
1006	-0.692095588235294
1007	-0.782169117647059
1008	-0.797794117647059
1009	-0.782169117647059
1010	-0.692095588235294
1011	-0.555147058823529
1012	-0.523897058823529
1013	-0.567095588235294
1014	-0.551470588235294
1015	-0.551470588235294
1016	-0.457720588235294
1017	-0.41452205882353
1018	-0.594669117647059
1019	-0.610294117647059
1020	-0.759191176470588
1021	-0.790441176470588
1022	-0.837316176470588
1023	-0.911764705882353
1024	-0.880514705882353
1025	-0.731617647058823
1026	-0.672794117647059
1027	-0.598345588235294
1028	-0.523897058823529
1029	-0.539522058823529
1030	-0.539522058823529
1031	-0.523897058823529
1032	-0.582720588235294
1033	-0.641544117647059
1034	-0.535845588235294
1035	-0.504595588235294
1036	-0.473345588235294
1037	-0.426470588235294
1038	-0.485294117647059
1039	-0.485294117647059
1040	-0.528492647058823
1041	-0.556066176470588
1042	-0.630514705882353
1045	-0.661764705882353
1046	-0.634191176470588
1047	-0.693014705882353
1048	-0.708639705882353
1171	-0.380514705882353
1172	-0.396139705882353
1173	-0.443014705882353
1174	-0.474264705882353
1175	-0.505514705882353
1176	-0.568014705882353
1177	-0.450367647058823
1178	-0.481617647058823
1179	-0.422794117647059
1180	-0.422794117647059
1181	-0.438419117647059
1182	-0.422794117647059
1183	-0.454044117647059
1184	-0.352022058823529
1185	-0.445772058823529
1186	-0.457720588235294
1187	-0.488970588235294
1188	-0.488970588235294
1189	-0.535845588235294
1190	-0.402573529411765
1191	-0.402573529411765
1192	-0.477022058823529
1193	-0.480698529411765
1194	-0.480698529411765
1195	-0.449448529411765
1196	-0.496323529411765
1197	-0.629595588235294
1198	-0.657169117647059
1199	-0.625919117647059
1200	-0.657169117647059
1201	-0.704044117647059
1202	-0.719669117647059
1203	-0.719669117647059
1204	-0.794117647058824
1205	-0.669117647058824
1206	-0.590992647058824
1207	-0.681066176470588
1208	-0.681066176470588
1211	-0.708639705882353
1212	-0.693014705882353
1213	-0.693014705882353
1214	-0.677389705882353
1217	-0.708639705882353
1218	-0.724264705882353
1219	-0.677389705882353
1240	-0.599264705882353
1241	-0.614889705882353
1242	-0.630514705882353
1243	-0.556066176470588
1244	-0.646139705882353
1245	-0.646139705882353
1246	-0.630514705882353
1254	-0.521139705882353
1255	-0.462316176470588
1256	-0.477941176470588
1257	-0.462316176470588
1258	-0.235294117647059
1259	-0.266544117647059
1260	-0.176470588235294
1261	-0.0983455882352942
1262	-0.157169117647059
1263	-0.141544117647059
1264	-0.125919117647059
1265	-0.274816176470588
1266	-0.227941176470588
1267	-0.196691176470588
1268	-0.165441176470588
1269	-0.149816176470588
1270	-0.208639705882353
1271	-0.224264705882353
1395	-0.458639705882353
1396	-0.489889705882353
1397	-0.489889705882353
1398	-0.477941176470588
1399	-0.493566176470588
1400	-0.493566176470588
1401	-0.509191176470588
1402	-0.509191176470588
1403	-0.462316176470588
1404	-0.524816176470588
1405	-0.571691176470588
1406	-0.587316176470588
1407	-0.618566176470588
1444	-0.614889705882353
1445	-0.536764705882353
1446	-0.474264705882353
1447	-0.427389705882353
1448	-0.380514705882353
1449	-0.427389705882353
1450	-0.458639705882353
1451	-0.505514705882353
1452	-0.372242647058823
1453	-0.309742647058823
1454	-0.384191176470588
1455	-0.431066176470588
1456	-0.446691176470588
1457	-0.446691176470588
1458	-0.493566176470588
1459	-0.493566176470588
1460	-0.509191176470588
1461	-0.509191176470588
1462	-0.583639705882353
1463	-0.630514705882353
1464	-0.571691176470588
1465	-0.556066176470588
1466	-0.571691176470588
1467	-0.552389705882353
1470	-0.505514705882353
1611	-0.458639705882353
1612	-0.521139705882353
1613	-0.583639705882353
1614	-0.646139705882353
1615	-0.677389705882353
1651	-0.755514705882353
1652	-0.708639705882353
1653	-0.661764705882353
1654	-0.693014705882353
1655	-0.630514705882353
1656	-0.614889705882353
1657	-0.602941176470588
1658	-0.646139705882353
1659	-0.646139705882353
1660	-0.630514705882353
1661	-0.630514705882353
1662	-0.693014705882353
1664	-0.493566176470588
1665	-0.556066176470588
1666	-0.571691176470588
1667	-0.646139705882353
1668	-0.614889705882353
1669	-0.568014705882353
1670	-0.536764705882353
1671	-0.536764705882353
1672	-0.552389705882353
1673	-0.505514705882353
1674	-0.415441176470588
1675	-0.458639705882353
1676	-0.458639705882353
1677	-0.411764705882353
1875	-0.974264705882353
1876	-0.958639705882353
1877	-1.00551470588235
1878	-1.02113970588235
1879	-1.05238970588235
1880	-1.03676470588235
1881	-1.00551470588235
2116	-1.14981617647059
2117	-1.12224264705882
2118	-1.02022058823529
2119	-0.988970588235294
2120	-0.914522058823529
2121	-0.94577205882353
2122	-0.96139705882353
2123	-0.914522058823529
2124	-0.867647058823529
2125	-0.832720588235294
2126	-0.817095588235294
2127	-0.738970588235294
2128	-0.770220588235294
2129	-0.723345588235294
2130	-0.629595588235294
2131	-0.613970588235294
2132	-0.657169117647059
2133	-0.582720588235294
2134	-0.508272058823529
2135	-0.445772058823529
2136	-0.41452205882353
2137	-0.352022058823529
2138	-0.352022058823529
2139	-0.273897058823529
2140	-0.305147058823529
2141	-0.211397058823529
2142	-0.16452205882353
2143	-0.266544117647059
2144	-0.309742647058823
2145	-0.278492647058824
2146	-0.306066176470588
2468	-0.536764705882353
2476	-0.693014705882353
2477	-0.618566176470588
2478	-0.649816176470588
2479	-0.622242647058823
2480	-0.594669117647059
2481	-0.774816176470588
2482	-0.790441176470588
2483	-0.837316176470588
2484	-0.868566176470588
2485	-0.821691176470588
2486	-0.806066176470588
2487	-0.852941176470588
2488	-0.821691176470588
2489	-0.896139705882353
2490	-0.896139705882353
2491	-0.927389705882353
2492	-0.927389705882353
2493	-0.864889705882353
2498	-0.833639705882353
2499	-0.802389705882353
2500	-0.755514705882353
2501	-0.739889705882353
2502	-0.786764705882353
2503	-0.802389705882353
2562	0.0257352941176471
2563	0.0689338235294119
2564	0.159007352941177
2565	0.0689338235294119
2566	0.0101102941176471
2567	-0.00551470588235292
2568	0.0569852941176471
2569	0.0569852941176471
2570	0.0569852941176471
2571	0.0413602941176471
2572	0.0882352941176471
2573	0.103860294117647
2574	0.131433823529412
2575	0.115808823529412
2576	0.131433823529412
2577	0.159007352941177
2578	0.159007352941177
2579	0.217830882352941
2580	0.217830882352941
2581	0.233455882352941
2582	0.264705882352941
2583	0.252757352941177
2584	0.178308823529412
2585	0.119485294117647
2586	0.135110294117647
2587	0.166360294117647
2588	0.181985294117647
2589	0.166360294117647
2590	0.181985294117647
2688	-0.146139705882353
2689	-0.0873161764705882
2690	-0.114889705882353
2691	-0.099264705882353
2692	-0.0680147058823529
3607	0.0257352941176471
3608	0.0257352941176471
3609	0.0257352941176471
3613	0.0376838235294119
3614	0.0533088235294119
3615	-0.0367647058823529
3616	-0.00551470588235292
3620	-0.00919117647058809
3621	-0.0248161764705881
3622	-0.0560661764705881
3623	-0.0873161764705882
3624	-0.134191176470588
3625	-0.243566176470588
3626	-0.384191176470588
3627	-0.415441176470588
3628	-0.415441176470588
3632	-0.618566176470588
3633	-0.693014705882353
3634	-0.708639705882353
3635	-0.727941176470588
3636	-0.625919117647059
3637	-0.715992647058823
3638	-0.731617647058823
3639	-0.806066176470588
3640	-0.735294117647059
3641	-0.782169117647059
3642	-0.766544117647059
3643	-0.797794117647059
3644	-0.754595588235294
3645	-0.758272058823529
3646	-0.742647058823529
3647	-0.789522058823529
3648	-0.83639705882353
3649	-0.879595588235294
3650	-0.895220588235294
3651	-0.863970588235294
3652	-0.969669117647059
3653	-0.985294117647059
3654	-0.954044117647059
3655	-0.957720588235294
3656	-1.07536764705882
3657	-1.12224264705882
3658	-1.15349264705882
3659	-1.12591911764706
3660	-1.13786764705882
3661	-1.02849264705882
3662	-0.891544117647059
3663	-0.817095588235294
3664	-0.805147058823529
3665	-0.82077205882353
3666	-0.867647058823529
3667	-0.988970588235294
3668	-1.07904411764706
3669	-1.11029411764706
3670	-1.09834558823529
3671	-1.11397058823529
3672	-1.29411764705882
3673	-1.40349264705882
3674	-1.40716911764706
3675	-1.46966911764706
3676	-1.57169117647059
3677	-1.58731617647059
3678	-1.60294117647059
3679	-1.60294117647059
3680	-1.60294117647059
3681	-1.64613970588235
3682	-1.72426470588235
3683	-1.73988970588235
3684	-1.81801470588235
3685	-1.80238970588235
3686	-1.72794117647059
3687	-1.72794117647059
3688	-1.72794117647059
3689	-1.57904411764706
3690	-1.59466911764706
3691	-1.57904411764706
3692	-1.48897058823529
3693	-1.41084558823529
3694	-1.27389705882353
3695	-1.21139705882353
3696	-1.34466911764706
3697	-1.37591911764706
3698	-1.31341911764706
3699	-1.29779411764706
3700	-1.25091911764706
3701	-1.15716911764706
3702	-1.03216911764706
3703	-0.907169117647059
3704	-0.829044117647059
3705	-0.797794117647059
3706	-0.856617647058823
3707	-0.809742647058823
3708	-0.790441176470588
3709	-0.677389705882353
3712	-0.489889705882353
3713	-0.458639705882353
3714	-0.458639705882353
3715	-0.427389705882353
3716	-0.443014705882353
3717	-0.474264705882353
3718	-0.380514705882353
3719	-0.349264705882353
3720	-0.224264705882353
3721	-0.208639705882353
3950	-0.911764705882353
3951	-0.911764705882353
3952	-0.872242647058824
3953	-0.934742647058823
3954	-0.938419117647059
3955	-1.09466911764706
3956	-1.12591911764706
3957	-1.15716911764706
3958	-1.14522058823529
3959	-1.11397058823529
3960	-1.14522058823529
3961	-1.17647058823529
3962	-1.36029411764706
3963	-1.40716911764706
3964	-1.43474264705882
3965	-1.34466911764706
3966	-1.34466911764706
3967	-1.32904411764706
3968	-1.29779411764706
3969	-1.32904411764706
3970	-1.23897058823529
3971	-1.28584558823529
3972	-1.30147058823529
3973	-1.28584558823529
3974	-1.25459558823529
3975	-1.21139705882353
3976	-1.14889705882353
3977	-1.19577205882353
3978	-1.30882352941176
3979	-1.34007352941176
3980	-1.29319852941176
3981	-1.30514705882353
3982	-1.33272058823529
3983	-1.36397058823529
3984	-1.42279411764706
3985	-1.34466911764706
3986	-1.41544117647059
3987	-1.43106617647059
3988	-1.30974264705882
3989	-1.27849264705882
3990	-1.30606617647059
3991	-1.19669117647059
3992	-1.14154411764706
3993	-1.06709558823529
3994	-1.03584558823529
3995	-0.992647058823529
3996	-1.00827205882353
3997	-0.977022058823529
3998	-0.879595588235294
3999	-0.817095588235294
4000	-0.805147058823529
4001	-0.879595588235294
4002	-0.879595588235294
4003	-0.914522058823529
4004	-0.992647058823529
4005	-0.992647058823529
4006	-0.96139705882353
4007	-0.930147058823529
4008	-0.988970588235294
4009	-1.00459558823529
4010	-1.02022058823529
4011	-1.01654411764706
4012	-1.04411764705882
4013	-0.997242647058824
4014	-0.868566176470588
4015	-0.806066176470588
4016	-0.806066176470588
4017	-0.790441176470588
4018	-0.774816176470588
4019	-0.712316176470588
4020	-0.739889705882353
4021	-0.755514705882353
4022	-0.708639705882353
4023	-0.630514705882353
4569	-0.552389705882353
4571	-0.583639705882353
4572	-0.646139705882353
4573	-0.677389705882353
4574	-0.708639705882353
4575	-0.739889705882353
4616	-0.661764705882353
4629	-0.646139705882353
4630	-0.661764705882353
4631	-0.681066176470588
4632	-0.681066176470588
4633	-0.712316176470588
4634	-0.696691176470588
4635	-0.774816176470588
4636	-0.684742647058823
4637	-0.669117647058824
4638	-0.653492647058823
4639	-0.637867647058823
4640	-0.669117647058824
4641	-0.802389705882353
4642	-0.727941176470588
4643	-0.727941176470588
4644	-0.727941176470588
4645	-0.755514705882353
4646	-0.802389705882353
4647	-0.864889705882353
4648	-0.864889705882353
4649	-0.896139705882353
4650	-0.880514705882353
4651	-0.774816176470588
4652	-0.657169117647059
4653	-0.657169117647059
4654	-0.688419117647059
4655	-0.688419117647059
4656	-0.735294117647059
4657	-0.809742647058823
4658	-0.747242647058823
4659	-0.731617647058823
4660	-0.563419117647059
4661	-0.653492647058823
4662	-0.696691176470588
4663	-0.681066176470588
4664	-0.590992647058824
4665	-0.559742647058823
4666	-0.559742647058823
4667	-0.540441176470588
4668	-0.497242647058823
4669	-0.438419117647059
4670	-0.426470588235294
4671	-0.363970588235294
4672	-0.407169117647059
4673	-0.481617647058823
4674	-0.481617647058823
4675	-0.465992647058823
4676	-0.450367647058823
4677	-0.434742647058823
4678	-0.462316176470588
4679	-0.477941176470588
4680	-0.431066176470588
4681	-0.387867647058823
4682	-0.415441176470588
4683	-0.384191176470588
4936	-1.13419117647059
4937	-1.13419117647059
4938	-1.13786764705882
4939	-1.15349264705882
4940	-1.20404411764706
4941	-1.23529411764706
4942	-1.16084558823529
4943	-1.17647058823529
4944	-1.19209558823529
4945	-1.17647058823529
4946	-1.20772058823529
4947	-1.16452205882353
4948	-1.18014705882353
4949	-1.18014705882353
4950	-1.08639705882353
4951	-1.08639705882353
4952	-1.03584558823529
4953	-1.09466911764706
4954	-1.06341911764706
4955	-1.06341911764706
4956	-1.03216911764706
4957	-0.985294117647059
4958	-0.969669117647059
4959	-0.94577205882353
4960	-0.992647058823529
4961	-0.94577205882353
4962	-0.88327205882353
4963	-0.808823529411765
4964	-0.746323529411764
4965	-0.785845588235294
4966	-0.782169117647059
4967	-0.750919117647059
4968	-0.794117647058824
4969	-0.806066176470588
4970	-0.818014705882353
4971	-0.739889705882353
5063	-0.552389705882353
5064	-0.552389705882353
5065	-0.509191176470588
5066	-0.509191176470588
5067	-0.571691176470588
5068	-0.618566176470588
5069	-0.587316176470588
5070	-0.524816176470588
5071	-0.493566176470588
5072	-0.509191176470588
5073	-0.524816176470588
5074	-0.450367647058823
5075	-0.497242647058823
5076	-0.587316176470588
5077	-0.540441176470588
5078	-0.540441176470588
5079	-0.568014705882353
5080	-0.524816176470588
5081	-0.556066176470588
5082	-0.646139705882353
5083	-0.630514705882353
5084	-0.646139705882353
5085	-0.630514705882353
5086	-0.646139705882353
5087	-0.571691176470588
5088	-0.587316176470588
5089	-0.661764705882353
5090	-0.724264705882353
5091	-0.755514705882353
5093	-0.649816176470588
5251	-0.271139705882353
5252	-0.227941176470588
5253	-0.259191176470588
5254	-0.294117647058823
5255	-0.180147058823529
5256	-0.285845588235294
5257	-0.348345588235294
5258	-0.485294117647059
5259	-0.532169117647059
5260	-0.520220588235294
5261	-0.477022058823529
5262	-0.375
5263	-0.453125
5264	-0.453125
5265	-0.46875
5266	-0.636948529411765
5267	-0.605698529411765
5268	-0.636948529411765
5269	-0.715073529411765
5270	-0.801470588235294
5271	-0.770220588235294
5272	-0.727022058823529
5273	-0.773897058823529
5274	-0.879595588235294
5275	-0.926470588235294
5276	-0.83639705882353
5277	-0.88327205882353
5278	-0.867647058823529
5279	-0.82077205882353
5280	-0.907169117647059
5281	-0.907169117647059
5282	-0.848345588235294
5283	-0.860294117647059
5284	-0.860294117647059
5285	-0.817095588235294
5286	-0.785845588235294
5287	-0.919117647058823
5288	-0.977941176470588
5289	-0.946691176470588
5290	-0.943014705882353
5311	-0.739889705882353
5313	-0.708639705882353
5314	-0.739889705882353
5315	-0.739889705882353
5316	-0.786764705882353
5317	-0.802389705882353
5318	-0.786764705882353
5319	-0.833639705882353
5320	-0.759191176470588
5321	-0.818014705882353
5322	-0.849264705882353
5323	-0.790441176470588
5324	-0.821691176470588
5325	-0.837316176470588
5326	-0.794117647058824
5327	-0.750919117647059
5328	-0.676470588235294
5329	-0.692095588235294
5330	-0.648897058823529
5331	-0.723345588235294
5332	-0.58639705882353
5333	-0.664522058823529
5334	-0.648897058823529
5335	-0.648897058823529
5336	-0.574448529411765
5337	-0.602022058823529
5338	-0.648897058823529
5339	-0.664522058823529
5340	-0.664522058823529
5341	-0.738970588235294
5342	-0.723345588235294
5343	-0.738970588235294
5344	-0.754595588235294
5345	-0.860294117647059
5346	-0.829044117647059
5347	-0.903492647058823
5348	-0.919117647058823
5349	-0.977941176470588
5350	-0.946691176470588
5351	-0.962316176470588
5352	-0.899816176470588
5353	-0.931066176470588
5354	-0.931066176470588
5355	-0.915441176470588
5356	-1.13051470588235
5357	-1.17738970588235
5358	-1.22426470588235
5360	-1.30238970588235
5361	-1.30238970588235
5362	-1.29044117647059
5363	-1.41176470588235
5365	-1.44301470588235
5366	-1.26654411764706
5367	-1.25091911764706
5368	-1.34466911764706
5369	-1.22334558823529
5370	-1.22334558823529
5371	-1.27022058823529
5372	-1.39154411764706
5373	-1.42279411764706
5374	-1.45404411764706
5375	-1.48529411764706
5376	-1.51654411764706
5377	-1.56341911764706
5378	-1.59466911764706
5379	-1.57904411764706
5380	-1.47334558823529
5381	-1.50091911764706
5382	-1.46966911764706
5383	-1.48529411764706
5384	-1.54779411764706
5385	-1.53584558823529
5386	-1.58272058823529
5387	-1.69209558823529
5388	-1.72334558823529
5389	-1.69209558823529
5390	-1.67647058823529
5391	-1.70772058823529
5392	-1.68841911764706
5393	-1.73529411764706
5394	-1.79411764705882
5395	-1.76286764705882
5396	-1.82169117647059
5397	-1.92738970588235
5435	-1.64613970588235
5436	-1.60294117647059
5437	-1.57536764705882
5438	-1.56709558823529
5439	-1.57077205882353
5440	-1.70772058823529
5441	-1.80147058823529
5442	-1.78584558823529
5443	-1.68014705882353
5444	-1.71139705882353
5445	-1.59375
5446	-1.5625
5447	-1.578125
5448	-1.59375
5449	-1.58180147058824
5450	-1.45680147058824
5451	-1.39797794117647
5452	-1.38235294117647
5453	-1.29227941176471
5454	-1.31985294117647
5455	-1.41360294117647
5456	-1.39797794117647
5457	-1.41360294117647
5458	-1.18658088235294
5459	-1.07720588235294
5460	-1.07720588235294
5461	-1.10477941176471
5462	-1.04227941176471
5463	-1.05790441176471
5464	-1.02665441176471
5465	-1.12040441176471
5466	-1.17555147058824
5467	-1.14430147058824
5468	-1.1875
5469	-1.29319852941176
5470	-1.17555147058824
5471	-1.14430147058824
5472	-1.09742647058824
5473	-1.09742647058824
5474	-1.04319852941176
5475	-1.14522058823529
5476	-1.08272058823529
5477	-1.06341911764706
5478	-1.14154411764706
5479	-1.23161764705882
5480	-1.24356617647059
5481	-1.23988970588235
5482	-1.20863970588235
5483	-1.19301470588235
5484	-1.23988970588235
5545	-0.943014705882353
5546	-0.927389705882353
5547	-0.943014705882353
5548	-1.03676470588235
5549	-1.08363970588235
5550	-1.09926470588235
5551	-1.04044117647059
5552	-1.07169117647059
5553	-1.08731617647059
5554	-1.14981617647059
5555	-1.27481617647059
5556	-1.29411764705882
5557	-1.25091911764706
5558	-1.20772058823529
5559	-1.25459558823529
5560	-1.40716911764706
5561	-1.63419117647059
5562	-1.52481617647059
5563	-1.48161764705882
5564	-1.41911764705882
5565	-1.57169117647059
5566	-1.38786764705882
5567	-1.39981617647059
5568	-1.32536764705882
5569	-1.26654411764706
5570	-1.29779411764706
5571	-1.25827205882353
5572	-1.21139705882353
5573	-1.21139705882353
5574	-1.30147058823529
5575	-1.19577205882353
5576	-1.27022058823529
5577	-1.28584558823529
5578	-1.32904411764706
5579	-1.29779411764706
5580	-1.28216911764706
5581	-1.29411764705882
5582	-1.35661764705882
5583	-1.30147058823529
5584	-1.20772058823529
5585	-1.17647058823529
5586	-1.17647058823529
5587	-1.16084558823529
5588	-1.25091911764706
5589	-1.34099264705882
5590	-1.34099264705882
5591	-1.24724264705882
5592	-1.18474264705882
5593	-1.12224264705882
5594	-1.25919117647059
5595	-1.21231617647059
5596	-1.16544117647059
5597	-1.08731617647059
5598	-1.19301470588235
5601	-1.17738970588235
5696	-1.16176470588235
5697	-1.16176470588235
5698	-1.16176470588235
5699	-1.14981617647059
5700	-1.06341911764706
5701	-1.15716911764706
5702	-1.14154411764706
5703	-1.11029411764706
5704	-1.12224264705882
5705	-1.04779411764706
5706	-0.886948529411765
5707	-0.949448529411765
5708	-0.902573529411765
5709	-0.918198529411765
5710	-0.871323529411764
5711	-0.88327205882353
5712	-0.988970588235294
5713	-1.02022058823529
5714	-1.09466911764706
5715	-1.00459558823529
5716	-1.05147058823529
5717	-0.828125
5718	-0.632352941176471
5719	-0.769301470588235
5720	-0.443933823529412
5721	-0.365808823529412
5722	-0.440257352941176
5723	-0.455882352941176
5724	-0.440257352941176
5725	-0.499080882352941
5726	-0.499080882352941
5727	-0.499080882352941
5728	-0.499080882352941
5729	-0.365808823529412
5730	-0.350183823529412
5731	-0.365808823529412
5732	-0.346507352941176
5733	-0.350183823529412
5734	-0.334558823529411
5735	-0.330882352941176
5736	-0.417279411764706
5737	-0.237132352941176
5738	-0.280330882352941
5739	-0.311580882352941
5740	-0.327205882352941
5741	-0.354779411764706
5742	-0.503676470588235
5743	-0.425551470588235
5744	-0.36672794117647
5745	-0.409926470588235
5746	-0.36672794117647
5747	-0.351102941176471
5748	-0.319852941176471
5749	-0.261029411764706
5750	-0.261029411764706
5751	-0.276654411764706
5752	-0.508272058823529
5753	-0.669117647058824
5754	-0.771139705882353
5755	-0.724264705882353
5756	-0.771139705882353
5757	-0.786764705882353
5758	-0.802389705882353
5759	-0.833639705882353
5760	-0.818014705882353
5772	-0.911764705882353
5773	-0.868566176470588
5774	-0.931066176470588
5775	-0.856617647058823
5776	-0.981617647058823
5777	-1.03216911764706
5778	-0.988970588235294
5779	-1.11397058823529
5780	-1.20772058823529
5781	-1.36029411764706
5782	-1.42279411764706
5783	-1.54411764705882
5784	-1.54411764705882
5785	-1.55974264705882
5786	-1.54779411764706
5787	-1.50091911764706
5788	-1.51654411764706
5789	-1.53216911764706
5790	-1.53216911764706
5791	-1.48529411764706
5792	-1.32077205882353
5793	-1.33639705882353
5794	-1.32077205882353
5795	-1.30514705882353
5796	-1.28125
5797	-1.37132352941176
5798	-1.41819852941176
5799	-1.39430147058824
5800	-1.49172794117647
5801	-1.46415441176471
5802	-1.47977941176471
5803	-1.52297794117647
5804	-1.70680147058824
5805	-1.94944852941176
5806	-2.05882352941176
5807	-2.03952205882353
5808	-1.97702205882353
5809	-2.03952205882353
5810	-2.07077205882353
5811	-2.08639705882353
5812	-2.03952205882353
5813	-1.96139705882353
5814	-1.91452205882353
5815	-1.85202205882353
5816	-1.92647058823529
5817	-1.83639705882353
5818	-1.93014705882353
5819	-1.796875
5820	-1.828125
5821	-1.875
5822	-1.76930147058824
5823	-1.87867647058824
5824	-1.95680147058824
5825	-1.97242647058824
5826	-2.11305147058823
5827	-2.23805147058824
5828	-2.41819852941176
5829	-2.28492647058824
5830	-2.33180147058824
5831	-2.33547794117647
5832	-2.4375
5833	-2.46875
5834	-2.484375
5835	-2.52757352941176
5836	-2.46139705882353
5837	-2.54779411764706
5838	-2.51654411764706
5839	-2.59466911764706
5840	-2.57904411764706
5841	-2.55974264705882
5842	-2.49724264705882
5843	-2.62224264705882
5844	-2.66911764705882
5845	-2.62591911764706
5846	-2.65349264705882
5847	-2.75919117647059
5848	-2.77481617647059
5849	-2.83731617647059
5850	-2.74724264705882
5851	-2.62591911764706
5852	-2.53216911764706
5853	-2.52849264705882
5889	-1.36488970588235
5890	-1.42738970588235
5891	-1.39981617647059
5892	-1.41911764705882
5893	-1.48529411764706
5894	-1.59466911764706
5895	-1.59834558823529
5896	-1.54319852941176
5897	-1.515625
5898	-1.43290441176471
5899	-1.43658088235294
5900	-1.58915441176471
5901	-1.65165441176471
5902	-1.73345588235294
5903	-1.88970588235294
5904	-1.93658088235294
5905	-1.98345588235294
5906	-2.04595588235294
5907	-2.04595588235294
5908	-2.13970588235294
5909	-2.23345588235294
5910	-2.28033088235294
5911	-2.36213235294118
5912	-2.54595588235294
5913	-2.57720588235294
5914	-2.58088235294118
5915	-2.91727941176471
5916	-2.93290441176471
5917	-3.08915441176471
5918	-3.18290441176471
5919	-3.14338235294118
5920	-3.14705882352941
5921	-3.17463235294118
5922	-3.12775735294118
5923	-3.34283088235294
5924	-3.48345588235294
5925	-3.51470588235294
5926	-3.62775735294118
5927	-3.79963235294118
5928	-4.09283088235294
5929	-4.13235294117647
5930	-4.16360294117647
5931	-4.22610294117647
5932	-4.31617647058824
5933	-4.37867647058823
5934	-4.51194852941176
5935	-4.63327205882353
5936	-4.68014705882353
5937	-4.55055147058823
5938	-4.58180147058824
5939	-4.53492647058824
5940	-4.56617647058824
5941	-4.53492647058824
5942	-4.44117647058824
5943	-4.42922794117647
5944	-4.35110294117647
5945	-4.36672794117647
5946	-4.44117647058824
5947	-4.421875
5948	-4.28125
5949	-4.20680147058824
5950	-4.25
5951	-4.09375
5952	-3.92922794117647
5953	-3.83915441176471
5954	-3.66727941176471
5955	-3.57720588235294
5956	-3.72610294117647
5957	-3.63602941176471
5958	-3.72610294117647
5959	-3.64797794117647
5960	-3.71047794117647
5961	-3.61672794117647
5962	-3.50367647058824
5963	-3.5
5964	-3.375
5965	-3.484375
5966	-3.58180147058824
5967	-3.59742647058824
5968	-3.57352941176471
5969	-3.55422794117647
5970	-3.61672794117647
5971	-3.60110294117647
5972	-3.52297794117647
5973	-3.48805147058824
5974	-3.46875
5975	-3.36305147058824
5976	-3.34742647058824
5977	-3.40992647058824
5978	-3.36672794117647
5979	-3.55055147058824
5980	-3.55055147058824
5981	-3.39430147058824
5982	-3.5
5983	-3.4375
5984	-3.53952205882353
5985	-3.46139705882353
5986	-3.41819852941176
5987	-3.39889705882353
5988	-3.39889705882353
5989	-3.24264705882353
5990	-3.18014705882353
5991	-3.23529411764706
5992	-3.10661764705882
5993	-3.04411764705882
5994	-2.90349264705882
5995	-2.74724264705882
5996	-2.51286764705882
5997	-2.43474264705882
5998	-2.43106617647059
5999	-2.27481617647059
6005	-1.28676470588235
6006	-1.09926470588235
6011	-0.630514705882353
6012	-0.521139705882353
6013	-0.321691176470588
6014	-0.349264705882353
6015	-0.0716911764705881
6016	0.21875
6017	0.277573529411765
6018	1.16819852941176
6019	2.09834558823529
6020	2.17279411764706
6021	4.04044117647059
6022	6.20588235294118
6023	7.38694852941177
6024	8.00643382352941
6025	8.08088235294118
6026	8.31617647058824
6027	8.52389705882353
6028	8.90441176470588
6029	8.88878676470588
6030	8.88878676470588
6031	8.88878676470588
6032	9.00643382352941
6033	9.00643382352941
6034	9.00643382352941
6035	9.00643382352941
6036	8.94761029411765
6037	8.94761029411765
6038	8.94761029411765
6039	8.96323529411765
6040	8.97886029411765
6041	8.92003676470588
6042	8.92003676470588
6043	8.86121323529412
6044	8.86121323529412
6045	8.86121323529412
6046	8.81801470588235
6047	8.75919117647059
6048	8.5827205882353
6049	8.40625
6050	7.89246323529412
6051	7.49632352941177
6052	7.37040441176471
6053	6.68014705882353
6054	5.72610294117647
6055	4.70128676470588
6056	4.49724264705882
6057	3.26102941176471
6058	1.76194852941176
