822	0.0987179487179487
823	0.0794871794871794
824	0.0987179487179487
825	0.117948717948718
826	0.117948717948718
827	0.0602564102564103
828	0.0602564102564103
829	0.0217948717948718
830	0.0410256410256411
831	0.0410256410256411
832	-0.0064102564102565
833	0.0128205128205127
834	-0.0064102564102565
835	0.0794871794871794
836	0.0794871794871794
837	0.0602564102564103
838	0.0602564102564103
839	0.0217948717948718
840	-0.0358974358974358
841	-0.00769230769230778
842	-0.112820512820513
843	-0.0935897435897435
844	-0.16025641025641
845	-0.0833333333333334
846	-0.0358974358974358
847	-0.121794871794872
848	-0.0833333333333334
902	0.262820512820513
903	0.243589743589744
904	0.205128205128205
905	0.271794871794872
906	0.291025641025641
907	0.291025641025641
908	0.357692307692308
909	0.348717948717949
910	0.415384615384615
911	0.415384615384615
912	0.291025641025641
913	0.31025641025641
914	0.31025641025641
915	0.224358974358974
916	0.224358974358974
917	0.185897435897436
918	0.185897435897436
919	0.166666666666667
920	0.233333333333333
921	0.347435897435897
922	0.414102564102564
923	0.433333333333333
924	0.480769230769231
925	0.261538461538461
926	0.261538461538461
927	0.280769230769231
928	0.214102564102564
929	0.214102564102564
930	0.128205128205128
931	0.108974358974359
932	0.108974358974359
933	0.0705128205128205
934	0.0128205128205127
935	0.0128205128205127
936	0.0128205128205127
944	0.185897435897436
945	0.147435897435897
946	0.194871794871795
947	0.194871794871795
948	0.175641025641026
949	0.156410256410256
950	0.156410256410256
951	0.223076923076923
952	0.223076923076923
953	0.203846153846154
954	0.203846153846154
955	0.184615384615385
956	0.0410256410256411
970	-0.0833333333333334
971	-0.0551282051282052
972	0.0115384615384614
973	0.0115384615384614
974	-0.132051282051282
975	-0.17051282051282
976	-0.17051282051282
977	-0.247435897435897
978	-0.285897435897436
979	-0.352564102564103
997	-0.371794871794872
998	-0.41025641025641
1037	-0.0833333333333334
1038	-0.0641025641025642
1039	-0.141025641025641
1040	-0.16025641025641
1041	-0.16025641025641
1042	-0.0551282051282052
1043	-0.0935897435897435
1044	-0.132051282051282
1045	-0.151282051282051
1046	-0.256410256410256
1047	-0.237179487179487
1048	-0.237179487179487
1049	-0.237179487179487
1083	0.0897435897435896
1084	0.108974358974359
1085	0.128205128205128
1086	0.128205128205128
1087	0.147435897435897
1088	0.166666666666667
1089	0.252564102564103
1090	0.31025641025641
1091	0.376923076923077
1092	0.376923076923077
1093	0.443589743589744
1094	0.462820512820513
1095	0.548717948717949
1096	0.615384615384615
1097	0.748717948717949
1098	0.882051282051282
1099	0.882051282051282
1100	0.862820512820513
1101	0.815384615384615
1102	0.882051282051282
1103	0.901282051282051
1104	0.834615384615385
1105	0.901282051282051
1106	0.939743589743589
1107	0.834615384615385
1108	0.92051282051282
1109	1.04487179487179
1110	1.13076923076923
1111	1.21666666666667
1112	1.21666666666667
1113	1.23589743589744
1114	1.32179487179487
1124	1.67435897435897
1125	1.60769230769231
1126	1.60769230769231
1127	1.52179487179487
1128	1.58846153846154
1129	1.5025641025641
1130	1.5025641025641
1131	1.41666666666667
1132	1.35
1133	1.21666666666667
1134	1.06410256410256
1135	1.01666666666667
1136	0.95
1137	0.95
1138	0.883333333333333
1139	0.883333333333333
1140	0.883333333333333
1141	0.883333333333333
1142	0.902564102564102
1143	0.883333333333333
1144	0.797435897435897
1145	0.730769230769231
1146	0.558974358974359
1147	0.492307692307692
1148	0.558974358974359
1149	0.558974358974359
1150	0.558974358974359
1151	0.558974358974359
1152	0.558974358974359
1153	0.473076923076923
1154	0.406410256410256
1156	0.406410256410256
1162	0.406410256410256
1163	0.406410256410256
1164	0.425641025641026
1165	0.434615384615385
1166	0.434615384615385
1167	0.376923076923077
1168	0.338461538461538
1169	0.338461538461538
1170	0.338461538461538
1171	0.3
1172	0.280769230769231
1173	0.242307692307692
1174	0.203846153846154
1175	0.251282051282051
1176	0.232051282051282
1177	0.107692307692308
1178	0.126923076923077
1179	0.0884615384615384
1180	0.0884615384615384
1181	0.0884615384615384
1182	0.202564102564103
1183	0.183333333333333
1184	0.0974358974358974
1185	0.078205128205128
1186	0.0307692307692308
1187	0.0307692307692308
1188	0.00256410256410255
1189	-0.0166666666666666
1190	0.0217948717948718
1191	0.0217948717948718
1193	0.0410256410256411
1194	0.0602564102564103
1195	0.0602564102564103
1196	-0.0256410256410257
1197	-0.0448717948717949
1259	-0.237179487179487
1260	-0.237179487179487
1261	-0.256410256410256
1262	-0.256410256410256
1263	-0.217948717948718
1264	-0.217948717948718
1265	-0.198717948717949
1266	-0.16025641025641
1267	-0.0935897435897435
1268	-0.0166666666666666
1269	-0.0166666666666666
1270	0.0217948717948718
1271	0.0692307692307691
1272	0.0884615384615384
1273	0.0884615384615384
1274	0.221794871794872
1275	0.135897435897436
1276	0.0974358974358974
1277	0.0974358974358974
1278	0.125641025641026
1279	0.144871794871795
1280	0.421794871794872
1281	0.374358974358974
1282	0.432051282051282
1283	0.470512820512821
1284	0.470512820512821
1285	0.48974358974359
1286	0.508974358974359
1287	0.547435897435897
1288	0.652564102564102
1289	0.719230769230769
1290	0.719230769230769
1291	0.805128205128205
1292	0.891025641025641
1293	0.976923076923077
1294	0.757692307692308
1295	0.624358974358974
1296	0.643589743589744
1297	0.624358974358974
1298	0.624358974358974
1299	0.643589743589744
1300	0.662820512820513
1301	0.662820512820513
1302	0.662820512820513
1303	0.643589743589744
1304	0.691025641025641
1305	0.71025641025641
1306	0.815384615384615
1307	0.729487179487179
1308	0.767948717948718
1309	0.767948717948718
1310	0.73974358974359
1311	0.758974358974359
1312	0.73974358974359
1313	0.778205128205128
1314	0.778205128205128
1315	0.797435897435897
1316	0.644871794871795
1317	0.673076923076923
1318	0.606410256410256
1319	0.567948717948718
1320	0.701282051282051
1321	0.729487179487179
1322	0.652564102564102
1323	0.605128205128205
1324	0.605128205128205
1325	0.538461538461538
1326	0.671794871794872
1327	0.671794871794872
1328	0.566666666666667
1329	0.605128205128205
1330	0.585897435897436
1331	0.547435897435897
1332	0.594871794871795
1333	0.556410256410256
1334	0.537179487179487
1335	0.565384615384615
1336	0.584615384615385
1337	0.584615384615385
1338	0.67051282051282
1339	0.603846153846154
1340	0.537179487179487
1341	0.517948717948718
1342	0.451282051282051
1343	0.498717948717949
1344	0.479487179487179
1345	0.507692307692308
1346	0.526923076923077
1347	0.507692307692308
1348	0.621794871794872
1349	0.564102564102564
1350	0.544871794871795
1351	0.525641025641026
1352	0.42051282051282
1353	0.334615384615385
1354	0.42051282051282
1355	0.401282051282051
1356	0.325641025641026
1357	0.344871794871795
1358	0.23974358974359
1359	0.182051282051282
1360	0.0576923076923078
1361	-0.0192307692307692
1362	-0.0384615384615385
1363	0.0282051282051281
1364	0.0564102564102562
1365	-0.106410256410256
1366	-0.0871794871794873
1367	0.046153846153846
1368	-0.0397435897435898
1369	-0.058974358974359
1370	-0.0397435897435898
1371	-0.106410256410256
1372	-0.144871794871795
1373	-0.202564102564103
1374	-0.269230769230769
1375	-0.317948717948718
1376	-0.356410256410256
1377	-0.375641025641026
1378	-0.414102564102564
1379	-0.442307692307692
1380	-0.461538461538462
1381	-0.528205128205128
1382	-0.48974358974359
1383	-0.442307692307692
1384	-0.517948717948718
1385	-0.517948717948718
1386	-0.537179487179487
1387	-0.451282051282051
1388	-0.451282051282051
1389	-0.451282051282051
1390	-0.537179487179487
1391	-0.556410256410257
1392	-0.508974358974359
1393	-0.633333333333333
1394	-0.508974358974359
1395	-0.451282051282051
1396	-0.432051282051282
1397	-0.48974358974359
1398	-0.623076923076923
1399	-0.717948717948718
1405	-0.621794871794872
1406	-0.737179487179487
1407	-0.698717948717949
1408	-0.67948717948718
1409	-0.717948717948718
1410	-0.756410256410256
1414	-0.814102564102564
1415	-0.785897435897436
1416	-0.757692307692308
1417	-0.787179487179487
1418	-0.787179487179487
1419	-0.911538461538462
1420	-0.911538461538462
1421	-0.873076923076923
1422	-0.93974358974359
1423	-1.0448717948718
1424	-1.02564102564103
1425	-0.92051282051282
1426	-0.93974358974359
1427	-0.862820512820513
1428	-0.871794871794872
1429	-0.843589743589744
1430	-0.862820512820513
1431	-0.824358974358974
1432	-0.766666666666667
1433	-0.776923076923077
1434	-0.853846153846154
1435	-0.930769230769231
1436	-0.806410256410257
1437	-0.864102564102564
1438	-0.864102564102564
1439	-0.844871794871795
1440	-0.892307692307692
1441	-0.967948717948718
1442	-1.00641025641026
1443	-1.0448717948718
1444	-1.06410256410256
1445	-0.987179487179487
1446	-1.0448717948718
1447	-1.0448717948718
1448	-0.987179487179487
1449	-0.91025641025641
1504	-0.256410256410256
1505	-0.256410256410256
1511	-0.102564102564103
1512	-0.102564102564103
1549	-0.487179487179487
1550	-0.467948717948718
1551	-0.448717948717949
1552	-0.41025641025641
1553	-0.429487179487179
1554	-0.296153846153846
1555	-0.315384615384615
1556	-0.315384615384615
1557	-0.238461538461539
1558	-0.152564102564103
1559	-0.0384615384615385
1560	-0.0858974358974358
1561	0.0294871794871795
1562	0.0102564102564102
1563	0.0487179487179488
1564	0.0487179487179488
1565	0.0961538461538461
1566	0.143589743589744
1567	0.105128205128205
1568	0.152564102564103
1569	0.238461538461538
1570	0.257692307692308
1571	0.276923076923077
1572	0.315384615384615
1573	0.315384615384615
1574	0.201282051282051
1575	0.115384615384615
1576	0.124358974358974
1577	0.162820512820513
1578	0.229487179487179
1579	0.182051282051282
1580	0.134615384615385
1581	0.0487179487179488
1582	0.106410256410256
1583	0.258974358974359
1584	0.402564102564102
1585	0.230769230769231
1586	0.278205128205128
1587	0.258974358974359
1588	0.364102564102564
1589	0.364102564102564
1590	0.192307692307692
1591	0.258974358974359
1592	0.458974358974359
1593	0.573076923076923
1594	0.448717948717949
1595	0.382051282051282
1596	0.305128205128205
1597	0.228205128205128
1598	0.294871794871795
1599	0.314102564102564
1600	0.247435897435897
1601	0.219230769230769
1602	0.171794871794872
1603	0.171794871794872
1604	0.105128205128205
1605	-0.0192307692307692
1606	-0.0384615384615385
1607	-0.0192307692307692
1608	0
1609	-0.0384615384615385
1610	0.0666666666666667
1611	0.191025641025641
1612	0.143589743589744
1613	0.105128205128205
1614	0.0192307692307693
1615	0.0756410256410256
1616	0.0564102564102562
1617	-0.00128205128205128
1618	0.0653846153846154
1619	-0.0871794871794873
1620	-0.115384615384615
1621	-0.134615384615385
1622	-0.182051282051282
1623	-0.201282051282051
1624	-0.248717948717949
1625	-0.152564102564103
1626	-0.210256410256411
1627	-0.334615384615385
1695	-0.217948717948718
1696	-0.217948717948718
1697	-0.198717948717949
1698	-0.112820512820513
1699	-0.0743589743589743
1700	-0.0743589743589743
1701	-0.0551282051282052
1702	-0.0358974358974358
1703	-0.121794871794872
1704	-0.121794871794872
1710	0.0512820512820512
1711	0.117948717948718
1712	0.156410256410256
1713	0.223076923076923
1714	0.223076923076923
1715	0.242307692307692
1716	0.347435897435897
1717	0.328205128205128
1718	0.5
1719	0.5
1720	0.652564102564102
1721	0.652564102564102
1722	0.71025641025641
1723	0.805128205128205
1724	0.766666666666666
1725	0.852564102564102
1726	0.833333333333333
1727	0.833333333333333
1728	0.9
1729	0.785897435897436
1730	0.747435897435897
1731	0.680769230769231
1732	0.7
1733	0.661538461538461
1734	0.575641025641026
1735	0.556410256410256
1736	0.556410256410256
1737	0.537179487179487
1738	0.537179487179487
1739	0.537179487179487
1740	0.498717948717949
1741	0.526923076923077
1742	0.526923076923077
1743	0.565384615384615
1744	0.565384615384615
1745	0.612820512820512
1746	0.546153846153846
1747	0.441025641025641
1748	0.46025641025641
1749	0.374358974358974
1750	0.355128205128205
1751	0.335897435897436
1752	0.288461538461538
1753	0.288461538461538
1754	0.307692307692308
1755	0.307692307692308
1756	0.155128205128205
1757	0.0692307692307691
1758	-0.00769230769230778
1759	-0.0551282051282052
1760	-0.102564102564103
1761	-0.0551282051282052
1762	-0.0551282051282052
1763	-0.0358974358974358
1764	-0.0551282051282052
1765	-0.0166666666666666
1766	0.0974358974358974
1767	0.0974358974358974
1768	0.135897435897436
1769	0.155128205128205
1770	0.174358974358974
1771	0.174358974358974
1772	0.212820512820513
1773	0.232051282051282
1774	0.251282051282051
1775	0.28974358974359
1776	0.308974358974359
1777	0.261538461538461
1778	0.242307692307692
1779	0.223076923076923
1780	0.251282051282051
1781	0.203846153846154
1782	0.242307692307692
1783	0.337179487179487
1784	0.423076923076923
1785	0.461538461538461
1786	0.480769230769231
1787	0.547435897435897
1788	0.547435897435897
1789	0.547435897435897
1790	0.414102564102564
1791	0.433333333333333
1792	0.5
1793	0.596153846153846
1794	0.596153846153846
1795	0.576923076923077
1796	0.615384615384615
1797	0.529487179487179
1798	0.576923076923077
1799	0.671794871794872
1800	0.585897435897436
1801	0.585897435897436
1802	0.452564102564103
1803	0.433333333333333
1804	0.452564102564103
1805	0.394871794871795
1806	0.442307692307692
1807	0.365384615384615
1808	0.365384615384615
1809	0.307692307692308
1810	0.269230769230769
1811	0.269230769230769
1812	0.25
1813	0.297435897435897
1814	0.297435897435897
1815	0.288461538461538
1816	0.125641025641026
1817	0.106410256410256
1818	0.144871794871795
1819	-0.00769230769230778
1820	-0.112820512820513
1821	-0.0653846153846155
1822	0.00128205128205117
1823	-0.0653846153846155
1824	-0.103846153846154
1825	-0.123076923076923
1826	-0.114102564102564
1827	-0.133333333333333
1828	-0.247435897435897
1829	-0.228205128205128
1830	-0.266666666666667
1831	-0.391025641025641
1832	-0.41025641025641
1863	-0.17948717948718
1864	-0.198717948717949
1865	-0.141025641025641
1866	-0.102564102564103
1867	-0.0833333333333334
1868	-0.0358974358974358
1869	-0.0358974358974358
1870	-0.0551282051282052
1871	-0.141025641025641
1872	-0.141025641025641
1873	-0.16025641025641
1940	-1.0448717948718
1941	-0.997435897435897
1942	-0.892307692307692
1943	-0.95
1944	-0.969230769230769
1945	-0.855128205128205
1946	-0.846153846153846
1947	-0.846153846153846
1948	-0.865384615384615
1949	-0.942307692307693
1950	-0.942307692307693
1951	-0.942307692307693
1952	-1
1953	-0.980769230769231
1954	-1.11410256410256
1955	-1.1525641025641
1956	-1.17179487179487
1957	-1.1525641025641
1958	-1.09487179487179
1959	-0.98974358974359
1960	-1.17051282051282
1961	-1.19871794871795
1962	-1.14102564102564
1963	-1.01666666666667
1964	-0.958974358974359
1965	-0.92051282051282
1966	-0.776923076923077
1967	-0.767948717948718
1968	-0.692307692307692
1969	-0.482051282051282
1970	-0.567948717948718
1971	-0.491025641025641
1972	-0.491025641025641
1973	-0.644871794871795
1974	-0.53974358974359
1975	-0.52051282051282
1976	-0.587179487179487
1977	-0.692307692307692
1978	-0.72051282051282
1979	-0.673076923076923
1980	-0.653846153846154
1981	-0.748717948717949
1982	-0.834615384615385
1983	-0.748717948717949
1984	-0.652564102564103
1985	-0.614102564102564
1986	-0.547435897435897
1987	-0.48974358974359
1988	-0.412820512820513
1989	-0.393589743589744
1990	-0.355128205128205
1991	-0.297435897435897
1992	-0.316666666666667
1993	-0.316666666666667
1994	-0.355128205128205
1995	-0.393589743589744
1996	-0.174358974358975
1997	-0.135897435897436
1998	-0.193589743589744
1999	-0.165384615384615
2000	-0.184615384615385
2001	0.0153846153846153
2002	0.00641025641025617
2003	-0.002564102564103
2004	-0.155128205128205
2005	-0.230769230769231
2006	-0.230769230769231
2007	-0.25
2008	-0.0769230769230771
2009	0.0756410256410256
2010	0.0282051282051281
2011	0.0282051282051281
2012	0.0384615384615383
2013	0.124358974358974
2014	0.21025641025641
2015	0.21025641025641
2016	0.315384615384615
2017	0.315384615384615
2018	0.343589743589743
2019	0.296153846153846
2020	0.296153846153846
2021	0.362820512820513
2022	0.315384615384615
2023	0.334615384615385
2024	0.373076923076923
2025	0.43974358974359
2026	0.506410256410256
2027	0.458974358974359
2028	0.458974358974359
2029	0.543589743589744
2030	0.687179487179487
2031	0.620512820512821
2032	0.515384615384615
2033	0.687179487179487
2034	0.811538461538461
2035	0.620512820512821
2036	0.620512820512821
2037	0.43974358974359
2038	0.487179487179487
2039	0.506410256410256
2040	0.573076923076923
2041	0.573076923076923
2042	0.678205128205128
2043	0.678205128205128
2044	0.802564102564102
2045	0.688461538461538
2046	0.802564102564102
2047	0.802564102564102
2048	0.783333333333333
2049	0.658974358974359
2050	0.524358974358975
2051	0.619230769230769
2052	0.533333333333333
2053	0.619230769230769
2054	0.494871794871794
2055	0.494871794871794
2056	0.6
2057	0.533333333333333
2058	0.514102564102564
2059	0.475641025641025
2060	0.417948717948718
2061	0.36025641025641
2062	0.36025641025641
2063	0.379487179487179
2064	0.514102564102564
2065	0.314102564102564
2066	0.151282051282051
2067	0.17051282051282
2068	-0.00128205128205128
2069	-0.0871794871794873
2070	-0.096153846153846
2071	-0.0294871794871794
2072	-0.0679487179487179
2073	-0.106410256410256
2074	-0.173076923076923
2075	-0.192307692307692
2076	-0.230769230769231
2077	-0.25
2078	-0.355128205128205
2079	-0.346153846153846
2080	-0.451282051282051
2081	-0.326923076923077
2082	-0.498717948717949
2083	-0.374358974358975
2084	-0.316666666666667
2085	-0.096153846153846
2086	-0.162820512820513
2087	-0.324358974358974
2088	-0.343589743589744
2089	-0.352564102564103
2090	-0.429487179487179
2091	-0.487179487179487
2092	-0.506410256410256
2093	-0.458974358974359
2094	-0.392307692307692
2095	-0.469230769230769
2096	-0.430769230769231
2097	-0.535897435897436
2098	-0.602564102564103
2099	-0.602564102564103
2100	-0.621794871794872
2101	-0.535897435897436
2102	-0.535897435897436
2103	-0.478205128205128
2104	-0.497435897435897
2105	-0.525641025641026
2106	-0.544871794871795
2151	-0.16025641025641
2152	-0.132051282051282
2153	-0.0653846153846155
2154	-0.0653846153846155
2155	-0.0461538461538462
2156	-0.0743589743589743
2157	0.0115384615384614
2158	-0.0551282051282052
2159	-0.0551282051282052
2160	-0.0551282051282052
2161	-0.0358974358974358
2162	-0.0358974358974358
2163	-0.0166666666666666
2164	-0.0641025641025642
2165	-0.0833333333333334
2166	-0.0448717948717949
2212	0.0410256410256411
2213	0.0987179487179487
2214	0.0602564102564103
2215	0.0794871794871794
2216	-0.0064102564102565
2217	0.0128205128205127
2223	0.0705128205128205
2225	0.0512820512820512
2226	0.0987179487179487
2227	0.0987179487179487
2228	0.0320512820512819
2229	0.0410256410256411
2230	0.107692307692308
2231	0.00256410256410255
2232	-0.0551282051282052
2233	-0.0551282051282052
2234	-0.0551282051282052
2235	-0.0551282051282052
2236	0.00256410256410255
2237	0.00256410256410255
2238	-0.0166666666666666
2239	-0.0358974358974358
2240	-0.0166666666666666
2241	0.0499999999999999
2242	-0.0551282051282052
2243	-0.0166666666666666
2244	0.0410256410256411
2245	0.0602564102564103
2246	0.0410256410256411
2247	0.0410256410256411
2257	-0.141025641025641
2258	-0.121794871794872
2259	-0.141025641025641
2260	-0.141025641025641
2261	-0.141025641025641
2262	-0.198717948717949
2263	-0.256410256410256
2264	-0.151282051282051
2265	-0.256410256410256
2266	-0.294871794871795
2267	-0.256410256410256
2268	-0.208974358974359
2269	-0.2
2270	-0.257692307692308
2271	-0.210256410256411
2272	-0.334615384615385
2273	-0.344871794871795
2274	-0.325641025641026
2275	-0.344871794871795
2276	-0.173076923076923
2277	-0.220512820512821
2278	-0.173076923076923
2279	-0.144871794871795
2280	-0.183333333333333
2281	-0.174358974358975
2282	-0.155128205128205
2283	-0.193589743589744
2284	-0.174358974358975
2285	-0.193589743589744
2286	-0.308974358974359
2287	-0.308974358974359
2288	-0.385897435897436
2289	-0.328205128205128
2290	-0.347435897435897
2291	-0.394871794871795
2292	-0.375641025641026
2293	-0.328205128205128
2294	-0.28974358974359
2295	-0.251282051282051
2296	-0.232051282051282
2297	-0.0705128205128207
2298	-0.203846153846154
2299	-0.117948717948718
2300	-0.146153846153846
2301	0.0448717948717949
2302	0.197435897435897
2303	0.197435897435897
2304	0.092307692307692
2305	-0.012820512820513
2306	-0.108974358974359
2307	-0.117948717948718
2308	-0.0217948717948719
2309	-0.0884615384615384
2310	-0.0217948717948719
2311	-0.0410256410256415
2312	-0.174358974358975
2313	-0.251282051282051
2314	-0.298717948717949
2315	-0.326923076923077
2316	-0.25
2317	-0.25
2318	-0.125641025641026
2319	-0.144871794871795
2320	-0.125641025641026
2321	0.00897435897435894
2322	0.0282051282051281
2323	0.21025641025641
2324	0.305128205128205
2325	0.314102564102564
2326	0.275641025641026
2327	0.361538461538461
2328	0.265384615384615
2329	0.0935897435897433
2330	0.0743589743589741
2331	0.0551282051282049
2332	0.151282051282051
2333	-0.0769230769230771
2334	-0.0769230769230771
2335	-0.124358974358974
2336	-0.105128205128205
2337	-0.257692307692308
2340	-0.256410256410256
2341	-0.217948717948718
2342	-0.151282051282051
2343	-0.151282051282051
2344	-0.103846153846154
2345	-0.142307692307692
2346	-0.247435897435897
2347	-0.219230769230769
2348	-0.0948717948717951
2349	-0.133333333333333
2350	-0.152564102564103
2351	-0.152564102564103
2352	-0.191025641025641
2353	-0.257692307692308
2354	-0.362820512820513
2355	-0.420512820512821
2356	-0.458974358974359
2357	-0.458974358974359
2358	-0.411538461538462
2359	-0.325641025641026
2360	-0.267948717948718
2361	-0.353846153846154
2362	-0.364102564102564
2363	-0.344871794871795
2364	-0.316666666666667
2365	-0.316666666666667
2366	-0.316666666666667
2367	-0.393589743589744
2368	-0.326923076923077
2369	-0.27948717948718
2370	-0.317948717948718
2371	-0.337179487179487
2372	-0.317948717948718
2373	-0.337179487179487
2374	-0.184615384615385
2375	-0.146153846153846
2376	-0.135897435897436
2377	-0.174358974358975
2378	-0.298717948717949
2379	-0.375641025641026
2380	-0.403846153846154
2381	-0.326923076923077
2382	-0.221794871794872
2383	-0.326923076923077
2384	-0.335897435897436
2385	-0.335897435897436
2386	-0.335897435897436
2387	-0.335897435897436
2388	-0.355128205128205
2389	-0.230769230769231
2390	-0.0205128205128207
2391	-0.00128205128205128
2392	-0.0205128205128207
2393	-0.058974358974359
2394	-0.106410256410256
2395	-0.164102564102564
2396	-0.153846153846154
2397	-0.0487179487179488
2398	-0.0192307692307692
2399	-0.0474358974358974
2400	-0.114102564102564
2401	-0.133333333333333
2402	-0.0756410256410256
2403	-0.123076923076923
2404	-0.0564102564102565
2405	-0.0846153846153846
2406	-0.142307692307692
2407	-0.2
2408	-0.257692307692308
2409	-0.257692307692308
2410	-0.391025641025641
2411	-0.343589743589744
2412	-0.324358974358974
2413	-0.266666666666667
2414	-0.208974358974359
2415	-0.247435897435897
2416	-0.285897435897436
2417	-0.285897435897436
2418	-0.294871794871795
2419	-0.294871794871795
2420	-0.294871794871795
2421	-0.314102564102564
2422	-0.314102564102564
2423	-0.266666666666667
2424	-0.343589743589744
2425	-0.429487179487179
2428	-0.487179487179487
2429	-0.420512820512821
2430	-0.382051282051282
2431	-0.467948717948718
2432	-0.467948717948718
2434	-0.506410256410256
2435	-0.506410256410256
2436	-0.506410256410256
2437	-0.525641025641026
2438	-0.602564102564103
2439	-0.621794871794872
2441	-0.621794871794872
2442	-0.602564102564103
2443	-0.544871794871795
2444	-0.544871794871795
2445	-0.583333333333333
2446	-0.488461538461538
2447	-0.574358974358975
2448	-0.623076923076923
2449	-0.603846153846154
2450	-0.498717948717949
2451	-0.498717948717949
2452	-0.517948717948718
2453	-0.517948717948718
2454	-0.537179487179487
2455	-0.517948717948718
2456	-0.547435897435897
2457	-0.585897435897436
2458	-0.585897435897436
2459	-0.566666666666667
2460	-0.528205128205128
2461	-0.414102564102564
2462	-0.5
2463	-0.394871794871795
2464	-0.452564102564103
2465	-0.338461538461538
2466	-0.157692307692308
2467	-0.138461538461538
2468	-0.282051282051282
2469	-0.33974358974359
2470	-0.387179487179487
2471	-0.378205128205128
2472	-0.397435897435898
2473	-0.378205128205128
2474	-0.358974358974359
2475	-0.33974358974359
2476	-0.425641025641026
2477	-0.511538461538462
2478	-0.358974358974359
2479	-0.358974358974359
2480	-0.33974358974359
2481	-0.33974358974359
2482	-0.425641025641026
2483	-0.348717948717949
2484	-0.453846153846154
2485	-0.425641025641026
2486	-0.492307692307692
2487	-0.511538461538462
2488	-0.55
2489	-0.607692307692308
2490	-0.684615384615384
2491	-0.541025641025641
2492	-0.483333333333334
2493	-0.425641025641026
2494	-0.367948717948718
2495	-0.55
2496	-0.511538461538462
2497	-0.558974358974359
2498	-0.558974358974359
2499	-0.664102564102564
2500	-0.683333333333334
2501	-0.864102564102564
2502	-1.1025641025641
2529	-0.756410256410256
2530	-0.526923076923077
2531	-0.565384615384615
2532	-0.565384615384615
2533	-0.565384615384615
2534	-0.469230769230769
2535	-0.411538461538462
2536	-0.383333333333333
2537	-0.364102564102564
2538	-0.316666666666667
2539	-0.335897435897436
2540	-0.355128205128205
2541	-0.269230769230769
2542	-0.192307692307692
2543	-0.153846153846154
2544	-0.162820512820513
2545	-0.143589743589744
2546	-0.096153846153846
2547	-0.0679487179487179
2548	-0.183333333333333
2549	-0.241025641025641
2550	-0.241025641025641
2551	-0.212820512820513
2552	-0.251282051282051
2553	-0.165384615384615
2554	0.0256410256410253
2555	0.111538461538462
2556	0.158974358974359
2557	0.178205128205128
2558	0.120512820512821
2559	0.282051282051282
2560	0.282051282051282
2561	0.262820512820513
2562	0.148717948717948
2563	0.273076923076923
2564	0.302564102564102
2565	0.255128205128205
2566	0.16025641025641
2567	0.198717948717949
2568	0.217948717948718
2569	0.0743589743589741
2570	0.0743589743589741
2571	0.0743589743589741
2572	-0.0115384615384615
2573	0.00769230769230766
2574	0.00769230769230766
2575	0.0935897435897433
2576	0.0743589743589741
2577	-0.05
2578	0.0166666666666664
2579	-0.0410256410256415
2580	-0.002564102564103
2581	0.0358974358974355
2582	0.00769230769230766
2583	0.123076923076923
2584	0.0846153846153845
2585	0.0371794871794873
2586	0.161538461538461
2587	0.2
2588	0.266666666666666
2589	0.180769230769231
2590	0.114102564102564
2591	-0.0294871794871794
2592	0.00897435897435894
2593	0
2594	0.0666666666666667
2595	0.105128205128205
2596	0.0858974358974359
2597	0.0384615384615383
2598	0
2599	-0.210256410256411
2600	-0.229487179487179
2601	-0.162820512820513
2602	-0.201282051282051
2603	-0.192307692307692
2604	-0.192307692307692
2605	-0.25
2606	-0.192307692307692
2607	-0.106410256410256
2608	-0.0871794871794873
2609	-0.0487179487179488
2610	-0.115384615384615
2611	-0.23974358974359
2612	-0.134615384615385
2613	-0.115384615384615
2614	-0.124358974358974
2615	-0.0769230769230771
2616	0.0756410256410256
2617	0.0564102564102562
2618	0.103846153846154
2619	0.2
2620	0.180769230769231
2621	0.228205128205128
2622	0.142307692307692
2623	0.0756410256410256
2624	0.0858974358974359
2625	0.105128205128205
2626	0.134615384615385
2627	0.0961538461538461
2628	0.0576923076923078
2629	0.0487179487179488
2630	-0.0371794871794873
2631	-0.151282051282051
2632	-0.0756410256410256
2633	-0.0371794871794873
2634	0.0679487179487179
2635	0.0576923076923078
2636	0.0769230769230769
2637	0.0102564102564102
2638	0.0961538461538461
2639	0.106410256410256
2640	0.383333333333333
2641	0.325641025641026
2642	0.325641025641026
2643	0.258974358974359
2644	0.201282051282051
2645	0.182051282051282
2646	0.258974358974359
2647	0.278205128205128
2648	0.143589743589744
2649	0.0858974358974359
2650	0.238461538461538
2651	0.247435897435897
2652	0.152564102564103
2653	0.114102564102564
2654	0.0756410256410256
2655	0.0948717948717948
2656	0.0756410256410256
2657	0.00897435897435894
2658	0.00897435897435894
2659	-0.0205128205128207
2660	-0.0782051282051281
2661	-0.0782051282051281
2662	-0.0397435897435898
2663	-0.0397435897435898
2664	-0.058974358974359
2665	-0.058974358974359
2666	-0.058974358974359
2667	-0.0205128205128207
2668	-0.115384615384615
2669	-0.0294871794871794
2670	0
2671	-0.105128205128205
2672	-0.0384615384615385
2673	0.0282051282051281
2674	-0.0384615384615385
2675	-0.0102564102564104
2676	-0.152564102564103
2677	-0.0474358974358974
2678	-0.0666666666666667
2679	0.0576923076923078
2680	-0.00897435897435883
2681	-0.0384615384615385
2682	-0.0769230769230771
2683	0.0384615384615383
2684	-0.0474358974358974
2685	-0.0666666666666667
2686	-0.161538461538462
2687	-0.266666666666667
2688	-0.161538461538462
2689	-0.142307692307692
2690	-0.208974358974359
2691	-0.18974358974359
2692	-0.18974358974359
2693	-0.266666666666667
2694	-0.18974358974359
2695	-0.151282051282051
2696	-0.17051282051282
2697	-0.266666666666667
2698	-0.285897435897436
2699	-0.285897435897436
2700	-0.333333333333333
2701	-0.371794871794872
2702	-0.352564102564103
2703	-0.352564102564103
2704	-0.391025641025641
2705	-0.448717948717949
2706	-0.401282051282051
2707	-0.382051282051282
2708	-0.391025641025641
2710	-0.429487179487179
2761	-0.602564102564103
2762	-0.602564102564103
2763	-0.602564102564103
2764	-0.516666666666667
2765	-0.641025641025641
2766	-0.66025641025641
2767	-0.66025641025641
2771	-0.717948717948718
2772	-0.7
2773	-0.557692307692308
2774	-0.433333333333333
2775	-0.357692307692308
2776	-0.338461538461538
2777	-0.357692307692308
2778	-0.310256410256411
2779	-0.291025641025641
2780	-0.233333333333334
2781	-0.252564102564103
2782	-0.1
2783	-0.243589743589744
2784	-0.205128205128205
2785	-0.224358974358974
2786	-0.157692307692308
2787	-0.215384615384616
2788	-0.282051282051282
2789	-0.301282051282051
2790	-0.234615384615385
2791	-0.301282051282051
2792	-0.282051282051282
2793	-0.262820512820513
2794	-0.282051282051282
2795	-0.33974358974359
2796	-0.32051282051282
2797	-0.348717948717949
2798	-0.176923076923077
2799	-0.196153846153846
2800	-0.205128205128205
2801	-0.166666666666667
2802	-0.1
2803	0.0435897435897437
2804	-0.0333333333333332
2805	-0.0910256410256409
2806	-0.119230769230769
2807	-0.108974358974359
2808	-0.137179487179488
2809	-0.337179487179487
2810	-0.346153846153846
2811	-0.537179487179487
2812	-0.470512820512821
2813	-0.470512820512821
2814	-0.508974358974359
2815	-0.48974358974359
2816	-0.403846153846154
2817	-0.270512820512821
2818	-0.346153846153846
2819	-0.326923076923077
2820	-0.241025641025641
2821	-0.202564102564103
2822	-0.278205128205128
2823	-0.23974358974359
2824	-0.153846153846154
2825	-0.153846153846154
2826	-0.220512820512821
2827	-0.23974358974359
2828	-0.201282051282051
2829	-0.134615384615385
2830	-0.115384615384615
2831	-0.0294871794871794
2832	-0.0294871794871794
2833	-0.0102564102564104
2834	-0.105128205128205
2835	-0.143589743589744
2836	-0.124358974358974
2837	-0.124358974358974
2838	-0.220512820512821
2839	-0.287179487179487
2840	-0.306410256410257
2841	-0.23974358974359
2842	-0.192307692307692
2843	-0.144871794871795
2844	-0.173076923076923
2845	-0.153846153846154
2846	-0.115384615384615
2847	-0.0102564102564104
2848	0.0192307692307693
2849	0.124358974358974
2850	0
2851	-0.0384615384615385
2852	-0.105128205128205
2853	-0.210256410256411
2854	-0.191025641025641
2855	-0.257692307692308
2856	-0.382051282051282
2857	-0.43974358974359
2858	-0.420512820512821
2859	-0.334615384615385
2860	-0.43974358974359
2861	-0.544871794871795
2862	-0.583333333333333
2863	-0.45
2864	-0.45
2865	-0.469230769230769
2866	-0.469230769230769
2867	-0.593589743589744
2868	-0.593589743589744
2869	-0.632051282051282
2870	-0.574358974358975
2871	-0.526923076923077
2872	-0.507692307692308
2873	-0.45
2874	-0.373076923076923
2875	-0.276923076923077
2876	-0.219230769230769
2877	-0.266666666666667
2878	-0.294871794871795
2881	-0.266666666666667
2882	-0.266666666666667
2883	-0.285897435897436
2884	-0.285897435897436
2885	-0.294871794871795
2886	-0.237179487179487
2887	-0.17051282051282
2888	-0.0743589743589743
2889	-0.112820512820513
2890	-0.112820512820513
2891	-0.0743589743589743
2892	-0.0358974358974358
2893	-0.0166666666666666
2894	0.0499999999999999
2895	0.0499999999999999
2896	0.107692307692308
2897	0.126923076923077
2898	0.193589743589743
2899	0.165384615384615
2900	0.251282051282051
2901	0.365384615384615
2902	0.403846153846154
2903	0.326923076923077
2904	0.326923076923077
2905	0.288461538461538
2906	0.326923076923077
2907	0.221794871794872
2908	0.307692307692308
2909	0.307692307692308
2910	0.164102564102564
2911	0.125641025641026
2912	0.144871794871795
2913	0.211538461538461
2914	0.153846153846154
2915	0.201282051282051
2916	0.248717948717949
2917	0.115384615384615
2918	0.201282051282051
2919	0.153846153846154
2920	0.134615384615385
2921	0.115384615384615
2922	0.134615384615385
2923	0.0679487179487179
2924	0.153846153846154
2925	0.173076923076923
2926	0.173076923076923
2927	0.173076923076923
2928	0.23974358974359
2929	0.306410256410256
2930	0.344871794871795
2931	0.278205128205128
2932	0.316666666666667
2933	0.364102564102564
2934	0.297435897435897
2935	0.25
2936	0.230769230769231
2937	0.0307692307692308
2938	0.0884615384615384
2939	0.126923076923077
2940	0.165384615384615
2941	0.146153846153846
2942	0.146153846153846
2943	0.126923076923077
2944	0.126923076923077
2945	0.203846153846154
2946	0.203846153846154
2947	0.28974358974359
2948	0.375641025641026
2949	0.424358974358974
2950	0.424358974358974
2951	0.462820512820513
2952	0.376923076923077
2953	0.376923076923077
2954	0.31025641025641
2955	0.32948717948718
2956	0.32948717948718
2957	0.31025641025641
2958	0.338461538461538
2959	0.3
2960	0.3
2961	0.3
2962	0.366666666666667
2963	0.366666666666667
2964	0.414102564102564
2965	0.347435897435897
2966	0.242307692307692
2967	0.242307692307692
2968	0.242307692307692
2969	0.175641025641026
2970	0.242307692307692
2971	0.280769230769231
2972	0.366666666666667
2973	0.347435897435897
2974	0.375641025641026
2975	0.423076923076923
2976	0.423076923076923
2977	0.423076923076923
2978	0.461538461538461
2979	0.461538461538461
2980	0.414102564102564
2981	0.452564102564103
2982	0.433333333333333
2983	0.433333333333333
2984	0.414102564102564
2985	0.375641025641026
2986	0.403846153846154
2987	0.337179487179487
2988	0.317948717948718
2989	0.384615384615385
2990	0.498717948717949
2991	0.441025641025641
2992	0.46025641025641
2993	0.612820512820512
2994	0.584615384615385
2995	0.584615384615385
2996	0.603846153846154
2997	0.537179487179487
2998	0.517948717948718
2999	0.537179487179487
3000	0.384615384615385
3001	0.423076923076923
3002	0.365384615384615
3003	0.498717948717949
3004	0.479487179487179
3005	0.498717948717949
3006	0.393589743589744
3007	0.393589743589744
3008	0.365384615384615
3009	0.403846153846154
3010	0.356410256410256
3011	0.317948717948718
3012	0.356410256410256
3013	0.317948717948718
3014	0.403846153846154
3015	0.365384615384615
3016	0.365384615384615
3017	0.498717948717949
3018	0.565384615384615
3019	0.517948717948718
3020	0.623076923076923
3021	0.651282051282051
3022	0.546153846153846
3023	0.546153846153846
3024	0.612820512820512
3025	0.565384615384615
3026	0.48974358974359
3027	0.48974358974359
3028	0.48974358974359
3029	0.375641025641026
3030	0.375641025641026
3031	0.356410256410256
3032	0.308974358974359
3033	0.328205128205128
3034	0.328205128205128
3035	0.347435897435897
3036	0.394871794871795
3037	0.719230769230769
3038	0.738461538461538
3039	0.624358974358974
3040	0.624358974358974
3041	0.557692307692308
3042	0.557692307692308
3043	0.624358974358974
3044	0.624358974358974
3045	0.624358974358974
3046	0.796153846153846
3047	0.71025641025641
3048	0.729487179487179
3049	0.891025641025641
3050	1.06282051282051
3051	1.06282051282051
3052	1.08205128205128
3053	0.996153846153846
3054	0.91025641025641
3055	0.929487179487179
3056	1.00641025641026
3057	1.02564102564103
3058	0.978205128205128
3059	0.978205128205128
3060	0.911538461538461
3061	0.997435897435897
3062	1.06410256410256
3063	1.06410256410256
3064	1.06410256410256
3065	1.13076923076923
3066	1.13076923076923
3067	1.13076923076923
3068	1.13076923076923
3069	1.1974358974359
3070	1.1974358974359
3071	1.21666666666667
3072	1.21666666666667
3073	0.95
3074	0.95
3075	0.911538461538461
3076	0.95
3077	0.95
3078	0.930769230769231
3079	0.930769230769231
3080	0.844871794871795
3081	0.864102564102564
3082	0.816666666666667
3083	0.816666666666667
3084	0.855128205128205
3085	0.655128205128205
3086	0.435897435897436
3087	0.435897435897436
3088	0.455128205128205
3100	0.502564102564103
3101	0.455128205128205
3102	0.521794871794872
3103	0.521794871794872
3104	0.521794871794872
3105	0.455128205128205
3106	0.455128205128205
3107	0.455128205128205
3123	0.541025641025641
3124	0.588461538461538
3125	0.607692307692308
3126	0.655128205128205
3127	0.874358974358974
3128	0.874358974358974
3129	0.874358974358974
3132	0.941025641025641
3133	0.835897435897436
3134	0.797435897435897
3135	0.730769230769231
3136	0.664102564102564
3137	0.664102564102564
3138	0.578205128205128
3139	0.578205128205128
3140	0.692307692307692
3141	0.692307692307692
3142	0.625641025641026
3143	0.606410256410256
3144	0.567948717948718
3145	0.567948717948718
3146	0.567948717948718
3147	0.51025641025641
3148	0.51025641025641
3149	0.491025641025641
3150	0.51025641025641
3151	0.491025641025641
3152	0.385897435897436
3153	0.385897435897436
3154	0.433333333333333
3155	0.480769230769231
3156	0.461538461538461
3157	0.508974358974359
3158	0.394871794871795
3159	0.433333333333333
3160	0.347435897435897
3161	0.366666666666667
3162	0.280769230769231
3164	0.0705128205128205
3165	0.0512820512820512
3208	0.0128205128205127
3209	0.0217948717948718
3210	0.00256410256410255
3211	0.0499999999999999
3212	0.0499999999999999
3213	0.144871794871795
3214	0.0974358974358974
3215	0.0589743589743589
3216	-0.00769230769230778
3217	-0.00769230769230778
3218	-0.0269230769230769
3219	-0.0461538461538462
3220	-0.142307692307692
3221	-0.0756410256410256
3222	-0.0756410256410256
3223	-0.152564102564103
3224	-0.133333333333333
3225	-0.0756410256410256
3226	-0.0948717948717951
3227	-0.161538461538462
3228	-0.180769230769231
3229	-0.180769230769231
3230	-0.266666666666667
3231	-0.219230769230769
3232	-0.382051282051282
3233	-0.382051282051282
3234	-0.41025641025641
3235	-0.305128205128205
3236	-0.266666666666667
3237	-0.266666666666667
3238	-0.228205128205128
3239	-0.247435897435897
3240	-0.314102564102564
3277	-0.621794871794872
3278	-0.641025641025641
3279	-0.641025641025641
3280	-0.66025641025641
3281	-0.66025641025641
3282	-0.698717948717949
3298	-0.41025641025641
3299	-0.41025641025641
3300	-0.391025641025641
3310	-0.198717948717949
3311	-0.112820512820513
3322	-0.256410256410256
3323	-0.217948717948718
3324	-0.237179487179487
3327	-0.217948717948718
3328	-0.256410256410256
3329	-0.237179487179487
3338	-0.198717948717949
3339	-0.198717948717949
3341	-0.198717948717949
3342	-0.102564102564103
3343	0.0205128205128204
3344	0.0871794871794872
3345	0.0679487179487179
3346	-0.123076923076923
3347	-0.208974358974359
3348	-0.208974358974359
3349	-0.0858974358974358
3350	-0.0666666666666667
3351	-0.0282051282051283
3352	0.0192307692307693
3353	0.115384615384615
3354	0.0192307692307693
3355	0.0282051282051281
3356	-0.0487179487179488
3357	0.00897435897435894
3358	0.0564102564102562
3359	0.161538461538461
3360	0.161538461538461
3361	0.123076923076923
3362	0.142307692307692
3363	0.133333333333333
3364	0.133333333333333
3365	0.152564102564103
3366	0.152564102564103
3367	0.352564102564103
3368	0.352564102564103
3369	0.371794871794872
3370	0.285897435897436
3371	0.285897435897436
3372	0.305128205128205
3373	0.238461538461538
3374	0.171794871794872
3375	0.343589743589743
3376	0.362820512820513
3377	0.362820512820513
3378	0.487179487179487
3379	0.267948717948718
3380	0.267948717948718
3381	0.325641025641026
3382	0.392307692307692
3383	0.373076923076923
3384	0.45
3385	0.278205128205128
3386	0.23974358974359
3387	0.258974358974359
3388	0.106410256410256
3389	0.183333333333333
3390	0.288461538461538
3391	0.279487179487179
3392	0.326923076923077
3393	0.365384615384615
3394	0.193589743589743
3395	0.126923076923077
3396	0.165384615384615
3397	0.126923076923077
3398	0.126923076923077
3399	0.126923076923077
3400	0.146153846153846
3401	0.107692307692308
3402	0.107692307692308
3407	-0.0256410256410257
3408	-0.0256410256410257
3409	-0.0256410256410257
3410	-0.0256410256410257
3432	-0.314102564102564
3433	-0.333333333333333
3434	-0.391025641025641
3435	-0.41025641025641
3436	-0.333333333333333
3437	-0.352564102564103
3438	-0.333333333333333
3439	-0.371794871794872
3440	-0.371794871794872
3441	-0.371794871794872
3442	-0.362820512820513
3443	-0.429487179487179
3444	-0.401282051282051
3445	-0.458974358974359
3446	-0.497435897435897
3447	-0.497435897435897
3448	-0.564102564102564
3449	-0.544871794871795
3450	-0.583333333333333
3451	-0.583333333333333
3452	-0.621794871794872
3453	-0.602564102564103
3454	-0.488461538461538
3455	-0.344871794871795
3456	-0.306410256410257
3457	-0.373076923076923
3458	-0.420512820512821
3459	-0.487179487179487
3462	-0.429487179487179
3464	-0.294871794871795
3465	-0.333333333333333
3467	-0.17051282051282
3468	-0.237179487179487
3469	-0.17051282051282
3470	-0.151282051282051
3471	-0.208974358974359
3472	-0.18974358974359
3473	-0.142307692307692
3474	-0.161538461538462
3475	-0.2
3476	-0.161538461538462
3477	0.124358974358974
3478	0.0384615384615383
3479	0.0576923076923078
3480	0.0487179487179488
3481	0.182051282051282
3482	0.248717948717949
3483	0.238461538461538
3484	0.2
3485	0.257692307692308
3486	0.180769230769231
3487	0.219230769230769
3488	0.266666666666666
3489	0.333333333333333
3490	0.152564102564103
3491	0.0666666666666667
3492	0.00897435897435894
3493	-0.0487179487179488
3494	-0.0294871794871794
3495	-0.0487179487179488
3496	-0.0679487179487179
3497	-0.125641025641026
3498	-0.211538461538461
3499	-0.25
3500	-0.173076923076923
3501	-0.173076923076923
3502	-0.153846153846154
3503	-0.287179487179487
3504	-0.248717948717949
3505	-0.353846153846154
3506	-0.315384615384615
3507	-0.334615384615385
3508	-0.296153846153846
3509	-0.305128205128205
3510	-0.285897435897436
3511	-0.305128205128205
3512	-0.266666666666667
3582	-0.121794871794872
3583	-0.17948717948718
3584	-0.16025641025641
3585	-0.00769230769230778
3586	0.00128205128205117
3587	0.00128205128205117
3588	-0.0846153846153846
3589	-0.142307692307692
3590	-0.180769230769231
3591	-0.133333333333333
3592	-0.152564102564103
3593	-0.0576923076923077
3594	-0.0576923076923077
3595	-0.248717948717949
3596	-0.220512820512821
3597	-0.25
3598	-0.144871794871795
3599	-0.0974358974358975
3600	-0.0974358974358975
3601	-0.0884615384615384
3602	-0.117948717948718
3603	-0.137179487179488
3604	-0.28974358974359
3605	-0.270512820512821
3606	-0.156410256410257
3607	-0.214102564102564
3608	-0.1
3609	-0.157692307692308
3610	-0.157692307692308
3611	-0.176923076923077
3612	-0.157692307692308
3613	-0.310256410256411
3614	-0.32948717948718
3615	-0.32948717948718
3616	-0.32948717948718
3617	-0.205128205128205
3618	-0.233333333333334
3619	-0.233333333333334
3620	-0.252564102564103
3621	-0.3
3622	-0.405128205128205
3623	-0.366666666666667
3624	-0.261538461538462
3625	-0.194871794871795
3626	-0.194871794871795
3627	-0.3
3628	-0.261538461538462
3629	-0.452564102564103
3630	-0.471794871794872
3631	-0.596153846153846
3632	-0.605128205128205
3633	-0.691025641025641
3634	-0.710256410256411
3635	-0.72948717948718
3636	-0.624358974358974
3637	-0.614102564102564
3638	-0.594871794871795
3639	-0.661538461538462
3640	-0.738461538461538
3641	-0.7
3642	-0.794871794871795
3643	-0.794871794871795
3669	-0.717948717948718
3677	-0.737179487179487
3678	-0.775641025641026
3679	-0.756410256410256
3680	-0.756410256410256
3681	-0.756410256410256
3682	-0.814102564102564
3683	-0.833333333333333
3684	-0.871794871794872
3685	-0.871794871794872
3686	-0.814102564102564
3687	-0.775641025641026
3688	-0.794871794871795
3689	-0.794871794871795
3690	-0.737179487179487
3692	-0.717948717948718
3693	-0.612820512820513
3694	-0.632051282051282
3695	-0.651282051282051
3696	-0.642307692307692
3697	-0.603846153846154
3698	-0.651282051282051
3699	-0.593589743589744
3700	-0.555128205128205
3701	-0.497435897435897
3702	-0.564102564102564
3703	-0.602564102564103
3704	-0.564102564102564
3721	-0.16025641025641
3722	-0.237179487179487
3723	-0.237179487179487
3724	-0.217948717948718
3725	-0.17051282051282
3726	-0.103846153846154
3727	-0.0653846153846155
3728	-0.112820512820513
3729	-0.132051282051282
3730	-0.17948717948718
3731	-0.00769230769230778
3732	-0.0551282051282052
3733	0.0974358974358974
3734	0.0589743589743589
3735	0.144871794871795
3736	0.183333333333333
3737	0.269230769230769
3738	0.307692307692308
3739	0.355128205128205
3740	0.297435897435897
3741	0.316666666666667
3742	0.316666666666667
3743	0.411538461538461
3744	0.497435897435897
3745	0.497435897435897
3746	0.611538461538461
3747	0.478205128205128
3748	0.401282051282051
3749	0.362820512820513
3750	0.343589743589743
3751	0.429487179487179
3752	0.448717948717949
3753	0.343589743589743
3754	0.324358974358974
3755	0.296153846153846
3756	0.238461538461538
3757	0.248717948717949
3758	0.248717948717949
3759	0.248717948717949
3760	0.267948717948718
3761	0.220512820512821
3762	0.42051282051282
3763	0.573076923076923
3764	0.592307692307692
3765	0.592307692307692
3766	0.553846153846154
3767	0.401282051282051
3768	0.382051282051282
3769	0.353846153846154
3770	0.553846153846154
3771	0.467948717948718
3772	0.476923076923077
3773	0.496153846153846
3774	0.515384615384615
3775	0.487179487179487
3776	0.620512820512821
3777	0.706410256410256
3778	0.744871794871794
3779	0.592307692307692
3780	0.592307692307692
3781	0.716666666666667
3782	0.525641025641026
3783	0.621794871794872
3784	0.641025641025641
3785	0.86025641025641
3786	0.841025641025641
3787	0.707692307692308
3788	0.707692307692308
3789	0.707692307692308
3790	0.774358974358974
3791	0.793589743589744
3792	0.821794871794871
3793	1.01282051282051
3794	1.02179487179487
3795	0.964102564102564
3796	0.944871794871795
3797	0.944871794871795
3798	0.658974358974359
3799	0.544871794871795
3800	0.506410256410256
3801	0.497435897435897
3802	0.516666666666666
3803	0.535897435897436
3804	0.43974358974359
3805	0.411538461538461
3806	0.325641025641026
3807	0.383333333333333
3808	0.297435897435897
3809	0.278205128205128
3810	0.344871794871795
3811	0.364102564102564
3812	0.192307692307692
3813	0.0871794871794872
3814	0.125641025641026
3815	0.125641025641026
3816	0.0589743589743589
3817	0.0499999999999999
3818	0.0692307692307691
3819	0.0884615384615384
3820	0.107692307692308
3822	-0.0256410256410257
3823	0.0320512820512819
3824	0.0320512820512819
3825	0.0602564102564103
3826	-0.0256410256410257
3827	0.0128205128205127
3838	-0.141025641025641
3839	-0.0641025641025642
3840	-0.0641025641025642
3841	0.00256410256410255
3842	-0.0641025641025642
3843	-0.0448717948717949
3844	0.0884615384615384
3845	0.0217948717948718
3846	-0.0448717948717949
3847	-0.0448717948717949
3848	0.126923076923077
3849	0.107692307692308
3850	0.126923076923077
3851	0.0884615384615384
3852	0.135897435897436
3853	0.0974358974358974
3854	0.125641025641026
3855	0.220512820512821
3856	0.23974358974359
3857	0.267948717948718
3858	0.105128205128205
3859	0.0858974358974359
3860	0.143589743589744
3861	0.182051282051282
3862	0.182051282051282
3863	0.201282051282051
3864	0.287179487179487
3865	0.344871794871795
3866	0.316666666666667
3867	0.316666666666667
3868	0.335897435897436
3869	0.211538461538461
3870	0.230769230769231
3871	0.288461538461538
3872	0.374358974358974
3873	0.393589743589744
3874	0.279487179487179
3875	0.26025641025641
3876	0.279487179487179
3877	0.212820512820513
3878	0.126923076923077
3879	0.126923076923077
3880	-0.0448717948717949
3881	-0.0448717948717949
3882	-0.0256410256410257
3883	-0.0448717948717949
3905	-0.0256410256410257
3906	0.00256410256410255
3907	0.00256410256410255
3908	-0.0641025641025642
3909	-0.0641025641025642
3910	-0.0833333333333334
3911	-0.0358974358974358
3912	-0.0358974358974358
3913	-0.0358974358974358
3914	-0.0551282051282052
3915	-0.0358974358974358
3916	-0.0358974358974358
3917	-0.0551282051282052
3918	-0.0269230769230769
3919	0.0205128205128204
3920	-0.0461538461538462
3921	-0.0371794871794873
3922	-0.0948717948717951
3923	-0.0948717948717951
3924	-0.171794871794872
3925	-0.143589743589744
3926	-0.162820512820513
3927	-0.23974358974359
3928	-0.297435897435897
3929	-0.192307692307692
3930	-0.355128205128205
3931	-0.432051282051282
3932	-0.528205128205128
3933	-0.585897435897436
3934	-0.566666666666667
3935	-0.643589743589744
3936	-0.662820512820513
3937	-0.73974358974359
3938	-0.73974358974359
3939	-0.758974358974359
3940	-0.758974358974359
3941	-0.911538461538462
3942	-1.01666666666667
3943	-1.0551282051282
3944	-1.13205128205128
3945	-1.18974358974359
3946	-1.22820512820513
3947	-1.37179487179487
3948	-1.39102564102564
3949	-1.37179487179487
3950	-1.3525641025641
3951	-1.44871794871795
3952	-1.44871794871795
3953	-1.42948717948718
4053	-0.583333333333333
4054	-0.583333333333333
4055	-0.564102564102564
4056	-0.544871794871795
4057	-0.487179487179487
4058	-0.467948717948718
4059	-0.525641025641026
4060	-0.621794871794872
4061	-0.621794871794872
4062	-0.698717948717949
4063	-0.698717948717949
4064	-0.717948717948718
4066	-0.775641025641026
4067	-0.737179487179487
4069	-0.737179487179487
4070	-0.698717948717949
4071	-0.68974358974359
4072	-0.603846153846154
4073	-0.7
4074	-0.766666666666667
4075	-0.68974358974359
4076	-0.747435897435897
4077	-0.68974358974359
4088	-0.717948717948718
4090	-0.871794871794872
4091	-0.871794871794872
4092	-0.805128205128205
4093	-0.719230769230769
4094	-0.680769230769231
4095	-0.603846153846154
4096	-0.584615384615385
4097	-0.612820512820513
4098	-0.632051282051282
4099	-0.593589743589744
4100	-0.593589743589744
4101	-0.441025641025641
4102	-0.507692307692308
4103	-0.507692307692308
4104	-0.469230769230769
4105	-0.555128205128205
4106	-0.45
4107	-0.516666666666667
4108	-0.487179487179487
4109	-0.487179487179487
4110	-0.544871794871795
4111	-0.420512820512821
4112	-0.497435897435897
4113	-0.402564102564103
4114	-0.355128205128205
4115	-0.269230769230769
4116	-0.269230769230769
4117	-0.221794871794872
4118	-0.307692307692308
4119	-0.326923076923077
4120	-0.374358974358975
4121	-0.393589743589744
4122	-0.297435897435897
4123	-0.297435897435897
4124	-0.287179487179487
4125	-0.248717948717949
4126	-0.276923076923077
4127	-0.276923076923077
4128	-0.43974358974359
4129	-0.43974358974359
4130	-0.555128205128205
4131	-0.535897435897436
4132	-0.555128205128205
4133	-0.516666666666667
4134	-0.469230769230769
4135	-0.488461538461538
4136	-0.45
4137	-0.555128205128205
4138	-0.507692307692308
4139	-0.441025641025641
4140	-0.460256410256411
4141	-0.47948717948718
4142	-0.546153846153846
4143	-0.565384615384615
4144	-0.565384615384615
4145	-0.507692307692308
4146	-0.584615384615385
4147	-0.526923076923077
4148	-0.488461538461538
4149	-0.66025641025641
4150	-0.717948717948718
4157	-0.756410256410256
4158	-0.632051282051282
4159	-0.603846153846154
4160	-0.623076923076923
4161	-0.623076923076923
4162	-0.661538461538462
4163	-0.526923076923077
4164	-0.469230769230769
4165	-0.43974358974359
4166	-0.43974358974359
4167	-0.248717948717949
4168	-0.201282051282051
4169	-0.182051282051282
4170	-0.210256410256411
4171	-0.287179487179487
4172	-0.182051282051282
4173	-0.229487179487179
4174	-0.344871794871795
4175	-0.411538461538462
4176	-0.364102564102564
4177	-0.202564102564103
4178	-0.135897435897436
4179	-0.135897435897436
4180	-0.155128205128205
4181	-0.107692307692308
4182	-0.0794871794871799
4183	-0.117948717948718
4184	-0.012820512820513
4185	0.00641025641025617
4186	-0.002564102564103
4187	-0.0602564102564107
4188	0.0256410256410253
4189	-0.0320512820512822
4190	-0.0320512820512822
4191	0.0730769230769228
4192	0.0730769230769228
4193	-0.098717948717949
4194	-0.184615384615385
4195	-0.193589743589744
4196	-0.0602564102564107
4197	-0.0217948717948719
4198	-0.0410256410256415
4199	-0.0602564102564107
4200	-0.098717948717949
4201	-0.137179487179488
4202	-0.156410256410257
4203	-0.28974358974359
4204	-0.223076923076923
4205	-0.242307692307692
4206	-0.184615384615385
4207	-0.184615384615385
4208	-0.232051282051282
4209	-0.0692307692307694
4210	-0.135897435897436
4211	-0.0974358974358975
4212	-0.106410256410256
4213	-0.267948717948718
4214	-0.334615384615385
4215	-0.315384615384615
4216	-0.296153846153846
4217	-0.362820512820513
4218	-0.391025641025641
4236	-0.487179487179487
4237	-0.420512820512821
4238	-0.43974358974359
4239	-0.373076923076923
4240	-0.564102564102564
4241	-0.564102564102564
4242	-0.583333333333333
4243	-0.67948717948718
4244	-0.632051282051282
4245	-0.593589743589744
4246	-0.574358974358975
4247	-0.593589743589744
4248	-0.574358974358975
4249	-0.555128205128205
4250	-0.555128205128205
4251	-0.43974358974359
4252	-0.43974358974359
4253	-0.420512820512821
4254	-0.382051282051282
4255	-0.362820512820513
4256	-0.285897435897436
4257	-0.266666666666667
4258	-0.266666666666667
4259	-0.2
4260	-0.0948717948717951
4261	-0.0948717948717951
4262	-0.133333333333333
4263	-0.114102564102564
4264	-0.161538461538462
4265	-0.103846153846154
4266	-0.0461538461538462
4267	-0.0743589743589743
4268	0.078205128205128
4269	0.0884615384615384
4270	-0.0166666666666666
4282	-0.0256410256410257
4283	-0.0833333333333334
4284	-0.0833333333333334
4285	-0.102564102564103
4286	-0.121794871794872
4287	-0.121794871794872
4288	-0.0551282051282052
4289	-0.0743589743589743
4290	-0.112820512820513
4291	-0.0461538461538462
4292	-0.0653846153846155
4293	-0.123076923076923
4294	-0.114102564102564
4295	-0.152564102564103
4296	-0.257692307692308
4297	-0.2
4298	-0.0666666666666667
4299	-0.0192307692307692
4300	-0.0192307692307692
4301	0.0474358974358975
4302	0.0666666666666667
4303	0.0474358974358975
4304	-0.0858974358974358
4305	-0.00897435897435883
4306	-0.0282051282051283
4307	-0.0474358974358974
4308	-0.0282051282051283
4309	-0.00897435897435883
4310	0.0102564102564102
4311	0.0102564102564102
4312	-0.133333333333333
4313	-0.219230769230769
4314	-0.219230769230769
4315	-0.161538461538462
4316	-0.247435897435897
4317	-0.333333333333333
4321	-0.333333333333333
4322	-0.333333333333333
4323	-0.391025641025641
4326	-0.467948717948718
4366	-0.506410256410256
4367	-0.526923076923077
4368	-0.48974358974359
4369	-0.585897435897436
4370	-0.519230769230769
4371	-0.405128205128205
4372	-0.443589743589744
4373	-0.443589743589744
4374	-0.385897435897436
4375	-0.367948717948718
4376	-0.357692307692308
4377	-0.357692307692308
4378	-0.271794871794872
4379	-0.291025641025641
4380	-0.310256410256411
4381	-0.387179487179487
4382	-0.406410256410257
4383	-0.348717948717949
4384	-0.348717948717949
4385	-0.473076923076923
4386	-0.492307692307692
4387	-0.473076923076923
4388	-0.530769230769231
4389	-0.569230769230769
4390	-0.607692307692308
4391	-0.703846153846154
4392	-0.637179487179488
4393	-0.656410256410257
4394	-0.733333333333334
4395	-0.761538461538461
4396	-0.694871794871795
4397	-0.828205128205128
4398	-0.732051282051282
4399	-0.751282051282051
4400	-0.905128205128205
4401	-1.04871794871795
4402	-0.828205128205128
4403	-0.923076923076923
4404	-1.03717948717949
4405	-1.07564102564103
4406	-1.2
4407	-1.29487179487179
4408	-1.29487179487179
4409	-1.33333333333333
4410	-1.29487179487179
4413	-1.27564102564103
4414	-1.31410256410256
4415	-1.26666666666667
4416	-1.31410256410256
4417	-1.31410256410256
4418	-1.33333333333333
4419	-1.33333333333333
4420	-1.3525641025641
4421	-1.28589743589744
4422	-1.32435897435897
4423	-1.3051282051282
4424	-1.2474358974359
4425	-1.20897435897436
4426	-1.20897435897436
4427	-1.16153846153846
4428	-1.20897435897436
4429	-1.17051282051282
4430	-1.18076923076923
4431	-1.16153846153846
4432	-1.36282051282051
4433	-1.38205128205128
4434	-1.43974358974359
4435	-1.31410256410256
4436	-1.33333333333333
4437	-1.39102564102564
4441	-1.33333333333333
4442	-1.38205128205128
4443	-1.38205128205128
4444	-1.36282051282051
4445	-1.37179487179487
4446	-1.41025641025641
4447	-1.28589743589744
4448	-1.39102564102564
4450	-1.50641025641026
4451	-1.35384615384615
4452	-1.39230769230769
4453	-1.41153846153846
4454	-1.41153846153846
4455	-1.35384615384615
4456	-1.28717948717949
4457	-1.39230769230769
4458	-1.37307692307692
4459	-1.22051282051282
4460	-1.22051282051282
4461	-1.16282051282051
4462	-1.12435897435897
4463	-1.12435897435897
4464	-1.12435897435897
4465	-1.09615384615385
4466	-1.14358974358974
4467	-1.1051282051282
4468	-1.12435897435897
4469	-1.08589743589744
4470	-0.933333333333333
4471	-0.856410256410257
4472	-0.817948717948718
4473	-0.875641025641026
4474	-0.837179487179487
4475	-0.826923076923077
4476	-0.846153846153846
4477	-0.797435897435897
4478	-0.778205128205128
4479	-0.73974358974359
4480	-0.72051282051282
4481	-0.596153846153846
4482	-0.557692307692308
4483	-0.5
4484	-0.414102564102564
4485	-0.212820512820513
4486	-0.241025641025641
4487	-0.393589743589744
4488	-0.335897435897436
4489	-0.316666666666667
4490	-0.297435897435897
4491	-0.278205128205128
4492	-0.287179487179487
4493	-0.267948717948718
4494	-0.182051282051282
4495	-0.315384615384615
4496	-0.229487179487179
4497	-0.096153846153846
4498	-0.0769230769230771
4499	-0.0858974358974358
4500	0.0294871794871795
4501	-0.0756410256410256
4502	-0.0371794871794873
4503	-0.017948717948718
4504	0.0397435897435897
4505	0.0589743589743589
4506	-0.0358974358974358
4507	-0.0166666666666666
4508	0.0884615384615384
4509	0.212820512820513
4510	0.232051282051282
4511	0.27051282051282
4512	0.356410256410256
4513	0.508974358974359
4514	0.556410256410256
4515	0.756410256410256
4516	0.756410256410256
4517	0.756410256410256
4518	0.717948717948718
4519	0.689743589743589
4520	0.642307692307692
4521	0.556410256410256
4522	0.566666666666667
4523	0.5
4524	0.461538461538461
4525	0.461538461538461
4526	0.461538461538461
4527	0.480769230769231
4528	0.461538461538461
4529	0.461538461538461
4530	0.433333333333333
4531	0.433333333333333
4532	0.347435897435897
4533	0.252564102564103
4534	0.214102564102564
4535	0.194871794871795
4536	0.233333333333333
4537	0.271794871794872
4538	0.291025641025641
4539	0.291025641025641
4540	0.291025641025641
4541	0.31025641025641
4542	0.348717948717949
4543	0.348717948717949
4544	0.282051282051282
4546	0.205128205128205
4547	0.233333333333333
4548	0.147435897435897
4570	-0.275641025641026
4571	-0.142307692307692
4572	-0.142307692307692
4573	-0.180769230769231
4574	-0.257692307692308
4575	-0.229487179487179
4576	-0.182051282051282
4577	-0.316666666666667
4578	-0.288461538461538
4579	-0.26025641025641
4580	-0.165384615384615
4581	-0.012820512820513
4582	-0.117948717948718
4583	-0.184615384615385
4584	-0.194871794871795
4585	-0.137179487179488
4586	-0.214102564102564
4587	-0.291025641025641
4588	-0.434615384615385
4589	-0.444871794871795
4590	-0.483333333333334
4591	-0.560256410256411
4592	-0.560256410256411
4593	-0.541025641025641
4594	-0.55
4595	-0.607692307692308
4596	-0.712820512820513
4597	-0.78974358974359
4598	-0.732051282051282
4599	-0.732051282051282
4600	-0.837179487179487
4601	-0.817948717948718
4602	-0.817948717948718
4603	-0.751282051282051
4604	-0.693589743589744
4605	-0.635897435897436
4606	-0.769230769230769
4607	-0.941025641025641
4608	-0.941025641025641
4609	-0.902564102564103
4610	-0.921794871794872
4611	-0.969230769230769
4612	-0.901282051282051
4613	-0.843589743589744
4614	-0.805128205128205
4615	-0.814102564102564
4673	-0.756410256410256
4674	-0.814102564102564
4675	-0.661538461538462
4676	-0.68974358974359
4677	-0.7
4678	-0.633333333333333
4679	-0.594871794871795
4680	-0.575641025641026
4681	-0.556410256410257
4682	-0.508974358974359
4683	-0.48974358974359
4684	-0.423076923076923
4685	-0.423076923076923
4686	-0.403846153846154
4687	-0.326923076923077
4688	-0.27948717948718
4689	-0.221794871794872
4690	-0.164102564102564
4691	-0.155128205128205
4692	-0.135897435897436
4693	-0.155128205128205
4694	-0.135897435897436
4695	-0.202564102564103
4696	-0.0884615384615384
4697	-0.107692307692308
4698	-0.146153846153846
4699	-0.155128205128205
4700	-0.212820512820513
4701	-0.26025641025641
4702	-0.241025641025641
4703	-0.183333333333333
4704	-0.058974358974359
4705	-0.0782051282051281
4706	-0.0115384615384615
4707	0.00769230769230766
4708	0.0551282051282049
4709	0.0269230769230768
4710	-0.0307692307692309
4711	-0.232051282051282
4712	-0.126923076923077
4713	-0.174358974358975
4714	-0.193589743589744
4715	-0.184615384615385
4716	-0.242307692307692
4717	-0.242307692307692
4718	-0.28974358974359
4719	-0.165384615384615
4720	-0.212820512820513
4721	-0.212820512820513
4722	-0.193589743589744
4723	-0.174358974358975
4724	-0.212820512820513
4725	-0.223076923076923
4726	-0.184615384615385
4727	-0.28974358974359
4728	-0.165384615384615
4729	-0.146153846153846
4730	-0.012820512820513
4731	-0.0410256410256415
4732	-0.146153846153846
4733	-0.0410256410256415
4734	-0.107692307692308
4735	-0.0307692307692309
4736	0.0358974358974355
4737	0.0551282051282049
4738	0.0166666666666664
4739	0.0358974358974355
4740	-0.0115384615384615
4741	0.00769230769230766
4742	0.0358974358974355
4743	0.0935897435897433
4744	-0.0397435897435898
4745	-0.0205128205128207
4746	0.161538461538461
4747	0.0948717948717948
4748	0.0179487179487179
4749	0.0653846153846154
4750	0.0564102564102562
4751	0.114102564102564
4752	0.142307692307692
4753	0.123076923076923
4754	0.189743589743589
4755	0.17051282051282
4756	0.112820512820512
4757	0.0743589743589741
4758	0.141025641025641
4759	0.141025641025641
4760	0.16025641025641
4761	0.207692307692308
4762	0.274358974358974
4763	0.216666666666667
4764	0.0538461538461537
4765	0.0538461538461537
4766	-0.137179487179488
4767	-0.0794871794871799
4768	-0.0794871794871799
4769	-0.165384615384615
4770	-0.165384615384615
4771	-0.223076923076923
4772	-0.28974358974359
4773	-0.184615384615385
4774	-0.165384615384615
4775	-0.212820512820513
4776	-0.193589743589744
4777	-0.155128205128205
4778	-0.326923076923077
4779	-0.393589743589744
4780	-0.432051282051282
4781	-0.412820512820513
4782	-0.374358974358975
4783	-0.278205128205128
4784	-0.306410256410257
4785	-0.373076923076923
4786	-0.373076923076923
4787	-0.382051282051282
4788	-0.429487179487179
4789	-0.41025641025641
4835	-0.487179487179487
4836	-0.448717948717949
4837	-0.429487179487179
4856	-0.391025641025641
4857	-0.294871794871795
4858	-0.17948717948718
4859	-0.00769230769230778
4860	0.0589743589743589
4861	0.0974358974358974
4862	0.144871794871795
4863	0.078205128205128
4864	0.0307692307692308
4865	-0.0833333333333334
4866	0.00256410256410255
4867	-0.0166666666666666
4868	0.00256410256410255
4869	-0.0358974358974358
4870	0.0974358974358974
4871	0.0115384615384614
4872	0.078205128205128
4873	0.125641025641026
4874	0.211538461538461
4875	0.220512820512821
4876	0.267948717948718
4877	0.287179487179487
4878	0.373076923076923
4879	0.564102564102564
4880	0.564102564102564
4881	0.564102564102564
4882	0.564102564102564
4883	0.544871794871795
4884	0.688461538461538
4885	0.688461538461538
4886	0.746153846153846
4887	0.774358974358974
4888	0.793589743589744
4889	0.86025641025641
4890	0.898717948717948
4891	0.842307692307692
4892	0.708974358974359
4893	0.708974358974359
4894	0.689743589743589
4895	0.575641025641026
4896	0.508974358974359
4897	0.470512820512821
4898	0.403846153846154
4899	0.403846153846154
4900	0.403846153846154
4901	0.470512820512821
4902	0.48974358974359
4903	0.603846153846154
4904	0.661538461538461
4905	0.7
4906	0.585897435897436
4907	0.7
4908	0.719230769230769
4909	0.833333333333333
4910	0.891025641025641
4911	0.824358974358974
4912	0.805128205128205
4913	0.785897435897436
4914	0.642307692307692
4915	0.48974358974359
4916	0.451282051282051
4917	0.412820512820513
4918	0.546153846153846
4919	0.574358974358974
4920	0.45
4921	0.516666666666666
4922	0.621794871794872
4923	0.621794871794872
4924	0.669230769230769
4925	0.755128205128205
4926	0.735897435897436
4927	0.755128205128205
4928	0.755128205128205
4929	0.821794871794871
4930	0.755128205128205
4931	0.716666666666667
4932	0.774358974358974
4933	0.774358974358974
4934	0.755128205128205
4935	0.716666666666667
4936	0.697435897435898
4937	0.658974358974359
4938	0.630769230769231
4939	0.534615384615384
4940	0.601282051282051
4941	0.620512820512821
4942	0.601282051282051
4943	0.429487179487179
4944	0.448717948717949
4945	0.191025641025641
4946	0.143589743589744
4947	0.105128205128205
4948	0.0384615384615383
4949	0.115384615384615
4950	0.115384615384615
4951	0.115384615384615
4952	0.182051282051282
4953	0.267948717948718
4954	0.173076923076923
4955	0.192307692307692
4956	0.211538461538461
4957	0.125641025641026
4958	-0.0371794871794873
4959	-0.161538461538462
4960	-0.247435897435897
4962	-0.391025641025641
4963	-0.448717948717949
4964	-0.487179487179487
4984	-0.391025641025641
4985	-0.371794871794872
4986	-0.285897435897436
4987	-0.247435897435897
4988	-0.314102564102564
4989	-0.314102564102564
4990	-0.228205128205128
4991	-0.333333333333333
4992	-0.333333333333333
4993	-0.275641025641026
4994	-0.237179487179487
4995	-0.294871794871795
4996	-0.217948717948718
4997	-0.294871794871795
5000	-0.266666666666667
5001	-0.238461538461539
5002	-0.191025641025641
5003	-0.210256410256411
5004	-0.191025641025641
5005	-0.210256410256411
5006	-0.210256410256411
5007	-0.229487179487179
5008	-0.229487179487179
5009	-0.0666666666666667
5010	-0.0192307692307692
5011	-0.0576923076923077
5012	-0.0858974358974358
5013	-0.238461538461539
5014	-0.266666666666667
5015	-0.210256410256411
5016	-0.276923076923077
5017	-0.201282051282051
5018	-0.201282051282051
5019	-0.182051282051282
5020	-0.267948717948718
5021	-0.267948717948718
5022	-0.201282051282051
5023	-0.182051282051282
5024	-0.182051282051282
5025	-0.162820512820513
5026	-0.210256410256411
5027	-0.105128205128205
5028	-0.0666666666666667
5029	-0.0474358974358974
5030	0.0769230769230769
5031	0.0576923076923078
5032	0.134615384615385
5033	0.134615384615385
5034	0.297435897435897
5035	0.45
5036	0.374358974358974
5037	0.46025641025641
5038	0.451282051282051
5039	0.412820512820513
5040	0.432051282051282
5041	0.451282051282051
5042	0.432051282051282
5043	0.412820512820513
5044	0.498717948717949
5045	0.432051282051282
5046	0.432051282051282
5047	0.432051282051282
5048	0.498717948717949
5049	0.526923076923077
5050	0.698717948717949
5051	0.546153846153846
5052	0.546153846153846
5053	0.441025641025641
5054	0.411538461538461
5055	0.516666666666666
5056	0.555128205128205
5057	0.535897435897436
5058	0.45
5059	0.478205128205128
5060	0.458974358974359
5061	0.411538461538461
5062	0.392307692307692
5063	0.334615384615385
5064	0.353846153846154
5065	0.353846153846154
5066	0.325641025641026
5067	0.325641025641026
5068	0.344871794871795
5069	0.325641025641026
5070	0.258974358974359
5071	0.173076923076923
5072	0.173076923076923
5073	-0.0564102564102565
5074	-0.0564102564102565
5075	-0.114102564102564
5076	-0.229487179487179
5077	-0.287179487179487
5078	-0.192307692307692
5079	-0.230769230769231
5080	-0.355128205128205
5081	-0.374358974358975
5082	-0.537179487179487
5083	-0.528205128205128
5084	-0.556410256410257
5085	-0.623076923076923
5086	-0.717948717948718
5087	-0.67948717948718
5088	-0.66025641025641
5090	-0.66025641025641
5093	-0.641025641025641
5127	-0.17051282051282
5128	-0.123076923076923
5129	-0.17051282051282
5130	-0.17051282051282
5131	-0.17051282051282
5132	-0.0846153846153846
5133	0.0487179487179488
5134	0.134615384615385
5135	0.134615384615385
5136	0.173076923076923
5137	0.153846153846154
5138	0.153846153846154
5139	0.153846153846154
5140	0.258974358974359
5141	0.258974358974359
5142	0.364102564102564
5143	0.411538461538461
5144	0.45
5145	0.488461538461538
5146	0.526923076923077
5147	0.526923076923077
5148	0.526923076923077
5149	0.526923076923077
5150	0.507692307692308
5151	0.546153846153846
5152	0.717948717948718
5153	0.698717948717949
5154	0.851282051282051
5155	0.803846153846154
5156	0.861538461538461
5157	0.861538461538461
5158	0.880769230769231
5159	0.861538461538461
5160	0.928205128205128
5161	0.908974358974359
5162	0.919230769230769
5163	0.671794871794872
5164	0.605128205128205
5165	0.671794871794872
5166	0.691025641025641
5167	0.757692307692308
5168	0.738461538461538
5169	0.605128205128205
5170	0.624358974358974
5171	0.624358974358974
5172	0.748717948717949
5173	0.748717948717949
5174	0.71025641025641
5175	0.729487179487179
5176	0.605128205128205
5177	0.585897435897436
5178	0.519230769230769
5179	0.461538461538461
5180	0.528205128205128
5181	0.517948717948718
5182	0.603846153846154
5183	0.546153846153846
5184	0.526923076923077
5185	0.526923076923077
5186	0.488461538461538
5187	0.45
5188	0.316666666666667
5189	0.316666666666667
5190	0.164102564102564
5191	0.144871794871795
5192	0.297435897435897
5193	0.297435897435897
5194	0.297435897435897
5195	0.392307692307692
5196	0.392307692307692
5197	0.353846153846154
5198	0.296153846153846
5199	0.296153846153846
5200	0.191025641025641
5201	0.0666666666666667
5202	0.0756410256410256
5203	0.0474358974358975
5204	-0.0769230769230771
5205	-0.0487179487179488
5206	-0.125641025641026
5207	-0.144871794871795
5208	-0.144871794871795
5209	-0.144871794871795
5210	-0.125641025641026
5211	-0.106410256410256
5212	-0.106410256410256
5213	-0.144871794871795
5214	-0.25
5215	-0.288461538461538
5216	-0.307692307692308
5217	-0.451282051282051
5218	-0.432051282051282
5219	-0.47948717948718
5220	-0.460256410256411
5221	-0.460256410256411
5222	-0.507692307692308
5223	-0.469230769230769
5224	-0.45
5225	-0.402564102564103
5226	-0.441025641025641
5227	-0.346153846153846
5228	-0.498717948717949
5229	-0.432051282051282
5230	-0.365384615384615
5231	-0.451282051282051
5232	-0.412820512820513
5233	-0.241025641025641
5234	-0.317948717948718
5235	-0.307692307692308
5236	-0.307692307692308
5237	-0.326923076923077
5238	-0.412820512820513
5239	-0.26025641025641
5240	-0.221794871794872
5241	-0.25
5242	-0.317948717948718
5243	-0.52948717948718
5244	-0.462820512820513
5245	-0.52051282051282
5246	-0.721794871794872
5247	-0.837179487179487
5248	-0.866666666666667
5249	-0.982051282051282
5250	-0.982051282051282
5251	-0.943589743589744
5252	-0.905128205128205
5253	-0.953846153846154
5254	-1.04102564102564
5255	-1.11794871794872
5256	-1.03205128205128
5257	-1.05128205128205
5258	-1.05128205128205
5259	-0.88974358974359
5260	-0.928205128205129
5261	-0.870512820512821
5262	-0.88974358974359
5263	-1.03333333333333
5264	-1.07179487179487
5265	-1.13846153846154
5266	-1.20512820512821
5267	-1.31025641025641
5268	-1.38717948717949
5269	-1.39615384615385
5270	-1.38717948717949
5271	-1.40641025641026
5272	-1.26282051282051
5273	-1.30128205128205
5274	-1.33974358974359
5275	-1.52179487179487
5276	-1.56025641025641
5277	-1.38717948717949
5278	-1.28076923076923
5279	-1.28076923076923
5280	-1.36666666666667
5281	-1.20384615384615
5282	-1.12692307692308
5283	-1.06923076923077
5284	-0.982051282051282
5285	-1.00128205128205
5286	-0.858974358974359
5287	-0.887179487179488
5288	-0.685897435897436
5289	-0.675641025641026
5290	-0.598717948717949
5291	-0.503846153846154
5292	-0.647435897435898
5293	-0.591025641025641
5294	-0.496153846153846
5295	-0.638461538461538
5296	-0.676923076923077
5297	-0.762820512820513
5298	-0.801282051282051
5299	-0.983333333333334
5300	-0.916666666666667
5301	-0.783333333333334
5302	-0.735897435897436
5303	-0.583333333333334
5304	-0.641025641025641
5305	-0.669230769230769
5306	-0.812820512820513
5307	-0.765384615384616
5308	-0.537179487179487
5309	-0.393589743589744
5310	-0.297435897435898
5311	-0.344871794871795
5312	-0.326923076923077
5313	-0.346153846153846
5314	-0.393589743589744
5315	-0.346153846153846
5316	-0.412820512820513
5317	-0.337179487179488
5318	-0.184615384615385
5319	-0.0512820512820511
5320	0.0243589743589743
5321	0.11025641025641
5322	-0.128205128205128
5323	-0.166666666666667
5324	-0.242307692307693
5325	-0.261538461538462
5326	-0.270512820512821
5327	-0.298717948717949
5328	-0.241025641025642
5329	-0.326923076923077
5330	-0.528205128205129
5331	-0.566666666666667
5332	-0.442307692307693
5333	-0.326923076923077
5334	-0.173076923076923
5335	-0.144871794871795
5336	-0.25
5337	-0.278205128205129
5338	-0.192307692307692
5339	-0.267948717948718
5340	-0.287179487179487
5341	-0.191025641025641
5342	-0.248717948717949
5343	-0.296153846153846
5344	-0.725641025641025
5345	-0.764102564102564
5346	-0.802564102564102
5347	-0.764102564102564
5348	-0.935897435897436
5349	-0.935897435897436
5350	-0.907692307692308
5351	-0.935897435897436
5352	-0.83974358974359
5353	-0.867948717948718
5354	-0.848717948717949
5355	-0.867948717948718
5356	-0.887179487179488
5357	-0.973076923076923
5358	-0.934615384615385
5359	-0.915384615384615
5360	-1.08846153846154
5361	-1.15641025641026
5362	-1.17564102564103
5363	-1.33846153846154
5364	-1.37692307692308
5365	-1.22307692307692
5366	-1.30897435897436
5367	-1.36666666666667
5368	-1.49102564102564
5369	-1.46282051282051
5370	-1.41538461538462
5371	-1.39615384615385
5372	-1.36794871794872
5373	-1.47307692307692
5374	-1.57820512820513
5375	-1.67435897435897
5376	-1.66538461538462
5377	-1.70384615384615
5378	-1.81923076923077
5379	-1.71410256410256
5380	-1.79102564102564
5381	-1.95384615384615
5382	-2.01153846153846
5383	-2.01153846153846
5384	-2.10769230769231
5385	-2.03076923076923
5386	-2.0025641025641
5387	-2.06025641025641
5388	-2.11794871794872
5389	-2.40512820512821
5390	-2.52820512820513
5391	-2.68205128205128
5392	-2.85384615384615
5393	-2.95
5394	-2.96025641025641
5395	-2.72051282051282
5396	-2.72051282051282
5397	-2.77820512820513
5398	-2.71153846153846
5399	-2.61538461538462
5400	-2.71153846153846
5401	-2.60641025641026
5402	-2.62564102564103
5403	-2.62564102564103
5404	-2.56794871794872
5405	-2.57692307692308
5406	-2.68205128205128
5407	-2.73974358974359
5408	-2.80641025641026
5409	-2.74871794871795
5410	-2.69102564102564
5411	-2.67179487179487
5412	-2.68076923076923
5413	-2.59487179487179
5414	-2.59487179487179
5415	-2.60384615384615
5416	-2.52692307692308
5417	-2.45
5418	-2.45
5419	-2.39230769230769
5420	-2.43076923076923
5421	-2.41153846153846
5422	-2.4974358974359
5423	-2.47820512820513
5424	-2.42051282051282
5425	-2.45897435897436
5426	-2.28589743589744
5427	-2.3525641025641
5428	-2.26666666666667
5429	-2.16153846153846
5430	-2.14230769230769
5431	-2.11282051282051
5432	-1.9974358974359
5433	-1.96794871794872
5434	-1.91153846153846
5435	-1.83461538461538
5436	-1.91153846153846
5437	-1.97820512820513
5438	-2.02564102564103
5439	-2.01666666666667
5440	-1.9974358974359
5441	-1.89230769230769
5442	-1.83461538461538
5443	-1.75769230769231
5444	-1.75769230769231
5445	-1.68076923076923
5446	-1.70897435897436
5447	-1.70897435897436
5448	-1.56538461538462
5449	-1.50769230769231
5450	-1.48846153846154
5451	-1.45
5452	-1.46025641025641
5453	-1.46025641025641
5454	-1.44102564102564
5455	-1.34487179487179
5456	-1.23974358974359
5457	-1.18205128205128
5458	-1.19102564102564
5459	-1.13333333333333
5460	-0.914102564102564
5461	-0.761538461538461
5462	-0.742307692307693
5463	-0.703846153846154
5464	-0.78974358974359
5465	-0.761538461538461
5466	-0.780769230769231
5467	-0.714102564102564
5468	-0.705128205128205
5469	-0.705128205128205
5470	-0.943589743589744
5471	-0.81923076923077
5472	-0.8
5473	-0.857692307692308
5474	-0.791025641025641
5475	-0.934615384615385
5476	-0.992307692307692
5477	-1.05897435897436
5478	-0.964102564102564
5479	-0.955128205128205
5480	-1.01282051282051
5481	-1.07051282051282
5482	-1.08974358974359
5483	-1.03205128205128
5484	-1.31025641025641
5485	-1.31025641025641
5486	-1.31025641025641
5487	-1.17564102564103
5488	-1.17564102564103
5489	-1.15641025641026
5490	-1.18589743589744
5491	-1.18589743589744
5492	-1.27179487179487
5493	-1.32948717948718
5494	-1.24358974358974
5495	-1.24358974358974
5496	-1.40512820512821
5497	-1.48076923076923
5498	-1.59615384615385
5499	-1.67307692307692
5500	-1.78846153846154
5501	-1.92179487179487
5502	-2.06538461538462
5503	-2.00769230769231
5504	-2.03589743589744
5505	-2.00769230769231
5506	-1.96923076923077
5507	-1.98846153846154
5508	-1.91153846153846
5509	-1.91153846153846
5510	-1.88205128205128
5511	-1.75769230769231
5512	-1.7
5513	-1.63333333333333
5514	-1.7
5515	-1.83333333333333
5516	-1.77564102564103
5517	-1.63205128205128
5518	-1.65128205128205
5519	-1.46923076923077
5520	-1.52692307692308
5521	-1.61282051282051
5522	-1.55641025641026
5523	-1.53717948717949
5524	-1.59487179487179
5525	-1.55641025641026
5526	-1.60384615384615
5527	-1.62307692307692
5528	-1.54615384615385
5529	-1.55641025641026
5530	-1.55641025641026
5531	-1.52948717948718
5532	-1.55897435897436
5533	-1.44358974358974
5534	-1.3
5535	-1.23333333333333
5536	-1.24358974358974
5537	-1.16666666666667
5538	-1.24358974358974
5539	-1.11923076923077
5540	-1.08076923076923
5541	-1.1
5542	-0.928205128205129
5543	-0.994871794871795
5544	-1.01410256410256
5545	-0.948717948717949
5546	-0.987179487179488
5547	-1.09230769230769
5548	-1.11153846153846
5549	-1.13974358974359
5550	-1.18717948717949
5551	-1.18717948717949
5552	-1.13974358974359
5553	-1.22564102564103
5554	-1.26410256410256
5555	-1.31153846153846
5556	-1.33076923076923
5557	-1.26410256410256
5558	-1.31153846153846
5559	-1.25384615384615
5560	-1.28205128205128
5561	-1.37820512820513
5562	-1.37820512820513
5563	-1.41666666666667
5564	-1.32051282051282
5565	-1.34871794871795
5566	-1.26153846153846
5567	-1.33717948717949
5568	-1.31794871794872
5569	-1.23205128205128
5570	-1.16410256410256
5571	-1.06794871794872
5572	-1.02948717948718
5573	-0.866666666666667
5574	-0.847435897435898
5575	-0.894871794871795
5576	-0.875641025641026
5577	-0.942307692307693
5578	-1.11410256410256
5579	-1.09487179487179
5580	-0.97948717948718
5581	-1.12179487179487
5582	-1.12179487179487
5583	-1.14102564102564
5584	-1.14102564102564
5585	-1.18974358974359
5586	-1.16153846153846
5587	-1.16153846153846
5588	-1.12307692307692
5589	-1.04615384615385
5590	-0.97948717948718
5591	-0.902564102564103
5592	-0.816666666666667
5593	-0.883333333333334
5594	-1.00769230769231
5595	-1.08461538461538
5596	-0.893589743589744
5597	-0.77948717948718
5598	-0.732051282051282
5599	-0.646153846153846
5600	-0.656410256410257
5601	-0.570512820512821
5602	-0.512820512820513
5603	-0.560256410256411
5604	-0.58974358974359
5605	-0.656410256410257
5606	-0.705128205128205
5607	-0.801282051282051
5608	-0.906410256410257
5609	-0.944871794871795
5610	-0.925641025641026
5611	-0.983333333333334
5612	-1.04102564102564
5613	-0.983333333333334
5614	-0.925641025641026
5615	-1.04102564102564
5616	-1.09871794871795
5617	-0.984615384615385
5618	-1.00384615384615
5619	-0.898717948717949
5620	-0.802564102564102
5621	-0.725641025641025
5622	-0.630769230769231
5623	-0.630769230769231
5624	-0.650000000000001
5625	-0.650000000000001
5626	-0.755128205128205
5627	-0.755128205128205
5628	-0.832051282051282
5629	-0.660256410256411
5630	-0.583333333333334
5631	-0.621794871794872
5632	-0.535897435897436
5633	-0.698717948717949
5634	-0.803846153846154
5635	-0.67948717948718
5636	-0.612820512820513
5637	-0.833333333333333
5638	-0.652564102564102
5639	-0.652564102564102
5640	-0.776923076923077
5641	-0.661538461538462
5642	-0.766666666666667
5643	-0.824358974358974
5644	-0.882051282051283
5645	-0.978205128205129
5646	-0.978205128205129
5647	-1.02564102564103
5648	-1.01666666666667
5649	-1.10384615384615
5650	-1.06666666666667
5651	-1.12435897435897
5652	-0.991025641025642
5653	-1.0474358974359
5654	-1
5655	-1.08589743589744
5656	-1.01025641025641
5657	-1.07692307692308
5658	-1.16282051282051
5659	-1.08589743589744
5660	-1.09487179487179
5661	-1.09487179487179
5662	-1.1525641025641
5663	-1.03717948717949
5664	-1.10384615384615
5665	-1.23717948717949
5666	-1.19871794871795
5667	-1.16025641025641
5668	-1.20641025641026
5669	-1.27307692307692
5670	-1.29230769230769
5671	-1.40641025641026
5672	-1.46282051282051
5673	-1.46282051282051
5674	-1.56666666666667
5675	-1.62435897435897
5676	-1.68205128205128
5677	-1.53846153846154
5678	-1.51923076923077
5679	-1.52820512820513
5680	-1.37564102564103
5681	-1.40384615384615
5682	-1.36538461538462
5683	-1.36538461538462
5684	-1.3551282051282
5685	-1.22948717948718
5686	-1.11410256410256
5687	-1.13333333333333
5688	-1.32435897435897
5689	-1.42051282051282
5690	-1.36282051282051
5691	-1.38205128205128
5692	-1.41025641025641
5693	-1.36282051282051
5694	-1.42051282051282
5695	-1.39230769230769
5696	-1.32564102564103
5697	-1.24871794871795
5698	-1.28717948717949
5699	-1.45128205128205
5700	-1.50897435897436
5701	-1.48076923076923
5702	-1.32820512820513
5703	-1.46282051282051
5704	-1.48205128205128
5705	-1.4448717948718
5706	-1.59871794871795
5707	-1.52179487179487
5708	-1.36923076923077
5709	-1.35
5710	-1.21538461538462
5711	-1.13846153846154
5712	-1.22435897435897
5713	-1.36794871794872
5714	-1.5025641025641
5715	-1.63717948717949
5716	-1.75128205128205
5717	-1.75128205128205
5718	-1.90512820512821
5719	-1.88589743589744
5720	-1.94358974358974
5721	-2.03974358974359
5722	-2.00128205128205
5723	-2.03076923076923
5724	-1.99230769230769
5725	-2.0025641025641
5726	-1.98333333333333
5727	-1.98333333333333
5728	-2.03205128205128
5729	-1.91794871794872
5730	-1.98461538461538
5731	-1.92692307692308
5732	-2.03205128205128
5733	-1.96538461538462
5734	-1.76410256410256
5735	-1.74487179487179
5736	-1.78333333333333
5737	-1.86923076923077
5738	-1.98333333333333
5739	-1.96410256410256
5740	-1.78205128205128
5741	-1.76153846153846
5742	-1.8
5743	-1.8
5744	-1.8474358974359
5745	-1.8474358974359
5746	-1.8474358974359
5747	-1.72307692307692
5748	-1.62692307692308
5749	-1.47307692307692
5750	-1.3
5751	-1.35769230769231
5752	-1.31025641025641
5753	-1.23333333333333
5754	-1.27179487179487
5755	-1.22435897435897
5756	-1.12820512820513
5757	-1.22435897435897
5758	-1.17564102564103
5759	-1.22307692307692
5760	-1.22307692307692
5761	-1.3474358974359
5762	-1.43333333333333
5763	-1.31794871794872
5764	-1.38461538461538
5765	-1.64230769230769
5766	-1.62435897435897
5767	-1.46282051282051
5768	-1.48205128205128
5769	-1.4525641025641
5770	-1.43333333333333
5771	-1.48076923076923
5772	-1.36666666666667
5773	-1.36666666666667
5774	-1.31025641025641
5775	-1.28205128205128
5776	-1.40641025641026
5777	-1.46410256410256
5778	-1.5025641025641
5779	-1.56025641025641
5780	-1.66538461538462
5781	-1.63717948717949
5782	-1.73333333333333
5783	-1.81923076923077
5784	-1.81025641025641
5785	-1.6
5786	-1.6
5787	-1.52307692307692
5788	-1.66666666666667
5789	-1.32307692307692
5790	-1.24615384615385
5791	-1.37051282051282
5792	-1.18846153846154
5793	-1.13076923076923
5794	-1.27435897435897
5795	-1.25512820512821
5796	-1.21666666666667
5797	-1.15897435897436
5798	-1.23589743589744
5799	-1.29358974358974
5800	-1.32179487179487
5801	-1.23589743589744
5802	-1.37820512820513
5803	-1.60641025641026
5804	-1.60641025641026
5805	-1.55897435897436
5806	-1.68333333333333
5807	-1.6448717948718
5808	-1.61538461538462
5809	-1.59615384615385
5810	-1.6525641025641
5811	-1.7
5812	-1.62307692307692
5813	-1.57564102564103
5814	-1.51794871794872
5815	-1.49871794871795
5816	-1.51794871794872
5817	-1.56538461538462
5818	-1.62307692307692
5819	-1.58461538461538
5820	-1.7474358974359
5821	-1.83333333333333
5822	-1.7948717948718
5823	-1.77564102564103
5824	-1.83333333333333
5906	-2.47820512820513
5907	-2.45897435897436
5908	-2.31538461538462
5909	-2.31538461538462
5910	-2.35384615384615
5911	-2.35384615384615
5912	-2.41153846153846
5913	-2.44102564102564
5914	-2.53717948717949
5915	-2.53717948717949
5916	-2.57564102564103
5917	-2.69102564102564
5918	-2.58589743589744
5919	-2.53846153846154
5920	-2.59615384615385
5921	-2.56794871794872
5922	-2.77820512820513
5923	-2.56666666666667
5924	-2.52820512820513
5925	-2.5474358974359
5926	-2.5474358974359
5927	-2.37435897435897
5928	-2.25897435897436
5929	-2.37435897435897
5930	-2.35512820512821
5931	-2.38333333333333
5932	-2.42179487179487
5933	-2.46025641025641
5934	-2.41153846153846
5935	-2.4025641025641
5936	-2.43076923076923
5937	-2.51666666666667
5938	-2.09487179487179
5939	-1.95128205128205
5940	-2.02820512820513
5941	-2.00897435897436
5942	-1.97051282051282
5943	-1.97051282051282
5944	-1.97948717948718
5945	-1.99871794871795
5946	-2.03717948717949
5947	-1.97948717948718
5948	-1.74871794871795
5949	-1.71025641025641
5950	-1.69102564102564
5951	-1.57564102564103
5952	-1.53717948717949
5953	-1.51794871794872
5954	-1.49871794871795
5955	-1.4025641025641
5956	-1.32564102564103
5957	-1.29615384615385
5958	-1.23846153846154
5959	-1.0474358974359
5960	-1.02820512820513
5961	-1.02820512820513
5962	-1.0474358974359
5963	-0.980769230769231
5964	-0.951282051282051
5965	-1
5966	-0.971794871794872
5967	-0.885897435897436
5968	-0.82948717948718
5969	-0.801282051282051
5970	-0.743589743589744
5971	-0.762820512820513
5972	-0.773076923076923
5973	-0.888461538461538
5974	-0.783333333333334
5975	-0.63974358974359
5976	-0.487179487179488
5977	-0.448717948717949
5978	-0.620512820512821
5979	-0.658974358974359
5980	-0.774358974358975
5981	-0.658974358974359
5982	-0.573076923076923
5983	-0.611538461538462
5984	-0.688461538461538
5985	-0.774358974358975
5986	-0.823076923076923
5987	-0.814102564102564
5988	-0.785897435897436
5989	-0.747435897435898
5990	-0.623076923076923
5991	-0.68974358974359
5992	-0.612820512820513
5993	-0.612820512820513
5994	-0.421794871794872
5995	-0.516666666666667
5996	-0.392307692307692
5997	-0.315384615384616
5998	-0.276923076923077
5999	-0.238461538461539
6000	-0.170512820512821
6001	-0.00769230769230789
6002	0.116666666666666
6003	0.232051282051282
6004	0.242307692307692
6005	0.214102564102564
6006	0.291025641025641
6007	0.558974358974359
6008	0.626923076923077
6009	0.626923076923077
6010	0.446153846153846
6011	0.484615384615384
6012	0.551282051282051
6013	0.694871794871795
6014	0.771794871794871
6015	1.06923076923077
6016	1.4025641025641
6017	1.86923076923077
6018	3.71794871794872
6019	5.47179487179487
6020	5.88205128205128
6021	7.5974358974359
