27	-0.610769230769231
28	-0.383076923076923
29	-0.363076923076923
30	-0.363076923076923
31	-0.266153846153846
32	-0.286153846153846
33	-0.149230769230769
34	-0.0292307692307692
35	0.104615384615385
36	0.258461538461538
37	0.258461538461538
38	0.161538461538461
39	0.258461538461538
40	0.432307692307692
41	0.355384615384615
42	0.489230769230769
43	0.489230769230769
44	0.626153846153846
45	0.606153846153846
46	0.546153846153846
47	0.486153846153846
48	0.563076923076923
49	0.563076923076923
50	0.429230769230769
51	0.309230769230769
52	0.272307692307692
53	0.0446153846153841
54	0.0446153846153841
55	0.198461538461538
56	0.295384615384615
57	0.255384615384615
58	0.292307692307692
59	0.232307692307692
60	0.0584615384615379
61	-0.0753846153846156
62	0.0584615384615379
63	0.0584615384615379
64	0.212307692307692
65	0.175384615384615
66	0.235384615384615
67	0.121538461538461
68	-0.0184615384615388
69	-0.175384615384616
70	-0.292307692307692
71	-0.252307692307693
72	-0.269230769230769
73	-0.346153846153846
74	-0.426153846153846
75	-0.586153846153846
76	-0.486153846153846
77	-0.526153846153846
78	-0.606153846153846
79	-0.643076923076923
80	-0.856923076923077
81	-1.01076923076923
82	-0.950769230769231
96	-0.990769230769231
97	-0.973846153846154
98	-0.993846153846154
99	-0.970769230769231
100	-0.696923076923077
101	-0.756923076923077
102	-0.816923076923077
103	-0.696923076923077
104	-0.756923076923077
105	-0.523076923076923
106	-0.523076923076923
107	-0.546153846153846
108	-0.683076923076923
109	-0.603076923076923
110	-0.603076923076923
111	-0.506153846153846
112	-0.466153846153846
113	-0.543076923076923
114	-0.443076923076923
115	-0.383076923076923
116	-0.266153846153846
117	-0.44
118	-0.616923076923077
119	-0.56
120	-0.696923076923077
121	-0.753846153846154
122	-0.810769230769231
123	-0.773846153846154
124	-0.676923076923077
125	-0.930769230769231
126	-0.910769230769231
127	-0.813846153846154
128	-0.873846153846154
129	-0.8
130	-0.996923076923077
131	-0.996923076923077
132	-1.13076923076923
133	-1.19076923076923
134	-1.31076923076923
135	-1.29076923076923
136	-1.33076923076923
137	-1.33076923076923
138	-1.33076923076923
139	-1.37076923076923
140	-1.27384615384615
141	-1.39076923076923
142	-1.39076923076923
163	-0.373846153846154
164	-0.273846153846154
165	-0.256923076923077
166	-0.276923076923077
167	-0.26
168	-0.32
169	-0.24
170	-0.26
171	-0.376923076923077
172	-0.436923076923077
173	-0.34
174	-0.42
175	-0.386153846153846
176	-0.429230769230769
177	-0.429230769230769
178	-0.369230769230769
179	-0.426153846153846
180	-0.409230769230769
181	-0.255384615384616
182	-0.135384615384616
183	-0.195384615384616
184	-0.372307692307692
185	-0.429230769230769
186	-0.409230769230769
187	-0.486153846153846
188	-0.623076923076924
189	-0.803076923076923
190	-0.94
191	-0.9
192	-0.936923076923077
193	-0.856923076923077
194	-0.876923076923077
195	-0.76
196	-0.66
197	-0.58
198	-0.793846153846154
199	-0.636923076923077
200	-0.790769230769231
201	-0.750769230769231
203	-0.830769230769231
204	-0.810769230769231
209	-1.23076923076923
210	-1.17384615384615
211	-1.21384615384615
212	-1.23384615384615
213	-1.21384615384615
214	-0.783076923076923
215	-0.663076923076923
216	-0.703076923076924
217	-0.666153846153847
218	-0.649230769230769
219	-0.515384615384616
220	-0.552307692307692
221	-0.495384615384616
222	-0.555384615384616
223	-0.498461538461539
224	-0.595384615384616
225	-0.555384615384616
226	-0.632307692307692
227	-0.555384615384616
228	-0.572307692307692
229	-0.612307692307692
230	-0.592307692307692
231	-0.298461538461538
232	-0.335384615384616
233	-0.312307692307692
234	-0.329230769230769
235	-0.212307692307692
236	-0.118461538461539
237	-0.0784615384615384
238	-0.255384615384616
239	-0.569230769230769
240	-0.609230769230769
241	-0.609230769230769
242	-0.452307692307692
243	-0.489230769230769
244	-0.583076923076923
245	-0.526153846153846
246	-0.563076923076923
247	-0.486153846153846
248	-0.463076923076923
249	-0.443076923076923
250	-0.423076923076923
251	-0.423076923076923
252	-0.46
253	-0.403076923076924
254	-0.306153846153846
255	-0.266153846153846
256	-0.34
257	-0.28
258	-0.32
259	-0.36
260	-0.496923076923077
261	-0.670769230769231
262	-0.710769230769231
263	-0.590769230769231
269	-0.590769230769231
276	-0.790769230769231
277	-0.773846153846154
278	-0.870769230769231
281	-0.930769230769231
282	-0.990769230769231
283	-0.930769230769231
284	-0.890769230769231
287	-0.630769230769231
288	-0.690769230769231
289	-0.576923076923077
290	-0.713846153846154
291	-0.613846153846154
292	-0.730769230769231
293	-0.613846153846154
299	-0.350769230769231
300	-0.310769230769231
311	-0.173846153846154
312	-0.213846153846154
313	-0.113846153846154
314	-0.250769230769231
315	-0.190769230769231
316	-0.190769230769231
317	0.0599999999999999
318	0.0399999999999999
319	0.0369230769230766
320	0.0369230769230766
321	-0.00307692307692342
322	-0.0230769230769232
323	-0.0230769230769232
324	-0.0230769230769232
325	0.0138461538461536
326	-0.00307692307692342
327	-0.0630769230769235
328	-0.0630769230769235
329	-0.0230769230769232
330	0.0538461538461539
331	0.0338461538461539
332	0.110769230769231
333	0.0138461538461536
334	0.0538461538461539
335	-0.0630769230769235
336	0.0169230769230766
337	0.0369230769230766
338	0.0738461538461537
339	-0.0230769230769232
340	-0.00307692307692342
341	-0.143076923076923
342	-0.256923076923077
343	-0.313846153846154
344	-0.12
345	-0.12
346	-0.0061538461538464
347	0.301538461538461
348	0.475384615384615
349	0.532307692307692
350	0.669230769230769
351	0.589230769230769
352	0.609230769230769
353	0.743076923076923
354	0.816923076923077
355	0.753846153846153
356	0.733846153846153
357	1.03846153846154
358	1.13846153846154
359	1.28923076923077
360	1.36615384615385
361	1.05230769230769
362	0.892307692307692
363	0.969230769230769
364	1.10615384615385
365	1.20307692307692
366	1.39692307692308
367	1.34
368	1.36
369	1.08923076923077
370	1.36
371	1.34
372	1.06923076923077
373	0.989230769230768
374	0.872307692307692
375	0.752307692307692
376	0.849230769230769
377	1.02
378	0.823076923076923
379	0.592307692307692
380	0.635384615384615
381	0.615384615384615
382	0.267692307692307
383	0.244615384615384
384	0.15076923076923
385	0.17076923076923
386	0.424615384615385
387	0.487692307692307
388	0.45076923076923
389	0.373846153846153
390	0.296923076923076
391	0.336923076923077
392	0.276923076923077
393	0.196923076923077
394	0.156923076923076
395	-0.113846153846154
396	-0.110769230769231
397	-0.0507692307692311
398	0.00923076923076938
399	0.243076923076923
400	0.109230769230769
401	0.149230769230769
402	-0.0815384615384618
403	-0.0584615384615386
404	0.0784615384615381
405	-0.0984615384615388
406	-0.0784615384615384
407	-0.0353846153846158
408	0.0815384615384613
409	0.232307692307692
410	0.132307692307692
411	0.226153846153846
412	0.263076923076923
413	0.146153846153846
414	0.32
415	0.55076923076923
416	0.336923076923077
417	0.433846153846153
418	0.453846153846153
419	0.744615384615384
420	0.784615384615384
421	0.821538461538462
422	0.801538461538462
423	0.841538461538462
424	0.49076923076923
425	0.684615384615384
426	0.895384615384615
427	1.05230769230769
428	1.09230769230769
429	1.03538461538462
430	1.17538461538462
431	1.25538461538462
432	1.13846153846154
433	0.984615384615385
434	0.676923076923077
435	0.853846153846153
436	0.623076923076923
437	0.796923076923077
438	0.853846153846153
439	0.87076923076923
440	0.907692307692308
441	1.00461538461538
442	1.06153846153846
443	1.17538461538462
444	0.961538461538462
445	0.998461538461539
446	0.978461538461538
447	0.898461538461538
448	0.838461538461538
449	0.918461538461538
450	0.704615384615385
451	0.316923076923077
452	0.296923076923076
453	0.216923076923077
454	0.293846153846153
455	0.213846153846153
456	0.21076923076923
457	0.307692307692307
458	0.267692307692307
459	0.307692307692307
460	0.21076923076923
461	0.27076923076923
462	0.0600000000000001
463	0.00307692307692276
464	0.00307692307692276
465	-0.150769230769231
466	0.0430769230769228
467	0.253846153846153
468	0.0799999999999998
469	0.0830769230769228
470	0.216923076923077
471	0.16
472	0.16
473	-0.0338461538461539
474	0.0799999999999998
475	0.253846153846153
476	0.333846153846153
477	0.156923076923076
478	0.427692307692307
479	0.37076923076923
480	0.507692307692307
481	0.484615384615384
482	0.387692307692307
483	0.427692307692307
484	0.504615384615384
485	0.427692307692307
486	0.31076923076923
487	0.31076923076923
488	0.424615384615385
489	0.25076923076923
490	0.136923076923077
491	-0.113846153846154
492	-0.478461538461538
493	-0.398461538461539
494	-0.418461538461539
495	-0.649230769230769
496	-0.706153846153846
497	-0.626153846153847
498	-0.726153846153846
499	-0.803076923076923
500	-0.82
501	-0.723076923076923
502	-0.703076923076924
503	-0.933846153846154
504	-0.876923076923077
505	-0.723076923076923
506	-0.72
507	-0.66
508	-0.7
509	-0.796923076923077
510	-0.7
511	-0.389230769230769
512	-0.412307692307692
513	-0.566153846153846
514	-0.543076923076923
515	-0.506153846153846
516	-0.506153846153846
517	-0.332307692307692
518	-0.372307692307692
519	-0.312307692307692
520	-0.272307692307692
521	-0.332307692307692
522	-0.429230769230769
523	-0.312307692307692
524	-0.312307692307692
525	-0.412307692307692
526	-0.435384615384616
527	-0.415384615384616
528	-0.435384615384616
529	-0.592307692307692
530	-0.803076923076923
531	-0.84
532	-0.766153846153846
533	-0.726153846153846
534	-0.686153846153846
535	-0.666153846153847
536	-0.936923076923077
537	-0.873846153846154
538	-0.893846153846154
539	-0.973846153846154
540	-1.07076923076923
541	-0.916923076923077
542	-1.03384615384615
543	-0.993846153846154
544	-1.07384615384615
545	-1.03692307692308
546	-1.05692307692308
547	-1.07692307692308
548	-0.88
549	-0.936923076923077
550	-0.953846153846154
551	-0.970769230769231
552	-0.910769230769231
553	-0.890769230769231
554	-0.773846153846154
555	-0.716923076923077
556	-0.716923076923077
557	-0.656923076923077
558	-0.596923076923077
559	-0.536923076923077
560	-0.593846153846154
561	-0.323076923076923
562	-0.209230769230769
563	-0.0923076923076922
564	-0.0523076923076924
565	-0.0123076923076924
566	-0.0123076923076924
567	0.0107692307692309
568	0.0646153846153843
569	0.315384615384615
570	0.258461538461538
571	0.315384615384615
572	0.332307692307692
573	0.255384615384615
574	0.275384615384615
575	0.295384615384615
576	0.315384615384615
577	0.255384615384615
578	0.275384615384615
579	0.218461538461538
580	0.0615384615384615
581	0.0415384615384613
582	-0.152307692307692
583	-0.292307692307692
584	-0.352307692307692
585	-0.455384615384616
586	-0.786153846153846
587	-0.906153846153846
588	-1.06307692307692
589	-1.24307692307692
590	-1.30307692307692
591	-1.47692307692308
592	-1.44
593	-1.43692307692308
595	-1.69076923076923
600	-1.69076923076923
604	-1.65384615384615
605	-1.55692307692308
606	-1.5
607	-1.52
608	-1.38307692307692
609	-1.30615384615385
610	-1.24307692307692
611	-1.12615384615385
612	-1.2
613	-1.08307692307692
614	-0.983076923076923
615	-0.963076923076923
616	-0.943076923076923
617	-0.943076923076923
618	-1.12
619	-1.16
620	-1.15692307692308
621	-1.17692307692308
622	-1.18
623	-1.1
624	-1.13692307692308
625	-1.29076923076923
626	-1.07384615384615
627	-0.936923076923077
628	-0.976923076923077
629	-1.05384615384615
630	-0.956923076923077
631	-0.8
632	-0.82
633	-0.836923076923077
634	-0.853846153846154
635	-0.933846153846154
636	-0.990769230769231
637	-0.853846153846154
638	-0.893846153846154
639	-0.893846153846154
640	-0.953846153846154
641	-0.933846153846154
642	-1.01076923076923
643	-0.970769230769231
644	-0.813846153846154
645	-0.74
646	-0.583076923076923
647	-0.64
648	-0.64
649	-0.523076923076923
650	-0.426153846153846
651	-0.272307692307692
652	-0.352307692307692
653	-0.195384615384616
654	-0.252307692307693
655	-0.406153846153847
656	-0.62
657	-0.463076923076923
658	-0.446153846153846
659	-0.546153846153846
660	-0.546153846153846
661	-0.506153846153846
662	-0.663076923076923
663	-0.66
664	-0.6
665	-0.5
666	-0.383076923076923
667	-0.363076923076923
668	-0.303076923076923
669	-0.4
670	-0.453846153846154
671	-0.550769230769231
672	-0.530769230769231
673	-0.493846153846154
674	-0.473846153846154
675	-0.590769230769231
680	-0.930769230769231
681	-0.870769230769231
690	-0.670769230769231
691	-0.670769230769231
692	-0.730769230769231
693	-0.710769230769231
694	-0.710769230769231
695	-0.730769230769231
696	-0.750769230769231
697	-0.830769230769231
698	-0.656923076923077
699	-0.676923076923077
700	-0.696923076923077
701	-0.676923076923077
702	-0.653846153846154
703	-0.630769230769231
749	-0.430769230769231
751	-0.370769230769231
753	-0.450769230769231
755	-0.456923076923077
756	-0.416923076923077
757	-0.356923076923077
758	-0.316923076923077
759	-0.476923076923077
760	-0.536923076923077
761	-0.573846153846154
762	-0.536923076923077
763	-0.556923076923077
764	-0.503076923076923
765	-0.56
766	-0.656923076923077
767	-0.716923076923077
768	-0.66
769	-0.563076923076923
770	-0.563076923076923
771	-0.523076923076923
772	-0.58
773	-0.54
774	-0.576923076923077
775	-0.636923076923077
776	-0.793846153846154
777	-0.736923076923077
778	-0.833846153846154
779	-0.713846153846154
814	-0.393846153846154
815	-0.333846153846154
816	-0.393846153846154
817	-0.393846153846154
818	-0.373846153846154
819	-0.430769230769231
820	-0.373846153846154
821	-0.413846153846154
822	-0.453846153846154
823	-0.336923076923077
824	-0.316923076923077
825	-0.413846153846154
826	-0.393846153846154
1213	-0.270769230769231
1214	-0.230769230769231
1215	-0.210769230769231
1216	-0.133846153846154
1467	-0.450769230769231
1903	-0.290769230769231
1904	-0.093846153846154
1905	-0.113846153846154
1906	-0.133846153846154
1907	-0.210769230769231
2090	-0.550769230769231
2091	-0.570769230769231
2092	-0.530769230769231
2093	-0.453846153846154
2094	-0.453846153846154
2095	-0.433846153846154
2096	-0.550769230769231
2097	-0.610769230769231
2098	-0.613846153846154
2504	-0.390769230769231
2505	-0.393846153846154
2506	-0.510769230769231
2507	-0.550769230769231
2508	-0.530769230769231
4544	0.129230769230769
4545	0.109230769230769
4546	0.0692307692307691
4547	-0.0107692307692311
4548	-0.0707692307692309
4549	-0.030769230769231
4551	0.146153846153846
4552	0.166153846153846
4553	0.089230769230769
4554	0.089230769230769
4555	0.0492307692307691
4556	0.0492307692307691
4558	0.0692307692307691
4559	0.0492307692307691
4560	0.163076923076923
4561	-0.0107692307692311
4584	-0.450769230769231
4601	-0.490769230769231
4602	-0.430769230769231
4603	-0.410769230769231
4605	-0.490769230769231
4620	-0.350769230769231
4621	-0.390769230769231
4622	-0.350769230769231
4657	-0.650769230769231
4699	-0.570769230769231
4700	-0.570769230769231
4701	-0.590769230769231
4702	-0.550769230769231
4895	0.229230769230769
4963	-0.590769230769231
4964	-0.550769230769231
4965	-0.430769230769231
4966	-0.450769230769231
4967	-0.410769230769231
4969	-0.470769230769231
4970	-0.430769230769231
4971	-0.410769230769231
4972	-0.270769230769231
4973	-0.290769230769231
5062	0.109230769230769
5066	-0.0107692307692311
5067	0.0292307692307689
5068	0.0492307692307691
5069	0.089230769230769
5070	0.109230769230769
5071	0.00923076923076904
5075	0.0292307692307689
5225	-0.553846153846154
5226	-0.630769230769231
5227	-0.630769230769231
5228	-0.610769230769231
5229	-0.610769230769231
5230	-0.630769230769231
5241	-0.490769230769231
5242	-0.530769230769231
5243	-0.510769230769231
5289	-0.870769230769231
5290	-0.696923076923077
5291	-0.793846153846154
5292	-0.793846153846154
5293	-0.676923076923077
5294	-0.676923076923077
5295	-0.673846153846154
5296	-0.830769230769231
5297	-0.713846153846154
5298	-0.616923076923077
5299	-0.536923076923077
5300	-0.536923076923077
5301	-0.536923076923077
5302	-0.536923076923077
5303	-0.46
5304	-0.48
5305	-0.536923076923077
5306	-0.476923076923077
5307	-0.630769230769231
5308	-0.610769230769231
5309	-0.690769230769231
5310	-0.750769230769231
5311	-0.770769230769231
5336	-1.61076923076923
5337	-1.59076923076923
5343	-1.31076923076923
5344	-1.13076923076923
5345	-1.15076923076923
5346	-1.09076923076923
5347	-1.07076923076923
5348	-1.01076923076923
5349	-1.13076923076923
5394	-1.83076923076923
5395	-1.85076923076923
5396	-1.95076923076923
5397	-1.89076923076923
5398	-1.77384615384615
5399	-1.65692307692308
5400	-1.67692307692308
5401	-1.81384615384615
5402	-1.79384615384615
5403	-1.69384615384615
5404	-1.59384615384615
5405	-1.63384615384615
5406	-1.63076923076923
5407	-1.73076923076923
5408	-1.59384615384615
5409	-1.59384615384615
5410	-1.65384615384615
5411	-1.63384615384615
5412	-1.61384615384615
5413	-1.69076923076923
5414	-1.53384615384615
5415	-1.45384615384615
5416	-1.57076923076923
5456	-1.75076923076923
5457	-1.71384615384615
5458	-1.63384615384615
5459	-1.59384615384615
5460	-1.51384615384615
5461	-1.43076923076923
5463	-1.41076923076923
5464	-1.39076923076923
5465	-1.29384615384615
5466	-1.25384615384615
5467	-1.15692307692308
5468	-0.866153846153846
5469	-0.906153846153846
5470	-0.906153846153846
5471	-1.10615384615385
5472	-1.02615384615385
5473	-1.08307692307692
5474	-1.06
5475	-0.98
5476	-0.94
5477	-0.803076923076923
5478	-0.763076923076923
5479	-0.646153846153846
5480	-0.816923076923077
5481	-0.853846153846154
5482	-0.830769230769231
5483	-0.850769230769231
5484	-0.830769230769231
5487	-0.970769230769231
5488	-0.950769230769231
5489	-1.03076923076923
5492	-1.23076923076923
5503	-0.910769230769231
5504	-0.970769230769231
5505	-1.03076923076923
5506	-1.15076923076923
5507	-1.09384615384615
5508	-1.09384615384615
5509	-1.07384615384615
5510	-0.86
5511	-0.9
5512	-0.936923076923077
5513	-0.916923076923077
5514	-0.836923076923077
5515	-0.756923076923077
5516	-0.696923076923077
5517	-0.770769230769231
5518	-0.713846153846154
5519	-0.673846153846154
5520	-0.713846153846154
5521	-0.616923076923077
5522	-0.636923076923077
5523	-0.656923076923077
5524	-0.6
5525	-0.58
5526	-0.653846153846154
5527	-0.650769230769231
5540	-1.07076923076923
5541	-1.13076923076923
5542	-1.19076923076923
5545	-1.35076923076923
5546	-1.27384615384615
5547	-1.29384615384615
5548	-1.35076923076923
5551	-1.65076923076923
5552	-1.77076923076923
5553	-1.83384615384615
5554	-1.95076923076923
5555	-1.85692307692308
5556	-1.70307692307692
5557	-1.72307692307692
5558	-1.50615384615385
5559	-1.36615384615385
5560	-1.34615384615385
5561	-1.38615384615385
5562	-1.42307692307692
5563	-1.46307692307692
5564	-1.42
5565	-1.37692307692308
5566	-1.20615384615385
5567	-1.12615384615385
5568	-1.22615384615385
5569	-1.16923076923077
5570	-1.14615384615385
5571	-1.34
5572	-1.28
5573	-1.30307692307692
5574	-1.22307692307692
5575	-1.04615384615385
5576	-1.08307692307692
5577	-0.869230769230769
5578	-0.806153846153846
5579	-0.709230769230769
5580	-0.803076923076923
5581	-0.956923076923077
5582	-0.836923076923077
5583	-0.893846153846154
5584	-0.873846153846154
5585	-0.913846153846154
5586	-0.836923076923077
5587	-0.86
5588	-0.78
5589	-0.9
5590	-0.94
5591	-0.916923076923077
5592	-0.896923076923077
5593	-0.796923076923077
5594	-0.696923076923077
5595	-0.836923076923077
5596	-0.836923076923077
5597	-0.78
5598	-0.756923076923077
5599	-0.546153846153846
5600	-0.663076923076923
5601	-0.703076923076924
5602	-0.726153846153846
5603	-0.746153846153846
5604	-0.826153846153846
5605	-0.826153846153846
5606	-0.826153846153846
5607	-0.886153846153846
5608	-0.809230769230769
5609	-0.769230769230769
5610	-0.749230769230769
5611	-0.669230769230769
5612	-0.646153846153846
5613	-0.743076923076924
5614	-0.726153846153846
5615	-0.746153846153846
5616	-0.883076923076923
5617	-0.923076923076923
5618	-0.903076923076923
5619	-0.98
5620	-0.86
5621	-0.96
5622	-1.08
5623	-1.04307692307692
5624	-1.11692307692308
5625	-1.09692307692308
5626	-1.07692307692308
5646	-1.41384615384615
5647	-1.41076923076923
5650	-1.47076923076923
5651	-1.63076923076923
5652	-1.40307692307692
5653	-1.44307692307692
5654	-1.54307692307692
5655	-1.56
5656	-1.58
5657	-1.58
5658	-1.54307692307692
5659	-1.58307692307692
5660	-1.62307692307692
5661	-1.68307692307692
5662	-1.66615384615385
5663	-1.70307692307692
5664	-1.54923076923077
5665	-1.56923076923077
5666	-1.54923076923077
5667	-1.60923076923077
5668	-1.48923076923077
5669	-1.28923076923077
5670	-1.28615384615385
5671	-1.4
5672	-1.44
5673	-1.46
5674	-1.42
5675	-1.34
5676	-1.12307692307692
5677	-1.45076923076923
5678	-1.49076923076923
5679	-1.33384615384615
5680	-1.29692307692308
5681	-1.29692307692308
5682	-1.29692307692308
5683	-1.39384615384615
5684	-1.43076923076923
5685	-1.39076923076923
5686	-1.45076923076923
5728	-1.33076923076923
5743	-1.33076923076923
5752	-1.23076923076923
5753	-1.23076923076923
5754	-1.17076923076923
5755	-1.11076923076923
5756	-1.15076923076923
5757	-0.976923076923077
5758	-1.17384615384615
5759	-1.21384615384615
5760	-1.23384615384615
5761	-1.27384615384615
5762	-1.39384615384615
5763	-1.25384615384615
5764	-1.19384615384615
5765	-1.05692307692308
5766	-1.05692307692308
5767	-1.21384615384615
5768	-1.25076923076923
5769	-1.29076923076923
5770	-1.15692307692308
5771	-1.17692307692308
5772	-1.2
5773	-1.3
5774	-1.46
5775	-1.55692307692308
5776	-1.57692307692308
5777	-1.53692307692308
5778	-1.67076923076923
5779	-1.79076923076923
5780	-1.87076923076923
5781	-1.93076923076923
5789	-1.83076923076923
5791	-1.73384615384615
5792	-1.65692307692308
5793	-1.63692307692308
5794	-1.59692307692308
5795	-1.79076923076923
5796	-1.73384615384615
5797	-1.81076923076923
5798	-1.73384615384615
5799	-1.55692307692308
5800	-1.51692307692308
5801	-1.47692307692308
5802	-1.69384615384615
5803	-1.53692307692308
5804	-1.47692307692308
5805	-1.22307692307692
5806	-1.16307692307692
5807	-1.22307692307692
5808	-1.22307692307692
5809	-1.04615384615385
5810	-1.06307692307692
5811	-1.02307692307692
5812	-1.04307692307692
5813	-1.04307692307692
5814	-1.29384615384615
5815	-1.29384615384615
5907	-1.13076923076923
5908	-1.15076923076923
5909	-1.17076923076923
5910	-1.21076923076923
5911	-1.17076923076923
5912	-1.11076923076923
5913	-1.15076923076923
5921	-0.830769230769231
5922	-0.830769230769231
5923	-0.850769230769231
5924	-0.850769230769231
5925	-0.813846153846154
5926	-0.910769230769231
5927	-0.793846153846154
5928	-0.813846153846154
5929	-0.816923076923077
5930	-0.873846153846154
5931	-0.953846153846154
5934	-0.910769230769231
5935	-0.990769230769231
5936	-0.933846153846154
5937	-0.876923076923077
5938	-0.876923076923077
5939	-0.9
5940	-0.84
5941	-0.84
5942	-1.09384615384615
5943	-1.29076923076923
5944	-1.17384615384615
5945	-1.07692307692308
5946	-1.11692307692308
5947	-1.19692307692308
5948	-1.21692307692308
5949	-1.1
5950	-1.17692307692308
5951	-1.21692307692308
5952	-1.29384615384615
5953	-1.35384615384615
5954	-1.37384615384615
5955	-1.29384615384615
5956	-1.21692307692308
5957	-1.25692307692308
5958	-1.17692307692308
5959	-1.25384615384615
5960	-1.11384615384615
5961	-1.13076923076923
6021	-0.316923076923077
6022	-0.666153846153847
6023	-1.32615384615385
6024	-1.26461538461538
6025	-1.57384615384615
6026	-1.84307692307692
6027	-2.05846153846154
6028	-2.68153846153846
6029	-2.87384615384615
6030	-3.20307692307692
6031	-3.16615384615385
6032	-3.14923076923077
6033	-3.24923076923077
6034	-3.40615384615385
6035	-3.44615384615385
6036	-3.44615384615385
6037	-3.46615384615385
6038	-3.48615384615385
6039	-3.48615384615385
6040	-3.46615384615385
6041	-3.46615384615385
6042	-3.42615384615385
6043	-3.51384615384615
6044	-3.47384615384615
6045	-3.47384615384615
6046	-3.04153846153846
6047	-2.70923076923077
6048	-2.00923076923077
6049	-2.07076923076923
6050	-1.72153846153846
6051	-1.45230769230769
6052	-1.29384615384615
6053	-0.670769230769231
