3	0.872159090909091
4	1.02272727272727
5	1.203125
6	1.38352272727273
7	1.67045454545455
8	1.77556818181818
9	1.94034090909091
10	2.13494318181818
11	2.20880681818182
12	2.26704545454546
13	2.50710227272727
14	2.53551136363636
15	2.89772727272727
16	3.19886363636364
17	3.20880681818182
18	3.22017045454545
19	3.67329545454545
20	3.70170454545455
21	3.88210227272727
22	4.0625
23	4.34801136363636
24	4.52840909090909
25	4.52556818181818
26	4.77982954545455
27	4.85227272727273
28	5.07670454545455
29	5.68181818181818
30	5.796875
31	6.15909090909091
32	6.44176136363637
33	6.53125
34	6.78693181818182
35	6.90625
36	6.828125
37	6.734375
38	6.765625
39	6.70454545454546
40	6.72017045454546
41	6.765625
42	6.88494318181818
43	6.84943181818182
44	7.08948863636364
45	6.90625
46	7.02982954545455
47	7.16619318181818
48	7.25426136363637
49	7.13210227272727
50	7.359375
51	7.33948863636364
52	7.36789772727273
53	7.45596590909091
54	7.86647727272727
55	7.65198863636364
56	7.87926136363637
57	7.72585227272727
58	7.69602272727273
59	7.73863636363637
60	7.72443181818182
61	7.92045454545455
62	7.60227272727273
63	7.63210227272727
64	7.49573863636364
65	6.96164772727273
66	7.05397727272727
67	6.62784090909091
68	6.58522727272727
69	6.67471590909091
70	6.47585227272727
71	6.64346590909091
72	6.58380681818182
73	6.61505681818182
74	5.12784090909091
75	6.27698863636364
76	6.27414772727273
77	5.98579545454546
78	6.09232954545455
79	5.77982954545455
80	5.58238636363637
81	5.71875
82	5.65340909090909
83	5.59232954545455
84	5.51988636363637
85	5.44460227272727
86	5.33806818181818
87	5.00852272727273
88	4.93607954545455
89	4.88068181818182
90	4.78977272727273
91	4.65340909090909
92	4.31818181818182
93	4.36363636363637
94	4.375
95	4.14630681818182
96	4.09517045454546
97	4.22869318181818
98	4.42613636363636
99	4.42471590909091
100	4.62073863636364
101	4.57386363636364
102	4.80255681818182
103	4.88068181818182
104	4.65198863636364
105	4.62215909090909
106	4.74289772727273
107	4.64914772727273
108	4.40340909090909
109	4.73721590909091
110	4.66335227272727
111	4.70738636363637
112	4.76704545454546
113	4.88352272727273
114	4.71164772727273
115	4.875
116	4.92045454545455
117	5.27982954545455
118	5.53835227272727
119	5.87642045454546
120	5.78125
121	5.86789772727273
122	6.078125
123	6.01278409090909
124	5.92045454545455
125	6.296875
126	6.48011363636364
127	6.46164772727273
128	6.45738636363636
129	7.10369318181818
130	7.64914772727273
131	8.20880681818182
132	8.28551136363637
133	8.25426136363637
134	8.76704545454546
135	8.99431818181819
136	9.02556818181819
137	9.25568181818182
138	9.02840909090909
139	9.05539772727273
140	9.46448863636364
141	9.28125
142	8.85653409090909
143	8.90482954545455
144	9.13494318181819
145	8.64772727272727
146	8.859375
147	8.85653409090909
148	8.64346590909091
149	9.05681818181819
150	9.09232954545455
151	9.37784090909091
152	9.40625
153	8.92329545454546
154	8.55681818181818
155	8.21732954545455
156	8.203125
157	8.30965909090909
158	8.27982954545455
159	8.37215909090909
160	9.00710227272727
161	8.88778409090909
162	9.109375
163	9.28125
164	9.57386363636364
165	9.01704545454546
166	8.83238636363637
167	8.46732954545455
168	8.64914772727273
169	8.81534090909091
170	8.92329545454546
171	8.98295454545455
172	8.90909090909091
173	8.875
174	9.11647727272727
175	9.32386363636364
176	9.21448863636364
177	9.87357954545455
178	10.2059659090909
179	10.2613636363636
180	10.2159090909091
181	10.8849431818182
182	11.0042613636364
183	11.5340909090909
184	11.7613636363636
185	11.3934659090909
186	11.9360795454545
187	11.9076704545455
188	11.6321022727273
189	11.7684659090909
190	11.7230113636364
191	11.8849431818182
192	11.9900568181818
193	12.109375
194	12.0738636363636
195	12.4360795454545
196	12.0525568181818
197	12.4446022727273
198	12.0710227272727
199	12.0994318181818
200	11.9616477272727
201	12.1448863636364
202	11.890625
203	12.2428977272727
204	12.2571022727273
205	12.0213068181818
206	11.4943181818182
207	11.3125
208	11.1022727272727
209	10.8167613636364
210	10.7130681818182
211	10.4176136363636
212	10.3196022727273
213	9.70738636363636
214	9.81960227272728
215	9.62926136363636
216	9.53835227272727
217	8.93181818181819
218	8.83096590909091
219	8.30397727272727
220	7.95880681818182
221	7.93181818181818
222	7.32670454545455
223	7.01136363636364
224	7.00284090909091
225	7.25
226	7.28551136363637
227	7.07954545454546
228	7.171875
229	6.97869318181818
230	6.74005681818182
231	6.43892045454546
232	6.17329545454546
233	5.58522727272727
234	5.328125
235	5.02840909090909
236	4.83380681818182
237	4.39346590909091
238	4.13778409090909
239	3.74715909090909
240	3.34232954545455
241	3.26704545454545
242	3.20454545454545
243	3.25284090909091
244	3.26420454545455
245	3.56676136363636
246	3.53551136363636
247	3.51988636363636
248	3.51704545454545
249	3.83380681818182
250	3.60511363636364
251	3.55681818181818
252	3.60085227272727
253	3.72443181818182
254	3.75426136363636
255	3.72443181818182
256	3.72301136363636
257	3.72585227272727
258	3.78977272727273
259	3.91193181818182
260	3.98721590909091
261	3.63778409090909
262	3.59090909090909
263	3.48579545454545
264	3.30681818181818
265	3.25
266	3.34375
267	3.19318181818182
268	3.20880681818182
269	3.07386363636364
270	3.25710227272727
271	3.34943181818182
272	3.41193181818182
273	3.51988636363636
274	3.50568181818182
275	3.40056818181818
276	3.53693181818182
277	3.41619318181818
278	3.38778409090909
279	3.10085227272727
280	3.14914772727273
281	2.89204545454545
282	2.74289772727273
283	2.71448863636364
284	2.62642045454545
285	2.32244318181818
286	2.29261363636364
287	2.09517045454545
288	2.15909090909091
289	2.03693181818182
290	1.85369318181818
291	1.87215909090909
292	1.93465909090909
293	1.88636363636364
294	1.73153409090909
295	1.47301136363636
296	1.41335227272727
297	1.26278409090909
298	1.32528409090909
299	1.43181818181818
300	1.35511363636364
301	1.26420454545455
302	1.14346590909091
303	1.17471590909091
304	1.19034090909091
305	1.21875
306	1.00426136363636
307	0.896306818181818
308	0.803977272727273
309	0.788352272727273
310	0.758522727272727
311	0.589488636363637
312	0.514204545454546
313	0.376420454545455
314	0.512784090909091
315	0.676136363636364
316	0.71875
317	0.911931818181818
318	1.13778409090909
319	1.30255681818182
320	1.39346590909091
321	1.39346590909091
322	1.37926136363636
323	1.54545454545455
324	1.40482954545455
325	1.32670454545455
326	1.46448863636364
327	1.55255681818182
328	1.55113636363636
329	1.55255681818182
330	1.63068181818182
331	1.72159090909091
332	2.03977272727273
333	2.14488636363636
334	2.19034090909091
335	2.08096590909091
336	2.26278409090909
337	2.26136363636364
338	2.30397727272727
339	2.44176136363636
340	2.46875
341	2.52840909090909
342	2.52698863636364
343	2.44744318181818
344	2.42755681818182
345	2.51278409090909
346	2.56676136363636
347	2.62642045454545
348	2.42471590909091
349	2.33238636363636
350	2.31676136363636
351	2.24147727272727
352	2.13494318181818
353	2.01420454545455
354	1.92329545454545
355	1.9375
356	2.06960227272727
357	2.42045454545455
358	2.55539772727273
359	2.55397727272727
360	2.859375
361	2.88636363636364
362	3.23153409090909
363	3.15340909090909
364	3.24289772727273
365	3.46590909090909
366	3.72159090909091
367	3.91619318181818
368	4.01704545454546
369	4.01136363636364
370	4.09801136363637
371	4.109375
372	4.27414772727273
373	4.39488636363637
374	4.65482954545455
375	4.453125
376	4.44034090909091
377	4.5625
378	4.81818181818182
379	4.97017045454546
380	5.44460227272727
381	5.40340909090909
382	5.39204545454546
383	5.84801136363637
384	6.04545454545455
385	6.48579545454546
386	6.39346590909091
387	6.62073863636364
388	7.24147727272727
389	7.33380681818182
390	7.25852272727273
391	7.22727272727273
392	7.62215909090909
393	7.40767045454546
394	7.73721590909091
395	8.02414772727273
396	8.05397727272727
397	8.45028409090909
398	8.33096590909091
399	9.015625
400	9.4375
401	9.54545454545455
402	9.83238636363637
403	10.0909090909091
404	10.0170454545455
405	10.2329545454545
406	10.5980113636364
407	10.828125
408	10.90625
409	11.1605113636364
410	11.2954545454545
411	11.6761363636364
412	11.9616477272727
413	12.3068181818182
414	12.3849431818182
415	12.6846590909091
416	12.4105113636364
417	12.4261363636364
418	12.5809659090909
419	12.0809659090909
420	12.0852272727273
421	12.0099431818182
422	11.9034090909091
423	11.8764204545455
424	11.1818181818182
425	11.0454545454545
426	11.3181818181818
427	11.1818181818182
428	10.7286931818182
429	10.8352272727273
430	10.3678977272727
431	10.1448863636364
432	9.94886363636364
433	9.97869318181819
434	9.96306818181819
435	9.39914772727273
436	9.21875
437	8.90056818181818
438	8.32528409090909
439	7.94744318181818
440	7.88920454545455
441	7.78551136363637
442	7.25852272727273
443	7.01846590909091
444	6.74573863636364
445	6.40198863636364
446	6.10085227272727
447	5.98153409090909
448	5.68181818181818
449	5.18607954545455
450	4.94460227272727
451	4.70880681818182
452	4.54403409090909
453	4.59090909090909
454	4.55965909090909
455	4.61789772727273
456	4.54119318181818
457	4.45028409090909
458	4.46590909090909
459	4.29829545454545
460	4.35795454545454
461	4.55681818181818
462	4.26988636363636
463	4.27130681818182
464	4.02982954545455
465	3.88068181818182
466	3.83522727272727
467	3.92613636363636
468	3.82102272727273
469	3.59659090909091
470	3.30965909090909
471	3.14346590909091
472	2.94886363636364
473	2.81392045454545
474	2.96732954545455
475	2.81392045454545
476	2.8125
477	3.02130681818182
478	3.01846590909091
479	3.18323863636364
480	3.16619318181818
481	3.08664772727273
482	2.87073863636364
483	2.62784090909091
484	2.6875
485	2.76420454545455
486	2.71875
487	2.47301136363636
488	2.51846590909091
489	2.44034090909091
490	2.40909090909091
491	2.36505681818182
492	2.47017045454545
493	2.27272727272727
494	2.25852272727273
495	2.18323863636364
496	2.32102272727273
497	2.046875
498	2.04403409090909
499	2.10369318181818
500	2.36221590909091
501	2.31534090909091
502	2.28409090909091
503	2.06960227272727
504	2.20454545454545
505	2.05255681818182
506	1.94602272727273
507	1.828125
508	1.50568181818182
509	1.62784090909091
510	1.59943181818182
511	1.49289772727273
512	1.20738636363636
513	0.938920454545454
514	0.87784090909091
515	0.803977272727273
516	0.775568181818181
517	0.640625
518	0.826704545454546
519	0.825284090909092
520	0.703125
521	0.914772727272728
522	0.855113636363637
523	0.825284090909092
524	0.825284090909092
525	0.72159090909091
526	0.555397727272728
527	0.478693181818181
528	0.417613636363637
529	0.524147727272727
530	0.553977272727273
531	0.569602272727272
532	0.387784090909091
533	0.417613636363637
534	0.359375
535	0.237215909090911
536	0.0241477272727266
537	-0.0568181818181812
538	0.00568181818181834
539	-0.0696022727272729
540	-0.174715909090909
541	-0.205965909090909
542	-0.143465909090909
543	-0.0667613636363638
544	0.166193181818182
545	0.122159090909092
546	0.0156250000000004
547	0.201704545454546
548	0.125
549	0.125
550	0.159090909090909
551	-0.00852272727272707
552	-0.115056818181818
553	-0.0369318181818175
554	0.0994318181818188
555	0.207386363636364
556	0.210227272727272
557	4.44089209850063e-16
558	0.0752840909090913
559	0.198863636363637
560	0.214488636363637
561	0.261363636363637
562	0.458806818181818
563	0.598011363636364
564	0.65909090909091
565	0.69034090909091
566	0.779829545454546
567	0.6875
568	0.71875
569	0.691761363636364
570	0.691761363636364
571	0.755681818181818
572	0.586647727272727
573	0.637784090909091
574	0.669034090909091
575	0.625
576	0.671875
577	0.748579545454546
578	0.717329545454546
579	0.778409090909091
580	0.761363636363637
581	0.730113636363637
582	0.758522727272727
583	0.84659090909091
584	0.9375
585	0.813920454545455
586	1.10085227272727
587	1.19034090909091
588	1.29829545454545
589	1.41761363636364
590	1.18892045454545
591	1.03693181818182
592	0.975852272727273
593	0.974431818181818
594	0.913352272727272
595	0.896306818181818
596	0.92471590909091
597	1.01420454545455
598	0.86221590909091
599	0.740056818181818
600	0.772727272727273
601	0.681818181818182
602	0.546875
603	0.609375
604	0.731534090909091
605	0.789772727272727
606	0.880681818181818
607	0.911931818181818
608	1.03409090909091
609	1.09517045454545
610	1.03409090909091
611	1.11079545454545
612	1.125
613	1.11079545454545
614	0.985795454545455
615	0.910511363636364
616	0.97159090909091
617	0.95596590909091
618	0.97159090909091
619	0.866477272727273
620	0.836647727272727
621	0.747159090909091
622	0.686079545454545
623	0.75
624	0.671875
625	0.686079545454545
626	0.792613636363637
627	0.988636363636364
628	0.967329545454546
629	1.10369318181818
630	1.19460227272727
631	1.26988636363636
632	1.40625
633	1.42045454545455
634	1.51136363636364
635	1.64630681818182
636	1.56818181818182
637	1.53693181818182
638	1.45880681818182
639	1.47443181818182
640	1.27556818181818
641	1.16903409090909
642	1.03125
643	0.907670454545455
644	1.07528409090909
645	0.997159090909092
646	1.30113636363636
647	1.49289772727273
648	1.46022727272727
649	1.47443181818182
650	1.70596590909091
651	1.53125
652	1.46732954545455
653	1.49573863636364
654	1.54261363636364
655	1.49573863636364
656	1.53835227272727
657	1.50710227272727
658	1.71732954545455
659	1.51704545454545
660	1.56392045454545
661	1.56676136363636
662	1.49147727272727
663	1.29261363636364
664	1.34232954545455
665	1.25142045454545
666	1.06818181818182
667	0.900568181818183
668	0.640625
669	0.366477272727274
670	0.379261363636364
671	0.0553977272727275
672	0.0568181818181817
673	0.161931818181819
674	0.23721590909091
675	0.342329545454546
676	0.401988636363637
677	0.400568181818183
678	0.428977272727273
679	0.58096590909091
680	0.275568181818183
681	0.399147727272728
682	0.109375
683	-0.0369318181818183
684	-0.109375
685	-0.214488636363636
686	-0.154829545454545
687	0.0170454545454541
688	0.0653409090909101
689	0.0667613636363642
690	0.0923295454545459
691	0.198863636363636
692	0.0937500000000004
693	0.126420454545455
694	-0.116477272727273
695	0.0227272727272729
696	0.00568181818181879
697	-0.0866477272727275
698	-0.0880681818181808
699	-0.0568181818181817
700	-0.0724431818181817
701	-0.102272727272728
702	-0.0738636363636362
703	-0.0411931818181817
704	0.0653409090909101
705	0.325284090909092
706	0.215909090909091
707	0.431818181818182
708	0.502840909090911
709	0.396306818181819
710	0.4375
711	0.404829545454546
712	0.248579545454546
713	0.338068181818183
714	0.397727272727273
715	0.197443181818183
716	0.426136363636364
717	0.637784090909092
718	0.514204545454546
719	0.392045454545454
720	0.375000000000001
721	0.357954545454546
722	0.144886363636363
723	0.17471590909091
724	0.0852272727272734
725	0.0838068181818192
726	0.0553977272727266
727	0.100852272727272
728	0.157670454545454
729	0.109375000000001
730	0.278409090909092
731	0.275568181818183
732	0.305397727272727
733	0.224431818181819
734	0.241477272727273
735	0.224431818181819
736	0.240056818181819
737	0.15909090909091
738	0.193181818181818
739	0.430397727272728
740	0.399147727272728
741	0.200284090909092
742	0.154829545454546
743	0.0965909090909101
744	-0.190340909090909
745	-0.0369318181818175
746	-0.217329545454546
747	-0.322443181818181
748	-0.102272727272727
749	-0.117897727272727
750	-0.176136363636363
751	-0.0852272727272725
752	-0.113636363636363
753	-0.326704545454546
754	-0.27840909090909
755	-0.373579545454546
756	-0.494318181818181
757	-0.393465909090908
758	-0.363636363636363
759	-0.303977272727272
760	-0.259943181818181
761	-0.183238636363636
762	-0.228693181818181
763	-0.441761363636363
764	-0.482954545454546
765	-0.63778409090909
766	-0.670454545454547
767	-0.931818181818181
768	-1.09801136363636
769	-1.07670454545455
770	-1.203125
771	-1.27982954545455
772	-1.19034090909091
773	-1.11505681818182
774	-1.02272727272727
775	-1.34232954545455
776	-1.35511363636364
777	-1.39914772727273
778	-1.38210227272727
779	-1.42755681818182
780	-1.27414772727273
781	-1.31818181818182
782	-1.31534090909091
783	-1.38920454545455
784	-1.34375
785	-1.36931818181818
786	-1.36647727272727
787	-1.39346590909091
788	-1.453125
789	-1.42045454545454
790	-1.296875
791	-1.13920454545454
792	-1.06392045454545
793	-0.889204545454545
794	-0.87215909090909
795	-0.944602272727272
796	-0.928977272727273
797	-1.03409090909091
798	-1
799	-0.90625
800	-0.951704545454545
801	-0.855113636363636
802	-0.821022727272727
803	-0.617897727272727
804	-0.602272727272727
805	-0.616477272727273
806	-0.580965909090909
807	-0.46875
808	-0.525568181818181
809	-0.534090909090909
810	-0.561079545454545
811	-0.356534090909091
812	-0.232954545454545
813	-0.123579545454545
814	-0.0752840909090906
815	0.0326704545454548
816	0.0511363636363635
817	0.0681818181818183
818	0.130681818181818
819	0.161931818181818
820	0.0710227272727275
821	0.0710227272727275
822	0.100852272727273
823	0.100852272727273
824	0.132102272727273
825	0.00994318181818188
826	-0.0965909090909089
827	-0.00568181818181812
828	-0.0184659090909089
829	-0.230113636363636
830	-0.259943181818182
831	-0.259943181818182
832	-0.274147727272727
833	-0.228693181818182
834	-0.198863636363636
835	-0.183238636363637
836	-0.0909090909090907
837	-0.0752840909090908
838	-0.166193181818182
839	-0.119318181818182
840	-0.0880681818181817
841	-0.0724431818181818
842	-0.0411931818181819
843	-0.0426136363636362
844	-0.0724431818181818
845	-0.0724431818181818
846	-0.0284090909090907
847	-0.120738636363636
848	-0.150568181818182
849	-0.105113636363636
850	-0.181818181818182
851	-0.213068181818182
852	-0.167613636363636
853	-0.183238636363637
854	-0.153409090909091
855	-0.153409090909091
856	-0.137784090909091
857	-0.106534090909091
858	-0.0752840909090908
859	-0.0284090909090907
860	-0.0142045454545454
861	0.0014204545454547
862	0.0170454545454547
863	-0.0582386363636365
864	-0.0738636363636364
865	-0.0738636363636364
866	-0.0582386363636365
867	-0.0269886363636364
868	0.00426136363636354
869	0.00568181818181823
870	-0.0539772727272726
871	-0.0681818181818183
872	-0.0511363636363636
873	-0.0355113636363635
874	-0.0198863636363635
875	-0.0809659090909091
876	-0.0497159090909092
877	-0.0340909090909091
878	-0.0198863636363635
879	-0.0184659090909091
880	-0.0184659090909091
881	-0.0184659090909091
882	-0.0625
883	-0.015625
884	-0.0298295454545454
924	0.0951704545454546
925	0.15625
926	0.140625
927	0.125
928	0.0795454545454546
929	0.0639204545454546
930	0.0781250000000001
931	0.0625
932	0.0923295454545456
933	-0.00142045454545447
934	-0.0170454545454545
935	0.0269886363636365
936	0.0866477272727273
937	0.116477272727273
938	0.0696022727272728
939	0.0539772727272728
940	0.0681818181818181
941	0.0369318181818182
942	-0.100852272727273
943	-0.132102272727273
944	-0.164772727272727
945	-0.242897727272727
946	-0.335227272727273
947	-0.383522727272727
948	-0.278409090909091
949	-0.355113636363636
950	-0.326704545454546
951	-0.329545454545455
952	-0.284090909090909
953	-0.285511363636364
954	-0.285511363636364
955	-0.332386363636364
956	-0.302556818181818
957	-0.348011363636363
958	-0.333806818181818
959	-0.365056818181818
960	-0.167613636363636
961	-0.228693181818182
962	-0.275568181818182
963	-0.322443181818182
964	-0.292613636363636
965	-0.278409090909091
966	-0.370738636363636
967	-0.370738636363636
968	-0.294034090909091
969	-0.217329545454545
970	-0.205965909090909
971	-0.174715909090909
972	-0.129261363636364
973	-0.129261363636364
974	-0.0994318181818179
975	-0.177556818181818
976	-0.207386363636364
977	-0.238636363636364
978	-0.269886363636364
979	-0.0880681818181814
980	-0.103693181818181
981	-0.0411931818181814
982	0.00568181818181879
983	0.0838068181818186
984	0.0227272727272732
985	0.115056818181818
986	0.117897727272727
987	0.0738636363636365
988	0.0269886363636365
989	-0.00426136363636354
990	-0.0198863636363635
991	-0.0497159090909089
992	-0.0951704545454544
993	-0.00426136363636354
994	0.0582386363636362
995	0.103693181818182
996	-0.154829545454545
997	-0.154829545454545
998	-0.154829545454545
999	-0.170454545454545
1000	-0.231534090909091
1001	-0.292613636363636
1002	-0.215909090909091
1003	-0.215909090909091
1004	-0.322443181818182
1005	-0.352272727272727
1006	-0.333806818181818
1007	-0.410511363636364
1008	-0.517045454545455
1009	-0.546875
1010	-0.470170454545455
1011	-0.4375
1012	-0.40625
1013	-0.345170454545455
1014	-0.329545454545455
1015	-0.511363636363637
1016	-0.417613636363637
1017	-0.433238636363637
1018	-0.495738636363636
1019	-0.556818181818182
1020	-0.633522727272727
1021	-0.710227272727273
1022	-0.711647727272727
1023	-0.727272727272727
1024	-0.696022727272727
1025	-0.619318181818182
1026	-0.573863636363636
1027	-0.558238636363636
1028	-0.497159090909091
1029	-0.603693181818182
1030	-0.649147727272727
1031	-0.633522727272727
1032	-0.633522727272727
1033	-0.633522727272727
1034	-0.586647727272727
1035	-0.555397727272727
1036	-0.524147727272727
1037	-0.477272727272727
1038	-0.522727272727273
1039	-0.522727272727273
1040	-0.507102272727273
1041	-0.430397727272727
1042	-0.491477272727273
1043	-0.475852272727273
1044	-0.505681818181818
1045	-0.568181818181818
1046	-0.690340909090909
1047	-0.690340909090909
1048	-0.705965909090909
1049	-0.735795454545455
1050	-0.688920454545454
1051	-0.627840909090909
1052	-0.582386363636364
1053	-0.566761363636364
1054	-0.566761363636364
1055	-0.535511363636364
1056	-0.502840909090909
1057	-0.426136363636364
1058	-0.333806818181818
1059	-0.301136363636364
1060	-0.254261363636364
1061	-0.268465909090909
1062	-0.298295454545454
1063	-0.298295454545454
1064	-0.375
1065	-0.329545454545454
1066	-0.345170454545454
1067	-0.313920454545455
1068	-0.298295454545454
1069	-0.298295454545454
1070	-0.282670454545454
1071	-0.251420454545455
1072	-0.267045454545454
1073	-0.267045454545454
1074	-0.235795454545454
1075	-0.190340909090909
1076	-0.190340909090909
1077	-0.220170454545454
1078	-0.188920454545455
1079	-0.21875
1080	-0.1875
1081	-0.140625
1082	-0.078125
1083	-0.0326704545454545
1084	-0.00142045454545447
1085	0.0298295454545455
1086	0.0610795454545455
1087	0.0468750000000001
1178	-0.6875
1179	-0.642045454545454
1180	-0.596590909090909
1181	-0.521306818181818
1182	-0.460227272727273
1183	-0.491477272727273
1184	-0.507102272727273
1185	-0.555397727272727
1186	-0.463068181818182
1187	-0.494318181818182
1188	-0.448863636363636
1189	-0.45028409090909
1190	-0.434659090909091
1191	-0.389204545454545
1192	-0.313920454545454
1193	-0.330965909090909
1194	-0.285511363636364
1195	-0.254261363636364
1196	-0.255681818181818
1197	-0.316761363636364
1198	-0.285511363636364
1199	-0.254261363636364
1200	-0.285511363636364
1201	-0.332386363636364
1202	-0.393465909090909
1203	-0.257102272727272
1204	-0.272727272727273
1205	-0.0568181818181819
1206	0.157670454545455
1207	0.126420454545455
1208	0.171875
1209	0.203125
1210	0.1875
1211	0.203125
1212	0.264204545454545
1213	0.264204545454545
1214	0.234375
1215	0.157670454545455
1216	0.112215909090909
1217	0.0213068181818181
1218	-0.0397727272727271
1219	-0.0383522727272725
1220	-0.0681818181818181
1221	0.0710227272727275
1222	-0.00852272727272729
1223	0.0227272727272729
1224	-0.0227272727272725
1225	-0.0227272727272725
1226	0.0525568181818183
1227	0.0213068181818181
1228	-0.0383522727272725
1229	-0.0369318181818181
1230	0.0227272727272729
1231	0.0525568181818183
1232	-0.0383522727272725
1233	0.0539772727272729
1234	0.0539772727272729
1235	0.0539772727272729
1236	0.0852272727272729
1237	0.0696022727272729
1238	0.0241477272727275
1239	-0.0823863636363635
1240	-0.00568181818181812
1241	-0.112215909090909
1242	-0.264204545454545
1243	-0.248579545454545
1244	-0.325284090909091
1245	-0.325284090909091
1246	-0.355113636363636
1247	-0.294034090909091
1248	-0.322443181818182
1249	-0.338068181818182
1250	-0.399147727272727
1251	-0.352272727272727
1252	-0.352272727272727
1253	-0.352272727272727
1254	-0.336647727272727
1255	-0.291193181818182
1256	-0.306818181818182
1257	-0.382102272727273
1258	-0.363636363636364
1259	-0.394886363636364
1260	-0.318181818181818
1261	-0.285511363636364
1262	-0.376420454545455
1263	-0.40625
1264	-0.390625
1265	-0.376420454545455
1356	-0.279829545454545
1357	-0.25
1358	-0.25
1359	-0.28125
1360	-0.28125
1361	-0.235795454545454
1362	-0.235795454545454
1363	-0.235795454545454
1364	-0.3125
1365	-0.34375
1366	-0.298295454545454
1367	-0.299715909090909
1368	-0.269886363636363
1369	-0.285511363636364
1370	-0.240056818181818
1371	-0.271306818181818
1372	-0.285511363636364
1373	-0.282670454545454
1374	-0.313920454545455
1375	-0.252840909090909
1376	-0.240056818181818
1377	-0.194602272727273
1378	-0.210227272727273
1379	-0.164772727272727
1380	-0.196022727272727
1381	-0.211647727272727
1382	-0.120738636363636
1383	-0.0298295454545454
1384	-0.0454545454545453
1385	-0.0610795454545453
1386	0
1387	0.0454545454545454
1388	0.0752840909090911
1389	0.0752840909090911
1390	0.0298295454545454
1391	-0.03125
1392	-0.03125
1393	-0.015625
1394	-0.0625
1395	-0.0468750000000002
1396	-0.078125
1397	-0.123579545454545
1398	-0.170454545454545
1399	-0.0951704545454546
1400	-0.00426136363636354
1401	0.161931818181818
1402	0.161931818181818
1403	0.163352272727273
1404	0.0553977272727275
1405	0.0994318181818183
1406	0.220170454545455
1407	0.188920454545455
1408	0.295454545454546
1409	0.308238636363636
1410	0.247159090909091
1411	0.139204545454546
1412	0.170454545454545
1413	0.15625
1414	0.217329545454546
1415	0.1875
1416	0.217329545454546
1417	0.215909090909091
1418	0.125
1419	0.0497159090909094
1420	0.140625
1421	0.231534090909091
1422	0.200284090909091
1423	0.107954545454546
1424	0.0625000000000002
1425	0.0781250000000002
1426	0.170454545454545
1427	0.262784090909091
1428	0.323863636363636
1429	0.247159090909091
1430	0.323863636363636
1431	0.261363636363636
1432	0.245738636363636
1433	0.352272727272727
1434	0.413352272727273
1435	0.276988636363637
1436	0.201704545454546
1437	0.0355113636363635
1438	-0.0255681818181817
1439	0.0355113636363635
1440	0.204545454545455
1441	0.176136363636364
1442	-0.0525568181818181
1443	0.00994318181818188
1444	-0.112215909090909
1445	-0.125
1446	-0.0625
1447	0.0298295454545454
1448	-0.0142045454545454
1449	0.0752840909090911
1450	-0.00142045454545481
1451	0.0880681818181819
1452	0.0582386363636365
1453	0.120738636363636
1454	0.105113636363636
1455	0.0582386363636365
1456	-0.09375
1457	-0.09375
1458	-0.140625
1459	0.177556818181818
1460	0.161931818181818
1461	0.252840909090909
1462	0.237215909090909
1463	0.144886363636364
1464	0.0539772727272729
1465	0.0696022727272729
1466	0.00852272727272751
1467	0.132102272727273
1468	0.254261363636364
1469	0.208806818181818
1470	0.178977272727273
1471	0.194602272727273
1472	0.163352272727273
1473	0.178977272727273
1474	0.224431818181818
1475	0.254261363636364
1476	0.0696022727272729
1477	0.0994318181818183
1478	0.161931818181818
1479	0.146306818181818
1480	0.160511363636364
1481	0.205965909090909
1482	0.237215909090909
1483	0.160511363636364
1484	0.113636363636364
1485	-0.00710227272727249
1486	-0.0852272727272725
1487	-0.174715909090909
1488	-0.159090909090909
1489	-0.188920454545455
1490	-0.0667613636363635
1491	-0.0355113636363635
1492	-0.00426136363636354
1493	-0.0639204545454546
1494	-0.0625
1495	-0.242897727272727
1496	-0.166193181818182
1497	-0.227272727272727
1498	-0.227272727272727
1499	-0.166193181818182
1500	-0.166193181818182
1501	-0.150568181818182
1502	-0.150568181818182
1503	-0.180397727272727
1504	-0.302556818181818
1505	-0.363636363636364
1506	-0.426136363636364
1507	-0.365056818181818
1508	-0.288352272727273
1509	-0.257102272727273
1510	-0.318181818181818
1511	-0.363636363636364
1512	-0.269886363636363
1513	-0.269886363636363
1514	-0.269886363636363
1515	-0.269886363636363
1516	-0.284090909090909
1517	-0.313920454545455
1518	-0.268465909090909
1519	-0.237215909090909
1520	-0.190340909090909
1521	-0.129261363636364
1522	-0.0355113636363635
1523	-0.0355113636363635
1524	0.0553977272727274
1525	0.0397727272727273
1526	-0.0667613636363635
1527	-0.00568181818181834
1528	0.0241477272727274
1529	-0.00710227272727271
1530	-0.00710227272727271
1531	-0.0994318181818182
1532	-0.129261363636364
1533	-0.205965909090909
1534	-0.251420454545455
1535	-0.3125
1536	-0.298295454545454
1537	-0.313920454545455
1538	-0.251420454545455
1539	-0.205965909090909
1540	-0.176136363636364
1541	-0.130681818181818
1542	-0.0539772727272726
1543	-0.161931818181818
1544	-0.207386363636363
1545	-0.161931818181818
1546	-0.161931818181818
1547	-0.223011363636364
1548	-0.208806818181818
1549	-0.208806818181818
1550	-0.119318181818182
1551	-0.103693181818182
1552	-0.0269886363636364
1553	-0.0894886363636364
1554	-0.120738636363636
1555	-0.151988636363636
1556	-0.136363636363636
1557	-0.197443181818182
1558	-0.136363636363636
1559	-0.136363636363636
1560	-0.242897727272727
1561	-0.227272727272727
1562	-0.196022727272727
1563	-0.272727272727273
1564	-0.318181818181818
1565	-0.302556818181818
1566	-0.271306818181818
1567	-0.269886363636363
1568	-0.301136363636364
1569	-0.254261363636364
1570	-0.208806818181818
1571	-0.193181818181818
1572	-0.207386363636363
1573	-0.238636363636364
1574	-0.254261363636364
1575	-0.284090909090909
1576	-0.267045454545454
1577	-0.251420454545455
1578	-0.25
1579	-0.1875
1580	-0.1875
1581	-0.264204545454545
1582	-0.248579545454545
1583	-0.201704545454545
1600	-0.326704545454545
1601	-0.342329545454545
1602	-0.404829545454545
1603	-0.359375
1604	-0.268465909090909
1605	-0.330965909090909
1606	-0.423295454545455
1607	-0.333806818181818
1608	-0.214488636363636
1609	-0.167613636363636
1610	-0.122159090909091
1611	-0.0923295454545455
1612	-0.154829545454545
1613	-0.262784090909091
1614	-0.325284090909091
1615	-0.356534090909091
1616	-0.434659090909091
1617	-0.481534090909091
1618	-0.451704545454545
1619	-0.514204545454546
1620	-0.561079545454545
1621	-0.561079545454545
1622	-0.546875
1623	-0.607954545454545
1624	-0.607954545454545
1625	-0.59375
1626	-0.5
1627	-0.517045454545455
1628	-0.518465909090909
1629	-0.457386363636364
1630	-0.380681818181818
1631	-0.305397727272727
1632	-0.305397727272727
1633	-0.394886363636364
1634	-0.244318181818182
1635	-0.183238636363636
1636	-0.213068181818182
1637	-0.228693181818182
1638	-0.183238636363636
1639	-0.169034090909091
1640	-0.184659090909091
1641	-0.169034090909091
1642	-0.122159090909091
1643	-0.136363636363637
1644	-0.210227272727272
1645	-0.211647727272727
1646	-0.272727272727273
1647	-0.318181818181818
1648	-0.241477272727273
1649	-0.117897727272727
1650	-0.0866477272727268
1651	-0.0710227272727271
1652	0.0213068181818181
1653	0.0681818181818183
1654	0.0369318181818181
1655	0.190340909090909
1656	0.205965909090909
1657	0.159090909090909
1658	0.174715909090909
1659	0.174715909090909
1660	0.144886363636364
1661	0.0994318181818183
1662	0.0823863636363633
1663	0.0681818181818183
1664	0.132102272727273
1665	0.0241477272727275
1666	0.0539772727272729
1667	-0.0525568181818181
1668	-0.0213068181818181
1669	0.0255681818181819
1670	-0.125
1671	-0.170454545454545
1672	-0.186079545454545
1673	-0.0482954545454546
1674	-0.0170454545454546
1675	-0.0468750000000002
1676	-0.137784090909091
1677	-0.0454545454545453
1678	-0.0298295454545454
1679	-0.120738636363636
1680	-0.213068181818182
1681	-0.242897727272727
1682	-0.181818181818182
1683	-0.166193181818182
1684	-0.211647727272727
1685	-0.288352272727273
1686	-0.257102272727273
1687	-0.241477272727273
1688	-0.240056818181818
1689	-0.208806818181818
1690	-0.207386363636363
1691	-0.252840909090909
1692	-0.205965909090909
1693	-0.204545454545455
1694	-0.21875
1695	-0.1875
1696	-0.1875
1697	-0.15625
1698	-0.139204545454545
1699	-0.123579545454545
1700	-0.123579545454545
1701	-0.0454545454545454
1805	-0.154829545454545
1806	-0.217329545454545
1807	-0.201704545454545
1808	-0.21875
1809	-0.28125
1810	-0.267045454545454
1811	-0.329545454545454
1812	-0.345170454545454
1813	-0.330965909090909
1814	-0.316761363636364
1815	-0.241477272727273
1816	-0.241477272727273
1817	-0.286931818181818
1818	-0.286931818181818
1819	-0.241477272727273
1820	-0.225852272727273
1821	-0.257102272727273
1822	-0.257102272727273
1823	-0.242897727272727
1824	-0.259943181818182
1825	-0.291193181818182
1826	-0.367897727272727
1827	-0.383522727272727
1828	-0.338068181818182
1829	-0.355113636363636
1830	-0.340909090909091
1831	-0.340909090909091
1832	-0.325284090909091
1833	-0.355113636363636
1834	-0.386363636363636
1835	-0.323863636363636
1836	-0.401988636363636
1837	-0.401988636363636
1838	-0.416193181818182
1839	-0.431818181818182
1840	-0.430397727272727
1841	-0.460227272727273
1842	-0.428977272727273
1843	-0.446022727272727
1844	-0.444602272727273
1845	-0.460227272727273
1846	-0.505681818181818
1847	-0.397727272727273
1848	-0.413352272727273
1849	-0.458806818181818
1850	-0.551136363636364
1851	-0.657670454545454
1852	-0.642045454545454
1853	-0.690340909090909
1854	-0.721590909090909
1855	-0.813920454545454
1856	-0.754261363636364
1857	-0.693181818181818
1858	-0.602272727272727
1859	-0.616477272727273
1860	-0.508522727272727
1861	-0.417613636363637
1862	-0.45028409090909
1863	-0.512784090909091
1864	-0.573863636363636
1865	-0.650568181818182
1866	-0.589488636363636
1867	-0.589488636363636
1868	-0.714488636363637
1869	-0.759943181818182
1870	-0.669034090909091
1871	-0.517045454545455
1872	-0.501420454545455
1873	-0.546875
1874	-0.502840909090909
1875	-0.471590909090909
1876	-0.455965909090909
1877	-0.502840909090909
1878	-0.473011363636364
1879	-0.549715909090909
1880	-0.534090909090909
1881	-0.411931818181818
1882	-0.365056818181818
1883	-0.426136363636364
1884	-0.426136363636364
1885	-0.455965909090909
1886	-0.318181818181818
1887	-0.333806818181818
1888	-0.349431818181818
1889	-0.225852272727272
1890	-0.210227272727272
1891	-0.257102272727272
1892	-0.348011363636363
1893	-0.409090909090909
1894	-0.379261363636364
1895	-0.379261363636364
1896	-0.470170454545455
1897	-0.5
1898	-0.436079545454545
1899	-0.389204545454545
1900	-0.421875
1901	-0.360795454545455
1902	-0.329545454545455
1903	-0.329545454545455
1904	-0.115056818181818
1905	-0.0866477272727268
1906	-0.0696022727272727
1907	-0.205965909090909
1908	-0.143465909090909
1909	-0.127840909090909
1910	-0.112215909090909
1911	-0.143465909090909
1912	-0.174715909090909
1913	-0.159090909090909
1914	-0.0823863636363635
1915	0.0113636363636365
1916	-0.0355113636363635
1917	-0.110795454545455
1918	-0.142045454545455
1919	-0.0965909090909089
1920	-0.143465909090909
1921	-0.220170454545455
1922	-0.235795454545455
1923	-0.174715909090909
1924	-0.205965909090909
1925	-0.28125
1926	-0.190340909090909
1927	-0.0980113636363635
1928	-0.129261363636364
1929	-0.146306818181818
1930	-0.313920454545454
1931	-0.252840909090909
1932	-0.315340909090909
1933	-0.360795454545455
1934	-0.376420454545455
1935	-0.390625
1936	-0.3125
1937	-0.326704545454546
1938	-0.417613636363637
1939	-0.433238636363637
1940	-0.508522727272727
1941	-0.552556818181818
1942	-0.552556818181818
1943	-0.568181818181818
1944	-0.599431818181818
1945	-0.600852272727273
1946	-0.660511363636364
1947	-0.613636363636364
1948	-0.613636363636364
1949	-0.598011363636364
1950	-0.735795454545455
1951	-0.813920454545454
1952	-0.782670454545454
1953	-0.782670454545454
1954	-0.721590909090909
1955	-0.737215909090909
1956	-0.674715909090909
1957	-0.582386363636364
1958	-0.566761363636364
1959	-0.596590909090909
1960	-0.535511363636364
1961	-0.598011363636364
1962	-0.751420454545455
1963	-0.734375
1964	-0.703125
1965	-0.670454545454545
1966	-0.592329545454546
1969	-0.545454545454545
1970	-0.545454545454545
1971	-0.485795454545454
1972	-0.517045454545454
1973	-0.485795454545454
1974	-0.471590909090909
1975	-0.485795454545454
1976	-0.470170454545454
1977	-0.470170454545454
1978	-0.471590909090909
1979	-0.455965909090909
1980	-0.457386363636364
1981	-0.455965909090909
1982	-0.471590909090909
1983	-0.487215909090909
1984	-0.471590909090909
1985	-0.471590909090909
1986	-0.409090909090909
1987	-0.346590909090909
1988	-0.316761363636364
1989	-0.301136363636364
1990	-0.346590909090909
1991	-0.345170454545454
1992	-0.329545454545454
1993	-0.375
1994	-0.389204545454545
1995	-0.34375
1996	-0.357954545454545
1997	-0.295454545454545
1998	-0.217329545454545
1999	-0.15625
2000	-0.140625
2001	-0.15625
2002	-0.110795454545454
2003	-0.0951704545454546
2004	-0.0340909090909091
2005	-0.0639204545454545
2006	-0.0326704545454545
2007	-0.0767045454545454
2048	0.0795454545454546
2049	0.0482954545454546
2050	0.0326704545454547
2051	0.0326704545454547
2052	0.0781250000000001
2053	0.123579545454546
2054	0.107954545454546
2055	0.107954545454546
2056	0.0142045454545455
2057	-0.0170454545454545
2058	-0.00284090909090906
2059	0.0269886363636365
2060	0.115056818181818
2061	0.0525568181818182
2062	0.0355113636363636
2063	0.0639204545454547
2064	0.0639204545454547
2065	0.0937500000000001
2066	0
2067	-0.0625
2068	-0.169034090909091
2069	-0.109375
2070	-0.0951704545454546
2071	-0.0965909090909089
2072	-0.0355113636363635
2073	-0.0213068181818181
2074	0.115056818181818
2075	0.144886363636364
2076	0.0838068181818183
2077	0.0525568181818183
2078	0.0667613636363633
2079	0.140625
2080	0.125
2081	0.0482954545454548
2082	0.00284090909090917
2083	0.0937500000000002
2084	0.0170454545454548
2085	0.0937500000000002
2086	0.0937500000000002
2087	0.0610795454545459
2088	0.0142045454545456
2089	-0.0639204545454544
2090	-0.00426136363636354
2091	-0.0681818181818179
2092	0.116477272727273
2093	0.0852272727272734
2094	0.0539772727272729
2095	-0.00710227272727271
2096	-0.0355113636363635
2097	0.0866477272727273
2098	0.0880681818181819
2099	0.0426136363636362
2100	-0.0355113636363635
2101	-0.127840909090909
2102	-0.00426136363636354
2103	0.0553977272727273
2104	0.0553977272727273
2105	-0.127840909090909
2106	-0.1875
2107	-0.217329545454545
2108	-0.278409090909091
2109	-0.294034090909091
2110	-0.461647727272727
2111	-0.509943181818182
2112	-0.509943181818182
2113	-0.541193181818182
2114	-0.480113636363637
2115	-0.585227272727272
2116	-0.569602272727272
2117	-0.555397727272727
2118	-0.571022727272727
2119	-0.585227272727272
2120	-0.478693181818182
2121	-0.555397727272727
2122	-0.480113636363637
2123	-0.478693181818182
2124	-0.431818181818182
2125	-0.383522727272727
2126	-0.458806818181818
2127	-0.426136363636364
2128	-0.548295454545455
2129	-0.501420454545455
2130	-0.407670454545455
2131	-0.392045454545455
2132	-0.421875
2133	-0.497159090909091
2134	-0.436079545454545
2135	-0.419034090909091
2136	-0.342329545454546
2137	-0.279829545454545
2138	-0.325284090909091
2139	-0.338068181818182
2140	-0.369318181818182
2141	-0.275568181818182
2142	-0.228693181818182
2143	-0.167613636363636
2144	-0.151988636363636
2145	-0.120738636363636
2146	-0.0440340909090907
2147	0.0497159090909092
2148	0.0497159090909092
2149	0.112215909090909
2150	0.0369318181818182
2151	0.0525568181818182
2152	0.0227272727272727
2153	-0.0227272727272727
2154	-0.0227272727272727
2155	-0.0852272727272726
2156	-0.207386363636363
2157	-0.176136363636364
2158	-0.251420454545455
2159	-0.190340909090909
2160	-0.237215909090909
2161	-0.345170454545454
2162	-0.284090909090909
2163	-0.252840909090909
2164	-0.237215909090909
2165	-0.237215909090909
2166	-0.282670454545454
2167	-0.3125
2168	-0.267045454545454
2169	-0.282670454545454
2170	-0.359375
2171	-0.359375
2172	-0.357954545454545
2173	-0.357954545454545
2174	-0.296875
2175	-0.28125
2176	-0.21875
2177	-0.188920454545455
2178	-0.235795454545454
2179	-0.265625
2180	-0.234375
2181	-0.248579545454545
2190	-0.09375
2191	-0.107954545454545
2192	-0.0767045454545454
2193	-0.0767045454545454
2194	-0.0767045454545454
2281	-0.0142045454545454
2282	-0.0610795454545454
2283	-0.0610795454545454
2295	-0.0142045454545454
2296	0.0014204545454547
2297	0.0014204545454547
2298	0.0014204545454547
2299	0.0014204545454547
2351	-0.28125
2364	-0.28125
2365	-0.282670454545454
2366	-0.254261363636364
2367	-0.238636363636364
2368	-0.161931818181818
2369	-0.191761363636364
2370	-0.176136363636364
2371	-0.190340909090909
2372	-0.190340909090909
2373	-0.221590909090909
2374	-0.237215909090909
2375	-0.205965909090909
2376	-0.190340909090909
2377	-0.174715909090909
2378	-0.190340909090909
2379	-0.188920454545455
2380	-0.188920454545455
2381	-0.173295454545454
2382	-0.143465909090909
2383	-0.127840909090909
2384	-0.112215909090909
2385	-0.127840909090909
2386	-0.143465909090909
2387	-0.21875
2388	-0.126420454545454
2389	-0.173295454545454
2390	-0.204545454545455
2391	-0.159090909090909
2392	-0.159090909090909
2393	-0.174715909090909
2394	-0.143465909090909
2395	-0.188920454545455
2396	-0.188920454545455
2397	-0.127840909090909
2398	-0.143465909090909
2399	-0.220170454545454
2400	-0.295454545454545
2401	-0.264204545454545
2403	-0.295454545454545
2404	-0.25
2405	-0.25
2406	-0.265625
2407	-0.220170454545454
2408	-0.159090909090909
2409	-0.204545454545455
2410	-0.157670454545454
2411	-0.157670454545454
2412	-0.157670454545454
2413	-0.0980113636363636
2414	-0.0667613636363635
2415	-0.00568181818181834
2416	-0.0227272727272727
2417	-0.00852272727272718
2418	-0.0383522727272726
2419	-0.0852272727272726
2420	-0.0852272727272726
2421	0.00710227272727282
2422	-0.0227272727272727
2423	-0.0696022727272727
2424	-0.0696022727272727
2425	0.0355113636363636
2426	0.0355113636363636
2427	-0.0568181818181818
2428	-0.0411931818181819
2429	-0.0255681818181817
2430	-0.0724431818181818
2431	-0.0411931818181819
2432	-0.0568181818181818
2433	-0.0568181818181818
2434	-0.0568181818181818
2435	-0.0269886363636364
2436	-0.0426136363636362
2437	-0.0582386363636365
2438	-0.133522727272727
2439	-0.149147727272727
2440	-0.255681818181818
2441	-0.318181818181818
2442	-0.241477272727273
2443	-0.302556818181818
2444	-0.286931818181818
2445	-0.225852272727273
2446	-0.272727272727273
2447	-0.302556818181818
2448	-0.196022727272727
2449	-0.302556818181818
2450	-0.318181818181818
2451	-0.319602272727273
2452	-0.274147727272727
2453	-0.274147727272727
2454	-0.289772727272727
2455	-0.274147727272727
2456	-0.321022727272727
2457	-0.338068181818182
2458	-0.291193181818182
2459	-0.292613636363636
2460	-0.338068181818182
2461	-0.336647727272727
2462	-0.382102272727273
2463	-0.335227272727273
2464	-0.397727272727273
2465	-0.428977272727273
2466	-0.382102272727273
2467	-0.413352272727273
2468	-0.352272727272727
2469	-0.397727272727273
2470	-0.491477272727273
2471	-0.475852272727273
2472	-0.414772727272727
2473	-0.461647727272727
2474	-0.386363636363636
2475	-0.340909090909091
2476	-0.326704545454546
2477	-0.265625
2478	-0.251420454545455
2479	-0.191761363636364
2480	-0.132102272727272
2481	-0.240056818181818
2482	-0.255681818181818
2483	-0.257102272727272
2484	-0.333806818181818
2485	-0.286931818181818
2486	-0.225852272727272
2487	-0.363636363636364
2488	-0.423295454545455
2489	-0.484375
2490	-0.484375
2491	-0.515625
2492	-0.515625
2493	-0.544034090909091
2494	-0.57528409090909
2495	-0.573863636363636
2496	-0.528409090909091
2497	-0.512784090909091
2498	-0.467329545454545
2499	-0.436079545454545
2500	-0.389204545454545
2501	-0.373579545454545
2502	-0.420454545454546
2503	-0.390625
2504	-0.451704545454545
2505	-0.451704545454545
2506	-0.34375
2507	-0.389204545454545
2508	-0.45028409090909
2509	-0.357954545454545
2510	-0.372159090909091
2511	-0.357954545454545
2512	-0.326704545454546
2513	-0.279829545454545
2514	-0.370738636363636
2515	-0.414772727272727
2516	-0.551136363636364
2517	-0.488636363636364
2518	-0.427556818181818
2519	-0.411931818181818
2520	-0.396306818181818
2521	-0.380681818181818
2522	-0.441761363636364
2523	-0.379261363636364
2524	-0.348011363636364
2525	-0.316761363636364
2526	-0.271306818181818
2527	-0.163352272727273
2528	-0.147727272727273
2529	-0.132102272727273
2530	-0.0866477272727273
2531	-0.0866477272727273
2532	-0.194602272727273
2533	-0.224431818181818
2534	-0.301136363636364
2535	-0.269886363636363
2536	-0.301136363636364
2537	-0.301136363636364
2538	-0.254261363636364
2539	-0.268465909090909
2540	-0.252840909090909
2541	-0.191761363636364
2542	-0.205965909090909
2543	-0.129261363636364
2544	-0.113636363636364
2545	-0.188920454545455
2546	-0.234375
2547	-0.157670454545454
2548	-0.1875
2549	-0.248579545454545
2550	-0.232954545454545
2551	-0.264204545454545
2552	-0.232954545454545
2553	-0.217329545454545
2557	-0.170454545454545
2558	-0.154829545454545
2559	-0.123579545454545
2560	-0.139204545454545
2561	-0.078125
2562	-0.107954545454545
2570	-0.0767045454545454
2571	-0.0923295454545454
2572	0
2573	0.0156249999999999
2574	0.0298295454545455
2575	0.0142045454545455
2576	0.0298295454545455
2577	-0.00142045454545447
2578	-0.00142045454545447
2579	-0.00142045454545447
2580	-0.00142045454545447
2581	0.0142045454545455
2582	0.0454545454545455
2595	0.0156249999999999
2596	-0.046875
2597	-0.0326704545454545
2598	-0.00284090909090906
2599	-0.0340909090909091
2600	-0.0653409090909091
2601	-0.0497159090909092
2602	-0.0653409090909091
2603	-0.0951704545454546
2604	-0.0795454545454545
2605	-0.110795454545454
2606	-0.125
2607	-0.109375
2608	-0.154829545454545
2609	-0.139204545454545
2677	-0.170454545454545
2682	-0.295454545454545
2683	-0.28125
2684	-0.326704545454545
2685	-0.311079545454545
2686	-0.173295454545454
2687	-0.234375
2688	-0.234375
2689	-0.234375
2690	-0.203125
2691	-0.142045454545455
2692	-0.110795454545454
2693	-0.140625
2694	-0.186079545454545
2695	-0.126420454545454
2696	-0.173295454545454
2697	-0.173295454545454
2698	-0.112215909090909
2699	0.00994318181818177
2700	0.0411931818181817
2701	0.0255681818181818
2702	0.00994318181818177
2703	0.0710227272727274
2704	0.0397727272727273
2705	-0.0213068181818182
2706	-0.0369318181818182
2707	-0.0525568181818183
2708	-0.00568181818181834
2709	0.0255681818181818
2710	0.0568181818181818
2711	0.102272727272727
2712	0.00994318181818177
2713	-0.0511363636363636
2714	-0.0838068181818182
2715	-0.0838068181818182
2716	-0.0227272727272727
2717	0.127840909090909
2718	0.0823863636363636
2719	0.0667613636363635
2720	0.0639204545454547
2721	0.0482954545454548
2722	-0.0582386363636365
2723	-0.0426136363636362
2724	-0.0284090909090907
2725	-0.0610795454545453
2726	-0.0468750000000002
2727	-0.09375
2728	-0.09375
2729	-0.0625
2730	-0.0482954545454546
2731	-0.154829545454545
2732	-0.107954545454545
2733	-0.107954545454545
2734	-0.137784090909091
2735	-0.259943181818182
2736	-0.275568181818182
2737	-0.275568181818182
2738	-0.245738636363636
2739	-0.292613636363636
2740	-0.261363636363636
2741	-0.308238636363636
2742	-0.276988636363636
2743	-0.245738636363636
2744	-0.200284090909091
2745	-0.215909090909091
2746	-0.231534090909091
2747	-0.306818181818182
2748	-0.259943181818182
2749	-0.275568181818182
2750	-0.289772727272727
2751	-0.274147727272727
2752	-0.288352272727273
2753	-0.438920454545455
2754	-0.453125
2755	-0.451704545454545
2757	-0.404829545454545
2758	-0.34375
2759	-0.359375
2760	-0.404829545454545
2781	-0.186079545454545
2782	-0.154829545454545
2783	-0.109375
2784	-0.140625
2785	-0.0951704545454546
2786	-0.0340909090909091
2787	-0.00426136363636365
2788	0.0411931818181817
2789	0.0866477272727273
2790	0.116477272727273
2791	0.161931818181818
2792	0.161931818181818
2793	0.0866477272727273
2794	0.0411931818181817
2795	0.0568181818181818
2796	0.0880681818181818
2797	0.0724431818181818
2798	0.0426136363636365
2799	0.103693181818182
2800	0.119318181818182
2801	0.0880681818181818
2802	0.103693181818182
2803	0.178977272727273
2804	0.210227272727273
2805	0.224431818181818
2806	0.285511363636364
2807	0.269886363636364
2808	0.224431818181818
2809	0.208806818181818
2810	0.177556818181818
2811	0.0838068181818181
2812	0.0525568181818182
2813	0.0681818181818181
2814	0.115056818181818
2815	0.0525568181818182
2816	-0.0553977272727272
2817	-0.100852272727273
2818	-0.132102272727273
2819	-0.210227272727273
2820	-0.178977272727272
2821	-0.208806818181818
2822	-0.224431818181818
2823	-0.285511363636364
2824	-0.346590909090909
2825	-0.362215909090909
2826	-0.423295454545455
2827	-0.484375
2828	-0.4375
2829	-0.484375
2830	-0.5
2831	-0.53125
2832	-0.578125
2833	-0.532670454545454
2834	-0.579545454545454
2835	-0.671875
2836	-0.6875
2837	-0.671875
2838	-0.642045454545454
2839	-0.717329545454545
2840	-0.764204545454545
2841	-0.779829545454545
2845	-0.811079545454545
2846	-0.811079545454545
2847	-0.717329545454545
2848	-0.654829545454545
2911	-0.28125
2912	-0.296875
2913	-0.220170454545454
2914	-0.28125
2915	-0.279829545454545
2929	-0.078125
2930	-0.0326704545454545
2931	-0.0482954545454545
2932	-0.0795454545454545
2933	-0.0482954545454545
2934	-0.0326704545454545
2935	-0.0326704545454545
2936	0.0440340909090909
2937	0.0284090909090909
2938	0.0596590909090909
2939	0.0454545454545455
2940	-0.015625
2941	-0.0454545454545454
2942	-0.0142045454545454
2943	-0.0142045454545454
2944	0.0625
2945	0.0625
2946	0.09375
3317	-0.123579545454545
3318	-0.0625
3319	-0.015625
3320	0.0909090909090909
3321	0.0752840909090909
3322	0.0909090909090909
3323	0.122159090909091
3324	0.106534090909091
3325	0.106534090909091
3326	0.122159090909091
3327	0.122159090909091
3328	0.122159090909091
3329	0.0752840909090909
3330	0.0142045454545455
3331	0.0142045454545455
3332	-0.0326704545454545
3333	-0.00284090909090906
3334	-0.00284090909090906
3335	-0.0340909090909091
3336	-0.0184659090909091
3337	0.0269886363636365
3338	0.0113636363636365
3339	0.0738636363636365
3340	0.0582386363636365
3341	0.0880681818181818
3342	0.0269886363636365
3343	0.0426136363636365
3344	-0.0184659090909091
3345	-0.0184659090909091
3346	0.0284090909090909
3347	0.0284090909090909
3348	0.0738636363636365
3349	0.0894886363636365
3350	0.0894886363636365
3351	0.0894886363636365
3352	-0.0795454545454545
3353	-0.109375
3354	-0.201704545454545
3355	-0.232954545454545
3395	-0.109375
3396	-0.0639204545454545
3397	-0.0951704545454546
3398	-0.126420454545454
3399	-0.112215909090909
3400	-0.113636363636364
3401	-0.0525568181818183
3402	-0.0369318181818182
3403	-0.0213068181818182
3404	-0.0355113636363635
3405	-0.00426136363636365
3406	-0.0198863636363635
3407	-0.0667613636363635
3408	-0.0980113636363636
3409	-0.0681818181818183
3410	-0.0681818181818183
3411	-0.0980113636363636
3412	-0.0980113636363636
3413	-0.0980113636363636
3414	-0.0369318181818182
3415	-0.0383522727272726
3416	0.00710227272727282
3417	-0.0397727272727272
3418	-0.0568181818181818
3419	-0.0113636363636364
3420	0.0198863636363638
3421	0.00426136363636354
3422	0.0951704545454546
3423	0.0809659090909093
3424	0.142045454545455
3425	0.110795454545455
3426	0.0795454545454547
3427	0.00284090909090939
3428	0.0625
3429	0.046875
3430	-0.0298295454545454
3431	-0.151988636363636
3432	-0.291193181818182
3433	-0.200284090909091
3434	-0.123579545454545
3435	-0.0923295454545455
3436	-0.107954545454545
3437	-0.139204545454545
3438	-0.170454545454545
3439	-0.109375
3440	-0.0951704545454546
3441	-0.110795454545455
3442	-0.0795454545454546
3443	-0.0639204545454546
3444	-0.0482954545454546
3445	-0.0482954545454546
3446	-0.0170454545454546
3447	-0.00142045454545481
3448	-0.00284090909090895
3449	-0.00284090909090895
3450	-0.09375
3451	-0.0923295454545455
3452	-0.122159090909091
3453	-0.0909090909090907
3454	-0.0894886363636364
3455	-0.103693181818182
3456	-0.0269886363636364
3457	-0.0568181818181818
3458	-0.163352272727273
3459	-0.147727272727273
3460	-0.177556818181818
3461	-0.130681818181818
3462	-0.0681818181818183
3463	-0.0823863636363635
3464	-0.142045454545455
3465	-0.0951704545454546
3466	-0.0795454545454545
3467	-0.0482954545454545
3468	0.0752840909090909
3469	0.03125
3470	0.0170454545454546
3514	-0.264204545454545
3516	-0.279829545454545
3517	-0.28125
3518	-0.129261363636364
3519	-0.113636363636364
3520	-0.129261363636364
3521	-0.0838068181818182
3522	-0.0241477272727273
3523	-0.0241477272727273
3524	-0.0397727272727272
3525	-0.0710227272727271
3526	-0.0397727272727272
3527	0.0213068181818181
3528	0.0838068181818181
3529	0.0994318181818182
3530	0.130681818181818
3531	0.117897727272727
3532	0.133522727272727
3533	0.117897727272727
3534	0.102272727272727
3535	0.133522727272727
3536	0.117897727272727
3537	0.0724431818181818
3538	0.0113636363636365
3539	0.0426136363636365
3540	0.0426136363636365
3541	0.0880681818181818
3542	0.0724431818181818
3543	0.0724431818181818
3544	0.0724431818181818
3545	0.0724431818181818
3546	0.0880681818181818
3547	0.0582386363636365
3548	0.0738636363636365
3549	0.0894886363636365
3550	0.0596590909090909
3551	0.0752840909090909
3552	0.0767045454545455
3553	0.0781250000000001
3604	-0.0625
3605	-0.046875
3606	-0.0625
3607	-0.107954545454545
3608	-0.107954545454545
3609	-0.107954545454545
3615	-0.125
3616	-0.09375
3617	-0.125
3621	-0.217329545454545
3622	-0.157670454545454
3623	-0.188920454545455
3624	-0.28125
3625	-0.390625
3626	-0.440340909090909
3627	-0.426136363636364
3628	-0.426136363636364
3629	-0.321022727272727
3630	-0.491477272727273
3631	-0.431818181818182
3632	-0.447443181818182
3633	-0.417613636363637
3634	-0.433238636363637
3635	-0.420454545454546
3636	-0.436079545454545
3637	-0.467329545454545
3638	-0.482954545454545
3639	-0.407670454545455
3640	-0.5
3641	-0.410511363636364
3642	-0.349431818181818
3643	-0.380681818181818
3644	-0.305397727272727
3645	-0.322443181818182
3646	-0.306818181818182
3647	-0.262784090909091
3648	-0.21875
3649	-0.157670454545455
3650	-0.173295454545455
3651	-0.1875
3652	-0.234375
3653	-0.204545454545454
3654	-0.127840909090909
3655	-0.190340909090909
3656	-0.190340909090909
3657	-0.146306818181818
3658	-0.268465909090909
3659	-0.299715909090909
3660	-0.207386363636364
3661	0.0838068181818186
3662	0.207386363636364
3663	0.177556818181819
3664	0.130681818181819
3665	-0.0213068181818181
3666	-0.0681818181818179
3667	-0.221590909090909
3668	-0.252840909090909
3669	-0.329545454545454
3670	-0.194602272727273
3671	-0.210227272727273
3672	-0.181818181818181
3673	-0.245738636363636
3674	-0.308238636363636
3675	-0.416193181818182
3676	-0.446022727272727
3677	-0.507102272727273
3678	-0.568181818181818
3679	-0.568181818181818
3680	-0.568181818181818
3681	-0.552556818181818
3682	-0.539772727272727
3683	-0.509943181818181
3684	-0.678977272727273
3685	-0.617897727272727
3686	-0.602272727272727
3687	-0.511363636363636
3688	-0.420454545454545
3689	-0.389204545454545
3690	-0.450284090909091
3691	-0.434659090909091
3692	-0.403409090909091
3693	-0.461647727272727
3694	-0.383522727272727
3695	-0.321022727272727
3696	-0.382102272727273
3697	-0.595170454545454
3698	-0.578125
3699	-0.471590909090909
3700	-0.470170454545454
3701	-0.376420454545454
3702	-0.251420454545454
3703	-0.126420454545454
3704	-0.0482954545454546
3705	-0.0170454545454544
3706	-0.153409090909091
3707	-0.197443181818182
3708	-0.210227272727272
3709	-0.0383522727272725
3710	-0.00710227272727249
3711	0.0568181818181819
3712	0.103693181818182
3713	0.0440340909090908
3714	0.0440340909090908
3715	0.0752840909090911
3716	-0.03125
3717	-0.0625
3718	0.0312499999999999
3719	-0.0738636363636364
3720	0.0511363636363636
3721	-0.0241477272727273
3722	0.00568181818181823
3723	-0.146306818181818
3724	-0.235795454545454
3725	-0.25
3726	-0.21875
3727	-0.15625
3728	-0.203125
3729	-0.173295454545454
3730	-0.188920454545455
3731	-0.188920454545455
3732	-0.127840909090909
3733	-0.0965909090909092
3734	-0.171875
3735	-0.217329545454545
3736	-0.232954545454545
3737	-0.1875
3738	-0.140625
3739	-0.140625
3740	-0.186079545454545
3741	-0.154829545454545
3742	-0.107954545454545
3743	-0.0923295454545454
3744	-0.078125
3745	-0.139204545454545
3746	-0.107954545454545
3747	-0.123579545454545
3748	-0.154829545454545
3749	-0.154829545454545
3750	-0.09375
3751	-0.125
3752	-0.09375
3753	-0.015625
3895	0.0482954545454546
3896	0.0326704545454547
3897	0.0014204545454547
3898	0.0014204545454547
3899	0.03125
3900	-0.00142045454545447
3901	-0.0170454545454545
3902	-0.0482954545454545
3903	-0.0639204545454545
3904	-0.0951704545454546
3905	-0.0795454545454545
3906	-0.0497159090909092
3907	-0.0340909090909091
3908	-0.0213068181818182
3909	0.0085227272727274
3910	-0.0227272727272727
3911	-0.0227272727272727
3912	-0.0539772727272726
3913	-0.146306818181818
3914	-0.116477272727272
3915	-0.133522727272727
3916	-0.0724431818181818
3917	-0.0113636363636364
3918	-0.0411931818181819
3919	-0.0113636363636364
3920	0.00426136363636354
3921	0.0340909090909093
3922	0.0497159090909092
3923	0.0170454545454547
3924	0.0014204545454547
3925	-0.0454545454545453
3926	-0.106534090909091
3927	-0.0610795454545453
3928	-0.03125
3929	-0.139204545454545
3930	-0.230113636363636
3931	-0.275568181818182
3932	-0.322443181818182
3933	-0.275568181818182
3934	-0.308238636363636
3935	-0.338068181818182
3936	-0.275568181818182
3937	-0.275568181818182
3938	-0.291193181818182
3939	-0.231534090909091
3940	-0.309659090909091
3941	-0.25
3942	-0.159090909090909
3943	-0.129261363636364
3944	-0.159090909090909
3945	-0.205965909090909
3946	-0.0852272727272725
3947	-0.0866477272727268
3948	-0.102272727272727
3949	-0.210227272727272
3950	-0.272727272727273
3951	-0.272727272727273
3952	-0.305397727272727
3953	-0.367897727272727
3954	-0.384943181818182
3955	-0.450284090909091
3956	-0.436079545454545
3957	-0.421875
3958	-0.377840909090909
3959	-0.301136363636364
3960	-0.332386363636364
3961	-0.363636363636364
3962	-0.443181818181818
3963	-0.490056818181818
3964	-0.458806818181818
3965	-0.382102272727273
3966	-0.382102272727273
3967	-0.275568181818182
3968	-0.244318181818181
3969	-0.230113636363637
3970	-0.198863636363636
3971	-0.245738636363636
3972	-0.261363636363636
3973	-0.154829545454545
3974	-0.123579545454545
3975	-0.230113636363637
3976	-0.167613636363636
3977	-0.305397727272727
3978	-0.477272727272727
3979	-0.553977272727273
3980	-0.552556818181818
3981	-0.505681818181818
3982	-0.519886363636364
3983	-0.596590909090909
3984	-0.596590909090909
3985	-0.518465909090909
3986	-0.471590909090909
3987	-0.532670454545454
3988	-0.561079545454545
3989	-0.529829545454545
3990	-0.498579545454545
3991	-0.480113636363637
3992	-0.542613636363636
3993	-0.526988636363636
3994	-0.586647727272727
3995	-0.693181818181818
3996	-0.526988636363636
3997	-0.495738636363636
3998	-0.384943181818182
3999	-0.231534090909091
4000	-0.232954545454545
4001	-0.294034090909091
4002	-0.157670454545455
4003	-0.296875
4004	-0.375
4005	-0.420454545454545
4006	-0.434659090909091
4007	-0.403409090909091
4008	-0.448863636363636
4009	-0.555397727272727
4010	-0.616477272727273
4011	-0.553977272727272
4012	-0.522727272727272
4013	-0.475852272727273
4014	-0.424715909090909
4015	-0.271306818181818
4016	-0.271306818181818
4017	-0.301136363636364
4018	-0.330965909090909
4019	-0.268465909090909
4020	-0.237215909090909
4021	-0.161931818181818
4022	-0.160511363636364
4023	-0.0823863636363635
4024	-0.0667613636363635
4025	-0.143465909090909
4026	-0.188920454545455
4027	-0.15625
4028	-0.153409090909091
4029	-0.213068181818182
4030	-0.181818181818182
4031	-0.166193181818182
4032	-0.255681818181818
4033	-0.208806818181818
4034	-0.208806818181818
4035	-0.360795454545454
4036	-0.359375
4037	-0.298295454545454
4038	-0.357954545454545
4042	-0.154829545454545
4043	-0.139204545454545
4044	-0.139204545454545
4045	-0.123579545454545
4046	-0.139204545454545
4047	-0.139204545454545
4048	-0.107954545454545
4049	-0.0767045454545454
4050	-0.0923295454545454
4068	-0.170454545454545
4069	-0.15625
4070	-0.234375
4071	-0.21875
4072	-0.0667613636363635
4073	-0.112215909090909
4074	-0.188920454545455
4075	-0.143465909090909
4076	-0.127840909090909
4077	-0.143465909090909
4078	-0.188920454545455
4079	-0.204545454545455
4080	-0.188920454545455
4081	-0.188920454545455
4082	-0.0965909090909092
4083	-0.112215909090909
4084	-0.112215909090909
4085	-0.0667613636363635
4086	-0.0667613636363635
4087	-0.0667613636363635
4088	0.0255681818181818
4089	0.0411931818181817
4090	0.0568181818181818
4091	0.0269886363636365
4092	0.0724431818181818
4093	0.0568181818181818
4094	0.0568181818181818
4095	0.0724431818181818
4096	0.102272727272727
4097	0.163352272727273
4098	0.102272727272727
4099	0.147727272727273
4100	0.164772727272727
4101	0.196022727272727
4102	0.211647727272727
4103	0.211647727272727
4104	0.0894886363636365
4105	0.0909090909090909
4106	0.169034090909091
4107	0.137784090909091
4109	-0.0454545454545454
4110	-0.0142045454545454
4111	0.03125
4112	0.03125
4113	0.0781250000000001
4114	0.0468750000000001
4115	0.107954545454546
4116	0.0923295454545456
4117	0.0610795454545455
4118	-0.015625
4119	-0.03125
4120	-0.09375
4121	-0.109375
4122	-0.109375
4123	-0.0951704545454546
4124	-0.0497159090909092
4125	-0.0653409090909091
4126	-0.0511363636363636
4127	-0.0355113636363635
4128	-0.0653409090909091
4129	-0.0653409090909091
4130	-0.0497159090909092
4131	-0.0355113636363635
4132	-0.0809659090909091
4133	-0.0965909090909092
4134	-0.0809659090909091
4135	-0.126420454545454
4136	-0.142045454545455
4137	-0.127840909090909
4138	-0.143465909090909
4139	-0.159090909090909
4140	-0.0980113636363636
4141	-0.0539772727272726
4142	-0.100852272727273
4143	0.0213068181818181
4144	0.0511363636363636
4145	0.0213068181818181
4146	0.0213068181818181
4147	-0.0852272727272726
4148	-0.0553977272727272
4149	-0.0553977272727272
4150	-0.0241477272727273
4151	-0.0696022727272727
4152	-0.0383522727272726
4153	-0.00710227272727271
4154	0.0539772727272728
4155	0.0852272727272727
4156	0.100852272727273
4157	0.0710227272727274
4158	0.0866477272727273
4159	0.0724431818181818
4160	-0.0184659090909091
4161	0.0426136363636365
4162	-0.00284090909090906
4163	-0.0184659090909091
4164	-0.00284090909090906
4165	-0.00284090909090906
4166	0.0426136363636365
4167	0.0582386363636365
4168	0.103693181818182
4169	0.0582386363636365
4170	0.0738636363636365
4171	0.0284090909090909
4172	0.0440340909090909
4173	0.0440340909090909
4174	0.0284090909090909
4175	0.0440340909090909
4176	0.0142045454545455
4177	-0.107954545454545
4178	-0.0923295454545454
4191	-0.09375
4192	-0.0482954545454545
4193	-0.0184659090909091
4194	-0.0497159090909092
4195	-0.0965909090909092
4196	-0.112215909090909
4197	-0.173295454545454
4198	-0.0965909090909092
4199	-0.0809659090909091
4200	-0.0213068181818182
4201	-0.0213068181818182
4202	-0.0980113636363636
4203	-0.0525568181818183
4204	-0.0369318181818182
4205	-0.0213068181818182
4206	-0.0369318181818182
4207	-0.0525568181818183
4208	-0.0539772727272726
4209	-0.0994318181818182
4210	-0.0994318181818182
4211	-0.115056818181818
4212	-0.0994318181818182
4213	-0.0681818181818183
4214	-0.0681818181818183
4215	-0.0994318181818182
4216	-0.144886363636364
4217	-0.176136363636364
4218	-0.160511363636364
4219	-0.160511363636364
4220	-0.130681818181818
4221	-0.207386363636363
4222	-0.238636363636364
4223	-0.238636363636364
4224	-0.238636363636364
4225	-0.238636363636364
4226	-0.254261363636364
4227	-0.346590909090909
4228	-0.362215909090909
4229	-0.362215909090909
4230	-0.362215909090909
4231	-0.286931818181818
4232	-0.227272727272727
4233	-0.211647727272727
4234	-0.181818181818182
4235	-0.166193181818182
4236	-0.242897727272727
4237	-0.274147727272727
4238	-0.228693181818182
4239	-0.366477272727273
4240	-0.443181818181818
4241	-0.475852272727273
4242	-0.414772727272727
4243	-0.338068181818182
4244	-0.383522727272727
4245	-0.367897727272727
4246	-0.352272727272727
4247	-0.367897727272727
4248	-0.367897727272727
4249	-0.336647727272727
4250	-0.305397727272727
4251	-0.289772727272727
4252	-0.289772727272727
4253	-0.274147727272727
4254	-0.274147727272727
4255	-0.258522727272727
4256	-0.242897727272727
4257	-0.211647727272727
4258	-0.164772727272727
4259	-0.0880681818181817
4260	-0.0866477272727273
4261	-0.133522727272727
4262	-0.224431818181818
4263	-0.207386363636363
4264	-0.235795454545454
4265	-0.265625
4266	-0.220170454545454
4267	-0.248579545454545
4268	-0.217329545454545
4269	-0.217329545454545
4296	-0.140625
4297	-0.125
4298	-0.140625
4299	-0.140625
4300	-0.1875
4301	-0.173295454545454
4302	-0.1875
4303	-0.21875
4304	-0.279829545454545
4305	-0.188920454545455
4306	-0.220170454545454
4307	-0.190340909090909
4308	-0.115056818181818
4309	-0.146306818181818
4310	-0.177556818181818
4311	-0.177556818181818
4312	-0.240056818181818
4313	-0.224431818181818
4314	-0.177556818181818
4315	-0.193181818181818
4316	-0.240056818181818
4317	-0.240056818181818
4318	-0.225852272727273
4319	-0.271306818181818
4320	-0.255681818181818
4321	-0.301136363636364
4322	-0.254261363636364
4323	-0.269886363636363
4324	-0.254261363636364
4325	-0.177556818181818
4326	-0.299715909090909
4327	-0.315340909090909
4328	-0.299715909090909
4329	-0.284090909090909
4330	-0.237215909090909
4331	-0.221590909090909
4332	-0.296875
4333	-0.235795454545454
4334	-0.143465909090909
4335	-0.174715909090909
4336	-0.143465909090909
4337	-0.173295454545454
4338	-0.173295454545454
4339	-0.157670454545454
4340	-0.157670454545454
4341	-0.264204545454545
4342	-0.234375
4343	-0.220170454545454
4344	-0.265625
4345	-0.234375
4346	-0.234375
4347	-0.143465909090909
4348	-0.0355113636363635
4349	-0.0823863636363635
4350	-0.0980113636363636
4351	-0.113636363636364
4352	-0.0667613636363635
4353	-0.0213068181818182
4354	-0.0511363636363636
4355	-0.0355113636363635
4356	-0.0355113636363635
4357	-0.0198863636363635
4358	-0.0667613636363635
4359	-0.0511363636363636
4360	-0.0369318181818182
4361	-0.0213068181818182
4362	-0.0227272727272727
4363	0.0369318181818182
4364	0.00568181818181823
4365	0.0355113636363636
4366	0.0198863636363638
4367	-0.0269886363636364
4368	-0.0724431818181818
4369	-0.0880681818181817
4370	-0.0738636363636364
4371	-0.0752840909090908
4372	-0.0767045454545453
4373	-0.0610795454545453
4374	-0.0923295454545455
4375	-0.0625
4376	-0.0482954545454546
4377	-0.0639204545454546
4378	-0.0639204545454546
4379	-0.107954545454545
4380	-0.153409090909091
4381	-0.215909090909091
4382	-0.184659090909091
4383	-0.292613636363636
4384	-0.262784090909091
4385	-0.247159090909091
4386	-0.247159090909091
4387	-0.154829545454545
4388	-0.186079545454545
4389	-0.186079545454545
4390	-0.217329545454545
4391	-0.279829545454545
4392	-0.264204545454545
4393	-0.279829545454545
4394	-0.294034090909091
4395	-0.248579545454545
4396	-0.262784090909091
4397	-0.323863636363636
4398	-0.261363636363636
4399	-0.336647727272727
4400	-0.383522727272727
4401	-0.428977272727273
4402	-0.444602272727273
4403	-0.382102272727273
4404	-0.382102272727273
4405	-0.396306818181818
4406	-0.411931818181818
4407	-0.349431818181818
4408	-0.348011363636364
4409	-0.379261363636364
4410	-0.394886363636364
4411	-0.318181818181818
4412	-0.332386363636364
4413	-0.316761363636364
4414	-0.271306818181818
4415	-0.258522727272727
4416	-0.242897727272727
4417	-0.211647727272727
4418	-0.153409090909091
4419	-0.167613636363636
4420	-0.274147727272727
4421	-0.214488636363636
4422	-0.245738636363636
4423	-0.322443181818182
4424	-0.338068181818182
4425	-0.399147727272727
4426	-0.323863636363636
4427	-0.276988636363636
4428	-0.262784090909091
4429	-0.247159090909091
4430	-0.309659090909091
4431	-0.340909090909091
4432	-0.342329545454546
4433	-0.342329545454546
4434	-0.403409090909091
4435	-0.373579545454545
4436	-0.372159090909091
4437	-0.326704545454546
4438	-0.326704545454546
4439	-0.373579545454545
4440	-0.389204545454545
4441	-0.436079545454545
4442	-0.359375
4443	-0.420454545454546
4444	-0.451704545454545
4445	-0.360795454545455
4446	-0.330965909090909
4447	-0.421875
4448	-0.360795454545455
4449	-0.315340909090909
4450	-0.329545454545455
4451	-0.342329545454546
4452	-0.357954545454545
4453	-0.328125
4454	-0.340909090909091
4455	-0.325284090909091
4456	-0.264204545454545
4457	-0.276988636363636
4458	-0.230113636363636
4459	-0.123579545454545
4460	-0.0923295454545455
4461	-0.0767045454545453
4462	-0.120738636363636
4463	-0.105113636363636
4464	-0.134943181818182
4465	-0.134943181818182
4466	-0.105113636363636
4467	-0.119318181818182
4468	-0.117897727272727
4469	-0.117897727272727
4470	-0.0411931818181819
4471	-0.0866477272727273
4472	-0.102272727272727
4473	-0.147727272727273
4474	-0.163352272727273
4475	-0.102272727272727
4476	-0.0255681818181817
4477	0.0213068181818181
4478	-0.0994318181818182
4479	-0.0525568181818183
4480	-0.0213068181818182
4481	-0.0965909090909092
4482	-0.0951704545454546
4483	-0.110795454545454
4484	-0.140625
4485	-0.170454545454545
4524	0.235795454545455
4525	0.220170454545455
4527	0.188920454545455
4528	0.142045454545455
4534	0.0639204545454546
4537	-0.0298295454545454
4538	0.0610795454545455
4539	0.0298295454545455
4540	0.0142045454545455
4541	-0.00142045454545447
4542	-0.0326704545454545
4543	-0.0326704545454545
4544	-0.0340909090909091
4545	-0.0951704545454546
4546	-0.127840909090909
4547	-0.0823863636363635
4548	-0.177556818181818
4549	-0.208806818181818
4550	-0.147727272727273
4551	-0.102272727272727
4552	-0.117897727272727
4553	-0.133522727272727
4554	-0.0724431818181818
4555	-0.0724431818181818
4556	-0.0894886363636364
4557	-0.0440340909090907
4558	-0.120738636363636
4559	-0.136363636363636
4560	-0.213068181818182
4561	-0.197443181818182
4562	-0.213068181818182
4563	-0.321022727272727
4564	-0.411931818181818
4565	-0.383522727272727
4566	-0.338068181818182
4567	-0.262784090909091
4568	-0.140625
4569	-0.0951704545454546
4570	-0.126420454545455
4571	0.00994318181818188
4572	-0.0525568181818181
4573	-0.0383522727272725
4574	-0.115056818181818
4575	-0.100852272727272
4576	-0.178977272727272
4577	-0.225852272727272
4578	-0.225852272727272
4579	-0.272727272727273
4580	-0.196022727272727
4581	-0.136363636363637
4582	-0.0596590909090911
4583	-0.167613636363636
4584	0.03125
4585	0.0326704545454548
4586	-0.105113636363637
4587	-0.0752840909090906
4588	-0.029829545454545
4589	-0.0767045454545452
4590	-0.123579545454545
4591	-0.139204545454545
4592	-0.0767045454545452
4593	-0.107954545454545
4594	-0.0624999999999998
4595	-0.0468749999999998
4596	-0.0170454545454544
4597	-0.0170454545454544
4598	-0.0170454545454544
4599	0.136363636363636
4600	0.136363636363636
4601	0.137784090909091
4602	0.0767045454545454
4603	-0.029829545454545
4604	-0.0752840909090906
4605	-0.105113636363637
4606	-0.150568181818182
4607	-0.194602272727272
4608	-0.163352272727272
4609	-0.238636363636364
4610	-0.161931818181818
4611	-0.144886363636364
4612	-0.0369318181818181
4613	0.00994318181818188
4614	-0.0681818181818181
4615	-0.0227272727272725
4616	-0.113636363636364
4617	-0.173295454545455
4618	-0.203125
4619	-0.126420454545455
4620	-0.184659090909091
4621	-0.184659090909091
4622	-0.215909090909091
4623	-0.261363636363636
4624	-0.309659090909091
4625	-0.112215909090909
4626	-0.110795454545455
4627	-0.110795454545455
4628	-0.21875
4629	-0.188920454545455
4630	-0.25
4631	-0.282670454545455
4632	-0.282670454545455
4633	-0.313920454545454
4634	-0.252840909090909
4635	-0.421875
4636	-0.390625
4637	-0.375
4638	-0.313920454545454
4639	-0.298295454545455
4640	-0.329545454545455
4641	-0.299715909090909
4642	-0.284090909090909
4643	-0.284090909090909
4644	-0.284090909090909
4645	-0.252840909090909
4646	-0.299715909090909
4647	-0.362215909090909
4648	-0.362215909090909
4649	-0.393465909090909
4650	-0.377840909090909
4651	-0.330965909090909
4652	-0.330965909090909
4653	-0.285511363636364
4654	-0.362215909090909
4655	-0.362215909090909
4656	-0.454545454545455
4657	-0.424715909090909
4658	-0.362215909090909
4659	-0.392045454545455
4660	-0.373579545454545
4661	-0.495738636363636
4662	-0.480113636363636
4663	-0.464488636363636
4664	-0.433238636363637
4665	-0.447443181818182
4666	-0.447443181818182
4667	-0.414772727272727
4668	-0.475852272727273
4669	-0.430397727272727
4670	-0.522727272727273
4671	-0.414772727272727
4672	-0.399147727272727
4673	-0.414772727272727
4674	-0.460227272727273
4675	-0.444602272727273
4676	-0.428977272727273
4677	-0.413352272727273
4678	-0.382102272727273
4679	-0.397727272727273
4680	-0.350852272727273
4681	-0.366477272727273
4682	-0.426136363636364
4683	-0.394886363636364
4684	-0.409090909090909
4685	-0.302556818181818
4686	-0.208806818181818
4687	-0.224431818181818
4688	-0.163352272727273
4689	-0.224431818181818
4690	-0.193181818181818
4691	-0.223011363636364
4692	-0.161931818181818
4693	-0.207386363636363
4694	-0.161931818181818
4695	-0.146306818181818
4696	-0.100852272727273
4697	-0.144886363636364
4698	-0.176136363636364
4699	-0.176136363636364
4700	-0.144886363636364
4701	-0.221590909090909
4702	-0.191761363636364
4703	-0.130681818181818
4704	-0.100852272727273
4705	-0.0852272727272726
4706	-0.0383522727272726
4707	-0.0994318181818182
4708	-0.0241477272727273
4709	-0.00852272727272718
4710	0.0369318181818182
4711	0.0667613636363635
4712	0.0213068181818181
4713	-0.0710227272727271
4714	-0.0255681818181817
4715	0.0511363636363636
4716	0.0809659090909093
4717	0.112215909090909
4718	0.127840909090909
4719	0.159090909090909
4720	0.204545454545455
4721	0.113636363636364
4722	0.0511363636363636
4723	0.00568181818181823
4724	-0.0866477272727273
4725	-0.0553977272727272
4726	-0.0397727272727272
4727	-0.0241477272727273
4728	-0.00852272727272718
4729	0.0980113636363636
4730	0.0369318181818182
4731	0.112215909090909
4732	0.0667613636363635
4733	0.0980113636363636
4734	0.113636363636364
4735	0.143465909090909
4736	0.112215909090909
4737	0.127840909090909
4738	0.220170454545455
4739	0.235795454545455
4740	0.221590909090909
4741	0.160511363636364
4742	0.160511363636364
4743	0.191761363636364
4744	0.116477272727273
4745	0.0710227272727274
4746	-0.00568181818181834
4747	-0.0667613636363635
4748	-0.00568181818181834
4749	0.0568181818181818
4750	-0.00426136363636365
4751	-0.0497159090909092
4752	-0.0951704545454546
4753	-0.110795454545454
4754	-0.110795454545454
4755	-0.126420454545454
4756	-0.21875
4757	-0.21875
4758	-0.171875
4759	-0.140625
4760	-0.0482954545454545
4761	-0.0482954545454545
4762	-0.00284090909090906
4763	-0.0184659090909091
4764	-0.0482954545454545
4765	-0.123579545454545
4766	-0.0625
4915	-0.232954545454545
4916	-0.342329545454545
4917	-0.342329545454545
4918	-0.404829545454545
4919	-0.421875
4920	-0.46875
4921	-0.440340909090909
4922	-0.517045454545454
4923	-0.548295454545454
4924	-0.441761363636364
4925	-0.535511363636364
4926	-0.598011363636364
4927	-0.599431818181818
4928	-0.571022727272727
4929	-0.664772727272727
4930	-0.666193181818182
4931	-0.651988636363636
4932	-0.683238636363636
4933	-0.684659090909091
4934	-0.731534090909091
4935	-0.717329545454545
4936	-0.872159090909091
4937	-0.826704545454545
4938	-0.889204545454546
4939	-0.859375
4940	-0.877840909090909
4941	-0.909090909090909
4942	-0.893465909090909
4943	-0.863636363636364
4944	-0.879261363636364
4945	-0.863636363636364
4946	-0.803977272727272
4947	-0.865056818181818
4948	-0.789772727272727
4949	-0.744318181818182
4950	-0.650568181818182
4951	-0.650568181818182
4952	-0.495738636363636
4953	-0.495738636363636
4954	-0.373579545454545
4955	-0.328125
4956	-0.296875
4957	-0.25
4958	-0.234375
4959	-0.282670454545455
4960	-0.420454545454545
4961	-0.328125
4962	-0.220170454545455
4963	-0.159090909090909
4964	-0.1875
4965	-0.109375
4966	-0.0923295454545452
4967	-0.0156249999999998
4968	0
4969	0.00142045454545481
4970	0.0937500000000002
4971	0.126420454545455
4972	0.188920454545455
4973	0.0653409090909092
4974	0.127840909090909
4975	0.0681818181818183
4976	0.0866477272727275
4977	0.194602272727273
4978	0.193181818181818
4979	0.147727272727273
4980	0.240056818181818
4981	0.257102272727273
4982	0.197443181818182
4983	0.244318181818182
4984	0.123579545454545
4985	0.139204545454546
4986	0.107954545454545
4987	0.0781249999999999
4988	0.0326704545454546
4989	-0.0142045454545454
4990	-0.105113636363636
4991	-0.103693181818182
4992	-0.164772727272727
4993	-0.224431818181818
4994	-0.193181818181818
4995	-0.144886363636364
4996	-0.0525568181818183
4997	-0.0511363636363636
4998	-0.00568181818181834
4999	-0.0198863636363635
5000	-0.0198863636363635
5001	0.0113636363636365
5002	0.0113636363636365
5003	-0.00284090909090906
5004	-0.0639204545454545
5005	0.0127840909090909
5006	-0.0326704545454545
5007	-0.0170454545454545
5008	-0.0170454545454545
5009	0.0454545454545455
5010	0.0298295454545455
5011	0.0454545454545455
5012	0.0298295454545455
5013	-0.03125
5014	-0.0298295454545454
5015	0.0014204545454547
5017	-0.0454545454545454
5018	-0.0923295454545454
5019	-0.123579545454545
5020	-0.107954545454545
5036	-0.154829545454545
5037	-0.201704545454545
5038	-0.1875
5039	-0.264204545454545
5040	-0.1875
5041	-0.311079545454545
5042	-0.311079545454545
5043	-0.342329545454545
5044	-0.204545454545455
5045	-0.234375
5046	-0.143465909090909
5047	-0.0852272727272726
5048	0.0355113636363636
5049	0.0653409090909094
5050	0.0653409090909094
5051	0.0653409090909094
5052	0.0497159090909092
5053	0.0355113636363636
5054	0.0511363636363636
5055	0.0667613636363635
5056	0.0667613636363635
5057	0.0340909090909093
5058	0.0340909090909093
5059	-0.0127840909090908
5060	-0.0298295454545454
5061	-0.0923295454545455
5062	-0.139204545454545
5063	-0.0497159090909089
5064	-0.00426136363636354
5065	0.0255681818181819
5066	0.0255681818181819
5067	-0.0369318181818181
5068	-0.129261363636364
5069	-0.0980113636363635
5070	-0.0809659090909089
5071	-0.0951704545454546
5072	-0.201704545454545
5073	-0.171875
5074	-0.15625
5075	-0.112215909090909
5076	-0.188920454545455
5077	-0.142045454545455
5078	-0.142045454545455
5079	-0.110795454545455
5080	-0.217329545454545
5081	-0.157670454545455
5082	-0.234375
5083	-0.309659090909091
5084	-0.461647727272727
5085	-0.491477272727273
5086	-0.461647727272727
5087	-0.446022727272727
5088	-0.461647727272727
5089	-0.477272727272727
5090	-0.494318181818182
5091	-0.480113636363636
5092	-0.511363636363637
5093	-0.478693181818182
5094	-0.447443181818182
5095	-0.400568181818182
5096	-0.292613636363636
5097	-0.245738636363636
5098	-0.214488636363636
5099	-0.319602272727273
5100	-0.349431818181818
5101	-0.409090909090909
5102	-0.379261363636364
5103	-0.332386363636364
5104	-0.301136363636364
5105	-0.271306818181818
5106	-0.286931818181818
5107	-0.302556818181818
5108	-0.302556818181818
5109	-0.316761363636364
5110	-0.255681818181818
5111	-0.268465909090909
5112	-0.237215909090909
5113	-0.176136363636364
5114	-0.191761363636364
5115	-0.191761363636364
5116	-0.176136363636364
5117	-0.235795454545454
5118	-0.234375
5119	-0.217329545454545
5120	-0.170454545454545
5121	-0.109375
5122	-0.139204545454545
5123	-0.154829545454545
5124	-0.139204545454545
5125	-0.123579545454545
5196	-0.201704545454545
5197	-0.201704545454545
5198	-0.232954545454545
5199	-0.248579545454545
5200	-0.264204545454545
5201	-0.326704545454545
5205	-0.482954545454545
5206	-0.470170454545454
5207	-0.485795454545454
5208	-0.440340909090909
5209	-0.424715909090909
5210	-0.393465909090909
5211	-0.409090909090909
5212	-0.424715909090909
5213	-0.377840909090909
5214	-0.377840909090909
5215	-0.330965909090909
5216	-0.315340909090909
5217	-0.299715909090909
5218	-0.223011363636364
5219	-0.268465909090909
5220	-0.282670454545454
5221	-0.267045454545454
5222	-0.265625
5223	-0.25
5224	-0.188920454545455
5225	-0.204545454545455
5226	-0.279829545454545
5227	-0.264204545454545
5228	-0.311079545454545
5229	-0.311079545454545
5230	-0.326704545454545
5231	-0.311079545454545
5232	-0.295454545454545
5233	-0.311079545454545
5234	-0.28125
5235	-0.28125
5236	-0.265625
5237	-0.234375
5238	-0.21875
5239	-0.203125
5240	-0.173295454545454
5241	-0.126420454545454
5242	-0.170454545454545
5243	-0.232954545454545
5245	-0.326704545454545
5246	-0.3125
5247	-0.298295454545454
5248	-0.34375
5249	-0.34375
5250	-0.298295454545454
5251	-0.268465909090909
5252	-0.284090909090909
5253	-0.269886363636363
5254	-0.409090909090909
5255	-0.380681818181818
5256	-0.336647727272727
5257	-0.399147727272727
5258	-0.386363636363636
5259	-0.387784090909091
5260	-0.389204545454545
5261	-0.404829545454545
5262	-0.420454545454546
5263	-0.544034090909091
5264	-0.498579545454545
5265	-0.514204545454546
5266	-0.532670454545455
5267	-0.455965909090909
5268	-0.532670454545455
5269	-0.65625
5270	-0.670454545454545
5271	-0.639204545454546
5272	-0.563920454545455
5273	-0.610795454545455
5274	-0.612215909090909
5275	-0.613636363636364
5276	-0.491477272727273
5277	-0.583806818181818
5278	-0.568181818181818
5279	-0.521306818181818
5280	-0.490056818181818
5281	-0.444602272727272
5282	-0.444602272727272
5283	-0.397727272727272
5284	-0.352272727272727
5285	-0.322443181818182
5286	-0.291193181818182
5287	-0.261363636363636
5288	-0.215909090909091
5289	-0.230113636363637
5290	-0.167613636363636
5291	-0.196022727272727
5292	-0.211647727272727
5293	-0.180397727272727
5294	-0.208806818181818
5295	-0.254261363636364
5296	-0.376420454545455
5297	-0.346590909090909
5298	-0.393465909090909
5299	-0.346590909090909
5300	-0.299715909090909
5301	-0.315340909090909
5302	-0.3125
5303	-0.373579545454545
5304	-0.357954545454545
5305	-0.204545454545455
5306	-0.0696022727272727
5307	-0.116477272727272
5308	-0.238636363636364
5309	-0.207386363636364
5310	-0.238636363636364
5311	-0.146306818181818
5312	-0.221590909090909
5313	-0.115056818181818
5314	-0.0553977272727271
5315	0.0355113636363635
5316	0.0340909090909089
5317	-0.0269886363636365
5318	0.0340909090909089
5319	-0.0127840909090908
5320	-0.0426136363636365
5321	-0.0426136363636365
5322	0.0170454545454548
5323	-0.0738636363636365
5324	-0.0596590909090911
5325	0.0156250000000004
5326	0.0454545454545454
5327	0.0298295454545456
5328	0
5329	-0.0156249999999998
5330	-0.0312499999999998
5331	-0.0468749999999998
5332	0.03125
5333	-0.0923295454545452
5334	0.0142045454545456
5335	0.0142045454545456
5336	0.0298295454545456
5337	0.0610795454545459
5338	0.0142045454545456
5339	0.0440340909090911
5340	0.180397727272727
5341	0.164772727272727
5342	-0.00142045454545436
5343	0.0738636363636365
5344	0.194602272727273
5345	0.147727272727273
5346	0.133522727272727
5347	0.117897727272727
5348	0.0568181818181821
5349	-0.0340909090909089
5350	-0.09375
5351	-0.200284090909091
5352	-0.183238636363636
5353	-0.214488636363637
5354	-0.305397727272727
5355	-0.244318181818182
5356	-0.400568181818182
5357	-0.492897727272727
5358	-0.676136363636363
5359	-0.738636363636364
5360	-0.799715909090909
5361	-0.890625
5362	-0.982954545454546
5363	-1.04545454545455
5364	-1.12215909090909
5365	-1.12215909090909
5366	-1.07670454545455
5367	-1.06107954545455
5368	-1.109375
5369	-1.046875
5370	-1.13778409090909
5371	-1.13920454545455
5372	-1.20170454545455
5373	-1.23295454545455
5374	-1.17329545454545
5375	-1.20454545454545
5376	-1.32670454545455
5377	-1.46448863636364
5378	-1.45028409090909
5379	-1.48011363636364
5380	-1.56960227272727
5381	-1.53835227272727
5382	-1.50710227272727
5383	-1.56818181818182
5384	-1.53977272727273
5385	-1.54119318181818
5386	-1.58806818181818
5387	-1.69744318181818
5388	-1.68323863636364
5389	-1.56107954545455
5390	-1.54545454545455
5391	-1.66761363636364
5392	-1.58948863636364
5393	-1.63636363636364
5394	-1.63636363636364
5395	-1.60511363636364
5396	-1.55965909090909
5397	-1.56107954545455
5398	-1.52982954545455
5399	-1.39204545454545
5400	-1.37642045454545
5401	-1.39204545454545
5402	-1.45454545454545
5403	-1.42329545454545
5404	-1.375
5405	-1.22159090909091
5406	-1.19176136363636
5407	-1.23721590909091
5408	-1.26704545454545
5409	-1.23721590909091
5410	-1.29829545454545
5411	-1.34375
5412	-1.38920454545455
5413	-1.38920454545455
5414	-1.42045454545455
5415	-1.45170454545455
5416	-1.46732954545455
5417	-1.46732954545455
5418	-1.40767045454545
5419	-1.30113636363636
5420	-1.25426136363636
5421	-1.14630681818182
5422	-1.19460227272727
5423	-1.14914772727273
5424	-1.11789772727273
5425	-1.30113636363636
5426	-1.31818181818182
5427	-1.24147727272727
5428	-1.11931818181818
5429	-1.00994318181818
5430	-0.873579545454545
5431	-0.857954545454545
5432	-0.917613636363636
5433	-0.916193181818182
5434	-0.900568181818182
5435	-1.00710227272727
5436	-0.977272727272727
5437	-0.963068181818182
5438	-1.07244318181818
5439	-1.13494318181818
5440	-1.21306818181818
5441	-1.35227272727273
5442	-1.38210227272727
5443	-1.28977272727273
5444	-1.32102272727273
5445	-1.32102272727273
5446	-1.19886363636364
5447	-1.16903409090909
5448	-1.18465909090909
5449	-1.23153409090909
5450	-1.10653409090909
5451	-1.06107954545455
5452	-1.04545454545455
5453	-0.96875
5454	-0.982954545454545
5455	-1.12215909090909
5456	-1.19744318181818
5457	-1.30397727272727
5458	-1.24005681818182
5459	-1.08522727272727
5460	-1.13068181818182
5461	-1.05397727272727
5462	-1.03693181818182
5463	-1.05255681818182
5464	-1.11221590909091
5465	-1.20596590909091
5466	-1.27982954545455
5467	-1.24857954545455
5468	-1.23295454545455
5469	-1.27982954545455
5470	-1.27982954545455
5471	-1.24857954545455
5472	-1.24715909090909
5473	-1.29261363636364
5474	-1.12073863636364
5475	-1.10511363636364
5476	-1.04261363636364
5477	-1.00994318181818
5478	-1.08806818181818
5479	-1.16477272727273
5480	-1.11789772727273
5481	-1.10085227272727
5482	-1.20596590909091
5483	-1.23579545454545
5484	-1.28267045454545
5485	-1.17329545454545
5486	-1.25
5504	-1.46732954545455
5505	-1.43607954545455
5506	-1.45170454545455
5507	-1.375
5508	-1.40625
5509	-1.29829545454545
5510	-1.34375
5511	-1.22017045454545
5512	-1.20596590909091
5513	-1.14488636363636
5514	-1.05113636363636
5515	-1.03551136363636
5516	-1.00426136363636
5517	-0.988636363636364
5518	-0.926136363636364
5519	-0.863636363636364
5520	-0.801136363636364
5521	-0.848011363636363
5522	-0.786931818181818
5523	-0.833806818181818
5524	-0.772727272727273
5525	-0.725852272727273
5526	-0.788352272727273
5527	-0.803977272727273
5528	-0.803977272727273
5529	-0.741477272727273
5530	-0.789772727272727
5531	-0.774147727272727
5532	-0.791193181818182
5533	-0.698863636363636
5534	-0.620738636363636
5535	-0.511363636363637
5536	-0.558238636363636
5537	-0.556818181818182
5538	-0.572443181818182
5539	-0.757102272727272
5540	-0.818181818181818
5541	-0.833806818181818
5542	-0.802556818181818
5543	-0.772727272727273
5544	-0.711647727272727
5545	-0.758522727272727
5546	-0.697443181818182
5547	-0.667613636363636
5548	-0.761363636363636
5549	-0.762784090909091
5550	-0.6875
5551	-0.642045454545454
5552	-0.627840909090909
5553	-0.598011363636364
5554	-0.660511363636364
5555	-0.694602272727272
5556	-0.727272727272727
5557	-0.742897727272727
5558	-0.758522727272727
5559	-0.669034090909091
5560	-0.762784090909091
5561	-0.872159090909091
5562	-0.717329545454545
5563	-0.6875
5564	-0.579545454545454
5565	-0.71875
5566	-0.59375
5567	-0.592329545454545
5568	-0.485795454545454
5569	-0.53125
5570	-0.5625
5571	-0.640625
5572	-0.548295454545455
5573	-0.548295454545455
5574	-0.488636363636364
5575	-0.487215909090909
5576	-0.502840909090909
5577	-0.473011363636364
5578	-0.366477272727273
5579	-0.426136363636364
5580	-0.455965909090909
5581	-0.454545454545454
5582	-0.5625
5583	-0.715909090909091
5584	-0.576704545454545
5585	-0.636363636363636
5586	-0.681818181818182
5587	-0.711647727272727
5588	-0.833806818181818
5589	-0.819602272727272
5590	-0.819602272727272
5591	-0.816761363636363
5592	-0.799715909090909
5593	-0.737215909090909
5594	-0.860795454545455
5595	-0.950284090909091
5596	-0.948863636363636
5597	-0.870738636363636
5598	-0.963068181818182
5599	-0.931818181818182
5600	-1.03977272727273
5601	-0.901988636363637
5602	-0.963068181818182
5603	-0.965909090909091
5604	-1.10227272727273
5605	-1.07244318181818
5606	-1.01136363636364
5607	-1.00994318181818
5608	-0.950284090909091
5609	-0.934659090909091
5610	-0.901988636363637
5611	-0.933238636363636
5612	-0.919034090909091
5613	-0.887784090909091
5614	-0.8125
5615	-0.859375
5616	-0.90625
5617	-0.892045454545455
5618	-0.830965909090909
5619	-0.738636363636364
5620	-0.782670454545455
5621	-0.798295454545455
5622	-0.84375
5623	-0.84375
5624	-0.84375
5625	-0.782670454545455
5626	-0.721590909090909
5627	-0.768465909090909
5628	-0.768465909090909
5629	-0.752840909090909
5630	-0.690340909090909
5631	-0.659090909090909
5632	-0.612215909090909
5633	-0.627840909090909
5634	-0.674715909090909
5635	-0.720170454545455
5636	-0.688920454545455
5637	-0.764204545454546
5638	-0.748579545454546
5639	-0.747159090909091
5640	-0.715909090909091
5641	-0.776988636363636
5642	-0.745738636363636
5643	-0.715909090909091
5644	-0.758522727272727
5645	-0.758522727272727
5646	-0.835227272727273
5647	-0.818181818181818
5648	-0.863636363636364
5649	-0.848011363636363
5650	-1.02982954545455
5651	-0.96875
5652	-0.96875
5653	-1.01420454545455
5655	-1.07670454545455
5656	-1.12357954545455
5657	-1.12357954545455
5658	-1.07670454545455
5659	-1.10795454545455
5660	-1.12357954545455
5668	-1.07670454545455
5669	-0.985795454545454
5670	-0.877840909090909
5671	-0.909090909090909
5672	-0.909090909090909
5673	-0.893465909090909
5674	-0.955965909090909
5675	-0.987215909090909
5676	-0.941761363636364
5677	-0.849431818181818
5678	-0.894886363636364
5679	-0.926136363636364
5680	-0.927556818181818
5681	-0.990056818181818
5682	-1.00710227272727
5683	-0.991477272727273
5684	-0.914772727272727
5685	-0.977272727272727
5686	-0.961647727272727
5687	-0.991477272727273
5688	-0.930397727272727
5689	-0.869318181818182
5690	-0.806818181818182
5691	-0.866477272727273
5692	-0.850852272727273
5693	-0.866477272727273
5694	-0.792613636363636
5695	-0.823863636363636
5696	-0.840909090909091
5697	-0.75
5698	-0.75
5699	-0.796875
5700	-0.782670454545455
5701	-0.830965909090909
5702	-0.815340909090909
5703	-0.829545454545455
5704	-0.691761363636364
5705	-0.767045454545454
5706	-0.828125
5707	-0.845170454545455
5708	-0.798295454545455
5709	-0.813920454545455
5710	-0.676136363636363
5711	-0.674715909090909
5712	-0.767045454545454
5713	-0.84375
5714	-0.813920454545455
5715	-0.737215909090909
5716	-0.829545454545455
5717	-0.737215909090909
5718	-0.613636363636364
5719	-0.646306818181818
5720	-0.524147727272727
5721	-0.491477272727273
5722	-0.507102272727272
5723	-0.477272727272727
5724	-0.461647727272727
5725	-0.507102272727272
5726	-0.416193181818182
5727	-0.370738636363636
5728	-0.370738636363636
5729	-0.309659090909091
5730	-0.430397727272727
5731	-0.400568181818182
5732	-0.322443181818182
5733	-0.475852272727273
5734	-0.414772727272727
5735	-0.261363636363636
5736	-0.275568181818182
5737	-0.258522727272727
5738	-0.0610795454545452
5739	-0.0923295454545452
5740	-0.153409090909091
5741	-0.0767045454545452
5742	-0.107954545454545
5743	-0.029829545454545
5744	-0.029829545454545
5745	0.03125
5746	-0.0752840909090906
5747	-0.0596590909090911
5748	-0.0284090909090908
5749	0.0170454545454548
5750	0.0170454545454548
5751	-0.0894886363636365
5752	0.109375
5753	0.0795454545454546
5754	0.0497159090909094
5755	0.0511363636363635
5756	-0.0866477272727268
5757	-0.0568181818181819
5758	0.0639204545454548
5759	-0.0127840909090908
5760	0.00284090909090917
5761	0.00284090909090917
5762	-0.103693181818182
5763	-0.133522727272727
5764	-0.0426136363636365
5765	-0.0269886363636365
5766	0.00284090909090917
5767	0.0340909090909089
5768	0.0653409090909092
5769	0.126420454545455
5770	0.0965909090909092
5771	-0.0426136363636365
5772	-0.0909090909090911
5773	-0.0156249999999998
5774	-0.305397727272727
5775	-0.289772727272727
5776	-0.460227272727272
5777	-0.569602272727272
5778	-0.585227272727272
5779	-0.710227272727273
5780	-0.803977272727272
5781	-0.943181818181818
5782	-1.00568181818182
5783	-0.977272727272727
5784	-0.977272727272727
5785	-0.947443181818182
5786	-1.03977272727273
5787	-0.992897727272727
5788	-1.09943181818182
5789	-1.06960227272727
5790	-1.11505681818182
5791	-1.06818181818182
5792	-0.975852272727272
5793	-0.900568181818182
5794	-0.930397727272727
5795	-0.823863636363636
5796	-0.872159090909091
5797	-0.857954545454545
5798	-0.813920454545455
5799	-0.862215909090909
5800	-1.06392045454545
5801	-1.00426136363636
5802	-0.974431818181818
5803	-1.00426136363636
5804	-1.08380681818182
5805	-1.25426136363636
5806	-1.27272727272727
5807	-1.14914772727273
5808	-1.08664772727273
5809	-1.10369318181818
5810	-1.13494318181818
5811	-1.10511363636364
5812	-1.10369318181818
5813	-1.07102272727273
5814	-1.02414772727273
5815	-0.961647727272726
5816	-1.02272727272727
5817	-0.900568181818181
5818	-0.857954545454545
5819	-0.796875
5820	-0.828125
5821	-0.738636363636363
5822	-0.509943181818182
5823	-0.619318181818182
5824	-0.697443181818182
5825	-0.713068181818182
5826	-0.808238636363636
5827	-0.796875
5828	-0.904829545454545
5829	-1.02556818181818
5830	-1.07244318181818
5831	-1.22585227272727
5832	-1.25568181818182
5833	-1.28693181818182
5834	-1.34801136363636
5835	-1.19602272727273
5836	-1.02556818181818
5837	-1.03977272727273
5838	-1.05397727272727
5839	-1.08664772727273
5840	-1.11647727272727
5841	-0.947443181818182
5842	-0.930397727272728
5843	-1.05539772727273
5844	-1.14772727272727
5845	-1.20880681818182
5846	-1.13210227272727
5847	-1.13352272727273
5848	-1.05823863636364
5849	-1.12073863636364
5850	-1.08948863636364
5851	-1.02698863636364
5852	-0.933238636363636
5853	-0.961647727272728
5854	-0.894886363636363
5855	-0.96875
5856	-0.951704545454545
5857	-1.05397727272727
5858	-1.12926136363636
5859	-1.03551136363636
5860	-0.910511363636364
5861	-0.955965909090909
5862	-0.740056818181818
5863	-0.705965909090909
5864	-0.704545454545454
5865	-0.720170454545454
5866	-0.779829545454546
5867	-0.670454545454545
5868	-0.669034090909091
5869	-0.667613636363636
5870	-0.650568181818182
5871	-0.801136363636364
5872	-0.830965909090909
5873	-0.771306818181818
5874	-0.771306818181818
5875	-0.678977272727272
5876	-0.647727272727272
5877	-0.646306818181818
5878	-0.508522727272727
5879	-0.414772727272727
5880	-0.383522727272727
5881	-0.275568181818182
5882	-0.338068181818182
5883	-0.306818181818182
5884	-0.305397727272727
5885	-0.275568181818182
5886	-0.295454545454545
5887	-0.160511363636364
5888	-0.0553977272727271
5889	-0.134943181818181
5890	-0.197443181818181
5891	-0.183238636363636
5892	-0.261363636363636
5893	-0.25
5894	-0.223011363636364
5895	-0.285511363636363
5896	-0.257102272727273
5897	-0.151988636363636
5898	-0.245738636363636
5899	-0.217329545454545
5900	-0.174715909090909
5901	-0.100852272727273
5902	-0.105113636363636
5903	-0.170454545454545
5904	0.0553977272727275
5905	0.0994318181818183
5906	0.21875
5907	0.264204545454546
5908	0.170454545454547
5909	-0.105113636363636
5910	0.0298295454545463
5911	-0.0198863636363633
5912	0.0369318181818188
5913	0.232954545454546
5914	0.125
5915	0.0426136363636367
5916	0.254261363636364
5917	0.14346590909091
5918	0.140625
5919	0.0170454545454541
5920	0.272727272727273
5921	0.53125
5922	0.805397727272727
5923	0.603693181818183
5924	0.463068181818182
5925	0.431818181818183
5926	0.396306818181818
5927	0.269886363636364
5928	0.217329545454546
5929	0.250000000000001
5930	0.173295454545453
5931	0.201704545454546
5932	0.125000000000001
5933	0.017045454545455
5934	0.137784090909092
5935	0.0298295454545459
5936	0.0284090909090917
5937	-0.109374999999998
5938	-0.095170454545455
5939	-0.048295454545455
5940	-0.170454545454546
5941	-0.184659090909091
5942	-0.227272727272728
5943	-0.319602272727272
5944	-0.286931818181817
5945	-0.120738636363636
5946	-0.318181818181818
5947	-0.330965909090908
5948	-0.372159090909091
5949	-0.583806818181817
5950	-0.568181818181817
5951	-0.548295454545454
5952	-0.592329545454546
5953	-0.697443181818181
5954	-0.43465909090909
5955	-0.3125
5956	-0.571022727272727
5957	-0.721590909090908
5958	-0.980113636363636
5959	-0.947443181818181
5960	-0.873579545454545
5961	-0.643465909090908
5962	-0.335227272727272
5963	-0.318181818181818
5964	-0.238636363636363
5965	-0.348011363636363
5966	-0.458806818181818
5967	-0.428977272727272
5968	-0.386363636363636
5969	-0.217329545454547
5970	-0.370738636363636
5971	-0.355113636363637
5972	-0.458806818181818
5973	-0.274147727272727
5974	-0.286931818181819
5975	-0.330965909090909
5976	-0.360795454545454
5977	-0.286931818181819
5978	-0.302556818181818
5979	-0.382102272727272
5980	-0.291193181818181
5981	-0.316761363636363
5982	-0.318181818181818
5983	-0.346590909090908
5984	-0.376420454545455
5985	-0.34375
5986	-0.359375
5987	-0.326704545454545
5988	-0.463068181818181
5989	-0.352272727272727
5990	-0.426136363636363
5991	-0.5
5992	-0.448863636363636
5993	-0.477272727272727
5994	-0.518465909090909
5995	-0.453125
5996	-0.491477272727273
5997	-0.595170454545454
5998	-0.805397727272727
5999	-0.694602272727273
6000	-0.61221590909091
6001	-0.546875
6002	-0.447443181818181
6003	-0.382102272727273
6004	-0.453125
6005	-0.556818181818182
6006	-0.551136363636363
6007	-0.532670454545455
6008	-0.46875
6009	-0.542613636363636
6010	-0.524147727272727
6011	-0.446022727272727
6012	-0.427556818181818
6013	-0.46875
6014	-0.482954545454545
6015	-0.173295454545454
6016	0.0823863636363636
6017	0.673295454545455
6018	4.29119318181818
6019	8.69460227272727
6020	8.98295454545455
6021	12.8238636363636
6022	17.3181818181818
6023	21.4644886363636
6024	22.2684659090909
6025	22.9659090909091
6026	23.4659090909091
6027	23.7244318181818
6028	24.1931818181818
6029	24.4502840909091
6030	24.4502840909091
6031	24.4502840909091
6032	24.4502840909091
6033	24.4502840909091
6034	24.4502840909091
6035	24.4502840909091
6036	24.4502840909091
6037	24.4502840909091
6038	24.4502840909091
6039	24.4204545454546
6040	24.4360795454546
6041	24.4360795454546
6042	24.4360795454546
6043	24.4360795454546
6044	24.4360795454546
6045	24.4360795454546
6046	24.4517045454546
6047	24.4517045454546
6048	24.4517045454546
6049	24.4517045454546
6050	24.4673295454546
6051	24.3465909090909
6052	24.046875
6053	23.4715909090909
6054	19.84375
6055	14.9446022727273
6056	14.703125
6057	11.5738636363636
6058	7.06676136363636
