17	0.447089947089947
18	0.481481481481481
19	0.515873015873016
20	0.478835978835979
21	0.478835978835979
22	0.441798941798942
23	0.441798941798942
24	0.441798941798942
25	0.441798941798942
26	0.296296296296296
27	0.222222222222222
28	0.365079365079365
29	0.150793650793651
30	0.0767195767195766
31	0.148148148148148
32	0.185185185185185
33	0.399470899470899
34	0.365079365079365
35	0.365079365079365
36	0.256613756613757
37	0.293650793650794
38	0.259259259259259
39	0.367724867724868
40	0.367724867724868
41	0.402116402116402
42	0.513227513227513
43	0.476190476190476
44	0.51058201058201
45	0.653439153439153
46	0.650793650793651
47	0.687830687830688
48	0.902116402116402
49	0.902116402116402
50	0.902116402116402
51	0.865079365079365
52	0.902116402116402
53	0.793650793650794
54	0.828042328042328
55	0.830687830687831
56	0.902116402116402
57	0.936507936507937
58	0.756613756613757
59	0.756613756613757
60	0.648148148148148
61	0.756613756613757
62	0.685185185185185
63	0.685185185185185
64	0.574074074074074
65	0.428571428571429
66	0.283068783068783
67	0.208994708994709
68	0.246031746031746
69	0.32010582010582
70	0.0661375661375658
71	-0.00529100529100535
72	-0.0793650793650793
73	-0.293650793650794
74	-0.187830687830688
75	0.0978835978835977
76	0.208994708994709
77	0.246031746031746
78	0.174603174603174
79	0.208994708994709
80	0.134920634920635
81	-0.00793650793650813
82	-0.0423280423280423
83	-0.0396825396825398
84	0.0317460317460319
85	0.103174603174603
86	-0.0793650793650793
87	-0.19047619047619
88	-0.153439153439153
89	-0.0820105820105821
90	-0.00793650793650813
91	0.14021164021164
92	0.214285714285714
93	0.17989417989418
94	0.17989417989418
95	0.291005291005291
96	0.433862433862434
97	0.396825396825397
98	0.322751322751323
99	0.288359788359788
100	-0.074074074074074
101	-0.00264550264550256
102	-0.00529100529100535
103	-0.00793650793650813
104	-0.113756613756614
105	-0.076719576719577
106	-0.00529100529100535
107	0.0291005291005288
108	-0.0105820105820107
109	-0.156084656084656
110	-0.227513227513227
111	-0.227513227513227
112	-0.116402116402116
113	-0.0105820105820107
114	-0.19047619047619
115	-0.119047619047619
116	-0.0846560846560847
117	-0.121693121693122
118	-0.124338624338625
119	-0.232804232804233
120	-0.195767195767196
121	-0.301587301587302
122	-0.119047619047619
123	-0.0820105820105821
124	-0.19047619047619
125	-0.150793650793651
126	-0.150793650793651
127	-0.148148148148148
128	-0.076719576719577
129	-0.00529100529100535
130	-0.00529100529100535
131	-0.00529100529100535
132	-0.0396825396825398
133	0.0343915343915342
134	0.108465608465608
135	0.251322751322751
136	0.396825396825397
137	0.396825396825397
138	0.253968253968254
139	0.436507936507936
140	0.365079365079365
141	0.328042328042328
142	0.145502645502645
143	0.185185185185185
144	0.293650793650794
145	0.256613756613757
146	0.470899470899471
147	0.325396825396825
148	0.362433862433862
149	0.325396825396825
150	0.362433862433862
151	0.291005291005291
152	0.328042328042328
153	0.330687830687831
154	0.296296296296296
155	0.296296296296296
156	0.439153439153439
157	0.402116402116402
158	0.439153439153439
159	0.402116402116402
160	0.224867724867725
161	0.187830687830688
162	0.187830687830688
163	0.259259259259259
164	0.293650793650794
165	0.365079365079365
166	0.367724867724868
167	0.367724867724868
168	0.402116402116402
169	0.222222222222222
170	0.222222222222222
171	0.0449735449735449
172	0.153439153439153
173	0.224867724867725
174	0.404761904761905
175	0.291005291005291
176	0.325396825396825
177	0.251322751322751
178	0.216931216931217
179	0.17989417989418
180	0.288359788359788
181	0.108465608465608
182	0.396825396825397
183	0.359788359788359
184	0.396825396825397
185	0.468253968253968
186	0.359788359788359
187	0.322751322751323
188	0.431216931216931
189	0.325396825396825
190	0.253968253968254
191	0.216931216931217
192	0.399470899470899
193	0.470899470899471
194	0.470899470899471
195	0.507936507936508
196	0.470899470899471
197	0.399470899470899
198	0.328042328042328
199	0.148148148148148
200	0.150793650793651
201	0.113756613756614
202	0.187830687830688
203	0.113756613756614
204	0.113756613756614
205	0.0423280423280424
206	-0.0661375661375662
223	-0.211640211640212
224	-0.103174603174603
225	-0.0291005291005291
226	0.0449735449735449
227	0.0449735449735449
228	0.19047619047619
229	0.37037037037037
230	0.367724867724868
231	0.441798941798942
232	0.37037037037037
233	0.330687830687831
234	0.407407407407407
235	0.407407407407407
236	0.37037037037037
237	0.441798941798942
238	0.441798941798942
239	0.547619047619047
240	0.619047619047619
241	0.69047619047619
242	0.584656084656085
243	0.69047619047619
244	0.87037037037037
245	1.08465608465608
246	1.12169312169312
247	1.15873015873016
248	1.23280423280423
249	1.34126984126984
250	1.52116402116402
251	1.59259259259259
252	1.55555555555556
253	1.51851851851852
254	1.44708994708995
255	1.44973544973545
256	1.44708994708995
257	1.62698412698413
259	1.62962962962963
260	1.62962962962963
263	1.62962962962963
265	1.41534391534392
266	1.27248677248677
267	1.23280423280423
268	1.16137566137566
269	0.91005291005291
270	0.695767195767196
271	0.73015873015873
272	0.693121693121693
273	0.587301587301587
274	0.444444444444444
275	0.301587301587302
276	0.121693121693122
277	0.158730158730159
278	0.338624338624339
279	0.23015873015873
280	0.23015873015873
281	0.232804232804233
302	0.193121693121693
318	0.0105820105820105
319	0.0449735449735449
322	-0.0264550264550265
323	-0.0264550264550265
324	0.0846560846560847
325	0.0476190476190476
326	0.153439153439153
327	0.0476190476190476
328	0.0105820105820105
329	0.0846560846560847
330	0.0476190476190476
331	-0.1005291005291
332	-0.1005291005291
333	0.00793650793650791
334	0.116402116402116
335	0.224867724867725
336	0.187830687830688
337	0.150793650793651
338	0.150793650793651
339	0.222222222222222
340	0.222222222222222
341	0.187830687830688
342	0.0767195767195766
343	-0.103174603174603
346	-0.211640211640212
369	0.0846560846560847
370	0.121693121693122
371	0.119047619047619
372	0.156084656084656
373	0.156084656084656
374	0.193121693121693
375	0.156084656084656
376	0.264550264550265
377	0.373015873015873
378	0.41005291005291
379	0.484126984126984
380	0.58994708994709
381	0.626984126984127
382	0.912698412698413
383	0.912698412698413
384	0.91005291005291
385	0.838624338624338
386	0.767195767195767
387	0.767195767195767
388	0.693121693121693
389	0.547619047619047
390	0.547619047619047
391	0.582010582010582
392	0.619047619047619
393	0.69047619047619
394	0.619047619047619
395	0.656084656084656
396	0.587301587301587
397	0.478835978835979
398	0.587301587301587
399	0.73015873015873
400	0.835978835978836
401	0.87037037037037
402	0.87037037037037
403	0.798941798941799
404	0.798941798941799
405	0.764550264550264
406	0.69047619047619
407	0.439153439153439
408	0.402116402116402
409	0.367724867724868
410	0.367724867724868
411	0.367724867724868
412	0.404761904761905
413	0.55026455026455
414	0.587301587301587
415	0.587301587301587
416	0.695767195767196
417	0.732804232804233
418	0.661375661375662
419	0.804232804232804
420	0.767195767195767
421	0.767195767195767
422	0.73015873015873
423	0.656084656084656
424	0.656084656084656
425	0.587301587301587
426	0.515873015873016
427	0.444444444444444
428	0.587301587301587
429	0.587301587301587
430	0.515873015873016
431	0.58994708994709
432	0.626984126984127
433	0.806878306878307
434	0.806878306878307
435	0.94973544973545
436	0.984126984126984
437	1.05555555555556
438	0.984126984126984
439	1.16402116402116
440	1.12698412698413
441	0.947089947089947
442	0.873015873015873
443	0.835978835978836
444	0.727513227513227
445	0.764550264550264
446	0.835978835978836
447	0.91005291005291
448	0.912698412698413
449	0.841269841269841
450	0.804232804232804
451	0.767195767195767
452	0.695767195767196
453	0.478835978835979
454	0.513227513227513
455	0.51058201058201
456	0.473544973544973
457	0.365079365079365
458	0.365079365079365
459	0.436507936507936
460	0.256613756613757
461	0.222222222222222
462	0.222222222222222
463	0.293650793650794
464	0.293650793650794
465	0.293650793650794
466	0.365079365079365
467	0.51058201058201
468	0.547619047619047
469	0.513227513227513
470	0.439153439153439
471	0.476190476190476
472	0.547619047619047
473	0.582010582010582
474	0.582010582010582
475	0.582010582010582
476	0.544973544973545
477	0.650793650793651
478	0.687830687830688
479	0.687830687830688
480	0.69047619047619
481	0.727513227513227
482	0.724867724867725
483	0.724867724867725
484	0.616402116402116
485	0.542328042328042
486	0.542328042328042
487	0.613756613756614
488	0.505291005291005
489	0.362433862433862
490	0.470899470899471
491	0.470899470899471
492	0.291005291005291
493	0.362433862433862
494	0.468253968253968
495	0.542328042328042
496	0.470899470899471
497	0.505291005291005
498	0.362433862433862
499	0.216931216931217
500	0.396825396825397
501	0.436507936507936
502	0.293650793650794
503	0.616402116402116
504	0.653439153439153
505	0.687830687830688
506	0.722222222222222
507	0.687830687830688
508	0.616402116402116
509	0.653439153439153
510	0.69047619047619
511	0.69047619047619
512	0.619047619047619
513	0.619047619047619
514	0.653439153439153
515	0.544973544973545
516	0.473544973544973
517	0.51058201058201
518	0.365079365079365
519	0.330687830687831
520	0.256613756613757
521	0.253968253968254
522	0.185185185185185
523	0.111111111111111
524	0.148148148148148
525	0.00529100529100535
526	0.00529100529100535
527	0.0423280423280424
552	0.267195767195767
553	0.267195767195767
554	0.23015873015873
555	0.301587301587302
556	0.338624338624339
557	0.373015873015873
558	0.407407407407407
559	0.298941798941799
560	0.298941798941799
561	0.296296296296296
562	0.259259259259259
563	0.222222222222222
564	0.222222222222222
565	0.222222222222222
566	0.150793650793651
567	0.150793650793651
568	0.256613756613757
569	0.182539682539682
570	0.182539682539682
571	0.0714285714285714
572	-0.182539682539683
573	-0.185185185185185
574	-0.00793650793650813
575	0.0661375661375658
576	0.171957671957672
577	-0.00793650793650813
578	0.0291005291005288
579	0.0291005291005288
580	-0.0793650793650793
581	-0.153439153439153
582	-0.187830687830688
583	-0.0793650793650793
584	-0.00793650793650813
585	-0.0820105820105821
586	-0.224867724867725
587	-0.150793650793651
588	-0.0423280423280423
589	0.0291005291005288
590	0.0317460317460319
591	0.1005291005291
592	0.0634920634920633
593	-0.0449735449735451
594	-0.0449735449735451
595	-0.0449735449735451
596	0.0661375661375658
597	0.177248677248677
598	0.17989417989418
599	0.00264550264550234
600	0.0396825396825395
601	-0.211640211640212
602	-0.137566137566138
603	0.111111111111111
604	0.111111111111111
605	0.148148148148148
606	0.293650793650794
607	0.328042328042328
608	0.185185185185185
609	0.185185185185185
610	0.367724867724868
611	0.584656084656085
612	0.51058201058201
613	0.439153439153439
614	0.291005291005291
615	0.216931216931217
616	0.111111111111111
617	0.0740740740740738
618	0.148148148148148
619	0.113756613756614
620	0.0423280423280424
621	-0.0317460317460317
622	0
623	0
624	0.037037037037037
625	0.108465608465608
626	0.17989417989418
627	0.142857142857143
628	-0.142857142857143
629	-0.0714285714285715
630	-0.0714285714285715
631	-0.142857142857143
632	-0.216931216931217
633	-0.00264550264550256
634	-0.074074074074074
635	-0.0396825396825398
636	-0.182539682539683
637	-0.108465608465609
638	-0.111111111111111
639	-0.111111111111111
640	-0.00264550264550256
641	0.0687830687830691
642	0.142857142857143
643	0.142857142857143
644	0.17989417989418
645	0.177248677248677
646	0.285714285714286
647	0.253968253968254
648	0.216931216931217
649	0.17989417989418
650	0.17989417989418
651	0.288359788359788
652	0.396825396825397
653	0.468253968253968
654	0.613756613756614
655	0.648148148148148
656	0.537037037037037
657	0.574074074074074
658	0.394179894179894
659	0.502645502645502
660	0.396825396825397
661	0.53968253968254
662	0.574074074074074
663	0.611111111111111
664	0.650793650793651
665	0.579365079365079
666	0.544973544973545
667	0.653439153439153
668	0.582010582010582
669	0.687830687830688
670	0.653439153439153
671	0.69047619047619
672	0.69047619047619
673	0.764550264550264
674	0.944444444444444
675	0.907407407407407
676	0.801587301587301
677	0.693121693121693
678	0.656084656084656
679	0.547619047619047
680	0.656084656084656
681	0.767195767195767
682	0.841269841269841
683	0.806878306878307
684	0.735449735449736
685	0.806878306878307
686	0.58994708994709
687	0.555555555555556
688	0.484126984126984
689	0.484126984126984
690	0.521164021164021
691	0.484126984126984
692	0.412698412698413
693	0.412698412698413
694	0.304232804232804
695	0.341269841269841
696	0.232804232804233
697	0.195767195767196
698	0.193121693121693
700	0.373015873015873
701	0.373015873015873
702	0.481481481481481
703	0.481481481481481
704	0.41005291005291
705	0.267195767195767
706	0.301587301587302
707	0.23015873015873
708	0.156084656084656
709	0.156084656084656
710	0.0476190476190476
711	0.121693121693122
712	0.298941798941799
713	0.298941798941799
714	0.335978835978836
715	0.37037037037037
716	0.621693121693122
717	0.584656084656085
718	0.656084656084656
719	0.73015873015873
720	0.835978835978836
721	0.873015873015873
722	0.944444444444444
723	0.947089947089947
724	0.981481481481481
725	0.587301587301587
726	0.513227513227513
727	0.513227513227513
728	0.478835978835979
729	0.55026455026455
730	0.547619047619047
731	0.513227513227513
732	0.584656084656085
733	0.584656084656085
734	0.547619047619047
735	0.51058201058201
736	0.51058201058201
737	0.330687830687831
738	0.293650793650794
739	0.293650793650794
740	0.259259259259259
741	0.0449735449735449
742	0.153439153439153
743	0.153439153439153
744	0.153439153439153
745	0.0476190476190476
746	0.19047619047619
747	0.156084656084656
748	0.156084656084656
749	0.0846560846560847
750	0.121693121693122
751	0.195767195767196
752	0.158730158730159
753	0.195767195767196
774	0.232804232804233
775	0.23015873015873
776	0.193121693121693
777	0.0846560846560847
778	0.227513227513228
779	0.227513227513228
780	0.193121693121693
781	0.193121693121693
782	0.193121693121693
783	0.227513227513228
784	0.227513227513228
785	0.224867724867725
786	0.19047619047619
787	0.187830687830688
788	0.291005291005291
789	0.328042328042328
790	0.253968253968254
791	0.288359788359788
792	0.325396825396825
793	0.325396825396825
794	0.253968253968254
795	0.362433862433862
796	0.328042328042328
797	0.436507936507936
798	0.473544973544973
799	0.439153439153439
800	0.367724867724868
801	0.439153439153439
802	0.439153439153439
803	0.293650793650794
804	0.330687830687831
805	0.256613756613757
806	0.365079365079365
807	0.362433862433862
808	0.362433862433862
809	0.325396825396825
810	0.470899470899471
811	0.433862433862434
812	0.579365079365079
813	0.439153439153439
814	0.439153439153439
815	0.584656084656085
816	0.476190476190476
817	0.476190476190476
818	0.367724867724868
819	0.330687830687831
820	0.330687830687831
821	0.222222222222222
822	0.0767195767195766
823	-0.0317460317460317
824	-0.105820105820106
825	-0.105820105820106
826	-0.177248677248677
827	-0.103174603174603
828	-0.137566137566138
829	-0.103174603174603
830	-0.0291005291005291
831	0.00529100529100535
832	0.00793650793650791
833	-0.1005291005291
834	0.00793650793650791
851	-0.174603174603175
852	-0.322751322751323
853	-0.285714285714286
880	0.158730158730159
881	0.26984126984127
882	0.341269841269841
883	0.306878306878307
884	0.26984126984127
885	0.304232804232804
886	0.232804232804233
887	0.195767195767196
888	0.232804232804233
889	0.195767195767196
890	0.158730158730159
955	0.156084656084656
956	0.195767195767196
957	0.195767195767196
958	0.267195767195767
959	0.193121693121693
960	0.298941798941799
961	0.37037037037037
962	0.19047619047619
963	0.0820105820105819
964	0.0423280423280424
965	0.00529100529100535
966	0.0423280423280424
967	0.00529100529100535
968	-0.0687830687830689
969	-0.142857142857143
970	-0.251322751322752
971	-0.3994708994709
972	-0.145502645502645
973	-0.0714285714285715
974	-0.0370370370370372
975	-0.185185185185185
976	-0.150793650793651
977	-0.222222222222222
978	-0.367724867724868
979	-0.513227513227513
980	-0.693121693121693
981	-0.693121693121693
982	-0.695767195767196
983	-0.767195767195767
984	-0.587301587301587
985	-0.693121693121693
987	-0.621693121693122
988	-0.584656084656085
989	-0.582010582010582
990	-0.473544973544974
991	-0.436507936507937
992	-0.439153439153439
993	-0.330687830687831
994	-0.293650793650794
995	-0.21957671957672
996	-0.17989417989418
997	-0.216931216931217
998	-0.216931216931217
999	-0.251322751322752
1000	-0.214285714285714
1001	-0.211640211640212
1002	-0.177248677248677
1003	-0.0687830687830689
1004	-0.0317460317460317
1005	0.0423280423280424
1006	0.113756613756614
1007	0.153439153439153
1008	0.116402116402116
1009	-0.0634920634920635
1010	-0.1005291005291
1011	-0.0291005291005291
1014	0.00793650793650791
1015	-0.1005291005291
1016	-0.174603174603175
1019	-0.137566137566138
1020	-0.177248677248677
1021	-0.142857142857143
1022	-0.285714285714286
1023	-0.142857142857143
1024	-0.0370370370370372
1025	0
1026	0.108465608465608
1027	0.322751322751323
1028	0.251322751322751
1029	0.251322751322751
1030	0.14021164021164
1031	0.0317460317460319
1032	-0.00529100529100535
1033	-0.0423280423280423
1034	0.0317460317460319
1035	0.0687830687830691
1036	-0.00529100529100535
1037	-0.0423280423280423
1038	-0.0793650793650793
1039	-0.259259259259259
1040	-0.222222222222222
1041	-0.150793650793651
1042	-0.187830687830688
1043	-0.187830687830688
1044	-0.0396825396825398
1045	0
1046	-0.108465608465609
1047	-0.0714285714285715
1048	-0.251322751322752
1058	-0.322751322751323
1059	-0.35978835978836
1060	-0.433862433862434
1135	-0.322751322751323
1136	-0.35978835978836
1137	-0.285714285714286
1142	-0.285714285714286
1143	-0.285714285714286
1144	-0.251322751322752
1145	-0.14021164021164
1146	-0.103174603174603
1147	-0.105820105820106
1148	-0.0687830687830689
1149	-0.14021164021164
1150	-0.103174603174603
1151	-0.0291005291005291
1152	-0.0661375661375662
1153	-0.0661375661375662
1154	-0.1005291005291
1176	-0.507936507936508
1177	-0.544973544973545
1178	-0.582010582010582
1179	-0.656084656084656
1180	-0.544973544973545
1187	-0.619047619047619
1188	-0.507936507936508
1189	-0.433862433862434
1190	-0.396825396825397
1192	-0.396825396825397
1193	-0.3994708994709
1194	-0.3994708994709
1195	-0.325396825396825
1196	-0.288359788359788
1197	-0.142857142857143
1198	-0.103174603174603
1199	-0.14021164021164
1200	-0.14021164021164
1201	-0.0661375661375662
1202	-0.0291005291005291
1203	-0.0291005291005291
1204	-0.0291005291005291
1205	0.00793650793650791
1206	0.0423280423280424
1207	0.0767195767195766
1208	0.111111111111111
1209	0.148148148148148
1210	0.185185185185185
1211	0.222222222222222
1212	0.296296296296296
1213	0.259259259259259
1214	0.0423280423280424
1215	0.116402116402116
1216	0.0793650793650794
1217	0.00793650793650791
1218	0.0476190476190476
1231	-0.0634920634920635
1232	-0.0634920634920635
1233	-0.0634920634920635
1234	-0.137566137566138
1235	-0.174603174603175
1236	-0.174603174603175
1237	-0.137566137566138
1238	-0.0661375661375662
1239	0.00529100529100535
1240	0.0396825396825395
1241	0.0767195767195766
1242	0.00264550264550234
1243	-0.0370370370370372
1244	-0.0396825396825398
1245	0.0714285714285714
1246	0.0343915343915342
1247	0.142857142857143
1248	0.0343915343915342
1249	-0.113756613756614
1250	0.0661375661375658
1251	0.0291005291005288
1252	0.103174603174603
1253	0.0661375661375658
1254	0.0661375661375658
1255	0.0291005291005288
1256	-0.150793650793651
1257	-0.185185185185185
1258	-0.187830687830688
1259	-0.150793650793651
1260	-0.0793650793650793
1261	-0.116402116402116
1262	-0.224867724867725
1263	-0.259259259259259
1264	-0.256613756613757
1265	-0.21957671957672
1266	-0.182539682539683
1267	-0.145502645502645
1268	-0.145502645502645
1269	-0.142857142857143
1270	-0.216931216931217
1271	-0.17989417989418
1272	-0.142857142857143
1273	-0.108465608465609
1274	0.113756613756614
1275	-0.0661375661375662
1276	-0.0661375661375662
1277	0.0767195767195766
1278	0.113756613756614
1279	0.113756613756614
1280	0.150793650793651
1281	0.150793650793651
1282	0.185185185185185
1283	0.116402116402116
1284	0.0793650793650794
1285	0.00793650793650791
1286	0.00793650793650791
1287	-0.0291005291005291
1288	0.113756613756614
1289	0.185185185185185
1290	0.0767195767195766
1291	0.037037037037037
1292	-0.0370370370370372
1293	0.00264550264550234
1294	0
1295	0.108465608465608
1296	0.037037037037037
1297	-0.0343915343915345
1298	-0.0687830687830689
1299	-0.177248677248677
1300	-0.14021164021164
1301	-0.103174603174603
1312	-0.362433862433863
1313	-0.433862433862434
1327	-0.285714285714286
1328	-0.248677248677249
1329	-0.248677248677249
1330	-0.248677248677249
1331	-0.322751322751323
1332	-0.322751322751323
1333	-0.214285714285714
1334	-0.214285714285714
1335	-0.105820105820106
1336	-0.103174603174603
1368	-0.470899470899471
1369	-0.544973544973545
1370	-0.473544973544974
1371	-0.544973544973545
1372	-0.587301587301587
1373	-0.587301587301587
1374	-0.621693121693122
1375	-0.695767195767196
1376	-0.587301587301587
1377	-0.695767195767196
1378	-0.621693121693122
1379	-0.658730158730159
1380	-0.695767195767196
1381	-0.695767195767196
1382	-0.695767195767196
1383	-0.767195767195767
1384	-0.804232804232804
1385	-0.767195767195767
1386	-0.73015873015873
1387	-0.73015873015873
1388	-0.656084656084656
1389	-0.656084656084656
1390	-0.582010582010582
1424	-0.619047619047619
1425	-0.693121693121693
1431	-0.880952380952381
1432	-0.80952380952381
1433	-0.772486772486772
1434	-0.843915343915344
1435	-0.558201058201058
1436	-0.447089947089947
1437	-0.484126984126984
1438	-0.41005291005291
1439	-0.261904761904762
1440	-0.333333333333333
1441	-0.407407407407408
1442	-0.444444444444445
1443	-0.701058201058201
1444	-0.701058201058201
1445	-0.738095238095238
1446	-0.775132275132275
1447	-0.521164021164021
1448	-0.44973544973545
1449	-0.592592592592593
1450	-0.666666666666667
1451	-0.632275132275132
1452	-0.595238095238095
1453	-0.666666666666667
1454	-0.486772486772487
1455	-0.346560846560847
1456	-0.30952380952381
1457	-0.380952380952381
1458	-0.272486772486773
1459	-0.272486772486773
1460	-0.486772486772487
1461	-0.523809523809524
1462	-0.523809523809524
1463	-0.417989417989418
1464	-0.383597883597884
1465	-0.383597883597884
1466	-0.272486772486773
1467	-0.126984126984127
1468	0.0238095238095235
1469	0.12962962962963
1470	0.0582010582010584
1471	0.166666666666667
1472	-0.0873015873015877
1473	-0.198412698412699
1474	-0.124338624338625
1475	0.0238095238095235
1476	0.0264550264550263
1477	0.0264550264550263
1478	0.134920634920635
1479	0.243386243386243
1480	0.0687830687830691
1481	-0.00264550264550256
1482	0.0714285714285714
1483	-0.0370370370370372
1484	-0.0370370370370372
1485	-0.145502645502645
1486	-0.182539682539683
1487	-0.182539682539683
1488	-0.325396825396825
1489	-0.470899470899471
1490	-0.507936507936508
1491	-0.544973544973545
1492	-0.582010582010582
1493	-0.619047619047619
1556	0.0476190476190476
1559	0.0476190476190476
1562	0.0105820105820105
1563	-0.0634920634920635
1564	-0.0291005291005291
1565	0.00529100529100535
1566	0.0793650793650794
1567	0.0793650793650794
1568	0.0793650793650794
1569	0.224867724867725
1570	0.187830687830688
1571	0.113756613756614
1572	0.113756613756614
1573	-0.0661375661375662
1574	-0.0687830687830689
1575	0.00264550264550234
1576	0.00264550264550234
1577	-0.0343915343915345
1578	-0.17989417989418
1579	-0.17989417989418
1580	-0.108465608465609
1581	-0.253968253968254
1582	-0.21957671957672
1583	-0.108465608465609
1584	-0.291005291005291
1585	-0.365079365079365
1586	-0.362433862433863
1587	-0.433862433862434
1588	-0.396825396825397
1592	-0.35978835978836
1593	-0.362433862433863
1594	-0.3994708994709
1595	-0.288359788359788
1596	-0.142857142857143
1597	-0.17989417989418
1598	-0.142857142857143
1599	-0.0317460317460317
1600	-0.0661375661375662
1601	-0.103174603174603
1602	-0.214285714285714
1603	-0.14021164021164
1604	-0.14021164021164
1605	-0.248677248677249
1606	-0.0661375661375662
1608	-0.137566137566138
1609	0.00793650793650791
1610	0.0449735449735449
1611	-0.0291005291005291
1612	-0.0291005291005291
1613	0.0793650793650794
1614	0.0423280423280424
1615	0.0793650793650794
1616	0.150793650793651
1617	0.0423280423280424
1618	0.0449735449735449
1619	0.00793650793650791
1620	-0.0661375661375662
1621	-0.137566137566138
1622	-0.0661375661375662
1623	0.00529100529100535
1624	-0.103174603174603
1625	-0.14021164021164
1626	-0.14021164021164
1627	0.00793650793650791
1628	-0.0291005291005291
1629	-0.0661375661375662
1630	-0.0291005291005291
1635	-0.177248677248677
1636	0.00529100529100535
1637	-0.0317460317460317
1638	-0.177248677248677
1639	-0.142857142857143
1640	-0.17989417989418
1641	-0.325396825396825
1642	-0.142857142857143
1643	-0.074074074074074
1644	0
1645	0.145502645502645
1646	0.17989417989418
1647	0.108465608465608
1648	0
1649	-0.0370370370370372
1650	-0.0714285714285715
1651	-0.0343915343915345
1652	-0.0343915343915345
1653	0.0740740740740738
1654	0.111111111111111
1655	0.145502645502645
1656	0.21957671957672
1657	0.256613756613757
1658	0.222222222222222
1659	0.222222222222222
1660	0.0793650793650794
1661	0.0793650793650794
1662	0.0793650793650794
1663	0.116402116402116
1664	0.119047619047619
1665	0.156084656084656
1666	0.156084656084656
1667	0.121693121693122
1712	-0.177248677248677
1713	-0.177248677248677
1714	-0.177248677248677
1715	-0.248677248677249
1716	-0.214285714285714
1717	-0.214285714285714
1718	-0.251322751322752
1719	-0.17989417989418
1720	-0.142857142857143
1721	-0.105820105820106
1722	-0.14021164021164
1723	-0.211640211640212
1724	-0.103174603174603
1725	-0.174603174603175
1726	-0.174603174603175
1727	-0.211640211640212
1728	-0.211640211640212
1729	0.0449735449735449
1730	0.0820105820105819
1731	0.119047619047619
1732	0.0476190476190476
1733	-0.0634920634920635
1734	-0.1005291005291
1814	-0.1005291005291
1815	-0.137566137566138
1816	0.0820105820105819
1817	0.0449735449735449
1818	0.0449735449735449
1819	0.187830687830688
1820	0.116402116402116
1821	-0.103174603174603
1822	-0.0661375661375662
1823	-0.0661375661375662
1824	-0.103174603174603
1825	-0.177248677248677
1826	-0.0687830687830689
1827	-0.105820105820106
1828	-0.0317460317460317
1829	0.00529100529100535
1830	-0.137566137566138
1831	-0.137566137566138
1832	-0.248677248677249
1833	-0.211640211640212
1881	-0.396825396825397
1885	-0.248677248677249
1888	-0.248677248677249
1889	-0.0687830687830689
1890	-0.0687830687830689
1891	-0.142857142857143
1892	-0.177248677248677
1893	-0.103174603174603
1894	-0.103174603174603
1895	-0.0661375661375662
1896	-0.0661375661375662
1897	0.0449735449735449
1898	0.0449735449735449
1899	0.0449735449735449
1900	0.0846560846560847
1901	0.119047619047619
1902	0.156084656084656
1903	0.153439153439153
1904	0.0105820105820105
1907	0.0105820105820105
1908	0.0476190476190476
1909	0.0476190476190476
1913	-0.0634920634920635
1922	-0.285714285714286
1923	-0.396825396825397
1924	-0.362433862433863
1925	-0.473544973544974
1926	-0.470899470899471
1927	-0.436507936507937
1928	-0.507936507936508
1929	-0.582010582010582
1930	-0.476190476190476
1931	-0.473544973544974
1936	-0.619047619047619
1937	-0.510582010582011
1939	-0.619047619047619
1940	-0.510582010582011
1941	-0.547619047619048
1942	-0.584656084656085
1943	-0.547619047619048
1944	-0.582010582010582
1945	-0.582010582010582
1946	-0.656084656084656
1947	-0.656084656084656
1948	-0.473544973544974
1949	-0.507936507936508
1950	-0.433862433862434
1951	-0.470899470899471
1953	-0.35978835978836
1954	-0.214285714285714
1957	-0.322751322751323
1958	-0.433862433862434
1959	-0.396825396825397
1960	-0.325396825396825
1961	-0.325396825396825
1962	-0.433862433862434
1963	-0.325396825396825
1964	-0.396825396825397
1976	-0.288359788359788
1977	-0.365079365079365
1978	-0.330687830687831
1979	-0.293650793650794
1980	-0.330687830687831
1981	-0.330687830687831
1982	-0.513227513227513
1983	-0.402116402116402
1984	-0.365079365079365
1985	-0.330687830687831
1986	-0.515873015873016
1987	-0.481481481481482
1988	-0.518518518518519
1989	-0.555555555555556
1990	-0.444444444444445
1991	-0.41005291005291
1992	-0.298941798941799
1993	-0.187830687830688
1994	-0.187830687830688
1995	-0.19047619047619
1996	-0.261904761904762
1997	-0.301587301587302
1998	-0.264550264550265
1999	-0.153439153439153
2000	-0.153439153439153
2001	-0.367724867724868
2002	-0.291005291005291
2003	-0.470899470899471
2085	-0.35978835978836
2086	-0.35978835978836
2088	-0.396825396825397
2089	-0.3994708994709
2090	-0.325396825396825
2091	-0.325396825396825
2092	-0.17989417989418
2093	-0.216931216931217
2094	-0.0343915343915345
2095	0.037037037037037
2096	0.00264550264550234
2097	-0.0687830687830689
2098	0.00264550264550234
2099	-0.0343915343915345
2100	-0.0714285714285715
2101	0.105820105820106
2102	0.0317460317460319
2103	0.105820105820106
2104	-0.0370370370370372
2105	-0.111111111111111
2106	-0.0396825396825398
2107	-0.076719576719577
2108	-0.00529100529100535
2109	0.246031746031746
2110	0.174603174603174
2111	0.283068783068783
2112	0.246031746031746
2113	0.246031746031746
2114	0.357142857142857
2115	0.248677248677248
2116	0.248677248677248
2117	0.211640211640212
2118	0.246031746031746
2119	0.32010582010582
2120	0.211640211640212
2121	0.208994708994709
2122	0.28042328042328
2123	0.351851851851852
2124	0.388888888888889
2125	0.314814814814815
2126	0.246031746031746
2127	0.206349206349206
2128	0.0978835978835977
2129	0.0582010582010584
2130	0.238095238095238
2131	0.349206349206349
2132	0.566137566137566
2133	0.380952380952381
2134	0.0582010582010584
2135	-0.015873015873016
2136	-0.161375661375662
2137	-0.124338624338625
2138	-0.195767195767196
2139	-0.267195767195767
2140	-0.267195767195767
2141	-0.0502645502645507
2142	-0.195767195767196
2143	-0.193121693121693
2144	-0.375661375661376
2145	-0.301587301587302
2146	-0.19047619047619
2147	-0.224867724867725
2148	-0.296296296296296
2149	-0.296296296296296
2150	-0.187830687830688
2151	-0.259259259259259
2152	-0.253968253968254
2153	-0.291005291005291
2154	-0.17989417989418
2155	-0.322751322751323
2156	-0.35978835978836
2157	-0.362433862433863
2158	-0.285714285714286
2159	-0.248677248677249
2160	-0.248677248677249
2161	-0.174603174603175
2162	-0.177248677248677
2163	-0.142857142857143
2164	-0.216931216931217
2165	-0.182539682539683
2166	-0.325396825396825
2167	-0.288359788359788
2168	-0.288359788359788
2169	-0.251322751322752
2170	-0.288359788359788
2171	-0.433862433862434
2172	-0.433862433862434
2180	-0.35978835978836
2184	-0.288359788359788
2185	-0.105820105820106
2186	-0.17989417989418
2187	-0.17989417989418
2188	-0.251322751322752
2189	-0.177248677248677
2190	-0.211640211640212
2191	-0.211640211640212
2192	-0.137566137566138
2193	-0.174603174603175
2194	-0.137566137566138
2195	-0.1005291005291
2196	-0.137566137566138
2197	-0.211640211640212
2198	-0.285714285714286
2199	-0.214285714285714
2200	-0.214285714285714
2201	-0.285714285714286
2202	-0.177248677248677
2203	-0.214285714285714
2204	-0.285714285714286
2205	-0.322751322751323
2206	-0.285714285714286
2220	-0.322751322751323
2221	-0.248677248677249
2222	-0.211640211640212
2223	-0.174603174603175
2224	-0.211640211640212
2225	-0.211640211640212
2226	-0.174603174603175
2233	-0.137566137566138
2235	-0.14021164021164
2236	-0.105820105820106
2237	-0.177248677248677
2238	-0.248677248677249
2239	-0.137566137566138
2240	-0.137566137566138
2241	-0.137566137566138
2242	-0.174603174603175
2244	-0.137566137566138
2254	0.0105820105820105
2255	0.0820105820105819
2256	0.0449735449735449
2257	-0.0634920634920635
2335	-0.211640211640212
2336	-0.211640211640212
2337	-0.103174603174603
2338	-0.0661375661375662
2339	-0.0291005291005291
2340	-0.0291005291005291
2341	-0.103174603174603
2342	0.0396825396825395
2343	0.108465608465608
2344	0.0343915343915342
2345	-0.00264550264550256
2346	-0.076719576719577
2347	-0.00264550264550256
2348	-0.00264550264550256
2349	-0.148148148148148
2350	-0.148148148148148
2351	-0.185185185185185
2352	-0.293650793650794
2353	-0.222222222222222
2354	-0.113756613756614
2355	-0.224867724867725
2356	-0.187830687830688
2357	-0.261904761904762
2358	-0.0820105820105821
2359	-0.0793650793650793
2360	-0.113756613756614
2361	-0.259259259259259
2362	-0.259259259259259
2363	-0.296296296296296
2364	-0.153439153439153
2365	-0.0820105820105821
2366	-0.0820105820105821
2367	-0.224867724867725
2368	-0.256613756613757
2369	-0.111111111111111
2370	-0.0396825396825398
2371	-0.111111111111111
2372	0.0687830687830691
2373	0.105820105820106
2374	0.105820105820106
2375	0.177248677248677
2376	0.14021164021164
2377	0.14021164021164
2378	0.105820105820106
2379	0.0343915343915342
2380	0.145502645502645
2381	0.145502645502645
2382	0.216931216931217
2383	0.0740740740740738
2384	0.111111111111111
2385	0.111111111111111
2386	0.111111111111111
2387	0
2388	0
2389	-0.0714285714285715
2390	-0.0343915343915345
2391	-0.14021164021164
2392	-0.0687830687830689
2393	-0.0317460317460317
2394	0.00264550264550234
2395	0.00529100529100535
2396	0.0423280423280424
2397	0.0767195767195766
2398	0.111111111111111
2399	0.256613756613757
2400	0.185185185185185
2401	0.259259259259259
2402	0.330687830687831
2403	0.256613756613757
2404	0.328042328042328
2405	0.399470899470899
2406	0.399470899470899
2407	0.402116402116402
2408	0.436507936507936
2409	0.325396825396825
2410	0.505291005291005
2411	0.650793650793651
2412	0.616402116402116
2413	0.653439153439153
2414	0.687830687830688
2415	0.687830687830688
2416	0.650793650793651
2417	0.650793650793651
2418	0.613756613756614
2419	0.433862433862434
2420	0.433862433862434
2421	0.648148148148148
2422	0.53968253968254
2423	0.502645502645502
2424	0.357142857142857
2425	0.391534391534391
2426	0.462962962962963
2427	0.428571428571429
2428	0.574074074074074
2429	0.53968253968254
2430	0.394179894179894
2431	0.246031746031746
2432	0.283068783068783
2433	0.211640211640212
2434	0.285714285714286
2435	0.105820105820106
2436	0.0714285714285714
2437	0.108465608465608
2438	0.108465608465608
2439	-0.0714285714285715
2440	-0.17989417989418
2441	-0.216931216931217
2442	-0.288359788359788
2443	-0.0370370370370372
2444	0.0343915343915342
2445	-0.0396825396825398
2446	-0.074074074074074
2447	-0.108465608465609
2448	-0.142857142857143
2449	0.00264550264550234
2450	0.0396825396825395
2451	-0.0317460317460317
2452	-0.0687830687830689
2453	-0.248677248677249
2454	-0.285714285714286
2455	-0.211640211640212
2456	0.00793650793650791
2457	0.0793650793650794
2458	0.113756613756614
2459	0.00264550264550234
2460	0.00264550264550234
2461	0.037037037037037
2462	-0.0370370370370372
2463	-0.111111111111111
2464	-0.00264550264550256
2465	0.0317460317460319
2466	0.0317460317460319
2467	-0.00529100529100535
2468	-0.21957671957672
2469	-0.216931216931217
2470	-0.145502645502645
2471	-0.362433862433863
2472	-0.507936507936508
2473	-0.510582010582011
2474	-0.656084656084656
2476	-0.587301587301587
2477	-0.513227513227513
2478	-0.55026455026455
2479	-0.478835978835979
2480	-0.515873015873016
2481	-0.587301587301587
2482	-0.444444444444445
2483	-0.441798941798942
2484	-0.330687830687831
2485	-0.296296296296296
2486	-0.404761904761905
2487	-0.293650793650794
2488	-0.293650793650794
2489	-0.365079365079365
2490	-0.362433862433863
2491	-0.325396825396825
2492	-0.288359788359788
2493	-0.325396825396825
2494	-0.148148148148148
2495	-0.074074074074074
2496	0.0714285714285714
2497	0.145502645502645
2498	0.148148148148148
2499	0.222222222222222
2500	0.365079365079365
2501	0.224867724867725
2502	0.113756613756614
2503	0.222222222222222
2504	0.0767195767195766
2505	0.148148148148148
2506	0.148148148148148
2507	-0.174603174603175
2508	-0.214285714285714
2509	-0.251322751322752
2510	-0.248677248677249
2511	-0.14021164021164
2512	-0.14021164021164
2513	0.0767195767195766
2514	-0.0343915343915345
2515	0.037037037037037
2516	0.108465608465608
2517	0.0343915343915342
2518	0.0343915343915342
2519	-0.17989417989418
2520	-0.17989417989418
2521	-0.325396825396825
2522	-0.216931216931217
2523	-0.108465608465609
2524	-0.145502645502645
2525	-0.288359788359788
2526	-0.288359788359788
2527	-0.288359788359788
2528	-0.396825396825397
2529	-0.214285714285714
2530	-0.14021164021164
2531	-0.214285714285714
2532	-0.251322751322752
2533	-0.211640211640212
2534	-0.137566137566138
2535	-0.103174603174603
2536	-0.174603174603175
2537	-0.211640211640212
2599	0.121693121693122
2600	0.0846560846560847
2601	0.156084656084656
2602	0.227513227513228
2603	0.264550264550265
2604	0.156084656084656
2605	0.193121693121693
2606	0.23015873015873
2607	0.121693121693122
2608	0.121693121693122
2609	0.119047619047619
2610	0.156084656084656
2611	0.0105820105820105
2612	0.0476190476190476
2613	0.119047619047619
2614	0.119047619047619
2615	0.187830687830688
2616	0.261904761904762
2617	0.116402116402116
2618	0.0423280423280424
2619	-0.0317460317460317
2620	0.00264550264550234
2621	-0.0343915343915345
2622	-0.0687830687830689
2623	-0.285714285714286
2624	-0.248677248677249
2625	-0.248677248677249
2637	-0.35978835978836
2638	-0.433862433862434
2639	-0.507936507936508
2646	-0.396825396825397
2647	-0.396825396825397
2648	-0.35978835978836
2649	-0.322751322751323
2650	-0.214285714285714
2651	-0.214285714285714
2652	-0.251322751322752
2653	-0.216931216931217
2654	-0.182539682539683
2655	-0.21957671957672
2656	-0.365079365079365
2657	-0.328042328042328
2658	-0.365079365079365
2659	-0.402116402116402
2660	-0.296296296296296
2661	-0.402116402116402
2662	-0.362433862433863
2663	-0.35978835978836
2664	-0.251322751322752
2665	-0.108465608465609
2666	0.00264550264550234
2667	-0.0714285714285715
2668	-0.17989417989418
2669	-0.291005291005291
2670	-0.325396825396825
2671	-0.328042328042328
2672	-0.328042328042328
2673	-0.328042328042328
2674	-0.293650793650794
2675	-0.402116402116402
2676	-0.362433862433863
2677	-0.362433862433863
2678	-0.396825396825397
2680	-0.251322751322752
2681	-0.214285714285714
2682	-0.251322751322752
2683	-0.177248677248677
2684	-0.177248677248677
2685	-0.214285714285714
2686	-0.325396825396825
2687	-0.365079365079365
2688	-0.439153439153439
2689	-0.510582010582011
2692	-0.73015873015873
2693	-0.73015873015873
2694	-0.547619047619048
2695	-0.547619047619048
2698	-0.582010582010582
2707	-0.843915343915344
2708	-0.738095238095238
2709	-0.738095238095238
2710	-0.80952380952381
2711	-0.698412698412698
2712	-0.698412698412698
2713	-0.624338624338624
2714	-0.587301587301587
2715	-0.55026455026455
2716	-0.439153439153439
2717	-0.473544973544974
2718	-0.3994708994709
2719	-0.256613756613757
2720	-0.293650793650794
2721	-0.256613756613757
2722	-0.185185185185185
2723	-0.21957671957672
2724	-0.145502645502645
2725	0.0343915343915342
2726	0.17989417989418
2727	0.251322751322751
2728	0.436507936507936
2729	0.362433862433862
2730	0.253968253968254
2731	0.256613756613757
2732	0.148148148148148
2733	0.00529100529100535
2734	0.0423280423280424
2735	0.00793650793650791
2736	-0.0317460317460317
2737	-0.0291005291005291
2738	-0.0291005291005291
2739	0.0396825396825395
2740	0.00264550264550234
2741	0.00264550264550234
2742	0.0396825396825395
2743	0
2744	-0.142857142857143
2745	-0.142857142857143
2746	-0.108465608465609
2747	-0.145502645502645
2748	-0.145502645502645
2749	-0.076719576719577
2750	-0.185185185185185
2751	-0.111111111111111
2752	-0.185185185185185
2753	-0.185185185185185
2754	-0.00529100529100535
2755	0.0317460317460319
2756	0.174603174603174
2757	0.14021164021164
2758	0.103174603174603
2759	0.248677248677248
2760	0.211640211640212
2761	0.285714285714286
2762	0.285714285714286
2763	0.32010582010582
2764	0.322751322751323
2765	0.317460317460317
2766	0.386243386243386
2767	0.386243386243386
2768	0.314814814814815
2769	0.243386243386243
2770	0.314814814814815
2771	0.388888888888889
2772	0.351851851851852
2773	0.388888888888889
2774	0.283068783068783
2775	0.211640211640212
2776	0.246031746031746
2777	0.248677248677248
2778	0.248677248677248
2779	0.177248677248677
2780	0.174603174603174
2781	0.0264550264550263
2782	0.134920634920635
2783	0.208994708994709
2784	0.0634920634920633
2785	0.0634920634920633
2786	-0.00793650793650813
2787	0.0291005291005288
2788	-0.0449735449735451
2789	-0.119047619047619
2790	-0.076719576719577
2791	-0.256613756613757
2792	-0.293650793650794
2793	-0.293650793650794
2794	-0.330687830687831
2795	-0.328042328042328
2796	-0.330687830687831
2797	-0.365079365079365
2798	-0.476190476190476
2799	-0.513227513227513
2800	-0.513227513227513
2801	-0.695767195767196
2802	-0.732804232804233
2803	-0.76984126984127
2804	-0.841269841269841
2819	-0.619047619047619
2820	-0.73015873015873
2834	-0.396825396825397
2835	-0.288359788359788
2836	-0.216931216931217
2837	-0.253968253968254
2838	-0.17989417989418
2839	-0.216931216931217
2840	-0.108465608465609
2841	-0.105820105820106
2842	-0.14021164021164
2843	-0.214285714285714
2847	-0.137566137566138
2849	-0.1005291005291
2850	-0.0634920634920635
2851	0.0793650793650794
2852	0.0767195767195766
2853	-0.0687830687830689
2854	0.00264550264550234
2855	-0.0343915343915345
2856	-0.0343915343915345
2857	-0.108465608465609
2858	-0.253968253968254
2859	-0.251322751322752
2860	-0.288359788359788
2861	-0.322751322751323
2862	-0.251322751322752
2863	-0.17989417989418
2864	-0.216931216931217
2865	-0.216931216931217
2866	-0.216931216931217
2867	-0.21957671957672
2868	-0.216931216931217
2869	-0.17989417989418
2870	-0.328042328042328
2871	-0.256613756613757
2872	-0.367724867724868
2873	-0.330687830687831
2874	-0.367724867724868
2875	-0.367724867724868
2876	-0.510582010582011
2877	-0.436507936507937
2878	-0.436507936507937
2879	-0.510582010582011
2880	-0.402116402116402
2881	-0.293650793650794
2882	-0.291005291005291
2883	-0.182539682539683
2884	-0.256613756613757
2885	-0.328042328042328
2886	-0.256613756613757
2887	-0.256613756613757
2888	-0.293650793650794
2889	-0.148148148148148
2890	-0.148148148148148
2891	-0.150793650793651
2892	-0.259259259259259
2893	-0.222222222222222
2894	-0.222222222222222
2895	-0.0396825396825398
2896	-0.111111111111111
2897	0
2898	-0.0370370370370372
2899	-0.145502645502645
2900	-0.293650793650794
2901	-0.293650793650794
2902	-0.328042328042328
2903	-0.253968253968254
2904	-0.251322751322752
2905	-0.251322751322752
2906	-0.322751322751323
2907	-0.251322751322752
2908	-0.288359788359788
2909	-0.214285714285714
2910	-0.0714285714285715
2911	-0.142857142857143
2912	-0.142857142857143
2913	-0.177248677248677
2914	-0.322751322751323
2915	-0.322751322751323
3023	-0.137566137566138
3030	-0.0264550264550265
3129	0.195767195767196
3130	0.158730158730159
3131	0.195767195767196
3132	0.195767195767196
3135	0.26984126984127
3136	0.304232804232804
3137	0.232804232804233
3230	-0.0634920634920635
3231	-0.1005291005291
3270	-0.248677248677249
3271	-0.288359788359788
3272	-0.251322751322752
3273	-0.288359788359788
3274	-0.182539682539683
3275	-0.35978835978836
3276	-0.35978835978836
3277	-0.322751322751323
3362	-0.177248677248677
3365	-0.14021164021164
3366	-0.0661375661375662
3367	0.00793650793650791
3368	-0.14021164021164
3369	-0.177248677248677
3370	-0.285714285714286
3371	-0.214285714285714
3372	-0.142857142857143
3373	-0.17989417989418
3374	-0.17989417989418
3375	-0.322751322751323
3376	-0.322751322751323
3377	-0.35978835978836
3378	-0.35978835978836
3379	-0.396825396825397
3380	-0.396825396825397
3382	-0.285714285714286
3383	-0.174603174603175
3384	0.00793650793650791
3385	-0.0291005291005291
3386	0.0449735449735449
3432	-0.0634920634920635
3433	-0.137566137566138
3434	-0.14021164021164
3435	-0.285714285714286
3436	-0.251322751322752
3437	-0.396825396825397
3438	-0.433862433862434
3439	-0.3994708994709
3440	-0.436507936507937
3441	-0.3994708994709
3442	-0.436507936507937
3443	-0.507936507936508
3444	-0.507936507936508
3446	-0.582010582010582
3447	-0.621693121693122
3448	-0.584656084656085
3449	-0.656084656084656
3450	-0.693121693121693
3451	-0.658730158730159
3452	-0.695767195767196
3454	-0.693121693121693
3455	-0.658730158730159
3456	-0.73015873015873
3460	-0.693121693121693
3461	-0.693121693121693
3462	-0.656084656084656
3463	-0.547619047619048
3464	-0.473544973544974
3465	-0.3994708994709
3466	-0.402116402116402
3467	-0.330687830687831
3468	-0.222222222222222
3469	-0.185185185185185
3470	-0.148148148148148
3471	-0.145502645502645
3472	-0.142857142857143
3473	-0.142857142857143
3474	-0.253968253968254
3475	-0.216931216931217
3476	-0.214285714285714
3477	-0.14021164021164
3478	-0.177248677248677
3479	-0.285714285714286
3484	-0.285714285714286
3537	-0.0634920634920635
3538	0.0793650793650794
3539	0.0423280423280424
3540	-0.0661375661375662
3541	-0.103174603174603
3542	-0.103174603174603
3543	-0.103174603174603
3544	-0.103174603174603
3545	-0.0661375661375662
3546	-0.0661375661375662
3547	0.0820105820105819
3548	0.0820105820105819
3558	-0.0264550264550265
3567	0.121693121693122
3568	0.193121693121693
3569	0.193121693121693
3570	0.119047619047619
3571	0.0476190476190476
3572	0.0105820105820105
3573	0.0105820105820105
3578	0.0105820105820105
3579	0.0820105820105819
3580	0.119047619047619
3581	0.298941798941799
3582	0.335978835978836
3583	0.264550264550265
3584	0.227513227513228
3585	0.227513227513228
3586	0.264550264550265
3587	0.298941798941799
3588	0.298941798941799
3589	0.298941798941799
3590	0.224867724867725
3591	0.119047619047619
3592	0.153439153439153
3593	0.0449735449735449
3594	0.0820105820105819
3595	0.116402116402116
3596	0.0793650793650794
3597	0.0396825396825395
3598	-0.0714285714285715
3599	0.182539682539682
3600	0.182539682539682
3601	0.145502645502645
3602	0.0714285714285714
3603	-0.108465608465609
3604	-0.253968253968254
3605	-0.148148148148148
3606	-0.293650793650794
3607	-0.293650793650794
3608	-0.333333333333333
3609	-0.333333333333333
3610	-0.333333333333333
3611	-0.37037037037037
3612	-0.367724867724868
3613	-0.330687830687831
3614	-0.330687830687831
3615	-0.3994708994709
3616	-0.328042328042328
3617	-0.470899470899471
3618	-0.433862433862434
3619	-0.470899470899471
3620	-0.433862433862434
3621	-0.396825396825397
3622	-0.248677248677249
3623	-0.103174603174603
3625	-0.174603174603175
3626	-0.137566137566138
3627	0.116402116402116
3628	0.153439153439153
3629	0.19047619047619
3630	0.227513227513228
3631	0.23015873015873
3632	0.193121693121693
3633	0.304232804232804
3634	0.341269841269841
3635	0.41005291005291
3636	0.444444444444444
3637	0.407407407407407
3638	0.37037037037037
3639	0.37037037037037
3640	0.37037037037037
3641	0.441798941798942
3642	0.55026455026455
3643	0.476190476190476
3644	0.51058201058201
3645	0.402116402116402
3646	0.582010582010582
3647	0.473544973544973
3648	0.439153439153439
3649	0.402116402116402
3650	0.439153439153439
3651	0.402116402116402
3652	0.293650793650794
3653	0.21957671957672
3654	0.0343915343915342
3655	-0.145502645502645
3656	0.0317460317460319
3657	0.0317460317460319
3658	-0.150793650793651
3659	-0.187830687830688
3660	-0.330687830687831
3661	-0.330687830687831
3662	-0.330687830687831
3663	-0.187830687830688
3664	-0.153439153439153
3665	-0.227513227513227
3666	-0.407407407407408
3667	-0.478835978835979
3668	-0.441798941798942
3669	-0.476190476190476
3670	-0.330687830687831
3671	-0.439153439153439
3672	-0.402116402116402
3673	-0.439153439153439
3674	-0.441798941798942
3675	-0.661375661375661
3676	-0.58994708994709
3677	-0.58994708994709
3678	-0.555555555555556
3679	-0.301587301587302
3680	-0.267195767195767
3681	-0.481481481481482
3682	-0.518518518518519
3683	-0.555555555555556
3684	-0.555555555555556
3685	-0.447089947089947
3686	-0.444444444444445
3687	-0.444444444444445
3688	-0.587301587301587
3689	-0.658730158730159
3690	-0.547619047619048
3691	-0.510582010582011
3692	-0.439153439153439
3693	-0.402116402116402
3694	-0.402116402116402
3695	-0.402116402116402
3696	-0.436507936507937
3697	-0.436507936507937
3698	-0.367724867724868
3699	-0.365079365079365
3700	-0.439153439153439
3701	-0.473544973544974
3702	-0.582010582010582
3736	-0.322751322751323
3737	-0.322751322751323
3738	-0.322751322751323
3790	-0.211640211640212
3791	-0.211640211640212
3814	-0.1005291005291
3815	-0.1005291005291
3816	-0.1005291005291
3817	-0.0291005291005291
3818	0.119047619047619
3819	0.23015873015873
3820	0.23015873015873
3821	0.23015873015873
3822	0.23015873015873
3823	0.156084656084656
3824	0.156084656084656
3825	0.119047619047619
3826	0.156084656084656
3827	0.19047619047619
3828	0.227513227513228
3829	0.153439153439153
3830	0.116402116402116
3831	0.153439153439153
3832	0.116402116402116
3833	0.0793650793650794
3834	0.0423280423280424
3835	0.0423280423280424
3836	0.0793650793650794
3837	0.0449735449735449
3838	0.0820105820105819
3839	0.0846560846560847
3893	0.00793650793650791
3894	0.150793650793651
3895	0.150793650793651
3896	0.259259259259259
3897	0.224867724867725
3898	0.187830687830688
3899	0.261904761904762
3900	0.296296296296296
3901	0.407407407407407
3902	0.515873015873016
3903	0.478835978835979
3904	0.37037037037037
3905	0.37037037037037
3906	0.37037037037037
3907	0.227513227513228
3908	0.153439153439153
3909	0.116402116402116
3910	0.153439153439153
3911	0.19047619047619
3912	0.19047619047619
3913	0.227513227513228
3914	0.187830687830688
3915	0.113756613756614
3916	0.113756613756614
3917	0.113756613756614
3918	-0.0661375661375662
3955	-0.433862433862434
3956	-0.436507936507937
3957	-0.439153439153439
3958	-0.256613756613757
3959	-0.185185185185185
3960	-0.076719576719577
3961	-0.187830687830688
3962	-0.116402116402116
3963	-0.116402116402116
3964	-0.116402116402116
3965	-0.0820105820105821
3966	-0.119047619047619
3967	-0.0476190476190479
3968	0.0264550264550263
3969	0.0264550264550263
3970	-0.0449735449735451
3971	-0.119047619047619
3972	-0.116402116402116
3973	-0.0820105820105821
3974	-0.150793650793651
3975	-0.224867724867725
3976	-0.37037037037037
3977	-0.224867724867725
3978	-0.187830687830688
3979	-0.150793650793651
3980	-0.185185185185185
3981	-0.111111111111111
3982	-0.0370370370370372
3983	-0.108465608465609
3984	-0.142857142857143
3985	-0.142857142857143
3986	0.00529100529100535
3987	0.00529100529100535
3988	0.0793650793650794
3989	0.00529100529100535
3990	-0.0661375661375662
3991	0.00793650793650791
3992	0.153439153439153
3993	0.00793650793650791
3994	-0.0291005291005291
3995	-0.0634920634920635
3996	-0.0264550264550265
3997	-0.0634920634920635
3999	-0.0264550264550265
4000	0.224867724867725
4001	0.224867724867725
4002	0.00529100529100535
4003	0.00529100529100535
4004	0.0396825396825395
4005	0.00264550264550234
4006	-0.105820105820106
4007	-0.214285714285714
4008	-0.325396825396825
4009	-0.216931216931217
4010	-0.251322751322752
4011	-0.253968253968254
4012	-0.362433862433863
4013	-0.470899470899471
4014	-0.507936507936508
4015	-0.365079365079365
4016	-0.365079365079365
4017	-0.507936507936508
4018	-0.362433862433863
4019	-0.325396825396825
4020	-0.291005291005291
4021	-0.365079365079365
4022	-0.293650793650794
4023	-0.256613756613757
4024	-0.436507936507937
4038	-0.544973544973545
4039	-0.470899470899471
4059	-0.470899470899471
4060	-0.582010582010582
4065	-0.507936507936508
4066	-0.436507936507937
4067	-0.325396825396825
4068	-0.21957671957672
4069	-0.111111111111111
4070	-0.113756613756614
4071	-0.150793650793651
4072	-0.259259259259259
4073	-0.0396825396825398
4074	-0.0396825396825398
4075	0.103174603174603
4076	0.0661375661375658
4077	0.0687830687830691
4078	0.0317460317460319
4079	0.0317460317460319
4080	-0.0793650793650793
4081	0.0634920634920633
4082	0.0634920634920633
4083	0.174603174603174
4084	-0.00529100529100535
4085	0.105820105820106
4086	0.142857142857143
4087	0.216931216931217
4088	0.253968253968254
4089	0.145502645502645
4090	0
4091	0.108465608465608
4092	0.0714285714285714
4093	-0.0714285714285715
4094	-0.216931216931217
4095	-0.142857142857143
4096	-0.105820105820106
4097	-0.0317460317460317
4098	-0.288359788359788
4099	-0.288359788359788
4100	-0.328042328042328
4101	-0.291005291005291
4102	-0.253968253968254
4103	-0.288359788359788
4104	-0.470899470899471
4105	-0.396825396825397
4112	-0.507936507936508
4113	-0.510582010582011
4114	-0.547619047619048
4115	-0.584656084656085
4116	-0.619047619047619
4117	-0.547619047619048
4118	-0.510582010582011
4119	-0.436507936507937
4120	-0.544973544973545
4121	-0.547619047619048
4122	-0.621693121693122
4123	-0.439153439153439
4124	-0.402116402116402
4127	-0.544973544973545
4128	-0.510582010582011
4129	-0.328042328042328
4130	-0.402116402116402
4131	-0.256613756613757
4132	-0.256613756613757
4133	-0.330687830687831
4134	-0.330687830687831
4135	-0.367724867724868
4136	-0.222222222222222
4137	-0.256613756613757
4138	-0.253968253968254
4139	-0.17989417989418
4140	-0.0687830687830689
4141	-0.214285714285714
4142	-0.285714285714286
4143	-0.433862433862434
4144	-0.362433862433863
4145	-0.325396825396825
4146	-0.396825396825397
4147	-0.108465608465609
4148	-0.17989417989418
4149	-0.216931216931217
4150	-0.074074074074074
4151	0.142857142857143
4152	0.17989417989418
4153	0.145502645502645
4154	0.17989417989418
4155	0.291005291005291
4156	0.328042328042328
4157	0.291005291005291
4158	0.328042328042328
4159	0.399470899470899
4160	0.436507936507936
4161	0.365079365079365
4162	0.291005291005291
4163	0.108465608465608
4164	0.0343915343915342
4165	-0.0396825396825398
4166	0.0343915343915342
4167	0.0687830687830691
4168	0.251322751322751
4169	0.288359788359788
4170	0.325396825396825
4171	0.396825396825397
4172	0.182539682539682
4173	0.216931216931217
4174	0.216931216931217
4175	-0.148148148148148
4176	-0.291005291005291
4177	-0.182539682539683
4178	-0.21957671957672
4179	-0.325396825396825
4180	-0.362433862433863
4181	-0.362433862433863
4182	-0.3994708994709
4183	-0.473544973544974
4216	-0.174603174603175
4217	-0.211640211640212
4218	-0.174603174603175
4219	0.0105820105820105
4220	0.0476190476190476
4221	0.0846560846560847
4226	0.0846560846560847
4227	0.0846560846560847
4236	0.121693121693122
4250	-0.470899470899471
4251	-0.470899470899471
4252	-0.544973544973545
4253	-0.470899470899471
4254	-0.362433862433863
4255	-0.291005291005291
4256	-0.362433862433863
4257	-0.325396825396825
4258	-0.325396825396825
4259	-0.396825396825397
4260	-0.396825396825397
4261	-0.396825396825397
4262	-0.251322751322752
4263	-0.251322751322752
4264	-0.145502645502645
4265	-0.148148148148148
4266	-0.222222222222222
4267	-0.330687830687831
4268	-0.367724867724868
4269	-0.404761904761905
4270	-0.407407407407408
4271	-0.404761904761905
4272	-0.441798941798942
4273	-0.37037037037037
4274	-0.373015873015873
4275	-0.256613756613757
4276	-0.328042328042328
4277	-0.328042328042328
4278	-0.328042328042328
4279	-0.3994708994709
4280	-0.619047619047619
4281	-0.441798941798942
4282	-0.55026455026455
4283	-0.587301587301587
4284	-0.513227513227513
4285	-0.441798941798942
4286	-0.587301587301587
4287	-0.698412698412698
4288	-0.661375661375661
4289	-0.804232804232804
4290	-0.73015873015873
4291	-0.656084656084656
4292	-0.619047619047619
4293	-0.330687830687831
4294	-0.222222222222222
4295	-0.074074074074074
4296	-0.185185185185185
4297	-0.150793650793651
4298	-0.222222222222222
4299	-0.256613756613757
4300	-0.367724867724868
4301	-0.333333333333333
4302	-0.259259259259259
4303	-0.224867724867725
4304	-0.227513227513227
4305	-0.116402116402116
4306	-0.335978835978836
4307	-0.264550264550265
4308	-0.264550264550265
4309	-0.23015873015873
4310	-0.338624338624339
4311	-0.447089947089947
4312	-0.481481481481482
4313	-0.592592592592593
4314	-0.592592592592593
4315	-0.664021164021164
4316	-0.626984126984127
4317	-0.58994708994709
4318	-1.06349206349206
4344	-0.322751322751323
4345	-0.182539682539683
4346	-0.074074074074074
4347	-0.0370370370370372
4348	0.0343915343915342
4349	0.105820105820106
4350	0.0317460317460319
4351	-0.00529100529100535
4352	-0.00529100529100535
4353	-0.0423280423280423
4354	-0.00529100529100535
4355	0.0661375661375658
4356	0.171957671957672
4357	0.171957671957672
4358	0.171957671957672
4359	0.169312169312169
4360	0.0952380952380951
4361	0.0608465608465607
4362	0.0978835978835977
4363	0.134920634920635
4364	0.0978835978835977
4365	-0.00793650793650813
4366	0.0291005291005288
4367	0.0661375661375658
4368	-0.00529100529100535
4369	-0.00793650793650813
4370	-0.185185185185185
4371	-0.256613756613757
4372	-0.182539682539683
4373	-0.253968253968254
4374	-0.17989417989418
4375	-0.0343915343915345
4376	-0.0687830687830689
4377	0.00264550264550234
4378	0.0396825396825395
4379	0.00264550264550234
4380	0.0767195767195766
4381	0.00793650793650791
4382	0.00793650793650791
4383	0.00793650793650791
4384	-0.0634920634920635
4385	-0.0291005291005291
4386	-0.105820105820106
4387	-0.105820105820106
4388	-0.105820105820106
4389	-0.142857142857143
4390	-0.108465608465609
4391	-0.182539682539683
4392	-0.108465608465609
4393	-0.0714285714285715
4394	-0.177248677248677
4395	-0.214285714285714
4396	-0.251322751322752
4397	-0.288359788359788
4398	-0.325396825396825
4399	-0.439153439153439
4400	-0.510582010582011
4401	-0.473544973544974
4402	-0.473544973544974
4403	-0.402116402116402
4404	-0.330687830687831
4405	-0.402116402116402
4406	-0.55026455026455
4407	-0.441798941798942
4408	-0.441798941798942
4409	-0.367724867724868
4410	-0.365079365079365
4411	-0.288359788359788
4412	-0.35978835978836
4413	-0.216931216931217
4414	-0.216931216931217
4415	-0.322751322751323
4416	-0.253968253968254
4417	-0.362433862433863
4418	-0.362433862433863
4419	-0.3994708994709
4420	-0.325396825396825
4421	-0.253968253968254
4422	-0.145502645502645
4423	-0.074074074074074
4424	0.037037037037037
4425	0
4426	0.0343915343915342
4427	-0.00264550264550256
4428	0.211640211640212
4429	0.211640211640212
4430	0.211640211640212
4431	0.359788359788359
4432	0.288359788359788
4433	0.359788359788359
4434	0.359788359788359
4435	0.396825396825397
4436	0.322751322751323
4437	0.359788359788359
4438	0.216931216931217
4439	0.325396825396825
4440	0.359788359788359
4441	0.436507936507936
4442	0.399470899470899
4443	0.433862433862434
4444	0.507936507936508
4445	0.507936507936508
4446	0.507936507936508
4447	0.362433862433862
4448	0.365079365079365
4449	0.259259259259259
4450	0.259259259259259
4451	0.293650793650794
4452	0.111111111111111
4453	-0.211640211640212
4474	-0.174603174603175
4475	-0.211640211640212
4482	-0.214285714285714
4483	-0.177248677248677
4484	-0.0317460317460317
4485	-0.0317460317460317
4486	-0.0317460317460317
4487	-0.0687830687830689
4488	0.00264550264550234
4489	-0.0687830687830689
4490	-0.142857142857143
4491	-0.145502645502645
4492	-0.182539682539683
4493	-0.253968253968254
4494	-0.182539682539683
4495	-0.216931216931217
4496	-0.17989417989418
4497	-0.251322751322752
4498	-0.285714285714286
4503	-0.322751322751323
4504	-0.396825396825397
4505	-0.251322751322752
4506	-0.214285714285714
4507	-0.285714285714286
4508	-0.214285714285714
4509	-0.214285714285714
4510	-0.288359788359788
4511	-0.288359788359788
4512	-0.142857142857143
4513	-0.288359788359788
4514	-0.362433862433863
4515	-0.288359788359788
4516	-0.35978835978836
4517	-0.325396825396825
4518	-0.362433862433863
4519	-0.396825396825397
4520	-0.433862433862434
4521	-0.291005291005291
4522	-0.328042328042328
4523	-0.293650793650794
4524	-0.291005291005291
4525	-0.182539682539683
4526	-0.0370370370370372
4527	-0.074074074074074
4528	-0.253968253968254
4529	-0.216931216931217
4530	-0.216931216931217
4531	-0.17989417989418
4532	-0.0714285714285715
4533	-0.17989417989418
4534	-0.288359788359788
4535	-0.142857142857143
4536	-0.142857142857143
4537	-0.362433862433863
4538	-0.17989417989418
4539	-0.105820105820106
4540	-0.142857142857143
4541	0.00264550264550234
4542	0.0423280423280424
4543	0.0793650793650794
4544	0.0793650793650794
4545	0.224867724867725
4546	0.119047619047619
4547	0.227513227513228
4548	0.193121693121693
4549	0.301587301587302
4550	0.121693121693122
4551	0.156084656084656
4552	0.335978835978836
4553	0.515873015873016
4554	0.552910052910053
4555	0.481481481481481
4556	0.587301587301587
4557	0.513227513227513
4558	0.584656084656085
4559	0.764550264550264
4560	0.656084656084656
4561	0.619047619047619
4562	0.873015873015873
4563	0.981481481481481
4564	0.981481481481481
4565	0.944444444444444
4566	0.798941798941799
4567	0.798941798941799
4568	0.724867724867725
4569	0.724867724867725
4570	0.687830687830688
4571	0.793650793650794
4572	0.685185185185185
4573	0.791005291005291
4574	0.71957671957672
4575	0.791005291005291
4576	0.645502645502645
4577	0.611111111111111
4578	0.53968253968254
4579	0.605820105820106
4580	0.748677248677249
4581	0.642857142857143
4582	0.574074074074074
4583	0.28042328042328
4584	0.137566137566137
4585	0.0634920634920633
4586	0.169312169312169
4587	0.0264550264550263
4588	-0.156084656084656
4589	-0.193121693121693
4590	-0.121693121693122
4591	-0.158730158730159
4592	-0.158730158730159
4593	-0.158730158730159
4594	-0.124338624338625
4595	-0.26984126984127
4596	-0.415343915343915
4597	-0.452380952380953
4598	-0.595238095238095
4599	-0.595238095238095
4600	-0.669312169312169
4601	-0.666666666666667
4602	-0.703703703703704
4603	-0.812169312169312
4604	-0.915343915343915
4629	-0.285714285714286
4630	-0.285714285714286
4631	-0.177248677248677
4632	-0.142857142857143
4633	-0.14021164021164
4634	-0.14021164021164
4635	-0.105820105820106
4636	-0.0687830687830689
4637	-0.0343915343915345
4638	-0.0370370370370372
4639	0.142857142857143
4640	0.0714285714285714
4641	0.105820105820106
4642	0.105820105820106
4643	0.0317460317460319
4644	-0.113756613756614
4645	-0.224867724867725
4646	-0.261904761904762
4647	-0.19047619047619
4648	-0.261904761904762
4649	-0.116402116402116
4650	-0.150793650793651
4651	-0.0449735449735451
4652	-0.0105820105820107
4653	-0.0820105820105821
4654	-0.261904761904762
4655	-0.0820105820105821
4656	-0.23015873015873
4657	-0.23015873015873
4658	-0.195767195767196
4659	-0.232804232804233
4660	-0.26984126984127
4661	-0.415343915343915
4662	-0.486772486772487
4663	-0.484126984126984
4664	-0.626984126984127
4665	-0.552910052910053
4666	-0.587301587301587
4667	-0.518518518518519
4668	-0.338624338624339
4669	-0.301587301587302
4670	-0.119047619047619
4671	-0.227513227513227
4672	-0.261904761904762
4673	-0.267195767195767
4674	-0.304232804232804
4675	-0.343915343915344
4676	-0.412698412698413
4677	-0.41005291005291
4678	-0.44973544973545
4679	-0.412698412698413
4680	-0.412698412698413
4681	-0.267195767195767
4682	-0.375661375661376
4683	-0.447089947089947
4684	-0.304232804232804
4685	-0.375661375661376
4686	-0.378306878306878
4687	-0.232804232804233
4688	-0.306878306878307
4689	-0.235449735449736
4690	-0.346560846560847
4691	-0.383597883597884
4692	-0.415343915343915
4693	-0.558201058201058
4694	-0.595238095238095
4695	-0.595238095238095
4696	-0.484126984126984
4697	-0.558201058201058
4698	-0.552910052910053
4699	-0.444444444444445
4700	-0.441798941798942
4701	-0.444444444444445
4702	-0.518518518518519
4703	-0.515873015873016
4704	-0.552910052910053
4705	-0.658730158730159
4718	-0.544973544973545
4719	-0.470899470899471
4721	-0.433862433862434
4722	-0.396825396825397
4723	-0.3994708994709
4725	-0.470899470899471
4727	-0.35978835978836
4728	-0.322751322751323
4729	-0.322751322751323
4730	-0.322751322751323
4731	-0.35978835978836
4732	-0.216931216931217
4733	-0.145502645502645
4734	-0.00529100529100535
4735	-0.0396825396825398
4736	-0.111111111111111
4737	-0.216931216931217
4738	-0.17989417989418
4739	0.00264550264550234
4740	-0.0687830687830689
4741	0.150793650793651
4742	0.150793650793651
4743	0.187830687830688
4744	0.150793650793651
4745	0.150793650793651
4746	0.0423280423280424
4747	0.116402116402116
4748	0.153439153439153
4749	0.153439153439153
4750	0.0449735449735449
4751	0.00793650793650791
4752	0.0449735449735449
4753	-0.0291005291005291
4754	-0.0291005291005291
4755	-0.0317460317460317
4756	0.00264550264550234
4757	-0.103174603174603
4758	-0.0661375661375662
4770	-0.507936507936508
4771	-0.436507936507937
4772	-0.436507936507937
4773	-0.362433862433863
4774	-0.362433862433863
4775	-0.362433862433863
4776	-0.3994708994709
4777	-0.507936507936508
4778	-0.470899470899471
4779	-0.396825396825397
4780	-0.433862433862434
4782	-0.362433862433863
4783	-0.291005291005291
4784	-0.291005291005291
4785	-0.182539682539683
4786	-0.182539682539683
4787	-0.074074074074074
4788	-0.108465608465609
4789	-0.0714285714285715
4790	0.00264550264550234
4791	-0.0343915343915345
4792	-0.0687830687830689
4793	-0.14021164021164
4794	-0.0687830687830689
4795	-0.14021164021164
4796	-0.211640211640212
4797	-0.177248677248677
4798	-0.288359788359788
4799	-0.17989417989418
4800	-0.142857142857143
4801	0.0740740740740738
4802	0.037037037037037
4803	0.037037037037037
4804	0.037037037037037
4805	0.0767195767195766
4806	0.113756613756614
4807	0.00793650793650791
4808	-0.1005291005291
4809	-0.0291005291005291
4810	0.00529100529100535
4811	-0.0317460317460317
4812	-0.14021164021164
4813	-0.177248677248677
4814	-0.177248677248677
4815	-0.322751322751323
4816	-0.325396825396825
4817	-0.325396825396825
4818	-0.216931216931217
4819	-0.253968253968254
4820	-0.253968253968254
4821	-0.216931216931217
4822	-0.288359788359788
4823	-0.288359788359788
4824	-0.470899470899471
4825	-0.433862433862434
4826	-0.3994708994709
4827	-0.325396825396825
4828	-0.325396825396825
4829	-0.328042328042328
4830	-0.402116402116402
4831	-0.402116402116402
4832	-0.513227513227513
4833	-0.55026455026455
4834	-0.621693121693122
4941	-0.732804232804233
4942	-0.587301587301587
4943	-0.624338624338624
4944	-0.698412698412698
4945	-0.661375661375661
4946	-0.624338624338624
4947	-0.698412698412698
4948	-0.732804232804233
4949	-0.624338624338624
4950	-0.587301587301587
4951	-0.478835978835979
4952	-0.624338624338624
4953	-0.658730158730159
4959	-0.656084656084656
4960	-0.73015873015873
4961	-0.804232804232804
4962	-0.73015873015873
4963	-0.664021164021164
4964	-0.735449735449735
4965	-0.592592592592593
4966	-0.76984126984127
4967	-0.695767195767196
4968	-0.58994708994709
4969	-0.552910052910053
4970	-0.58994708994709
4971	-0.626984126984127
4972	-0.515873015873016
4973	-0.444444444444445
4974	-0.515873015873016
4975	-0.444444444444445
4976	-0.441798941798942
4977	-0.367724867724868
4978	-0.296296296296296
4979	-0.296296296296296
4980	-0.222222222222222
4981	-0.222222222222222
4982	-0.185185185185185
4983	-0.256613756613757
4984	-0.328042328042328
4985	-0.253968253968254
4986	-0.108465608465609
4987	-0.145502645502645
4988	-0.0687830687830689
4989	0.0396825396825395
4990	-0.0661375661375662
4991	-0.105820105820106
4992	-0.251322751322752
4993	-0.142857142857143
4994	-0.105820105820106
4995	0.0740740740740738
4996	0.111111111111111
4997	0.182539682539682
4998	0.111111111111111
4999	0.0343915343915342
5000	-0.111111111111111
5001	0.0661375661375658
5002	0.174603174603174
5003	0.14021164021164
5004	0.14021164021164
5005	0.0291005291005288
5006	-0.00793650793650813
5007	-0.00793650793650813
5008	-0.0423280423280423
5009	-0.0820105820105821
5010	-0.156084656084656
5011	-0.227513227513227
5012	-0.227513227513227
5013	-0.407407407407408
5014	-0.441798941798942
5015	-0.552910052910053
5016	-0.587301587301587
5017	-0.335978835978836
5018	-0.478835978835979
5019	-0.478835978835979
5020	-0.695767195767196
5021	-0.732804232804233
5022	-0.76984126984127
5023	-0.661375661375661
5024	-0.55026455026455
5025	-0.513227513227513
5028	-0.658730158730159
5029	-0.76984126984127
5030	-0.695767195767196
5031	-0.513227513227513
5032	-0.476190476190476
5033	-0.367724867724868
5034	-0.365079365079365
5035	-0.256613756613757
5036	-0.330687830687831
5037	-0.222222222222222
5038	-0.150793650793651
5039	-0.224867724867725
5040	-0.0793650793650793
5041	-0.00529100529100535
5042	-0.111111111111111
5043	-0.145502645502645
5044	-0.145502645502645
5045	-0.0370370370370372
5046	0.0714285714285714
5047	0.037037037037037
5048	-0.0343915343915345
5049	-0.0317460317460317
5050	0.00529100529100535
5051	0.00529100529100535
5052	-0.0317460317460317
5053	0.00529100529100535
5054	0.261904761904762
5055	0.296296296296296
5056	0.296296296296296
5057	0.222222222222222
5058	0.148148148148148
5059	0.256613756613757
5060	0.291005291005291
5061	0.325396825396825
5062	0.325396825396825
5063	0.291005291005291
5064	0.507936507936508
5065	0.51058201058201
5066	0.544973544973545
5067	0.433862433862434
5068	0.433862433862434
5069	0.505291005291005
5070	0.542328042328042
5071	0.470899470899471
5072	0.576719576719577
5073	0.576719576719577
5074	0.576719576719577
5075	0.613756613756614
5076	0.613756613756614
5077	0.579365079365079
5078	0.436507936507936
5079	0.470899470899471
5080	0.470899470899471
5081	0.359788359788359
5082	0.433862433862434
5083	0.470899470899471
5084	0.470899470899471
5085	0.436507936507936
5086	0.402116402116402
5087	0.256613756613757
5088	0.182539682539682
5089	0.0396825396825395
5090	0.037037037037037
5091	-0.0714285714285715
5092	0.00264550264550234
5093	-0.0343915343915345
5094	0
5095	-0.182539682539683
5096	-0.111111111111111
5097	-0.328042328042328
5098	-0.402116402116402
5099	-0.402116402116402
5100	-0.513227513227513
5101	-0.478835978835979
5102	-0.441798941798942
5103	-0.407407407407408
5104	-0.55026455026455
5105	-0.547619047619048
5106	-0.473544973544974
5107	-0.547619047619048
5108	-0.510582010582011
5109	-0.619047619047619
5111	-0.510582010582011
5112	-0.510582010582011
5113	-0.436507936507937
5114	-0.476190476190476
5115	-0.476190476190476
5116	-0.402116402116402
5117	-0.365079365079365
5118	-0.365079365079365
5119	-0.433862433862434
5120	-0.3994708994709
5121	-0.470899470899471
5122	-0.433862433862434
5123	-0.288359788359788
5124	-0.325396825396825
5125	-0.251322751322752
5126	-0.251322751322752
5127	-0.288359788359788
5128	-0.251322751322752
5129	-0.288359788359788
5130	-0.288359788359788
5131	-0.396825396825397
5132	-0.216931216931217
5133	-0.253968253968254
5134	-0.253968253968254
5135	-0.182539682539683
5136	-0.325396825396825
5137	-0.253968253968254
5138	-0.216931216931217
5139	-0.251322751322752
5140	-0.248677248677249
5141	-0.248677248677249
5143	-0.396825396825397
5144	-0.470899470899471
5146	-0.470899470899471
5147	-0.362433862433863
5148	-0.544973544973545
5149	-0.507936507936508
5150	-0.507936507936508
5182	-0.433862433862434
5183	-0.396825396825397
5184	-0.288359788359788
5185	-0.182539682539683
5186	-0.288359788359788
5187	-0.325396825396825
5188	-0.216931216931217
5189	-0.142857142857143
5190	-0.253968253968254
5191	-0.142857142857143
5192	0.00529100529100535
5193	-0.0687830687830689
5194	-0.0317460317460317
5195	-0.0687830687830689
5196	-0.105820105820106
5197	-0.177248677248677
5198	-0.216931216931217
5199	-0.251322751322752
5200	-0.0714285714285715
5201	-0.21957671957672
5202	-0.328042328042328
5203	-0.3994708994709
5204	-0.436507936507937
5205	-0.473544973544974
5206	-0.582010582010582
5222	-0.73015873015873
5224	-0.513227513227513
5225	-0.621693121693122
5226	-0.695767195767196
5227	-0.587301587301587
5228	-0.478835978835979
5229	-0.441798941798942
5230	-0.404761904761905
5231	-0.404761904761905
5232	-0.259259259259259
5233	-0.222222222222222
5234	-0.296296296296296
5235	-0.476190476190476
5236	-0.55026455026455
5237	-0.513227513227513
5238	-0.58994708994709
5239	-0.701058201058201
5240	-0.626984126984127
5241	-0.58994708994709
5242	-0.552910052910053
5243	-0.515873015873016
5244	-0.478835978835979
5245	-0.476190476190476
5246	-0.476190476190476
5247	-0.365079365079365
5248	-0.404761904761905
5249	-0.656084656084656
5251	-0.362433862433863
5252	-0.619047619047619
5254	-0.806878306878307
5255	-0.880952380952381
5256	-0.806878306878307
5260	-0.878306878306878
5261	-0.878306878306878
5262	-1.02645502645503
5264	-0.915343915343915
5266	-0.989417989417989
5267	-0.989417989417989
5268	-0.920634920634921
5269	-0.849206349206349
5270	-0.886243386243386
5271	-0.849206349206349
5272	-0.994708994708995
5273	-0.992063492063492
5274	-1.02910052910053
5275	-0.957671957671958
5276	-1.13756613756614
5277	-0.952380952380952
5278	-0.841269841269841
5284	-0.878306878306878
5285	-0.767195767195767
5286	-0.695767195767196
5287	-0.513227513227513
5288	-0.476190476190476
5289	-0.473544973544974
5290	-0.436507936507937
5291	-0.328042328042328
5292	-0.293650793650794
5293	-0.507936507936508
5296	-0.544973544973545
5297	-0.510582010582011
5298	-0.402116402116402
5299	-0.256613756613757
5300	-0.365079365079365
5301	-0.259259259259259
5302	-0.296296296296296
5303	-0.37037037037037
5304	-0.298941798941799
5305	-0.116402116402116
5306	-0.156084656084656
5307	-0.0502645502645507
5308	-0.164021164021164
5309	-0.164021164021164
5310	-0.349206349206349
5311	-0.383597883597884
5312	-0.383597883597884
5313	-0.240740740740741
5314	-0.388888888888889
5315	-0.465608465608466
5316	-0.537037037037037
5317	-0.611111111111111
5318	-0.502645502645503
5319	-0.576719576719577
5320	-0.613756613756614
5321	-0.75925925925926
5322	-0.75925925925926
5323	-0.796296296296297
5324	-0.978835978835979
5325	-1.05291005291005
5326	-1.15873015873016
5327	-1.15873015873016
5328	-1.08994708994709
5329	-1.12433862433862
5330	-1.23280423280423
5331	-1.19312169312169
5332	-1.44444444444444
5333	-1.44179894179894
5334	-1.37037037037037
5335	-1.25925925925926
5336	-1.18783068783069
5337	-1.22222222222222
5338	-1.4021164021164
5339	-1.18518518518519
5340	-1.07407407407407
5341	-1.18518518518519
5342	-1.18518518518519
5343	-1.29365079365079
5344	-1.10846560846561
5345	-0.965608465608466
5346	-0.965608465608466
5347	-0.928571428571429
5348	-1.14814814814815
5349	-1.11111111111111
5350	-0.931216931216931
5351	-0.862433862433862
5352	-0.830687830687831
5353	-0.793650793650794
5354	-0.685185185185185
5355	-0.648148148148148
5356	-0.685185185185185
5357	-0.431216931216931
5358	-0.32010582010582
5359	-0.357142857142857
5360	-0.285714285714286
5361	-0.394179894179894
5362	-0.542328042328042
5363	-0.542328042328042
5364	-0.576719576719577
5365	-0.576719576719577
5366	-0.391534391534392
5367	-0.388888888888889
5368	-0.243386243386243
5369	-0.0317460317460321
5370	-0.1005291005291
5371	-0.0291005291005291
5372	-0.14021164021164
5373	-0.0661375661375665
5374	-0.14021164021164
5375	-0.208994708994709
5376	-0.351851851851852
5377	-0.203703703703704
5378	-0.312169312169312
5379	-0.457671957671958
5380	-0.46031746031746
5381	-0.5
5382	-0.571428571428571
5383	-0.502645502645503
5384	-0.719576719576719
5385	-0.862433862433862
5386	-0.825396825396826
5387	-0.642857142857143
5388	-0.67989417989418
5389	-0.751322751322752
5390	-0.936507936507937
5391	-1.08201058201058
5392	-1.08465608465609
5393	-1.34126984126984
5394	-1.7010582010582
5395	-1.73809523809524
5396	-1.77248677248677
5397	-1.58994708994709
5398	-1.37037037037037
5399	-1.22222222222222
5400	-1.15079365079365
5401	-1.03968253968254
5402	-1.18253968253968
5403	-1.14550264550265
5404	-1.11111111111111
5405	-1.07407407407407
5406	-0.928571428571429
5407	-0.965608465608466
5408	-1.03439153439153
5409	-1
5410	-1.07407407407407
5411	-0.931216931216931
5412	-0.968253968253968
5413	-0.751322751322752
5414	-0.716931216931217
5415	-0.354497354497355
5416	-0.283068783068783
5417	-0.137566137566138
5418	-0.1005291005291
5419	0.119047619047619
5420	0.116402116402116
5421	0.00529100529100468
5422	0.00529100529100468
5423	-0.103174603174603
5424	0.111111111111111
5425	0.074074074074074
5426	0
5427	0.0714285714285716
5428	0.108465608465609
5429	-0.148148148148148
5430	-0.0767195767195763
5431	-0.108465608465609
5432	-0.108465608465609
5433	0.0343915343915344
5434	0.074074074074074
5435	0.29100529100529
5436	0.182539682539683
5437	0.29100529100529
5438	0.148148148148148
5439	0.0767195767195763
5440	-0.0634920634920635
5441	0.224867724867725
5442	0.116402116402116
5443	0.150793650793651
5444	0.0793650793650791
5445	0.119047619047619
5446	0.193121693121693
5447	0.0502645502645505
5448	0.156084656084656
5449	-0.0952380952380953
5450	-0.166666666666667
5451	-0.0238095238095237
5452	-0.132275132275132
5453	-0.166666666666667
5454	0.0555555555555554
5455	-0.0873015873015877
5456	-0.0873015873015877
5457	-0.015873015873016
5458	0.0582010582010584
5459	0.203703703703704
5460	0.0925925925925923
5461	0.166666666666667
5462	-0.0132275132275133
5463	0.0952380952380951
5464	0.0952380952380951
5465	0.0211640211640209
5466	-0.158730158730159
5467	-0.156084656084656
5468	-0.0793650793650793
5469	-0.0449735449735451
5470	0.0238095238095235
5471	0.0925925925925923
5472	0.0899470899470898
5473	-0.0185185185185186
5474	0.0899470899470898
5475	0.161375661375661
5476	0.0899470899470898
5477	0.26984126984127
5478	0.232804232804233
5479	0.0476190476190477
5480	0.19047619047619
5481	0.19047619047619
5482	0.0105820105820107
5483	-0.206349206349207
5484	-0.171957671957672
5485	-0.166666666666667
5486	-0.0952380952380953
5487	0.00793650793650791
5488	-0.0661375661375665
5489	0.113756613756614
5490	0.185185185185185
5491	0.185185185185185
5492	0.148148148148148
5493	0.219576719576719
5494	0.219576719576719
5495	0.222222222222222
5496	0.259259259259259
5497	0.404761904761905
5498	0.37037037037037
5499	0.113756613756614
5500	0.116402116402116
5501	0.153439153439153
5502	-0.0264550264550263
5503	0.116402116402116
5504	0.227513227513227
5505	0.0476190476190477
5506	-0.0264550264550263
5507	0.0105820105820107
5508	0.119047619047619
5509	-0.0238095238095237
5510	0.0476190476190477
5511	-0.0238095238095237
5512	-0.052910052910053
5513	0.0925925925925923
5514	0.0899470899470898
5515	0.0211640211640209
5516	-0.0873015873015877
5517	0.0555555555555554
5518	-0.0185185185185186
5519	-0.052910052910053
5520	-0.0185185185185186
5521	-0.0502645502645507
5522	-0.156084656084656
5523	-0.0132275132275133
5524	0.0582010582010584
5525	0.0211640211640209
5526	0.0925925925925923
5527	0.201058201058201
5528	0.346560846560847
5529	0.494708994708995
5530	0.674603174603175
5531	0.746031746031746
5532	0.708994708994709
5533	0.637566137566137
5534	0.560846560846561
5535	0.341269841269841
5536	0.195767195767196
5537	0.23015873015873
5538	0.0846560846560849
5539	-0.203703703703704
5540	0.0105820105820107
5541	-0.0608465608465607
5542	-0.203703703703704
5543	-0.0925925925925926
5544	-0.0952380952380953
5545	0.119047619047619
5546	0.187830687830688
5547	0.187830687830688
5548	0.222222222222222
5549	0.513227513227513
5550	0.547619047619048
5551	0.404761904761905
5552	0.330687830687831
5553	0.113756613756614
5554	0.219576719576719
5555	-0.0343915343915344
5556	-0.0714285714285714
5557	0.037037037037037
5558	0.0687830687830684
5559	0.142857142857143
5560	0.396825396825397
5561	0.505291005291004
5562	0.468253968253968
5563	0.322751322751323
5564	0.579365079365079
5565	0.505291005291004
5566	0.576719576719576
5567	0.67989417989418
5568	0.571428571428571
5569	0.571428571428571
5570	0.465608465608465
5571	0.431216931216931
5572	0.428571428571428
5573	0.251322751322751
5574	0.037037037037037
5575	0.074074074074074
5576	0.145502645502646
5577	0.148148148148148
5578	0.293650793650794
5579	0.222222222222222
5580	0.330687830687831
5581	0.404761904761905
5582	0.293650793650794
5583	0.404761904761905
5584	0.513227513227513
5585	0.333333333333333
5586	0.113756613756614
5587	0.187830687830688
5588	0.407407407407407
5589	0.55026455026455
5590	0.552910052910053
5591	0.515873015873016
5592	0.481481481481481
5593	0.37037037037037
5594	0.478835978835979
5595	0.19047619047619
5596	0.227513227513227
5597	0.301587301587301
5598	0.552910052910053
5599	0.552910052910053
5600	0.661375661375661
5601	0.873015873015873
5602	1.05026455026455
5603	0.976190476190476
5604	0.976190476190476
5605	1.05026455026455
5606	1.01587301587302
5607	1.30687830687831
5608	1.34391534391534
5609	1.30687830687831
5610	1.48941798941799
5611	1.78042328042328
5612	1.92328042328042
5613	1.99470899470899
5614	1.81746031746032
5615	1.67460317460317
5616	1.78306878306878
5617	1.82010582010582
5618	2.03703703703704
5619	1.82010582010582
5620	1.96560846560847
5621	1.85449735449735
5622	1.96031746031746
5623	1.88888888888889
5624	1.88624338624339
5625	1.70634920634921
5626	1.6031746031746
5627	1.53174603174603
5628	1.46031746031746
5629	1.38624338624339
5630	1.23809523809524
5631	1.16402116402116
5632	1.1984126984127
5633	1.01587301587302
5634	0.984126984126984
5635	0.764550264550264
5636	0.764550264550264
5637	0.582010582010582
5638	0.473544973544974
5639	0.468253968253968
5640	0.505291005291004
5641	0.542328042328042
5642	0.325396825396825
5643	0.105820105820106
5644	0.211640211640212
5645	0.174603174603175
5646	0.0661375661375665
5647	-0.00264550264550278
5648	-0.145502645502646
5649	-0.0740740740740744
5650	-0.00264550264550278
5651	-0.0423280423280423
5652	-0.00793650793650791
5653	-0.153439153439154
5654	-0.00793650793650791
5655	0.100529100529101
5656	0.0634920634920637
5657	-0.190476190476191
5658	-0.190476190476191
5659	-0.0873015873015879
5660	0.126984126984127
5661	-0.0185185185185186
5662	0.232804232804232
5663	0.484126984126984
5664	0.595238095238095
5665	0.595238095238095
5666	0.486772486772487
5667	0.56084656084656
5668	0.637566137566138
5669	0.605820105820106
5670	0.608465608465608
5671	0.682539682539682
5672	0.497354497354497
5673	0.605820105820106
5674	0.574074074074074
5675	0.539682539682539
5676	0.362433862433862
5677	0.185185185185185
5678	0.293650793650794
5679	0.148148148148148
5680	0.0423280423280421
5681	0.116402116402116
5682	0.0476190476190477
5683	0.0476190476190477
5684	-0.0608465608465607
5685	-0.349206349206349
5686	-0.275132275132275
5687	-0.706349206349207
5688	-1.1031746031746
5689	-1.17460317460317
5690	-1.43386243386243
5691	-1.58201058201058
5692	-1.51058201058201
5693	-1.36507936507937
5694	-1.55026455026455
5695	-1.55291005291005
5696	-1.52116402116402
5697	-1.51851851851852
5698	-1.66402116402116
5699	-1.55820105820106
5700	-1.66931216931217
5701	-1.70634920634921
5702	-1.67195767195767
5703	-1.63492063492064
5704	-1.63227513227513
5705	-1.41534391534392
5706	-1.52645502645503
5707	-1.27777777777778
5708	-1.24074074074074
5709	-1.16402116402116
5710	-1.01587301587302
5711	-0.947089947089947
5712	-0.838624338624339
5713	-0.767195767195767
5714	-0.94973544973545
5715	-0.804232804232804
5716	-0.69047619047619
5717	-0.835978835978836
5718	-0.912698412698413
5719	-0.735449735449736
5720	-0.772486772486773
5721	-0.624338624338625
5722	-0.515873015873016
5723	-0.298941798941799
5724	-0.447089947089947
5725	-0.375661375661376
5726	-0.158730158730159
5727	-0.193121693121693
5728	-0.0846560846560847
5729	-0.158730158730159
5730	-0.375661375661376
5731	-0.23015873015873
5732	-0.407407407407407
5733	-0.478835978835979
5734	-0.552910052910053
5735	-0.478835978835979
5736	-0.693121693121693
5737	-0.584656084656085
5738	-0.698412698412699
5739	-0.484126984126984
5740	-0.447089947089947
5741	-0.486772486772487
5742	-0.267195767195767
5743	-0.264550264550265
5744	-0.185185185185185
5745	-0.148148148148148
5746	-0.328042328042328
5747	-0.436507936507937
5748	-0.69047619047619
5749	-0.650793650793651
5750	-0.724867724867725
5751	-0.904761904761905
5752	-0.907407407407407
5753	-0.981481481481482
5754	-0.727513227513228
5755	-0.727513227513228
5756	-0.43915343915344
5757	-0.399470899470899
5758	-0.365079365079365
5759	-0.436507936507937
5760	-0.513227513227514
5761	-0.476190476190476
5762	-0.693121693121693
5763	-0.613756613756614
5764	-0.716931216931217
5765	-0.788359788359789
5766	-0.67989417989418
5767	-0.825396825396826
5768	-0.85978835978836
5769	-0.931216931216931
5770	-1.03968253968254
5771	-1.07671957671958
5772	-1.00793650793651
5773	-1.04761904761905
5774	-1.12169312169312
5775	-0.830687830687831
5776	-0.833333333333333
5777	-0.830687830687831
5778	-0.719576719576719
5779	-0.791005291005291
5780	-0.753968253968254
5781	-0.970899470899471
5782	-1.04497354497355
5783	-1.11640211640212
5784	-0.970899470899471
5785	-0.85978835978836
5786	-0.788359788359789
5787	-0.751322751322752
5788	-0.642857142857143
5789	-0.357142857142857
5790	-0.208994708994709
5791	-0.277777777777778
5792	-0.354497354497355
5793	-0.32010582010582
5794	-0.32010582010582
5795	-0.246031746031746
5796	-0.32010582010582
5797	-0.0291005291005291
5798	0.19047619047619
5799	0.119047619047619
5800	0.0476190476190477
5801	0.23015873015873
5802	0.224867724867725
5803	-0.0291005291005291
5804	-0.137566137566138
5805	-0.1005291005291
5806	-0.206349206349207
5807	-0.0978835978835977
5808	0.0476190476190477
5809	0.0105820105820107
5810	-0.1005291005291
5811	-0.0634920634920635
5812	0.153439153439153
5813	0.0793650793650791
5814	0.00793650793650791
5815	0.0423280423280421
5816	0.00529100529100468
5817	0.19047619047619
5818	0.19047619047619
5819	0.227513227513227
5820	0.227513227513227
5821	0.41005291005291
5822	0.158730158730159
5823	0.161375661375661
5824	0.306878306878307
5825	0.126984126984127
5826	0.0873015873015874
5827	0.0925925925925923
5828	0.12962962962963
5829	0.164021164021164
5830	0.232804232804233
5831	0.232804232804233
5832	-0.0238095238095237
5833	-0.132275132275132
5834	-0.277777777777778
5835	-0.0238095238095237
5836	-0.169312169312169
5837	-0.386243386243386
5838	-0.383597883597884
5839	-0.383597883597884
5840	-0.383597883597884
5841	-0.277777777777778
5842	-0.243386243386243
5843	-0.388888888888889
5844	-0.391534391534392
5845	-0.32010582010582
5846	-0.428571428571429
5847	-0.5
5848	-0.719576719576719
5849	-0.756613756613757
5850	-0.830687830687831
5851	-0.8994708994709
5852	-0.973544973544974
5853	-0.793650793650794
5854	-0.791005291005291
5855	-0.896825396825397
5856	-0.716931216931217
5857	-0.425925925925926
5858	-0.354497354497355
5859	-0.246031746031746
5860	-0.280423280423281
5861	-0.169312169312169
5862	-0.0952380952380953
5863	-0.0952380952380953
5864	-0.30952380952381
5865	-0.272486772486773
5866	-0.341269841269841
5867	-0.521164021164021
5868	-0.338624338624339
5869	-0.301587301587302
5870	-0.373015873015873
5871	-0.261904761904762
5872	-0.224867724867725
5873	-0.076719576719577
5874	0.0343915343915342
5875	0.145502645502645
5876	0.111111111111111
5877	0.148148148148148
5878	0.0423280423280424
5879	0.150793650793651
5880	0.187830687830688
5881	0.0793650793650794
5882	0.0105820105820105
5888	-0.214285714285714
5889	-0.328042328042328
5890	-0.436507936507937
5891	-0.3994708994709
5892	-0.253968253968254
5893	-0.216931216931217
5894	-0.182539682539683
5895	-0.148148148148148
5896	-0.185185185185185
5897	-0.113756613756614
5898	-0.150793650793651
5899	-0.150793650793651
5900	-0.153439153439153
5901	-0.23015873015873
5902	-0.0502645502645507
5903	0.126984126984127
5904	0.0476190476190477
5905	0.0105820105820107
5906	-0.1005291005291
5907	-0.103174603174603
5908	-0.214285714285714
5909	-0.14021164021164
5910	-0.211640211640212
5911	-0.134920634920635
5912	-0.0264550264550263
5913	-0.171957671957672
5914	-0.0582010582010581
5915	0.0132275132275135
5916	0.0132275132275135
5917	-0.0952380952380953
5918	-0.277777777777778
5919	-0.494708994708995
5920	-0.603174603174603
5921	-0.388888888888889
5922	-0.351851851851852
5923	-0.351851851851852
5924	-0.425925925925926
5925	-0.351851851851852
5926	-0.275132275132275
5927	-0.383597883597884
5928	-0.560846560846561
5929	-0.592592592592593
5930	-0.595238095238095
5931	-0.341269841269841
5932	-0.341269841269841
5933	-0.052910052910053
5934	-0.124338624338625
5935	-0.0925925925925926
5936	-0.132275132275132
5937	-0.12962962962963
5938	-0.0555555555555556
5939	0.124338624338624
5940	0.0873015873015874
5941	0.0846560846560849
5942	0.156084656084656
5943	0.193121693121693
5944	0.304232804232804
5945	0.412698412698412
5946	0.23015873015873
5947	0.0476190476190477
5948	0.19047619047619
5949	0.193121693121693
5950	0.0846560846560849
5951	0.0846560846560849
5952	0.158730158730159
5953	0.119047619047619
5954	0.121693121693122
5955	0.23015873015873
5956	0.195767195767196
5957	0.124338624338624
5958	-0.201058201058201
5959	-0.164021164021164
5960	-0.015873015873016
5961	0.238095238095238
5962	0.30952380952381
5963	0.343915343915344
5964	0.201058201058201
5965	0.166666666666667
5966	0.132275132275132
5967	0.203703703703704
5968	0.275132275132275
5969	0.380952380952381
5970	0.30952380952381
5971	0.314814814814815
5972	0.531746031746032
5973	0.46031746031746
5974	0.494708994708995
5975	0.494708994708995
5976	0.494708994708995
5977	0.30952380952381
5978	0.455026455026455
5979	0.26984126984127
5980	0.164021164021164
5981	0.0211640211640209
5982	-0.015873015873016
5983	0.126984126984127
5984	0.161375661375661
5985	0.0158730158730158
5986	-0.235449735449736
5987	-0.383597883597884
5988	-0.526455026455027
5989	-0.312169312169312
5990	-0.312169312169312
5991	-0.314814814814815
5992	-0.605820105820106
5993	-0.568783068783069
5994	-0.711640211640212
5995	-0.64021164021164
5996	-0.677248677248677
5997	-0.822751322751323
5998	-0.894179894179894
5999	-0.85978835978836
6000	-0.788359788359789
6001	-0.716931216931217
6002	-0.677248677248677
6003	-0.894179894179894
6004	-0.637566137566138
6005	-0.600529100529101
6006	-0.637566137566138
6007	-0.563492063492064
6008	-0.595238095238095
6009	-0.62962962962963
6010	-0.518518518518519
6011	-0.481481481481482
6012	-0.441798941798942
6013	-0.37037037037037
6014	-0.621693121693122
6015	-0.584656084656085
6016	-0.73015873015873
6017	-0.365079365079365
6018	-0.515873015873016
6019	-0.592592592592593
6020	-0.484126984126984
6021	-0.447089947089947
6022	-0.637566137566138
6023	-0.822751322751323
6024	-0.894179894179894
6025	-1.04232804232804
6026	-1.37301587301587
6027	-1.52116402116402
6028	-1.82010582010582
6029	-1.67989417989418
6030	-1.65079365079365
6031	-1.73015873015873
6032	-1.76719576719577
6033	-1.76719576719577
6034	-1.6957671957672
6035	-1.76719576719577
6036	-1.76719576719577
6037	-1.76719576719577
6038	-1.8015873015873
6039	-1.76455026455026
6040	-1.76455026455026
6041	-1.57936507936508
6042	-1.72222222222222
6043	-1.60582010582011
6044	-1.45502645502645
6045	-1.56084656084656
6046	-1.56084656084656
6047	-1.33068783068783
6048	-1.10846560846561
6049	-1.10582010582011
6050	-0.955026455026455
6051	-0.621693121693122
6052	-0.436507936507937
6053	-0.0264550264550265
