12	0.0342857142857143
13	-0.00571428571428567
14	-0.0857142857142857
15	-0.165714285714286
16	-0.154285714285714
17	-0.102857142857143
18	-0.111428571428571
19	-0.0685714285714287
20	-0.0571428571428569
21	0.0457142857142858
22	0.168571428571429
23	0.342857142857143
24	0.588571428571428
25	0.957142857142857
26	1.12
27	1.19142857142857
28	1.25428571428571
29	1.20285714285714
30	1.56
31	1.65142857142857
32	1.77428571428571
33	1.90571428571429
34	2.31142857142857
35	2.72
36	2.86285714285714
37	2.93428571428571
38	3.12857142857143
39	3.29142857142857
40	3.31142857142857
41	3.38285714285714
42	3.29142857142857
43	3.43428571428571
44	3.42285714285714
45	3.47428571428571
46	3.41428571428571
47	3.28285714285714
48	3.21142857142857
49	3.06857142857143
50	2.87428571428571
51	2.96857142857143
52	2.93714285714286
53	2.94571428571429
54	3.08857142857143
55	2.73142857142857
56	2.68
57	2.64
58	2.52857142857143
59	2.18285714285714
60	1.80571428571429
61	1.75428571428571
62	1.73428571428571
63	1.59142857142857
64	1.59142857142857
65	1.63142857142857
66	1.62
67	1.66
68	1.30571428571429
69	1.15428571428571
70	1.04285714285714
71	0.94
72	1.14285714285714
73	1.28571428571429
74	0.991428571428572
75	0.831428571428572
76	0.717142857142857
77	0.534285714285714
78	0.525714285714286
79	0.494285714285714
80	0.505714285714286
81	0.577142857142857
82	0.422857142857143
83	0.462857142857143
84	0.402857142857143
85	0.391428571428572
86	0.3
87	0.454285714285715
88	0.525714285714286
89	0.405714285714286
90	0.56
91	0.428571428571429
92	0.408571428571429
93	0.608571428571429
94	0.791428571428571
95	0.811428571428572
96	0.954285714285715
97	0.68
98	0.374285714285714
99	0.474285714285714
100	0.594285714285715
101	0.534285714285714
102	0.474285714285714
103	0.38
104	0.391428571428572
105	0.328571428571429
106	0.471428571428572
107	0.371428571428571
108	0.382857142857143
109	0.534285714285714
110	0.462857142857143
111	0.482857142857143
112	0.237142857142857
113	0.165714285714286
114	0.122857142857143
115	0.111428571428572
116	0.222857142857143
117	0.345714285714286
118	0.317142857142857
119	0.297142857142857
120	0.308571428571429
121	0.257142857142857
122	0.348571428571429
123	0.451428571428572
124	0.614285714285714
125	0.442857142857143
126	0.391428571428572
127	0.411428571428572
128	0.637142857142857
129	0.628571428571429
130	0.508571428571429
131	0.58
132	0.742857142857143
133	0.54
134	0.348571428571429
135	0.368571428571429
136	0.328571428571429
137	0.328571428571429
138	0.257142857142857
139	0.502857142857143
140	0.594285714285714
141	0.482857142857143
142	0.34
143	0.42
144	0.277142857142857
145	0.265714285714286
146	0.225714285714286
147	0.174285714285714
148	0.0714285714285716
149	-0.162857142857143
150	-0.0428571428571429
151	-0.0342857142857143
152	0.0571428571428572
153	-0.014285714285714
154	-0.077142857142857
155	0.114285714285714
156	-0.0600000000000003
157	-0.222857142857143
158	-0.0628571428571429
159	0.0971428571428572
160	0.0571428571428572
161	0.0771428571428574
162	0.0257142857142858
163	0.137142857142857
164	0.0228571428571431
165	-0.251428571428572
166	-0.0571428571428569
167	-0.0457142857142856
168	-0.177142857142857
169	0.0457142857142858
170	0.0971428571428572
171	-0.0142857142857142
172	-0.00285714285714289
173	0.0171428571428569
174	-0.0628571428571429
175	-0.111428571428571
176	-0.0885714285714283
177	-0.16
178	-0.0285714285714285
179	0.134285714285714
180	0.00285714285714289
181	0.00285714285714289
182	0.265714285714286
183	0.42
184	0.462857142857143
185	0.554285714285714
186	0.717142857142857
187	0.717142857142857
188	0.728571428571429
189	0.548571428571429
190	0.702857142857143
191	0.885714285714286
192	0.854285714285714
193	1.00571428571429
194	0.842857142857143
195	1.02571428571429
196	1.12571428571429
197	1.34857142857143
198	1.36
199	1.72571428571429
200	1.72571428571429
201	1.76571428571429
202	1.90857142857143
203	1.61428571428571
204	1.63428571428571
205	1.54285714285714
206	1.37428571428571
207	1.11142857142857
208	0.817142857142857
209	0.857142857142857
210	0.837142857142857
211	1.08285714285714
212	1.42
213	1.29714285714286
214	1.49714285714286
215	1.61714285714286
216	1.43428571428571
217	1.46571428571429
218	1.62
219	1.81428571428571
220	1.56857142857143
221	1.76285714285714
222	1.56
223	1.54
224	1.37714285714286
225	1.34571428571429
226	1.27428571428571
227	1.34571428571429
228	1.33428571428571
229	1.29428571428571
230	1.45714285714286
231	1.59714285714286
232	1.85142857142857
233	2.09428571428571
234	2.15428571428571
235	2.19428571428571
236	1.70571428571429
237	1.60285714285714
238	1.50285714285714
239	1.55714285714286
240	1.44571428571429
241	1.37428571428571
242	1.52571428571429
243	1.35142857142857
244	1.41142857142857
245	1.46285714285714
246	1.28857142857143
247	1.21714285714286
248	1.24571428571429
249	1.12285714285714
250	1.35714285714286
251	1.42857142857143
252	1.25428571428571
253	1.23428571428571
254	1.25428571428571
255	1.22285714285714
256	1.23142857142857
257	1.22
258	1.18
259	0.997142857142857
260	0.865714285714286
261	0.988571428571429
262	0.877142857142857
263	1.21142857142857
264	1.08571428571429
265	0.922857142857143
266	0.831428571428572
267	1.07714285714286
268	1.2
269	1.06857142857143
270	1.09142857142857
271	1.09142857142857
272	1.25428571428571
273	1.44857142857143
274	1.49142857142857
275	1.46
276	1.36857142857143
277	1.45142857142857
278	1.57428571428571
279	1.32
280	1.51428571428571
281	1.44285714285714
282	1.31142857142857
283	1.37142857142857
284	1.48285714285714
285	1.61428571428571
286	1.73428571428571
287	1.81428571428571
288	1.75428571428571
289	1.85714285714286
290	2.08285714285714
291	2.11142857142857
292	1.71428571428571
293	1.54
294	1.45714285714286
295	1.62857142857143
296	1.79142857142857
297	1.68857142857143
298	1.47428571428571
299	1.45142857142857
300	1.34857142857143
301	1.38857142857143
302	1.32571428571429
303	1.22285714285714
304	1.22285714285714
305	1.17142857142857
306	1.38571428571429
307	1.80285714285714
308	1.67142857142857
309	1.68285714285714
310	1.75428571428571
311	1.69428571428571
312	1.58285714285714
313	1.54
314	1.55142857142857
315	1.46857142857143
316	1.75428571428571
317	1.77428571428571
318	2.18285714285714
319	2.38857142857143
320	2.38857142857143
321	2.42
322	2.47142857142857
323	2.68571428571429
324	2.97142857142857
325	3.14571428571429
326	3.49142857142857
327	3.50285714285714
328	3.86
329	4.04285714285714
330	3.9
331	3.66571428571429
332	3.80857142857143
333	3.78857142857143
334	3.97142857142857
335	3.86
336	4.01142857142857
337	4.03142857142857
338	4.06285714285714
339	3.9
340	3.84857142857143
341	3.63714285714286
342	3.60571428571429
343	3.34
344	3.16571428571429
345	3.02285714285714
346	3.05428571428571
347	3.19714285714286
348	3.14571428571429
349	2.98285714285714
350	3.18571428571429
351	2.82
352	2.98285714285714
353	2.60571428571429
354	2.45428571428571
355	2.45714285714286
356	2.58
357	2.14285714285714
358	2.38571428571429
359	2.02
360	1.94857142857143
361	1.86
362	1.98571428571429
363	1.91428571428571
364	2.33142857142857
365	2.35142857142857
366	2.60571428571429
367	2.84
368	3.07428571428571
369	3.10571428571429
370	3.36
371	3.12571428571429
372	3.15714285714286
373	3.07714285714286
374	3.10857142857143
375	2.70285714285714
376	2.79428571428571
377	2.59142857142857
378	2.75714285714286
379	2.75714285714286
380	3.16285714285714
381	3.14285714285714
382	3.10285714285714
383	3.43142857142857
384	3.56285714285714
385	3.72571428571429
386	3.54
387	3.32285714285714
388	3.64857142857143
389	3.43428571428571
390	3.50571428571429
391	3.47428571428571
392	3.2
393	3.12
394	3.22285714285714
395	2.96857142857143
396	3.47714285714286
397	3.39428571428571
398	3.59714285714286
399	3.74857142857143
400	3.98285714285714
401	3.95142857142857
402	3.95142857142857
403	3.90857142857143
404	4.25428571428571
405	4.01142857142857
406	3.96
407	4.15142857142857
408	3.76285714285714
409	3.61142857142857
410	3.44
411	3.52285714285714
412	3.62571428571429
413	3.44285714285714
414	3.32
415	3.24857142857143
416	3.04571428571429
417	3.42285714285714
418	3.22857142857143
419	3.07428571428571
420	3.11428571428571
421	2.57428571428571
422	2.76857142857143
423	2.80857142857143
424	2.47428571428571
425	2.3
426	2.42285714285714
427	2.57428571428571
428	2.47142857142857
429	2.13428571428571
430	2.06
431	2.21142857142857
432	1.95714285714286
433	1.95714285714286
434	1.88571428571429
435	2.12857142857143
436	2.27142857142857
437	2.43428571428571
438	2.55714285714286
439	2.49714285714286
440	2.6
441	2.62
442	2.67142857142857
443	2.91714285714286
444	2.92857142857143
445	2.81714285714286
446	3.15428571428571
447	2.86
448	2.65714285714286
449	2.66571428571429
450	2.53428571428571
451	2.31142857142857
452	2.22
453	2.35428571428571
454	2.71142857142857
455	2.77428571428571
456	2.76571428571429
457	2.92857142857143
458	2.81714285714286
459	2.92857142857143
460	3.05142857142857
461	2.89714285714286
462	2.70285714285714
463	2.58
464	2.65142857142857
465	2.72285714285714
466	2.76285714285714
467	2.38571428571429
468	2.08
469	2.01714285714286
470	2.14
471	2.08857142857143
472	1.94571428571429
473	1.90571428571429
474	2.08
475	2.24285714285714
476	2.60857142857143
477	2.65142857142857
478	2.76285714285714
479	2.42571428571429
480	2.48571428571429
481	2.24285714285714
482	2.08
483	2.12
484	2.12
485	2.04857142857143
486	2.08
487	2.08
488	1.82571428571429
489	1.73428571428571
490	1.56
491	1.39714285714286
492	1.34571428571429
493	1.35428571428571
494	1.40571428571429
495	1.19142857142857
496	0.925714285714286
497	1.22
498	0.977142857142857
499	0.834285714285714
500	0.894285714285714
501	0.628571428571429
502	0.505714285714286
503	0.22
504	0.342857142857143
505	0.271428571428572
506	0.422857142857143
507	0.554285714285714
508	0.442857142857143
509	0.351428571428572
510	0.0857142857142859
511	0.0228571428571431
512	0.0657142857142861
513	0.0657142857142861
514	0.165714285714286
515	0.0542857142857145
516	-0.0171428571428569
517	0.00285714285714289
518	-0.0371428571428569
519	0.0942857142857145
520	0.134285714285714
521	0.0742857142857143
522	-0.0885714285714283
523	-0.0485714285714283
524	-0.0485714285714283
525	-0.22
526	-0.105714285714286
527	-0.014285714285714
528	0.0371428571428569
529	-0.0428571428571429
530	-0.165714285714286
531	-0.197142857142857
532	-0.348571428571429
533	-0.237142857142857
534	-0.125714285714286
535	0.0371428571428569
536	-0.00285714285714289
537	0.0657142857142861
538	0.045714285714286
539	-0.105714285714286
540	-0.054285714285714
541	0.0171428571428571
542	-0.0228571428571429
543	-0.054285714285714
544	-0.277142857142857
545	-0.174285714285714
546	-0.122857142857143
547	-0.214285714285714
548	-0.0942857142857141
549	-0.00285714285714289
550	0.2
551	-0.0257142857142856
552	-0.0371428571428569
553	0.0542857142857145
554	0.0228571428571431
555	0.00285714285714289
556	0.00285714285714289
557	0.0628571428571429
558	-0.02
559	-0.0314285714285714
560	0.0600000000000001
561	0.242857142857143
562	0.131428571428572
563	0.314285714285715
564	0.354285714285714
565	0.537142857142857
566	0.537142857142857
567	0.637142857142857
568	0.608571428571429
569	0.628571428571429
570	0.577142857142857
571	0.557142857142857
572	0.568571428571429
573	0.711428571428572
574	0.588571428571428
575	0.465714285714286
576	0.557142857142857
577	0.497142857142857
578	0.588571428571428
579	0.822857142857143
580	0.742857142857143
581	0.651428571428571
582	0.611428571428572
583	0.614285714285714
584	0.554285714285714
585	0.374285714285714
586	0.274285714285714
587	0.297142857142857
588	0.0742857142857143
589	-0.0342857142857143
590	-0.308571428571429
591	-0.328571428571428
592	-0.297142857142857
593	-0.217142857142858
594	-0.165714285714286
595	-0.245714285714286
596	-0.257142857142857
597	-0.137142857142857
598	-0.36
599	-0.44
600	-0.531428571428572
601	-0.651428571428571
602	-0.682857142857143
603	-0.897142857142857
604	-0.928571428571428
605	-0.837142857142857
606	-0.714285714285714
607	-0.662857142857143
608	-0.602857142857143
609	-0.602857142857143
610	-0.605714285714286
611	-0.708571428571429
612	-0.842857142857143
613	-0.731428571428572
614	-0.488571428571428
615	-0.325714285714286
616	-0.162857142857143
617	-0.234285714285714
618	-0.405714285714286
619	-0.445714285714286
620	-0.437142857142857
621	-0.385714285714286
622	-0.322857142857143
623	-0.242857142857143
624	-0.131428571428571
625	0.0114285714285716
626	0.437142857142857
627	0.568571428571429
628	0.6
629	0.457142857142857
630	0.548571428571429
631	0.7
632	0.751428571428571
633	0.811428571428572
634	1.01428571428571
635	1.00571428571429
636	1.38285714285714
637	1.65714285714286
638	1.61714285714286
639	1.40285714285714
640	1.2
641	1.14857142857143
642	1.14857142857143
643	1.18857142857143
644	1.26857142857143
645	1.33142857142857
646	1.34
647	1.14571428571429
648	1.14571428571429
649	1.11428571428571
650	1.13428571428571
651	0.777142857142857
652	0.697142857142857
653	0.705714285714286
654	0.654285714285714
655	0.511428571428571
656	0.237142857142857
657	0.174285714285715
658	0.0428571428571429
659	-0.2
660	-0.342857142857143
661	-0.66
662	-0.811428571428571
663	-0.802857142857143
664	-0.671428571428571
665	-0.571428571428571
666	-0.602857142857143
667	-0.225714285714286
668	-0.165714285714286
669	-0.114285714285714
670	0.0571428571428572
671	0.0371428571428571
672	0.0571428571428572
673	0.374285714285714
674	0.394285714285714
675	0.282857142857143
676	0.222857142857143
677	0.111428571428572
678	0.0628571428571429
679	0.0342857142857145
680	0.0142857142857142
681	0.0742857142857143
682	0.0742857142857143
683	0.0828571428571427
684	0.102857142857143
685	0.325714285714286
686	0.337142857142857
687	0.294285714285714
688	0.325714285714286
689	0.254285714285714
690	0.274285714285714
691	0.202857142857143
692	-0.142857142857143
693	-0.122857142857143
694	-0.194285714285714
695	-0.428571428571429
696	-0.305714285714286
697	-0.314285714285714
698	-0.651428571428571
699	-0.671428571428571
700	-0.62
701	-0.6
702	-0.5
703	-0.471428571428571
704	-0.482857142857143
705	-0.351428571428571
706	-0.32
707	-0.36
708	-0.4
709	-0.177142857142857
710	-0.268571428571429
711	-0.34
712	-0.44
713	-0.38
714	-0.288571428571429
715	-0.328571428571429
716	-0.408571428571429
717	-0.488571428571429
718	-0.417142857142857
719	-0.568571428571429
720	-0.425714285714286
721	-0.548571428571428
722	-0.408571428571429
723	-0.205714285714286
724	-0.194285714285714
725	-0.185714285714285
726	-0.134285714285714
727	-0.0428571428571427
728	0.1
729	0.282857142857143
730	0.191428571428572
731	0.365714285714286
732	0.274285714285714
733	0.305714285714286
734	0.214285714285714
735	0.274285714285714
736	0.345714285714286
737	0.528571428571429
738	0.457142857142857
739	0.405714285714286
740	0.517142857142857
741	0.628571428571429
742	0.84
743	0.788571428571428
744	0.9
745	0.797142857142857
746	0.808571428571429
747	0.891428571428571
748	0.688571428571429
749	0.657142857142857
750	0.565714285714286
751	0.931428571428571
752	0.8
753	0.637142857142857
754	0.425714285714286
755	0.477142857142857
756	0.231428571428571
757	0.291428571428572
758	0.26
759	0.1
760	0.04
761	0.151428571428571
762	0.04
763	0.162857142857143
764	0.205714285714286
765	0.225714285714286
766	0.205714285714286
767	0.145714285714286
768	0.125714285714286
769	0.145714285714286
770	0.145714285714286
771	0.114285714285714
772	-0.00857142857142845
773	0.102857142857143
774	0.142857142857143
775	0.0828571428571427
776	-0.282857142857143
777	-0.302857142857143
778	-0.322857142857143
779	-0.202857142857143
780	-0.254285714285714
781	-0.151428571428571
782	-0.151428571428571
783	-0.211428571428572
784	-0.122857142857143
785	-0.102857142857143
786	-0.245714285714286
787	-0.205714285714286
788	-0.328571428571429
789	-0.411428571428572
790	-0.531428571428571
791	-0.471428571428571
792	-0.614285714285714
793	-0.582857142857143
794	-0.654285714285714
795	-0.674285714285714
796	-0.634285714285714
797	-0.685714285714286
805	-0.705714285714286
810	-0.745714285714286
811	-0.705714285714286
813	-0.605714285714286
814	-0.525714285714286
822	-0.585714285714286
823	-0.545714285714286
824	-0.525714285714286
825	-0.474285714285714
826	-0.454285714285714
827	-0.354285714285714
828	-0.405714285714286
830	-0.194285714285714
831	-0.154285714285714
832	-0.154285714285714
833	-0.134285714285714
834	-0.114285714285714
835	-0.0657142857142858
836	-0.0857142857142857
837	-0.0857142857142857
839	-0.245714285714286
840	-0.225714285714286
841	-0.165714285714286
842	-0.0857142857142857
955	-0.325714285714286
956	-0.365714285714286
957	-0.405714285714286
958	-0.385714285714286
959	-0.405714285714286
960	-0.405714285714286
961	-0.345714285714286
962	-0.274285714285714
963	-0.274285714285714
964	-0.242857142857143
965	-0.222857142857143
966	-0.0999999999999999
967	-0.0685714285714287
968	-0.0285714285714285
969	-0.12
970	-0.0485714285714285
971	-0.22
972	-0.271428571428571
973	-0.291428571428571
974	-0.22
975	-0.414285714285714
976	-0.445714285714286
977	-0.405714285714286
978	-0.305714285714286
979	-0.265714285714286
981	-0.214285714285714
982	-0.334285714285714
983	-0.354285714285714
984	-0.151428571428571
985	-0.191428571428571
986	-0.18
987	-0.148571428571429
988	-0.077142857142857
989	-0.108571428571429
990	-0.22
991	-0.302857142857143
992	-0.314285714285714
993	-0.354285714285714
994	-0.231428571428572
995	-0.282857142857143
996	-0.162857142857143
997	-0.222857142857143
998	-0.242857142857143
999	-0.425714285714286
1000	-0.445714285714286
1001	-0.465714285714286
1002	-0.394285714285714
1003	-0.24
1004	-0.24
1005	-0.157142857142857
1006	-0.3
1007	-0.18
1008	-0.12
1009	-0.282857142857143
1010	-0.262857142857143
1011	-0.151428571428571
1012	-0.151428571428571
1013	-0.222857142857143
1014	-0.222857142857143
1015	-0.182857142857143
1016	-0.131428571428571
1017	-0.0685714285714287
1018	-0.0285714285714285
1019	-0.04
1020	-0.02
1021	0.0714285714285714
1022	0.151428571428571
1023	0.294285714285714
1024	0.305714285714286
1025	0.317142857142857
1026	0.257142857142857
1027	0.197142857142857
1028	0.0228571428571431
1029	0.00285714285714289
1030	0.0114285714285713
1031	-0.00857142857142867
1032	0.0228571428571431
1033	0.0228571428571431
1034	0.0428571428571431
1035	0.0628571428571429
1036	-0.0685714285714287
1037	-0.251428571428572
1038	-0.231428571428572
1039	-0.108571428571429
1040	-0.0371428571428571
1041	-0.108571428571429
1042	-0.211428571428572
1043	-0.22
1044	-0.351428571428571
1045	-0.32
1046	-0.36
1047	-0.38
1048	-0.482857142857143
1049	-0.462857142857143
1050	-0.442857142857143
1051	-0.402857142857143
1052	-0.374285714285714
1053	-0.374285714285714
1054	-0.374285714285714
1055	-0.425714285714286
1056	-0.385714285714286
1059	-0.485714285714286
1060	-0.485714285714286
1061	-0.445714285714286
1062	-0.314285714285714
1063	-0.222857142857143
1064	-0.365714285714286
1065	-0.405714285714286
1066	-0.385714285714286
1067	-0.345714285714286
1079	-0.0657142857142858
1080	-0.0142857142857142
1081	0.00571428571428567
1082	0.0457142857142857
1083	0.157142857142857
1084	0.217142857142857
1085	0.257142857142857
1086	0.185714285714286
1087	0.205714285714286
1088	0.134285714285714
1089	0.154285714285714
1090	0.214285714285714
1091	0.234285714285714
1092	0.214285714285714
1093	0.214285714285714
1094	0.294285714285714
1095	0.314285714285714
1096	0.294285714285714
1097	0.294285714285714
1142	0.0742857142857144
1143	0.165714285714286
1144	0.308571428571429
1145	0.308571428571429
1146	0.308571428571429
1147	0.288571428571429
1148	0.125714285714286
1149	0.0457142857142857
1150	0.0457142857142857
1151	0.0257142857142858
1152	0.0257142857142858
1153	0.0257142857142858
1154	0.0257142857142858
1155	-0.0857142857142857
1156	-0.0542857142857142
1157	-0.0742857142857142
1158	-0.0742857142857142
1159	-0.0742857142857142
1160	-0.114285714285714
1161	-0.154285714285714
1162	-0.265714285714286
1163	-0.305714285714286
1164	-0.134285714285714
1165	-0.0942857142857141
1172	-0.405714285714286
1173	-0.222857142857143
1174	-0.182857142857143
1175	-0.294285714285714
1176	-0.151428571428571
1177	-0.231428571428572
1178	-0.22
1179	-0.128571428571429
1180	-0.128571428571429
1181	-0.148571428571429
1182	-0.22
1183	-0.108571428571429
1184	-0.0257142857142856
1185	0.0142857142857145
1186	-0.00571428571428556
1187	0.105714285714286
1188	0.257142857142857
1189	0.105714285714286
1190	0.0857142857142859
1191	0.157142857142857
1192	0.177142857142857
1193	0.228571428571429
1194	0.248571428571428
1195	0.237142857142857
1196	0.237142857142857
1197	0.165714285714286
1198	-0.0171428571428571
1199	-0.0371428571428571
1200	-0.0371428571428571
1201	-0.16
1202	0.0114285714285713
1203	0.02
1204	-0.182857142857143
1205	-0.111428571428571
1206	-0.182857142857143
1207	-0.0514285714285714
1208	-0.162857142857143
1209	-0.174285714285714
1210	-0.0714285714285714
1211	-0.111428571428571
1212	-0.162857142857143
1213	-0.254285714285714
1214	-0.214285714285714
1215	-0.194285714285714
1216	-0.265714285714286
1217	-0.265714285714286
1281	-0.234285714285714
1282	-0.194285714285714
1283	-0.154285714285714
1284	-0.134285714285714
1285	-0.0742857142857142
1286	-0.0342857142857143
1290	-0.0857142857142857
1291	-0.0857142857142857
1292	-0.0657142857142858
1335	0.154285714285714
1336	0.194285714285714
1337	0.225714285714286
1338	0.225714285714286
1339	0.265714285714286
1340	0.348571428571429
1341	0.205714285714286
1342	0.205714285714286
1343	0.165714285714286
1344	0.0657142857142858
1345	0.177142857142857
1346	0.3
1347	0.351428571428571
1348	0.494285714285714
1349	0.442857142857143
1350	0.411428571428571
1351	0.514285714285714
1352	0.311428571428571
1353	0.331428571428571
1354	0.331428571428571
1355	0.351428571428571
1356	0.351428571428571
1357	0.391428571428571
1358	0.442857142857143
1359	0.402857142857143
1360	0.402857142857143
1361	0.271428571428571
1362	0.16
1363	0.16
1364	0.1
1365	-0.0228571428571427
1366	-0.0628571428571428
1367	-0.0314285714285715
1368	0.02
1369	0.131428571428571
1370	-0.102857142857143
1371	-0.265714285714286
1372	-0.265714285714286
1374	-0.265714285714286
1375	-0.294285714285714
1378	-0.265714285714286
1379	-0.265714285714286
1380	-0.214285714285714
1381	-0.214285714285714
1382	-0.274285714285714
1383	-0.131428571428571
1384	-0.0800000000000001
1385	-0.231428571428572
1386	-0.171428571428571
1387	-0.151428571428571
1388	-0.0800000000000001
1389	-0.02
1390	-0.0800000000000001
1391	-0.0600000000000001
1392	-0.111428571428571
1393	-0.162857142857143
1394	-0.214285714285714
1395	-0.202857142857143
1396	-0.111428571428571
1397	-0.131428571428571
1398	-0.111428571428571
1399	-0.254285714285714
1400	-0.245714285714286
1401	-0.265714285714286
1402	-0.182857142857143
1403	-0.222857142857143
1404	-0.111428571428571
1405	-0.142857142857143
1406	-0.122857142857143
1407	-0.0314285714285715
1408	-0.225714285714286
1414	-0.325714285714286
1415	-0.305714285714286
1416	-0.365714285714286
1417	-0.365714285714286
1418	-0.345714285714286
1419	-0.294285714285714
1420	-0.234285714285714
1421	-0.385714285714286
1424	-0.425714285714286
1425	-0.425714285714286
1426	-0.354285714285714
1433	-0.405714285714286
1434	-0.465714285714286
1435	-0.251428571428572
1436	-0.191428571428571
1437	-0.0800000000000001
1438	-0.0514285714285714
1439	-0.0628571428571428
1440	-0.0428571428571428
1441	0.108571428571429
1442	0.0885714285714286
1443	0.0285714285714286
1444	-0.0228571428571427
1445	-0.0628571428571428
1446	0.0685714285714286
1447	0.1
1448	0.151428571428571
1449	0.131428571428571
1450	0.0914285714285714
1451	0.0399999999999999
1452	0.0714285714285714
1453	0.0714285714285714
1454	0.0114285714285713
1455	0.0114285714285713
1456	-0.04
1457	-0.131428571428571
1458	-0.254285714285714
1459	-0.274285714285714
1469	-0.465714285714286
1470	-0.394285714285714
1471	-0.394285714285714
1472	-0.385714285714286
1479	-0.305714285714286
1480	-0.345714285714286
1481	-0.365714285714286
1482	-0.365714285714286
1483	-0.365714285714286
1484	-0.234285714285714
1485	-0.254285714285714
1486	-0.234285714285714
1487	-0.142857142857143
1488	-0.142857142857143
1489	-0.162857142857143
1490	-0.122857142857143
1491	-0.245714285714286
1492	-0.205714285714286
1493	-0.185714285714286
1525	-0.445714285714286
1526	-0.465714285714286
1534	-0.345714285714286
1535	-0.425714285714286
1536	-0.465714285714286
1537	-0.342857142857143
1538	-0.402857142857143
1539	-0.565714285714286
1544	-0.525714285714286
1545	-0.474285714285714
1546	-0.474285714285714
1547	-0.394285714285714
1548	-0.414285714285714
1549	-0.394285714285714
1551	-0.465714285714286
1552	-0.354285714285714
1553	-0.282857142857143
1554	-0.262857142857143
1555	-0.282857142857143
1556	-0.282857142857143
1557	-0.262857142857143
1558	-0.374285714285714
1559	-0.465714285714286
1560	-0.425714285714286
1561	-0.274285714285714
1562	-0.345714285714286
1563	-0.265714285714286
1564	-0.245714285714286
1565	-0.285714285714286
1566	-0.245714285714286
1567	-0.225714285714286
1573	-0.145714285714286
1574	-0.0857142857142857
1575	-0.0657142857142858
1592	-0.0657142857142858
1593	-0.0657142857142858
1594	-0.0257142857142858
1595	-0.0657142857142858
1596	-0.0142857142857142
1597	-0.125714285714286
1599	-0.165714285714286
1600	-0.205714285714286
1601	-0.225714285714286
1602	-0.245714285714286
1603	-0.285714285714286
1604	-0.0828571428571429
1605	-0.131428571428571
1606	-0.222857142857143
1607	-0.365714285714286
1608	-0.274285714285714
1609	-0.254285714285714
1610	-0.214285714285714
1611	-0.245714285714286
1612	-0.285714285714286
1613	-0.234285714285714
1614	-0.0714285714285714
1615	-0.182857142857143
1616	-0.202857142857143
1617	-0.171428571428571
1618	-0.151428571428571
1619	-0.12
1620	-0.12
1621	-0.111428571428571
1622	-0.0914285714285714
1623	-0.191428571428571
1624	-0.242857142857143
1625	-0.242857142857143
1626	-0.142857142857143
1627	-0.0828571428571429
1628	-0.00285714285714278
1629	-0.185714285714286
1632	-0.125714285714286
1635	-0.0428571428571428
1636	-0.00285714285714278
1637	0.0171428571428572
1638	-0.0542857142857142
1647	-0.0628571428571428
1648	0.00571428571428567
1649	0.00571428571428567
1650	0.0571428571428572
1651	0.0371428571428571
1652	0.0885714285714286
1653	0.108571428571429
1654	0.2
1655	0.14
1656	0.16
1657	0.108571428571429
1658	0.148571428571428
1659	0.148571428571428
1660	0.00571428571428567
1661	-0.0142857142857142
1662	0.00571428571428567
1663	0.0171428571428572
1664	0.0171428571428572
1665	0.128571428571429
1666	0.22
1667	0.28
1668	0.28
1669	0.34
1670	0.348571428571429
1671	0.288571428571429
1672	0.0942857142857143
1673	0.0542857142857143
1674	0.0742857142857144
1676	0.0542857142857143
1678	0.0542857142857143
1679	0.0542857142857143
1680	0.257142857142857
1681	0.317142857142857
1682	0.317142857142857
1683	0.257142857142857
1684	0.257142857142857
1685	0.237142857142857
1686	0.308571428571429
1687	0.288571428571429
1688	0.297142857142857
1689	0.217142857142857
1690	0.145714285714286
1691	0.0742857142857144
1692	0.0342857142857143
1693	-0.0257142857142858
1694	-0.0257142857142858
1695	-0.0257142857142858
1696	-0.00571428571428567
1697	-0.0257142857142858
1698	0.0342857142857143
1699	-0.00571428571428567
1700	0.0142857142857143
1701	0.0542857142857143
1702	0.0142857142857143
1708	0.114285714285714
1709	0.134285714285714
1714	0.194285714285714
1715	0.265714285714286
1716	0.245714285714286
1717	0.305714285714286
1718	0.365714285714286
1719	0.294285714285714
1720	0.334285714285714
1721	0.314285714285714
1722	0.334285714285714
1723	0.314285714285714
1724	0.334285714285714
1725	0.354285714285714
1795	0.294285714285714
1796	0.334285714285714
1801	0.314285714285714
1802	0.457142857142857
1803	0.437142857142857
1804	0.357142857142857
1805	0.468571428571429
1806	0.46
1807	0.46
1808	0.44
1809	0.328571428571429
1810	0.32
1811	0.3
1812	0.28
1813	0.2
1814	0.2
1815	0.0371428571428571
1816	-0.00285714285714278
1817	0.0685714285714286
1818	0.0685714285714286
1819	0.0485714285714287
1820	-0.0428571428571428
1821	-0.0628571428571428
1822	-0.134285714285714
1823	-0.0428571428571428
1824	0.00857142857142856
1825	0.1
1826	-0.0742857142857142
1828	-0.0857142857142857
1829	-0.0342857142857143
1830	-0.0342857142857143
1834	-0.0657142857142858
1869	-0.525714285714286
1870	-0.565714285714286
1871	-0.474285714285714
1872	-0.454285714285714
1873	-0.362857142857143
1874	-0.402857142857143
1875	-0.22
1876	-0.2
1877	-0.2
1878	-0.2
1879	-0.391428571428571
1880	-0.36
1881	-0.268571428571429
1882	-0.228571428571429
1883	-0.137142857142857
1884	-0.148571428571429
1885	-0.14
1886	-0.0285714285714285
1887	0.134285714285714
1888	0.297142857142857
1889	0.265714285714286
1890	0.317142857142857
1891	0.154285714285714
1892	0.194285714285714
1893	0.194285714285714
1894	0.122857142857143
1895	0.0714285714285714
1896	-0.0600000000000001
1897	-0.12
1898	-0.151428571428571
1899	-0.242857142857143
1900	-0.334285714285714
1901	-0.334285714285714
1902	-0.385714285714286
1903	-0.345714285714286
1904	-0.225714285714286
1916	-0.225714285714286
1917	-0.225714285714286
1918	-0.205714285714286
1919	-0.174285714285714
1920	-0.114285714285714
1921	-0.0342857142857143
1922	0.0457142857142857
1923	-0.0342857142857143
1924	-0.0342857142857143
1925	-0.0942857142857141
1926	-0.00285714285714278
1927	0.0171428571428572
1928	-0.0228571428571427
1929	0.0285714285714286
1930	0.0285714285714286
1931	-0.00285714285714278
1932	-0.00285714285714278
1933	0.171428571428571
1934	0.111428571428571
1935	0.0914285714285714
1936	0.194285714285714
1937	0.194285714285714
1938	0.102857142857143
1939	0
1940	-0.142857142857143
1942	-0.245714285714286
1943	-0.185714285714286
1946	-0.305714285714286
1947	-0.305714285714286
1948	-0.225714285714286
1949	-0.205714285714286
1951	-0.205714285714286
1952	-0.245714285714286
1953	-0.285714285714286
1955	-0.245714285714286
1956	-0.225714285714286
1957	-0.154285714285714
1974	-0.385714285714286
1975	-0.365714285714286
1979	-0.385714285714286
1981	-0.385714285714286
1982	-0.394285714285714
1983	-0.394285714285714
1984	-0.302857142857143
1985	-0.282857142857143
1986	-0.314285714285714
1987	-0.262857142857143
1988	-0.251428571428572
1989	-0.171428571428571
1990	-0.0600000000000001
1991	-0.0600000000000001
1992	-0.0514285714285714
1993	-0.0714285714285714
1994	-0.142857142857143
1995	-0.174285714285714
1996	-0.174285714285714
1997	-0.194285714285714
1998	-0.325714285714286
2003	-0.165714285714286
2006	-0.145714285714286
2023	0.234285714285714
2024	0.254285714285714
2025	0.274285714285714
2026	0.274285714285714
2058	-0.225714285714286
2059	-0.205714285714286
2060	-0.225714285714286
2061	-0.185714285714286
2062	-0.134285714285714
2063	-0.122857142857143
2064	-0.0914285714285714
2065	-0.111428571428571
2066	-0.222857142857143
2067	-0.242857142857143
2068	-0.262857142857143
2069	-0.242857142857143
2070	-0.242857142857143
2071	-0.222857142857143
2072	-0.294285714285714
2073	-0.314285714285714
2074	-0.274285714285714
2075	-0.294285714285714
2076	-0.242857142857143
2077	-0.394285714285714
2078	-0.474285714285714
2079	-0.454285714285714
2080	-0.525714285714286
2081	-0.505714285714286
2082	-0.434285714285714
2086	-0.565714285714286
2087	-0.545714285714286
2092	-0.585714285714286
2094	-0.585714285714286
2095	-0.494285714285714
2096	-0.534285714285714
2097	-0.594285714285714
2098	-0.674285714285714
2099	-0.642857142857143
2100	-0.642857142857143
2101	-0.734285714285714
2102	-0.634285714285714
2103	-0.634285714285714
2104	-0.634285714285714
2105	-0.562857142857143
2106	-0.482857142857143
2107	-0.574285714285714
2108	-0.625714285714286
2109	-0.625714285714286
2148	-0.405714285714286
2149	-0.365714285714286
2150	-0.325714285714286
2151	-0.365714285714286
2183	0.214285714285714
2184	0.265714285714286
2185	0.297142857142857
2186	0.185714285714286
2187	0.257142857142857
2188	0.388571428571429
2189	0.428571428571429
2190	0.5
2191	0.48
2192	0.5
2193	0.46
2194	0.48
2195	0.348571428571429
2196	0.44
2197	0.46
2198	0.46
2199	0.225714285714286
2200	0.257142857142857
2201	0.348571428571429
2202	0.197142857142857
2203	0.157142857142857
2204	0.0371428571428571
2205	0.0885714285714286
2206	0.128571428571429
2207	0.0571428571428572
2208	-0.0542857142857142
2209	-0.0857142857142857
2223	-0.0857142857142857
2224	-0.0657142857142858
2270	-0.185714285714286
2271	-0.165714285714286
2272	0.0685714285714286
2273	0.0171428571428572
2274	0.0371428571428571
2275	0.0171428571428572
2276	0.0371428571428571
2277	0.117142857142857
2278	0.157142857142857
2279	0.0857142857142859
2280	0.125714285714286
2281	0.0542857142857143
2343	-0.0457142857142857
2370	-0.0228571428571427
2371	-0.00285714285714278
2372	-0.00285714285714278
2373	-0.0228571428571427
2374	-0.00285714285714278
2375	0.148571428571428
2376	0.208571428571429
2377	0.248571428571429
2378	0.268571428571429
2379	0.268571428571429
2380	0.208571428571429
2381	0.228571428571429
2382	0.0971428571428572
2383	0.157142857142857
2384	0.177142857142857
2385	0.137142857142857
2386	0.177142857142857
2387	0.0457142857142857
2388	0.0457142857142857
2389	0.0857142857142859
2390	0.3
2391	0.148571428571428
2392	0.108571428571429
2393	0.0685714285714286
2394	-0.125714285714286
2398	-0.0142857142857142
2399	0.168571428571429
2400	-0.0342857142857143
2401	-0.0542857142857142
2402	-0.0542857142857142
2403	0.0171428571428572
2404	0.0485714285714287
2405	0.16
2406	0.18
2407	0.22
2408	0.271428571428571
2409	0.251428571428571
2410	0.291428571428571
2411	0.311428571428571
2412	0.402857142857143
2413	0.382857142857143
2414	0.342857142857143
2415	0.108571428571429
2416	0.168571428571429
2417	0.148571428571428
2418	0.168571428571429
2419	0.148571428571428
2420	0.128571428571429
2421	0.0971428571428572
2422	-0.0142857142857142
2423	-0.0457142857142857
2426	-0.0142857142857142
2427	-0.0542857142857142
2428	-0.125714285714286
2450	-0.285714285714286
2458	-0.425714285714286
2462	-0.345714285714286
2463	-0.325714285714286
2464	-0.305714285714286
2465	-0.205714285714286
2496	-0.534285714285714
2497	-0.454285714285714
2498	-0.362857142857143
2499	-0.271428571428571
2500	-0.302857142857143
2501	-0.322857142857143
2502	-0.18
2503	-0.0885714285714287
2504	-0.231428571428572
2505	-0.311428571428571
2506	-0.351428571428571
2507	-0.534285714285714
2508	-0.514285714285714
2509	-0.442857142857143
2510	-0.382857142857143
2511	-0.362857142857143
2512	-0.302857142857143
2513	-0.322857142857143
2514	-0.322857142857143
2515	-0.311428571428571
2516	-0.16
2517	-0.242857142857143
2518	-0.282857142857143
2519	-0.282857142857143
2520	-0.211428571428572
2521	-0.354285714285714
2522	-0.211428571428572
2523	-0.211428571428572
2524	-0.282857142857143
2525	-0.222857142857143
2526	-0.222857142857143
2527	-0.345714285714286
2528	-0.345714285714286
2529	-0.162857142857143
2530	-0.102857142857143
2531	-0.0114285714285715
2532	0.00857142857142856
2533	-0.0628571428571428
2534	-0.194285714285714
2535	-0.234285714285714
2536	-0.122857142857143
2537	-0.122857142857143
2538	-0.0514285714285714
2539	0.131428571428571
2540	0.16
2541	0.108571428571429
2542	0.128571428571429
2543	0.24
2544	0.24
2545	0.137142857142857
2546	0.248571428571429
2547	0.105714285714286
2548	-0.00571428571428567
2549	0.137142857142857
2550	0.137142857142857
2551	0.137142857142857
2552	0.137142857142857
2553	0.137142857142857
2554	-0.00571428571428567
2555	-0.0257142857142858
2556	-0.0257142857142858
2557	0.0142857142857143
2558	0.0857142857142859
2559	0.177142857142857
2560	0.34
2561	0.288571428571429
2562	0.328571428571429
2563	0.277142857142857
2564	0.154285714285714
2565	0.205714285714286
2566	0.225714285714286
2567	0.257142857142857
2568	0.297142857142857
2569	0.317142857142857
2570	0.317142857142857
2571	0.245714285714286
2572	0.245714285714286
2573	0.297142857142857
2574	0.134285714285714
2575	0.134285714285714
2576	0.245714285714286
2577	0.185714285714286
2578	0.145714285714286
2579	0.105714285714286
2580	0.105714285714286
2581	0.0142857142857143
2582	-0.0457142857142857
2583	-0.0457142857142857
2584	-0.0657142857142858
2586	-0.165714285714286
2587	-0.205714285714286
2588	-0.185714285714286
2589	-0.134285714285714
2590	-0.225714285714286
2591	-0.265714285714286
2592	-0.225714285714286
2593	-0.245714285714286
2594	-0.225714285714286
2595	-0.285714285714286
2596	-0.285714285714286
2597	-0.305714285714286
2600	-0.245714285714286
2601	-0.265714285714286
2602	-0.265714285714286
2606	-0.245714285714286
2607	-0.225714285714286
2649	-0.125714285714286
2650	-0.0142857142857142
2651	-0.0342857142857143
2652	0.0657142857142858
2653	0.0142857142857143
2660	-0.0657142857142858
2661	-0.165714285714286
2663	-0.205714285714286
2664	-0.134285714285714
2665	-0.134285714285714
2666	-0.154285714285714
2667	-0.305714285714286
2668	-0.254285714285714
2669	-0.294285714285714
2670	-0.254285714285714
2671	-0.182857142857143
2672	-0.274285714285714
2673	-0.294285714285714
2674	-0.385714285714286
2675	-0.262857142857143
2676	-0.302857142857143
2677	-0.282857142857143
2678	-0.282857142857143
2679	-0.322857142857143
2680	-0.271428571428571
2681	-0.311428571428571
2682	-0.18
2683	-0.24
2684	-0.271428571428571
2685	-0.242857142857143
2686	-0.142857142857143
2687	-0.182857142857143
2688	-0.151428571428571
2689	-0.282857142857143
2690	-0.394285714285714
2691	-0.394285714285714
2692	-0.231428571428572
2693	-0.322857142857143
2694	-0.302857142857143
2695	-0.322857142857143
2696	-0.394285714285714
2697	-0.14
2698	-0.14
2699	-0.16
2700	-0.394285714285714
2701	-0.354285714285714
2702	-0.211428571428572
2703	-0.211428571428572
2704	-0.191428571428571
2705	-0.242857142857143
2706	-0.151428571428571
2707	-0.322857142857143
2708	-0.302857142857143
2709	-0.191428571428571
2710	-0.12
2711	-0.16
2712	-0.0171428571428571
2713	-0.14
2714	-0.171428571428571
2715	-0.111428571428571
2716	-0.0914285714285714
2717	-0.174285714285714
2718	-0.0428571428571428
2719	-0.0428571428571428
2720	-0.0428571428571428
2721	-0.0314285714285715
2722	-0.245714285714286
2723	-0.265714285714286
2724	-0.245714285714286
2725	-0.205714285714286
2726	-0.234285714285714
2729	-0.445714285714286
2730	-0.322857142857143
2731	-0.322857142857143
2732	-0.282857142857143
2733	-0.302857142857143
2734	-0.291428571428571
2735	-0.382857142857143
2736	-0.351428571428571
2737	-0.454285714285714
2738	-0.414285714285714
2739	-0.271428571428571
2740	-0.22
2741	-0.24
2742	-0.24
2743	-0.391428571428571
2744	-0.411428571428572
2745	-0.411428571428572
2746	-0.422857142857143
2747	-0.422857142857143
2748	-0.402857142857143
2749	-0.462857142857143
2750	-0.502857142857143
2751	-0.474285714285714
2752	-0.474285714285714
2753	-0.434285714285714
2754	-0.354285714285714
2758	-0.325714285714286
2760	-0.365714285714286
2772	-0.325714285714286
2773	-0.274285714285714
2774	-0.234285714285714
2775	-0.102857142857143
2776	-0.142857142857143
2777	-0.222857142857143
2778	-0.182857142857143
2779	-0.334285714285714
2780	-0.334285714285714
2781	-0.294285714285714
2782	-0.314285714285714
2783	-0.465714285714286
2784	-0.334285714285714
2785	-0.345714285714286
2786	-0.274285714285714
2787	-0.234285714285714
2788	-0.122857142857143
2789	-0.154285714285714
2790	-0.0742857142857142
2791	-0.185714285714286
2792	-0.225714285714286
2794	-0.205714285714286
2795	-0.205714285714286
2796	-0.165714285714286
2797	-0.165714285714286
2805	-0.0257142857142858
2806	-0.0257142857142858
2807	-0.0257142857142858
2808	0.0342857142857143
2810	-0.0457142857142857
2822	-0.385714285714286
2823	-0.254285714285714
2824	-0.211428571428572
2825	-0.171428571428571
2826	-0.202857142857143
2827	-0.282857142857143
2828	-0.282857142857143
2829	-0.322857142857143
2830	-0.148571428571429
2831	-0.208571428571428
2832	-0.228571428571429
2833	-0.34
2834	-0.351428571428571
2835	-0.422857142857143
2836	-0.342857142857143
2837	-0.342857142857143
2838	-0.262857142857143
2839	-0.171428571428571
2840	-0.14
2841	0.00285714285714289
2842	0.0628571428571429
2843	0.114285714285715
2844	0.0742857142857143
2845	0.0342857142857143
2846	0.0142857142857145
2847	-0.108571428571429
2848	-0.24
2849	-0.402857142857143
2850	-0.24
2851	-0.3
2852	-0.26
2853	-0.24
2854	-0.097142857142857
2855	-0.342857142857143
2856	-0.342857142857143
2857	-0.282857142857143
2858	-0.171428571428571
2859	-0.171428571428571
2860	-0.151428571428571
2861	-0.151428571428571
2862	-0.0914285714285714
2863	-0.151428571428571
2864	-0.222857142857143
2865	-0.162857142857143
2908	0.214285714285714
2910	0.0542857142857143
2911	0.0942857142857143
2912	0.0942857142857143
2913	0.0342857142857143
2915	0.0342857142857143
2916	0.0857142857142859
2917	0.0657142857142858
2922	-0.0657142857142858
2923	-0.0657142857142858
2924	-0.0457142857142857
3249	0.114285714285714
3250	0.114285714285714
3251	0.185714285714286
3252	0.225714285714286
3253	0.154285714285714
3254	0.154285714285714
3255	0.254285714285714
3256	0.274285714285714
3259	0.214285714285714
3260	0.305714285714286
3261	0.234285714285714
3262	0.294285714285714
3317	0.0542857142857143
3329	-0.0457142857142857
3330	-0.0457142857142857
3331	0.0971428571428572
3332	0.0457142857142857
3333	0.0657142857142858
3334	0.0457142857142857
3335	0.0457142857142857
3336	-0.0257142857142858
3337	0.0257142857142858
3338	0.0457142857142857
3339	0.0657142857142858
3354	0.0342857142857143
3355	0.0142857142857143
3367	-0.00571428571428567
3368	-0.0257142857142858
3395	-0.265714285714286
3396	-0.122857142857143
3397	-0.0628571428571428
3398	-0.0428571428571428
3399	-0.0228571428571427
3400	-0.00285714285714278
3401	0.0285714285714286
3402	0.0285714285714286
3403	0.0485714285714287
3404	0.0485714285714287
3405	-0.0228571428571427
3406	0.1
3407	0.1
3408	0.08
3409	0.0285714285714286
3410	0.00857142857142856
3411	0.0485714285714287
3412	0.0685714285714286
3413	0.0685714285714286
3414	0.0685714285714286
3415	0.00571428571428567
3416	0.00571428571428567
3417	0.0257142857142858
3418	0.0257142857142858
3426	0.0142857142857143
3428	0.0257142857142858
3429	0.0571428571428572
3430	0.148571428571428
3431	0.0971428571428572
3432	0.0171428571428572
3433	0.251428571428571
3434	0.2
3435	0.14
3436	0.14
3437	0.16
3438	0.1
3439	0.234285714285714
3440	0.297142857142857
3441	0.368571428571429
3442	0.328571428571429
3443	0.348571428571429
3444	0.348571428571429
3445	0.348571428571429
3446	0.42
3447	0.4
3448	0.471428571428572
3449	0.48
3450	0.471428571428572
3451	0.277142857142857
3452	0.337142857142857
3453	0.174285714285714
3454	0.102857142857143
3455	0.0314285714285714
3456	-0.02
3457	0.0399999999999999
3458	-0.0314285714285715
3459	-0.0114285714285715
3460	0.14
3461	0.251428571428571
3462	0.231428571428571
3463	0.402857142857143
3464	0.268571428571429
3465	0.134285714285714
3468	0.225714285714286
3469	0.245714285714286
3470	0.205714285714286
3471	0.0942857142857143
3472	0.114285714285714
3533	-0.105714285714286
3534	-0.114285714285714
3535	-0.0114285714285715
3536	-0.0114285714285715
3537	-0.0114285714285715
3538	0.00857142857142856
3539	0.00857142857142856
3540	0.108571428571429
3541	0.14
3542	0.1
3543	0.1
3544	0.18
3545	0.148571428571428
3546	0.117142857142857
3547	0.208571428571429
3548	0.3
3549	0.36
3550	0.32
3551	0.34
3552	0.177142857142857
3553	0.125714285714286
3554	0.248571428571429
3555	0.125714285714286
3556	0.145714285714286
3557	0.257142857142857
3558	0.285714285714286
3559	0.365714285714286
3596	-0.0857142857142857
3597	0.0371428571428571
3598	0.14
3599	0.148571428571428
3600	0.322857142857143
3601	0.342857142857143
3602	0.342857142857143
3603	0.382857142857143
3604	0.474285714285714
3605	0.442857142857143
3606	0.554285714285714
3607	0.514285714285714
3608	0.625714285714286
3609	0.474285714285714
3610	0.545714285714286
3611	0.545714285714286
3612	0.605714285714286
3613	0.585714285714286
3614	0.514285714285714
3615	0.382857142857143
3616	0.362857142857143
3617	0.402857142857143
3618	0.382857142857143
3619	0.402857142857143
3620	0.311428571428571
3621	0.22
3622	0.148571428571428
3623	0.0457142857142857
3624	0.0771428571428571
3627	-0.0742857142857142
3628	-0.102857142857143
3629	-0.154285714285714
3630	-0.154285714285714
3631	-0.194285714285714
3632	-0.0914285714285714
3633	-0.182857142857143
3634	-0.122857142857143
3635	-0.194285714285714
3636	-0.274285714285714
3637	-0.231428571428572
3638	-0.282857142857143
3639	-0.362857142857143
3640	-0.342857142857143
3641	-0.342857142857143
3642	-0.311428571428571
3643	-0.271428571428571
3644	-0.382857142857143
3645	-0.382857142857143
3646	-0.474285714285714
3647	-0.525714285714286
3648	-0.585714285714286
3656	-0.585714285714286
3660	-0.545714285714286
3661	-0.485714285714286
3666	-0.231428571428572
3667	-0.302857142857143
3668	-0.402857142857143
3669	-0.411428571428572
3670	-0.32
3671	-0.168571428571429
3672	-0.177142857142857
3673	-0.137142857142857
3674	-0.0257142857142856
3675	-0.0257142857142856
3676	-0.0457142857142856
3677	-0.117142857142857
3678	-0.097142857142857
3679	-0.0657142857142854
3680	0.208571428571429
3681	0.117142857142857
3682	0.18
3683	0.171428571428572
3684	0.171428571428572
3685	0.282857142857143
3686	0.302857142857143
3687	0.537142857142857
3688	0.557142857142857
3689	0.537142857142857
3690	0.505714285714286
3691	0.18
3692	0.271428571428572
3693	0.351428571428572
3694	0.491428571428572
3695	0.4
3696	0.308571428571429
3697	0.237142857142857
3698	0.237142857142857
3699	0.145714285714286
3700	0.165714285714286
3701	0.257142857142857
3702	0.237142857142857
3703	0.125714285714286
3704	0.114285714285715
3705	-0.0999999999999999
3706	-0.131428571428571
3707	-0.254285714285714
3708	-0.225714285714286
3741	-0.145714285714286
3742	-0.145714285714286
3743	-0.125714285714286
3746	-0.245714285714286
3747	-0.305714285714286
3748	-0.285714285714286
3754	-0.105714285714286
3755	-0.145714285714286
3760	-0.225714285714286
3763	-0.325714285714286
3764	-0.214285714285714
3765	-0.265714285714286
3768	-0.154285714285714
3769	-0.0428571428571428
3770	-0.0142857142857142
3771	0.0257142857142858
3772	0.00571428571428567
3773	0.117142857142857
3774	0.137142857142857
3775	0.137142857142857
3776	0.197142857142857
3777	0.208571428571429
3778	0.168571428571429
3779	0.0571428571428572
3780	0.0857142857142859
3781	0.125714285714286
3782	0.145714285714286
3783	0.205714285714286
3784	0.245714285714286
3785	0.245714285714286
3786	0.337142857142857
3787	0.285714285714286
3788	0.345714285714286
3789	0.294285714285714
3790	0.274285714285714
3791	0.365714285714286
3792	0.365714285714286
3805	0.294285714285714
3806	0.385714285714286
3807	0.385714285714286
3808	0.405714285714286
3809	0.405714285714286
3810	0.345714285714286
3811	0.254285714285714
3812	0.234285714285714
3815	0.174285714285714
3816	0.154285714285714
3817	0.134285714285714
3818	0.134285714285714
3819	0.134285714285714
3820	0.317142857142857
3821	0.337142857142857
3822	0.337142857142857
3823	0.337142857142857
3824	0.194285714285714
3825	0.285714285714286
3826	0.285714285714286
3827	0.285714285714286
3828	0.357142857142857
3829	0.254285714285714
3839	0.134285714285714
3842	0.0142857142857143
3843	0.0342857142857143
3844	0.0142857142857143
3847	0.0142857142857143
3848	0.0342857142857143
3849	0.0342857142857143
3853	0.0142857142857143
3854	0.0142857142857143
3855	0.0342857142857143
3856	0.0542857142857143
3857	0.0342857142857143
3858	0.0142857142857143
3859	0.125714285714286
3860	0.0142857142857143
3882	0.0342857142857143
3883	-0.0457142857142857
3889	-0.0457142857142857
3893	0.0142857142857143
3894	0.0142857142857143
3895	-0.00571428571428567
3896	0.0457142857142857
3897	-0.00571428571428567
3898	0.00571428571428567
3899	0.00571428571428567
3900	0.00571428571428567
3901	-0.00571428571428567
3902	-0.0457142857142857
3927	-0.545714285714286
3928	-0.545714285714286
3931	-0.505714285714286
3932	-0.585714285714286
3933	-0.585714285714286
3934	-0.585714285714286
3935	-0.554285714285714
3936	-0.502857142857143
3937	-0.574285714285714
3938	-0.645714285714286
3939	-0.605714285714286
3949	-0.565714285714286
3950	-0.585714285714286
3955	-0.485714285714286
3957	-0.465714285714286
3958	-0.454285714285714
3959	-0.422857142857143
3960	-0.434285714285714
3961	-0.374285714285714
3962	-0.505714285714286
3963	-0.525714285714286
3964	-0.565714285714286
3965	-0.494285714285714
3966	-0.482857142857143
3967	-0.482857142857143
3968	-0.382857142857143
3969	-0.422857142857143
3970	-0.422857142857143
3971	-0.462857142857143
3972	-0.382857142857143
3973	-0.394285714285714
3974	-0.465714285714286
3977	-0.505714285714286
3978	-0.485714285714286
3979	-0.454285714285714
3980	-0.565714285714286
3981	-0.525714285714286
3983	-0.374285714285714
3984	-0.405714285714286
3985	-0.425714285714286
3987	-0.374285714285714
3988	-0.414285714285714
3989	-0.382857142857143
3990	-0.402857142857143
3991	-0.414285714285714
3992	-0.454285714285714
3993	-0.494285714285714
3994	-0.462857142857143
3995	-0.462857142857143
3996	-0.422857142857143
3997	-0.351428571428571
3998	-0.28
3999	-0.26
4000	-0.188571428571429
4001	-0.117142857142857
4002	-0.288571428571429
4003	-0.308571428571429
4004	-0.228571428571429
4005	-0.228571428571429
4006	-0.268571428571429
4007	-0.308571428571429
4008	-0.451428571428572
4009	-0.36
4010	-0.268571428571429
4011	-0.157142857142857
4012	-0.228571428571429
4013	-0.208571428571428
4014	-0.188571428571429
4015	-0.22
4016	-0.24
4017	-0.148571428571429
4018	-0.0571428571428569
4019	-0.0485714285714285
4020	-0.12
4021	-0.0285714285714285
4022	-0.00857142857142867
4023	0.0314285714285714
4024	0.0628571428571429
4025	0.102857142857143
4026	0.0114285714285713
4027	0.02
4028	0.171428571428571
4029	0.0399999999999999
4030	0.111428571428571
4031	0.171428571428571
4032	0.231428571428571
4033	0.12
4034	0.0485714285714287
4035	-0.0114285714285715
4036	-0.0828571428571429
4037	-0.0228571428571427
4038	-0.00285714285714278
4039	-0.0142857142857142
4040	0.00571428571428567
4041	0.0257142857142858
4042	-0.0657142857142858
4046	-0.145714285714286
4048	-0.185714285714286
4065	-0.165714285714286
4066	-0.145714285714286
4067	-0.0857142857142857
4068	-0.0857142857142857
4069	0.148571428571428
4070	0.18
4071	0.0171428571428572
4072	-0.0428571428571428
4073	-0.154285714285714
4074	-0.114285714285714
4075	-0.134285714285714
4076	-0.0628571428571428
4077	-0.0628571428571428
4078	-0.102857142857143
4079	-0.102857142857143
4080	-0.122857142857143
4081	-0.102857142857143
4082	-0.182857142857143
4083	-0.162857142857143
4084	-0.114285714285714
4085	-0.194285714285714
4086	-0.225714285714286
4087	-0.205714285714286
4088	-0.185714285714286
4117	0.114285714285714
4118	0.0742857142857144
4119	0.145714285714286
4120	0.0542857142857143
4121	0.145714285714286
4123	0.0342857142857143
4124	0.0542857142857143
4130	0.114285714285714
4135	0.114285714285714
4136	0.0342857142857143
4137	0.0657142857142858
4138	0.0942857142857143
4139	0.0342857142857143
4140	0.0542857142857143
4141	0.0742857142857144
4143	0.0742857142857144
4145	-0.0457142857142857
4154	-0.445714285714286
4157	-0.585714285714286
4258	-0.305714285714286
4259	-0.285714285714286
4260	-0.214285714285714
4261	-0.254285714285714
4262	-0.154285714285714
4263	-0.174285714285714
4264	-0.225714285714286
4265	-0.225714285714286
4266	-0.165714285714286
4267	-0.205714285714286
4268	-0.185714285714286
4269	-0.125714285714286
4270	-0.145714285714286
4271	0.0457142857142857
4272	0.157142857142857
4273	0.0142857142857143
4290	-0.00571428571428567
4291	-0.0657142857142858
4292	-0.0142857142857142
4293	0.0971428571428572
4294	0.117142857142857
4295	0.0971428571428572
4296	0.0771428571428571
4297	-0.0142857142857142
4298	-0.0742857142857142
4299	0.0485714285714287
4300	0.282857142857143
4301	0.262857142857143
4302	0.342857142857143
4303	0.382857142857143
4304	0.271428571428571
4305	0.271428571428571
4306	0.12
4307	0.191428571428572
4308	0.0599999999999999
4309	-0.102857142857143
4310	-0.0714285714285714
4311	-0.0714285714285714
4312	0.0399999999999999
4313	-0.0314285714285715
4314	0
4315	-0.0714285714285714
4316	-0.0914285714285714
4317	-0.162857142857143
4318	-0.254285714285714
4319	-0.334285714285714
4320	-0.334285714285714
4321	-0.251428571428572
4322	-0.2
4323	-0.0685714285714287
4324	-0.191428571428571
4325	-0.425714285714286
4326	-0.354285714285714
4327	-0.414285714285714
4328	-0.454285714285714
4329	-0.374285714285714
4330	-0.394285714285714
4331	-0.374285714285714
4332	-0.394285714285714
4333	-0.374285714285714
4334	-0.294285714285714
4335	-0.385714285714286
4336	-0.385714285714286
4338	-0.285714285714286
4340	-0.385714285714286
4341	-0.202857142857143
4342	-0.0714285714285714
4343	-0.151428571428571
4344	-0.0914285714285714
4345	0.0399999999999999
4346	-0.0428571428571428
4347	-0.0742857142857142
4348	-0.125714285714286
4349	-0.145714285714286
4350	-0.125714285714286
4355	-0.0457142857142857
4356	-0.0457142857142857
4357	-0.0257142857142858
4358	0.157142857142857
4359	0.228571428571429
4360	0.288571428571429
4361	0.38
4362	0.34
4363	0.268571428571429
4364	0.308571428571429
4365	0.277142857142857
4366	0.205714285714286
4367	-0.00571428571428567
4368	0.0542857142857143
4369	-0.0657142857142858
4370	-0.0857142857142857
4374	-0.265714285714286
4375	-0.254285714285714
4376	-0.222857142857143
4377	-0.171428571428571
4378	-0.12
4379	-0.14
4380	-0.271428571428571
4381	-0.251428571428572
4382	-0.362857142857143
4383	-0.505714285714286
4387	-0.725714285714286
4388	-0.734285714285714
4389	-0.58
4390	-0.52
4391	-0.54
4392	-0.44
4393	-0.388571428571429
4394	-0.177142857142857
4395	-0.197142857142857
4396	0.0257142857142858
4397	0.0971428571428572
4398	0.137142857142857
4399	0.0657142857142858
4400	0.177142857142857
4401	0.197142857142857
4402	0.197142857142857
4403	0.237142857142857
4404	0.145714285714286
4405	0.225714285714286
4406	0.257142857142857
4407	0.237142857142857
4408	0.197142857142857
4409	0.257142857142857
4410	0.317142857142857
4411	0.337142857142857
4412	0.285714285714286
4413	0.214285714285714
4414	0
4415	-0.0800000000000001
4416	-0.111428571428571
4417	-0.0714285714285714
4418	-0.102857142857143
4419	-0.194285714285714
4420	-0.285714285714286
4432	-0.265714285714286
4433	-0.194285714285714
4434	-0.234285714285714
4435	-0.234285714285714
4436	-0.234285714285714
4437	-0.325714285714286
4438	-0.234285714285714
4439	-0.294285714285714
4440	-0.254285714285714
4441	-0.334285714285714
4442	-0.454285714285714
4443	-0.168571428571429
4444	-0.168571428571429
4445	-0.188571428571429
4446	-0.208571428571428
4447	-0.177142857142857
4448	-0.0342857142857143
4449	-0.145714285714286
4450	-0.177142857142857
4451	-0.197142857142857
4452	-0.32
4453	-0.351428571428571
4454	-0.402857142857143
4455	-0.454285714285714
4456	-0.474285714285714
4457	-0.585714285714286
4460	-0.625714285714286
4461	-0.605714285714286
4462	-0.565714285714286
4465	-0.405714285714286
4466	-0.345714285714286
4467	-0.245714285714286
4476	-0.0342857142857143
4477	-0.0742857142857142
4478	-0.0428571428571428
4479	-0.0428571428571428
4480	0.08
4481	-0.0314285714285715
4482	-0.0314285714285715
4483	0.0285714285714286
4484	-0.0114285714285715
4485	0.0485714285714287
4486	0.0285714285714286
4487	0.0485714285714287
4488	-0.0114285714285715
4489	0.0285714285714286
4490	-0.0628571428571428
4491	0.0485714285714287
4492	0.0685714285714286
4493	-0.00285714285714278
4494	0.0171428571428572
4495	0.0171428571428572
4496	0.0685714285714286
4497	-0.125714285714286
4498	-0.0742857142857142
4499	-0.0742857142857142
4500	-0.125714285714286
4512	-0.0657142857142858
4513	-0.125714285714286
4514	-0.145714285714286
4515	-0.125714285714286
4517	-0.125714285714286
4518	-0.105714285714286
4519	-0.125714285714286
4520	-0.105714285714286
4522	-0.0457142857142857
4539	0.174285714285714
4540	0.154285714285714
4541	0.0942857142857143
4550	-0.0657142857142858
4554	0.0342857142857143
4556	-0.00571428571428567
4557	0.0457142857142857
4558	0.0857142857142859
4559	0.0657142857142858
4560	0.0257142857142858
4587	-0.485714285714286
4588	-0.117142857142857
4589	-0.0371428571428571
4590	-0.18
4591	-0.28
4592	-0.32
4593	-0.391428571428571
4594	-0.4
4595	-0.46
4596	-0.4
4597	-0.46
4598	-0.348571428571429
4599	-0.348571428571429
4600	-0.328571428571429
4601	-0.188571428571429
4602	-0.128571428571429
4603	-0.108571428571429
4604	-0.077142857142857
4605	-0.117142857142857
4606	-0.117142857142857
4607	-0.128571428571429
4608	-0.188571428571429
4609	-0.157142857142857
4610	-0.228571428571429
4611	-0.228571428571429
4612	-0.32
4616	-0.434285714285714
4617	-0.454285714285714
4618	-0.474285714285714
4619	-0.445714285714286
4620	-0.334285714285714
4621	-0.374285714285714
4622	-0.334285714285714
4623	-0.405714285714286
4628	-0.425714285714286
4629	-0.445714285714286
4630	-0.414285714285714
4631	-0.525714285714286
4632	-0.565714285714286
4633	-0.534285714285714
4635	-0.645714285714286
4636	-0.562857142857143
4637	-0.46
4638	-0.551428571428572
4639	-0.48
4640	-0.46
4641	-0.511428571428571
4642	-0.48
4643	-0.44
4644	-0.42
4645	-0.46
4646	-0.46
4647	-0.317142857142857
4648	-0.245714285714286
4649	-0.162857142857143
4650	-0.222857142857143
4651	-0.282857142857143
4652	-0.282857142857143
4653	-0.182857142857143
4654	-0.234285714285714
4655	-0.225714285714286
4656	-0.165714285714286
4657	-0.134285714285714
4658	-0.145714285714286
4659	-0.105714285714286
4660	-0.177142857142857
4661	-0.36
4662	-0.411428571428572
4663	-0.34
4664	-0.34
4665	-0.177142857142857
4666	-0.0857142857142856
4667	-0.0457142857142856
4668	-0.0457142857142856
4669	-0.0142857142857142
4670	-0.00571428571428556
4671	0.0342857142857143
4672	-0.128571428571429
4673	-0.26
4674	-0.188571428571429
4675	-0.148571428571429
4676	-0.0685714285714287
4677	-0.0885714285714287
4678	-0.22
4679	-0.22
4680	-0.208571428571428
4681	-0.208571428571428
4682	-0.0657142857142854
4683	0.0457142857142858
4684	0.32
4685	0.28
4686	0.371428571428572
4687	0.34
4688	0.451428571428572
4689	0.462857142857143
4690	0.3
4691	0.197142857142857
4692	0.145714285714286
4693	0.157142857142857
4694	0.0657142857142858
4695	0.117142857142857
4696	0.208571428571429
4697	0.371428571428572
4698	0.311428571428572
4699	0.0171428571428569
4700	0.0885714285714283
4701	-0.00285714285714289
4702	0.108571428571429
4703	0.168571428571429
4704	0.208571428571429
4705	0.177142857142857
4706	0.197142857142857
4707	-0.0371428571428571
4708	-0.128571428571429
4709	-0.362857142857143
4710	-0.311428571428571
4711	-0.128571428571429
4712	-0.188571428571429
4713	-0.351428571428571
4714	-0.454285714285714
4715	-0.474285714285714
4716	-0.442857142857143
4717	-0.482857142857143
4718	-0.494285714285714
4719	-0.434285714285714
4720	-0.465714285714286
4743	-0.185714285714286
4744	-0.245714285714286
4745	-0.245714285714286
4746	-0.165714285714286
4747	-0.145714285714286
4748	-0.145714285714286
4749	-0.125714285714286
4750	-0.125714285714286
4751	-0.125714285714286
4774	-0.274285714285714
4775	-0.234285714285714
4776	-0.325714285714286
4780	-0.185714285714286
4781	-0.145714285714286
4782	-0.0857142857142857
4783	0.00571428571428567
4784	-0.0342857142857143
4785	0.0971428571428572
4786	0.168571428571429
4787	0.168571428571429
4788	0.188571428571429
4789	0.157142857142857
4790	0.228571428571429
4791	0.268571428571429
4792	0.248571428571429
4793	0.217142857142857
4794	0.237142857142857
4795	0.205714285714286
4796	0.154285714285714
4797	0.194285714285714
4856	0.154285714285714
4857	0.245714285714286
4858	0.285714285714286
4859	0.265714285714286
4860	0.285714285714286
4861	0.205714285714286
4862	0.205714285714286
4863	0.388571428571429
4864	0.368571428571429
4865	0.348571428571429
4866	0.348571428571429
4867	0.42
4868	0.44
4869	0.42
4870	0.38
4871	0.32
4872	0.34
4873	0.462857142857143
4874	0.32
4875	0.34
4876	0.288571428571429
4877	0.42
4878	0.42
4879	0.328571428571429
4880	0.277142857142857
4881	0.225714285714286
4882	0.154285714285714
4883	0.154285714285714
4884	0.134285714285714
4885	0.0942857142857143
4886	0.134285714285714
4887	0.154285714285714
4920	0.0142857142857143
4921	-0.0457142857142857
4922	0.0771428571428571
4923	0.0171428571428572
4924	-0.134285714285714
4925	-0.134285714285714
4926	-0.114285714285714
4927	-0.0942857142857141
4928	-0.122857142857143
4929	-0.102857142857143
4930	0.00857142857142856
4931	-0.0114285714285715
4932	0.00857142857142856
4933	-0.102857142857143
4934	-0.0314285714285715
4935	-0.0514285714285714
4936	-0.0828571428571429
4937	-0.0428571428571428
4938	-0.0428571428571428
4939	0.1
4940	0.02
4941	0.0399999999999999
4942	-0.0600000000000001
4943	-0.211428571428572
4944	-0.311428571428571
4945	-0.382857142857143
4946	-0.342857142857143
4948	-0.585714285714286
4949	-0.474285714285714
4950	-0.462857142857143
4951	-0.411428571428572
4952	-0.197142857142857
4953	-0.077142857142857
4954	0.0657142857142858
4955	-0.0457142857142856
4956	-0.0257142857142856
4957	-0.0457142857142856
4958	-0.00571428571428556
4959	-0.097142857142857
4960	-0.188571428571429
4961	-0.391428571428571
4962	-0.411428571428572
4963	-0.431428571428571
4964	-0.534285714285714
4965	-0.342857142857143
4966	-0.362857142857143
4967	-0.322857142857143
4968	-0.208571428571428
4969	-0.24
4970	-0.0571428571428569
4971	-0.0371428571428571
4972	0.102857142857143
4973	0.0114285714285713
4974	0.0114285714285713
4975	0.0914285714285714
4976	-0.02
4977	-0.242857142857143
4978	-0.262857142857143
4979	-0.425714285714286
4980	-0.365714285714286
4981	-0.325714285714286
4982	-0.325714285714286
4983	-0.305714285714286
4984	-0.254285714285714
4985	-0.254285714285714
4986	-0.142857142857143
4987	-0.102857142857143
4988	-0.122857142857143
4989	-0.131428571428571
4990	-0.171428571428571
4991	-0.14
4992	-0.00857142857142867
4993	-0.0114285714285715
4994	0.1
4995	-0.0628571428571428
4996	-0.0514285714285714
4997	-0.0714285714285714
4998	-0.04
4999	-0.151428571428571
5000	-0.262857142857143
5001	-0.222857142857143
5002	-0.214285714285714
5003	-0.265714285714286
5004	-0.285714285714286
5005	-0.194285714285714
5006	-0.214285714285714
5007	-0.214285714285714
5008	-0.214285714285714
5009	-0.265714285714286
5010	-0.245714285714286
5011	-0.265714285714286
5012	-0.265714285714286
5013	-0.174285714285714
5014	-0.134285714285714
5015	-0.185714285714286
5018	-0.165714285714286
5021	-0.205714285714286
5022	-0.245714285714286
5026	-0.165714285714286
5027	-0.185714285714286
5028	-0.0628571428571428
5029	-0.0428571428571428
5030	-0.114285714285714
5031	-0.0428571428571428
5032	-0.0628571428571428
5033	0.00857142857142856
5034	0.242857142857143
5035	0.425714285714286
5036	0.354285714285714
5037	0.294285714285714
5038	0.222857142857143
5039	0.191428571428572
5040	0.191428571428572
5041	0.231428571428571
5042	0.12
5043	0.0371428571428571
5044	0.0885714285714286
5045	0.231428571428571
5046	0.22
5047	0.422857142857143
5048	0.505714285714286
5049	0.628571428571429
5050	0.7
5051	0.768571428571429
5052	0.768571428571429
5053	0.717142857142857
5054	0.737142857142857
5055	0.737142857142857
5056	0.645714285714286
5057	0.788571428571429
5058	0.697142857142857
5059	0.462857142857143
5060	0.26
5061	0.28
5062	0.34
5063	0.411428571428571
5064	0.422857142857143
5065	0.494285714285714
5066	0.434285714285714
5067	0.545714285714286
5068	0.708571428571429
5069	0.82
5070	0.697142857142857
5071	0.597142857142857
5072	0.465714285714286
5073	0.597142857142857
5074	0.454285714285714
5075	0.545714285714286
5076	0.445714285714286
5077	0.445714285714286
5078	0.374285714285714
5079	0.354285714285714
5080	0.425714285714286
5081	0.425714285714286
5082	0.322857142857143
5083	0.322857142857143
5084	0.362857142857143
5085	0.422857142857143
5086	0.442857142857143
5087	0.382857142857143
5088	0.351428571428571
5089	0.371428571428571
5090	0.28
5091	0.3
5092	0.28
5093	0.0771428571428571
5094	-0.0342857142857143
5095	0.0771428571428571
5096	0.105714285714286
5097	0.165714285714286
5116	0.114285714285714
5130	0.114285714285714
5131	0.0942857142857143
5132	0.165714285714286
5133	0.237142857142857
5134	0.308571428571429
5135	0.288571428571429
5136	0.268571428571429
5137	0.137142857142857
5138	0.26
5139	0.228571428571429
5140	0.137142857142857
5141	0.0142857142857143
5142	0.0142857142857143
5143	-0.00571428571428567
5144	0.0542857142857143
5145	0.0542857142857143
5146	0.0542857142857143
5147	0.0142857142857143
5148	-0.00571428571428567
5153	0.105714285714286
5154	0.0657142857142858
5155	-0.00571428571428567
5156	0.0342857142857143
5175	0.254285714285714
5191	0.00571428571428567
5192	0.0971428571428572
5193	0.117142857142857
5194	0.117142857142857
5195	0.117142857142857
5196	0.0571428571428572
5197	0.0571428571428572
5198	0.0171428571428572
5199	-0.0142857142857142
5205	-0.154285714285714
5206	-0.102857142857143
5207	-0.0428571428571428
5208	-0.162857142857143
5209	-0.234285714285714
5210	-0.254285714285714
5211	-0.365714285714286
5213	-0.385714285714286
5223	-0.545714285714286
5224	-0.594285714285714
5225	-0.614285714285714
5226	-0.614285714285714
5227	-0.471428571428571
5228	-0.38
5229	-0.308571428571429
5230	-0.4
5231	-0.471428571428571
5232	-0.562857142857143
5233	-0.422857142857143
5234	-0.411428571428572
5235	-0.431428571428571
5236	-0.34
5237	-0.32
5238	-0.411428571428572
5239	-0.391428571428571
5240	-0.391428571428571
5241	-0.331428571428571
5242	-0.371428571428571
5243	-0.422857142857143
5244	-0.402857142857143
5245	-0.462857142857143
5246	-0.514285714285714
5247	-0.565714285714286
5251	-0.525714285714286
5253	-0.514285714285714
5254	-0.462857142857143
5255	-0.574285714285714
5256	-0.531428571428571
5257	-0.348571428571429
5258	-0.368571428571429
5259	-0.388571428571429
5260	-0.428571428571429
5261	-0.6
5262	-0.508571428571429
5263	-0.528571428571429
5264	-0.588571428571429
5265	-0.668571428571429
5266	-0.688571428571428
5267	-0.557142857142857
5268	-0.434285714285714
5269	-0.391428571428572
5270	-0.38
5271	-0.38
5272	-0.38
5273	-0.48
5274	-0.345714285714286
5275	-0.417142857142857
5276	-0.377142857142857
5277	-0.417142857142857
5278	-0.642857142857143
5279	-0.754285714285714
5280	-0.714285714285714
5281	-0.777142857142857
5282	-0.848571428571429
5283	-0.848571428571429
5284	-0.788571428571429
5285	-0.657142857142857
5286	-0.505714285714286
5287	-0.617142857142857
5288	-0.485714285714286
5289	-0.354285714285714
5290	-0.334285714285714
5291	-0.211428571428572
5292	-0.282857142857143
5293	-0.385714285714286
5294	-0.528571428571429
5295	-0.52
5296	-0.6
5297	-0.488571428571429
5298	-0.397142857142857
5299	-0.531428571428571
5300	-0.531428571428571
5301	-0.531428571428571
5302	-0.46
5303	-0.46
5304	-0.551428571428572
5305	-0.46
5306	-0.4
5307	-0.4
5308	-0.38
5309	-0.531428571428571
5310	-0.52
5311	-0.611428571428571
5312	-0.54
5313	-0.497142857142857
5314	-0.668571428571429
5315	-0.728571428571429
5316	-0.86
5317	-0.92
5318	-0.928571428571429
5319	-0.937142857142857
5320	-0.794285714285714
5321	-0.611428571428571
5322	-0.822857142857143
5323	-0.822857142857143
5324	-0.822857142857143
5325	-0.862857142857143
5326	-0.954285714285714
5327	-1.06571428571429
5328	-1.20571428571429
5329	-1.04285714285714
5330	-1.10285714285714
5331	-1.09142857142857
5332	-1.22285714285714
5333	-1.13142857142857
5334	-1.07142857142857
5335	-1.06285714285714
5336	-0.808571428571429
5337	-0.788571428571429
5338	-0.8
5339	-0.628571428571428
5340	-0.628571428571428
5341	-0.62
5342	-0.437142857142857
5343	-0.508571428571428
5344	-0.4
5345	-0.491428571428572
5346	-0.502857142857143
5347	-0.411428571428571
5348	-0.351428571428572
5349	-0.257142857142857
5350	-0.237142857142857
5351	-0.185714285714286
5352	-0.205714285714286
5353	-0.0857142857142856
5354	-0.217142857142857
5355	-0.348571428571429
5356	-0.38
5357	-0.288571428571428
5358	-0.297142857142857
5359	-0.317142857142857
5360	-0.448571428571428
5361	-0.682857142857143
5362	-0.762857142857143
5363	-0.954285714285714
5364	-1.10285714285714
5365	-1.09142857142857
5366	-0.885714285714286
5367	-1.12857142857143
5368	-1.10857142857143
5369	-1.22857142857143
5370	-1.38
5371	-1.34857142857143
5372	-1.28857142857143
5373	-1.48
5374	-1.42
5375	-1.51142857142857
5376	-1.50285714285714
5377	-1.48285714285714
5378	-1.56285714285714
5379	-1.47142857142857
5380	-1.43142857142857
5381	-1.55142857142857
5382	-1.47142857142857
5383	-1.54285714285714
5384	-1.45142857142857
5385	-1.51142857142857
5386	-1.46
5387	-1.36857142857143
5388	-1.21714285714286
5389	-1.16857142857143
5390	-0.945714285714285
5391	-1.1
5392	-0.908571428571428
5393	-1.04857142857143
5394	-0.957142857142857
5395	-0.905714285714286
5396	-1.14857142857143
5397	-1.08857142857143
5398	-0.905714285714286
5399	-1.00857142857143
5400	-1.02857142857143
5401	-1.01714285714286
5402	-0.997142857142857
5403	-0.682857142857143
5404	-0.725714285714286
5405	-0.622857142857143
5406	-0.4
5407	-0.571428571428571
5408	-0.582857142857143
5409	-0.654285714285714
5410	-0.642857142857143
5411	-0.48
5412	-0.602857142857143
5413	-0.745714285714286
5414	-0.665714285714286
5415	-0.8
5416	-0.911428571428571
5417	-1.04285714285714
5418	-0.871428571428572
5419	-0.831428571428572
5420	-0.822857142857143
5421	-0.7
5422	-0.768571428571428
5423	-0.84
5424	-0.868571428571428
5425	-0.757142857142857
5426	-0.768571428571428
5427	-0.768571428571428
5428	-1.08285714285714
5429	-1.20285714285714
5430	-1.32571428571429
5431	-1.25428571428571
5432	-1.21428571428571
5433	-1.29428571428571
5434	-1.29428571428571
5435	-1.28571428571429
5436	-1.64
5437	-1.49714285714286
5438	-1.29428571428571
5439	-1.42571428571429
5440	-1.50571428571429
5441	-1.39428571428571
5442	-1.24285714285714
5443	-1.39428571428571
5444	-1.35428571428571
5445	-1.33428571428571
5446	-1.35714285714286
5447	-1.42857142857143
5448	-1.5
5449	-1.53142857142857
5450	-1.59142857142857
5451	-1.65142857142857
5452	-1.64
5453	-1.50857142857143
5454	-1.46857142857143
5455	-1.37714285714286
5456	-1.59142857142857
5457	-1.56
5458	-1.48
5459	-1.36857142857143
5460	-1.28857142857143
5461	-1.12857142857143
5462	-1.06857142857143
5463	-1.25142857142857
5464	-1.23142857142857
5465	-1.14
5466	-1.17142857142857
5467	-1.22285714285714
5468	-1.16285714285714
5469	-1.20285714285714
5470	-1.20285714285714
5471	-1.33142857142857
5472	-1.25142857142857
5473	-1.16
5474	-1.06
5475	-1.05142857142857
5476	-0.868571428571429
5477	-0.808571428571429
5478	-0.84
5479	-0.585714285714286
5480	-0.525714285714286
5481	-0.414285714285714
5482	-0.314285714285714
5483	-0.334285714285714
5484	-0.385714285714286
5485	-0.485714285714286
5486	-0.342857142857143
5487	-0.454285714285714
5488	-0.434285714285714
5489	-0.514285714285714
5490	-0.534285714285714
5491	-0.502857142857143
5492	-0.642857142857143
5493	-0.562857142857143
5494	-0.491428571428572
5495	-0.36
5496	0.00285714285714289
5497	0.0942857142857145
5498	0.205714285714286
5499	0.245714285714286
5500	0.225714285714286
5501	0.0628571428571429
5502	0.0628571428571429
5503	0.0342857142857145
5504	-0.097142857142857
5505	-0.0857142857142856
5506	-0.277142857142857
5507	-0.368571428571428
5508	-0.368571428571428
5509	-0.205714285714286
5510	-0.00285714285714289
5511	-0.185714285714286
5512	-0.0742857142857141
5513	-0.054285714285714
5514	0.0971428571428574
5515	0.177142857142857
5516	0.237142857142857
5517	0.388571428571429
5518	0.368571428571428
5519	0.265714285714286
5520	0.225714285714286
5521	0.0314285714285718
5522	-0.131428571428572
5523	-0.294285714285714
5524	-0.385714285714286
5525	-0.365714285714286
5526	-0.214285714285714
5527	-0.205714285714286
5528	-0.0657142857142854
5529	-0.0371428571428571
5530	-0.12
5531	0.082857142857143
5532	0.0542857142857143
5533	-0.0857142857142856
5534	-0.357142857142857
5535	-0.48
5536	-0.408571428571429
5537	-0.54
5538	-0.64
5539	-0.7
5540	-0.911428571428571
5541	-0.971428571428572
5542	-1.03142857142857
5543	-1.07142857142857
5544	-1.15142857142857
5545	-1.26285714285714
5546	-1.19142857142857
5547	-1.21142857142857
5548	-1.19142857142857
5549	-1.26
5550	-1.34
5551	-1.42
5552	-1.39714285714286
5553	-1.60857142857143
5554	-1.72
5555	-1.78
5556	-1.92285714285714
5557	-1.87142857142857
5558	-1.58857142857143
5559	-1.52
5560	-1.5
5561	-1.32571428571429
5562	-1.28571428571429
5563	-1.11142857142857
5564	-0.991428571428572
5565	-0.8
5566	-0.931428571428572
5567	-0.851428571428572
5568	-0.88
5569	-0.9
5570	-0.728571428571429
5571	-0.697142857142857
5572	-0.637142857142857
5573	-0.665714285714286
5574	-0.657142857142857
5575	-0.414285714285714
5576	-0.445714285714286
5577	-0.528571428571428
5578	-0.174285714285714
5579	-0.0828571428571427
5580	-0.0228571428571429
5581	0.0485714285714285
5582	0.0971428571428574
5583	0.045714285714286
5584	0.137142857142857
5585	0.168571428571429
5586	-0.117142857142857
5587	-0.217142857142857
5588	-0.137142857142857
5589	-0.257142857142857
5590	-0.368571428571428
5591	-0.125714285714286
5592	-0.105714285714286
5593	-0.00571428571428556
5594	0.165714285714286
5595	0.0257142857142862
5596	-0.117142857142857
5597	-0.137142857142857
5598	-0.108571428571428
5599	-0.128571428571429
5600	-0.311428571428571
5601	-0.28
5602	-0.308571428571428
5603	-0.471428571428572
5604	-0.622857142857143
5605	-0.408571428571428
5606	-0.408571428571428
5607	-0.54
5608	-0.54
5609	-0.571428571428571
5610	-0.551428571428571
5611	-0.471428571428572
5612	-0.442857142857143
5613	-0.534285714285714
5614	-0.665714285714286
5615	-0.614285714285714
5616	-0.745714285714286
5617	-0.857142857142857
5618	-0.908571428571429
5619	-0.908571428571429
5620	-0.86
5621	-0.96
5622	-0.937142857142857
5623	-0.905714285714286
5624	-0.682857142857143
5625	-0.662857142857143
5626	-0.714285714285714
5627	-0.451428571428572
5628	-0.511428571428571
5629	-0.217142857142857
5630	-0.471428571428572
5631	-0.36
5632	-0.268571428571428
5633	-0.34
5634	-0.277142857142857
5635	-0.368571428571428
5636	-0.368571428571428
5637	-0.305714285714286
5638	-0.357142857142857
5639	-0.317142857142857
5640	-0.317142857142857
5641	-0.142857142857143
5642	-0.0514285714285714
5643	-0.0800000000000001
5644	-0.24
5645	-0.248571428571429
5646	-0.117142857142857
5647	-0.108571428571429
5648	-0.16
5649	-0.342857142857143
5650	-0.311428571428571
5651	-0.471428571428571
5652	-0.765714285714286
5653	-0.877142857142857
5654	-1.12
5655	-1.06
5656	-1.22285714285714
5657	-1.22285714285714
5658	-1.19142857142857
5659	-1.37428571428571
5660	-1.27142857142857
5661	-1.18857142857143
5662	-1.24857142857143
5663	-1.06571428571429
5664	-0.994285714285714
5665	-1.01428571428571
5666	-1.20857142857143
5667	-1.26857142857143
5668	-1.22
5669	-1.02
5670	-0.868571428571428
5671	-0.9
5672	-1.01142857142857
5673	-1.03142857142857
5674	-0.991428571428572
5675	-0.911428571428571
5676	-0.771428571428571
5677	-0.72
5678	-0.76
5679	-0.751428571428572
5680	-0.72
5681	-0.72
5682	-0.791428571428572
5683	-0.882857142857143
5684	-0.842857142857143
5685	-0.945714285714286
5686	-1.07714285714286
5687	-1.06571428571429
5688	-1.20857142857143
5689	-1.18857142857143
5690	-1.14857142857143
5691	-1.06857142857143
5692	-1.04857142857143
5693	-0.977142857142857
5694	-0.894285714285714
5695	-1.19714285714286
5696	-1.07428571428571
5697	-0.811428571428571
5698	-0.74
5699	-0.82
5700	-1.05142857142857
5701	-0.817142857142857
5702	-0.685714285714285
5703	-0.594285714285714
5704	-0.4
5705	-0.471428571428571
5706	-0.348571428571429
5707	-0.0742857142857143
5708	-0.0342857142857143
5709	-0.0428571428571427
5710	-0.0628571428571432
5711	0.0171428571428573
5712	0.125714285714286
5713	0.0742857142857143
5714	0.185714285714286
5715	0.134285714285714
5716	0.165714285714286
5717	0.237142857142857
5718	0.177142857142857
5719	-0.0771428571428574
5720	0.0228571428571427
5721	0.154285714285714
5722	-0.0371428571428574
5723	-0.0485714285714285
5724	0.0228571428571427
5725	0.174285714285714
5726	-0.12
5727	-0.242857142857143
5728	-0.1
5729	-0.314285714285714
5730	-0.394285714285714
5731	-0.262857142857143
5732	-0.557142857142857
5733	-0.517142857142857
5734	-0.488571428571428
5735	-0.234285714285714
5736	-0.265714285714286
5737	-0.277142857142857
5738	-0.437142857142857
5739	-0.62
5740	-0.517142857142857
5741	-0.568571428571429
5742	-0.437142857142857
5743	-0.457142857142857
5744	-0.294285714285714
5745	-0.314285714285714
5746	-0.557142857142857
5747	-0.457142857142857
5748	-0.242857142857143
5749	-0.182857142857143
5750	-0.234285714285714
5751	-0.194285714285714
5752	-0.142857142857143
5753	-0.214285714285714
5754	-0.0828571428571427
5755	-0.0228571428571429
5756	-0.277142857142857
5757	0.0285714285714285
5758	-0.0914285714285714
5759	-0.0600000000000001
5760	-0.222857142857143
5761	-0.262857142857143
5762	-0.382857142857143
5763	-0.242857142857143
5764	-0.182857142857143
5765	-0.265714285714286
5766	-0.337142857142857
5767	-0.631428571428571
5768	-0.662857142857143
5769	-0.845714285714286
5770	-0.794285714285714
5771	-0.885714285714286
5772	-1.05714285714286
5773	-1.37142857142857
5774	-1.60285714285714
5775	-1.62285714285714
5776	-1.5
5777	-1.53142857142857
5778	-1.65428571428571
5779	-1.77428571428571
5780	-1.78285714285714
5781	-1.77142857142857
5782	-1.98571428571429
5783	-1.88571428571429
5784	-1.94571428571429
5785	-2.00571428571429
5786	-2.00571428571429
5789	-1.88571428571429
5790	-1.72285714285714
5791	-1.72285714285714
5792	-1.72285714285714
5793	-1.63142857142857
5794	-1.44857142857143
5795	-1.41714285714286
5796	-1.22285714285714
5797	-1.22285714285714
5798	-1.08
5799	-0.694285714285714
5800	-0.654285714285714
5801	-0.757142857142857
5802	-0.897142857142857
5803	-0.674285714285714
5804	-0.614285714285714
5805	-0.442857142857143
5806	-0.454285714285714
5807	-0.514285714285714
5808	-0.514285714285714
5809	-0.485714285714285
5810	-0.497142857142857
5811	-0.457142857142857
5812	-0.477142857142857
5813	-0.477142857142857
5814	-0.568571428571429
5815	-0.711428571428572
5816	-0.72
5817	-0.648571428571429
5818	-0.72
5819	-0.882857142857143
5820	-0.925714285714286
5821	-1.02
5822	-0.928571428571429
5823	-1.03142857142857
5825	-1.16571428571429
5826	-1.07428571428571
5827	-0.994285714285714
5828	-1.12571428571429
5829	-1.10571428571429
5831	-1.18571428571429
5832	-1.07428571428571
5833	-0.737142857142857
5834	-0.777142857142857
5835	-0.694285714285714
5836	-0.591428571428571
5837	-0.52
5838	-0.428571428571428
5839	-0.368571428571428
5840	-0.428571428571428
5841	-0.328571428571429
5842	-0.38
5843	-0.165714285714286
5844	-0.0342857142857143
5845	-0.014285714285714
5846	0.00571428571428578
5847	0.077142857142857
5848	0.137142857142857
5849	0.0171428571428571
5850	0.00571428571428578
5851	0.077142857142857
5852	0.157142857142857
5853	0.165714285714286
5854	0.154285714285714
5855	0.234285714285714
5856	0.242857142857143
5857	0.2
5858	-0.157142857142857
5859	0.0857142857142859
5860	0.0428571428571431
5861	-0.04
5862	-0.0114285714285715
5863	-0.0828571428571429
5864	0.0399999999999999
5865	0.12
5866	0.0885714285714286
5867	0.148571428571428
5868	-0.00571428571428567
5893	-0.585714285714286
5894	-0.634285714285714
5895	-0.682857142857143
5896	-0.631428571428572
5897	-0.357142857142857
5898	-0.357142857142857
5899	-0.162857142857143
5900	-0.182857142857143
5901	-0.111428571428571
5902	-0.0485714285714283
5903	0.0228571428571431
5904	-0.0371428571428569
5905	-0.137142857142857
5906	-0.208571428571429
5907	-0.328571428571429
5908	-0.348571428571429
5909	-0.225714285714286
5910	-0.337142857142857
5911	-0.297142857142857
5912	-0.308571428571428
5913	-0.205714285714286
5914	0.0371428571428569
5915	-0.328571428571429
5916	-0.328571428571429
5917	-0.228571428571428
5918	-0.188571428571428
5919	-0.108571428571428
5920	-0.0485714285714283
5921	-0.1
5922	-0.171428571428571
5923	-0.191428571428571
5924	-0.334285714285714
5925	-0.374285714285714
5926	-0.465714285714286
5927	-0.425714285714286
5928	-0.517142857142857
5929	-0.454285714285714
5930	-0.362857142857143
5931	-0.371428571428571
5932	-0.16
5933	-0.128571428571429
5934	-0.108571428571428
5935	-0.117142857142857
5936	-0.137142857142857
5937	-0.228571428571428
5938	-0.3
5939	-0.471428571428572
5940	-0.411428571428571
5941	-0.482857142857143
5942	-0.582857142857143
5943	-0.702857142857143
5944	-0.662857142857143
5945	-0.714285714285714
5946	-0.682857142857143
5947	-0.834285714285714
5948	-0.854285714285714
5949	-0.885714285714286
5950	-0.6
5951	-0.568571428571429
5952	-0.64
5953	-0.557142857142857
5954	-0.648571428571429
5955	-0.64
5956	-0.64
5957	-0.68
5958	-0.6
5959	-0.528571428571428
5960	-0.46
5961	-0.4
5962	-0.237142857142857
5963	-0.328571428571429
5964	-0.4
5965	-0.237142857142857
5966	-0.257142857142857
5967	-0.125714285714286
5968	-0.137142857142857
5969	-0.137142857142857
5970	-0.117142857142857
5971	0.045714285714286
5972	-0.0457142857142854
5973	0.00571428571428578
5974	-0.114285714285714
5975	-0.48
5976	-0.337142857142857
5977	-0.448571428571428
5978	-0.611428571428571
5979	-0.622857142857143
5980	-0.562857142857143
5981	-0.534285714285714
5982	-0.534285714285714
5983	-0.705714285714286
5984	-0.88
5985	-0.808571428571429
5986	-0.828571428571429
5987	-0.931428571428571
5988	-0.871428571428571
5989	-0.811428571428571
5990	-0.994285714285714
5991	-0.934285714285714
5992	-1.00571428571429
5993	-0.945714285714286
5994	-1.06571428571429
5995	-1.14571428571429
6021	-0.525714285714286
6022	-1.03428571428571
6023	-1.55142857142857
6024	-2.02285714285714
6025	-2.34857142857143
6026	-2.70571428571429
6027	-3.16285714285714
6028	-3.64857142857143
6029	-4.22
6030	-4.78
6031	-4.60571428571429
6032	-4.66571428571429
6033	-4.76571428571429
6034	-4.77428571428571
6035	-4.81428571428571
6036	-4.81428571428571
6037	-4.83428571428571
6038	-4.85428571428571
6039	-4.92571428571429
6040	-4.90571428571429
6041	-4.90571428571429
6042	-4.86571428571429
6043	-4.71714285714286
6044	-4.89142857142857
6045	-4.89142857142857
6046	-4.22285714285714
6047	-3.65428571428571
6048	-3.09714285714286
6049	-2.69714285714286
6050	-2.33142857142857
6051	-1.97428571428571
