19	0.213675213675214
20	0.176638176638176
21	0.176638176638176
22	0.13960113960114
23	0.13960113960114
24	0.293447293447294
25	0.293447293447294
26	0.296296296296296
27	0.145299145299145
28	0.299145299145299
29	0.145299145299145
30	-0.0056980056980056
31	-0.0826210826210827
32	-0.0455840455840456
33	-0.0455840455840456
34	0.0683760683760685
35	0.0683760683760685
36	0.0313390313390315
37	0.0683760683760685
38	0.105413105413105
39	0.219373219373219
40	0.219373219373219
41	0.259259259259259
42	0.293447293447294
43	0.17948717948718
44	0.0655270655270653
45	0.142450142450142
46	0.222222222222222
47	0.336182336182336
48	0.413105413105413
49	0.259259259259259
50	0.336182336182336
51	0.222222222222222
52	0.336182336182336
53	0.145299145299145
54	0.185185185185185
55	0.259259259259259
56	0.259259259259259
57	0.299145299145299
58	0.262108262108262
59	0.185185185185185
60	0.225071225071225
61	0.262108262108262
62	0.108262108262108
63	0.262108262108262
64	0.0740740740740738
65	0
66	-0.150997150997151
67	-0.148148148148148
68	-0.0341880341880343
69	0.0398860398860397
70	0.0826210826210823
71	-0.0712250712250715
72	-0.145299145299145
73	-0.145299145299145
74	-0.182336182336182
75	-0.0284900284900287
76	0.313390313390313
77	0.427350427350427
78	0.427350427350427
79	0.313390313390313
80	0.316239316239316
81	0.393162393162393
82	0.43019943019943
83	0.504273504273504
84	0.504273504273504
85	0.504273504273504
86	0.393162393162393
87	0.358974358974359
88	0.319088319088319
89	0.319088319088319
90	0.393162393162393
91	0.541310541310541
92	0.615384615384615
93	0.652421652421652
94	0.652421652421652
95	0.763532763532764
96	0.840455840455841
97	0.803418803418804
98	0.652421652421652
99	0.535612535612535
100	0.387464387464387
101	0.156695156695157
102	-0.0712250712250715
103	-0.145299145299145
104	-0.0313390313390314
105	0.0056980056980056
106	-0.0712250712250715
107	-0.108262108262108
108	-0.142450142450142
109	-0.216524216524216
110	-0.293447293447293
111	-0.0626780626780625
112	0.279202279202279
113	0.165242165242165
114	0.128205128205128
115	0.205128205128205
116	0.168091168091168
117	0.0541310541310538
118	-0.0199430199430202
119	0.0199430199430197
120	0.0569800569800567
121	-0.136752136752137
122	-0.102564102564103
123	-0.0655270655270657
124	-0.102564102564103
125	-0.0683760683760684
126	-0.0683760683760684
127	0.0056980056980056
128	0.0826210826210823
129	0.0826210826210823
130	0.0826210826210823
131	0.0826210826210823
132	0.196581196581197
133	0.193732193732193
134	0.267806267806268
135	0.267806267806268
136	0.111111111111111
152	-0.0455840455840456
153	0.0284900284900284
165	-0.00854700854700863
166	0.0655270655270653
167	0.0655270655270653
170	-0.00854700854700863
171	0.0284900284900284
172	0.142450142450142
173	0.219373219373219
174	0.17948717948718
175	-0.0056980056980056
176	-0.0427350427350427
188	-0.156695156695157
189	0.0341880341880343
190	-0.0427350427350427
191	-0.00284900284900291
192	0.262108262108262
193	0.262108262108262
194	0.185185185185185
195	0.222222222222222
196	0.185185185185185
197	0.108262108262108
198	0.0313390313390315
199	-0.0056980056980056
200	0.222222222222222
201	0.185185185185185
202	0.336182336182336
203	0.185185185185185
204	0.185185185185185
205	0.262108262108262
206	0.225071225071225
207	0.111111111111111
208	0.225071225071225
209	0
210	-0.0769230769230768
211	0.0740740740740738
212	0.111111111111111
213	0.0712250712250714
214	-0.0826210826210827
215	-0.0826210826210827
216	0.0313390313390315
218	-0.0455840455840456
219	-0.0455840455840456
220	0.0313390313390315
221	0.0313390313390315
222	0.185185185185185
223	0.0740740740740738
224	0.111111111111111
225	0.0313390313390315
226	0.105413105413105
227	0.0284900284900284
228	0.17948717948718
229	0.216524216524217
230	0.0655270655270653
231	0.13960113960114
232	0.13960113960114
233	0.0284900284900284
234	0.176638176638176
235	0.176638176638176
236	0.293447293447294
237	0.524216524216524
238	0.601139601139601
239	0.564102564102564
240	0.717948717948718
241	0.564102564102564
242	0.601139601139601
243	0.487179487179487
244	0.524216524216524
245	0.37037037037037
246	0.407407407407407
247	0.290598290598291
248	0.441595441595442
249	0.478632478632479
250	0.515669515669516
251	0.515669515669516
252	0.555555555555556
253	0.441595441595442
254	0.441595441595442
255	0.515669515669516
256	0.518518518518518
257	0.632478632478632
259	0.62962962962963
260	0.62962962962963
271	0.213675213675214
272	0.253561253561254
273	0.213675213675214
274	0.213675213675214
275	0.367521367521368
276	0.330484330484331
277	0.290598290598291
278	0.327635327635328
279	0.290598290598291
280	0.444444444444444
281	0.441595441595442
282	0.327635327635328
283	0.481481481481481
284	0.558404558404558
285	0.635327635327635
286	0.521367521367521
287	0.447293447293447
288	0.484330484330484
289	0.638176638176638
290	0.752136752136752
291	0.905982905982906
292	0.94017094017094
293	0.863247863247863
294	0.823361823361823
295	0.863247863247863
296	0.863247863247863
297	0.823361823361823
298	0.749287749287749
299	0.638176638176638
300	0.484330484330484
301	0.598290598290598
302	0.715099715099715
303	0.715099715099715
304	0.754985754985755
305	0.601139601139601
306	0.601139601139601
307	0.638176638176638
308	0.487179487179487
309	0.41025641025641
310	0.296296296296296
311	0.333333333333333
312	0.447293447293447
313	0.37037037037037
314	0.17948717948718
315	0.142450142450142
316	0.105413105413105
317	0.182336182336182
318	0.219373219373219
319	0.182336182336182
320	0.142450142450142
321	0.0655270655270653
322	0.105413105413105
323	0.105413105413105
324	0.37037037037037
325	0.41025641025641
326	0.296296296296296
327	0.17948717948718
328	0.219373219373219
329	0.216524216524217
330	0.333333333333333
331	0.185185185185185
332	0.185185185185185
333	0.222222222222222
334	0.259259259259259
335	0.296296296296296
336	0.259259259259259
337	0.145299145299145
338	0.222222222222222
339	0.222222222222222
340	0.145299145299145
341	0.0284900284900284
345	-0.156695156695157
346	-0.156695156695157
366	0.0655270655270653
367	0.102564102564102
368	0.13960113960114
369	0.13960113960114
370	0.176638176638176
371	0.102564102564102
372	0.216524216524217
373	0.216524216524217
374	0.253561253561254
375	0.13960113960114
376	0.176638176638176
377	0.213675213675214
378	0.481481481481481
379	0.555555555555556
380	0.518518518518518
381	0.478632478632479
382	0.555555555555556
383	0.555555555555556
384	0.404558404558405
385	0.404558404558405
386	0.404558404558405
387	0.404558404558405
388	0.176638176638176
389	0.102564102564102
390	0.17948717948718
391	0.0655270655270653
392	0.102564102564102
393	0.102564102564102
394	0.256410256410256
395	0.293447293447294
396	0.521367521367521
397	0.561253561253561
398	0.675213675213675
399	0.675213675213675
400	0.638176638176638
401	0.678062678062678
402	0.678062678062678
403	0.524216524216524
404	0.524216524216524
405	0.561253561253561
406	0.564102564102564
407	0.373219373219373
408	0.336182336182336
409	0.373219373219373
410	0.373219373219373
411	0.373219373219373
412	0.487179487179487
413	0.561253561253561
414	0.752136752136752
415	0.675213675213675
416	0.712250712250712
417	0.749287749287749
418	0.749287749287749
419	0.595441595441595
420	0.481481481481481
421	0.327635327635328
436	0.478632478632479
437	0.401709401709402
438	0.401709401709402
442	0.213675213675214
443	0.253561253561254
444	0.293447293447294
445	0.330484330484331
446	0.407407407407407
447	0.558404558404558
448	0.786324786324786
449	0.786324786324786
450	0.749287749287749
451	0.635327635327635
452	0.558404558404558
453	0.561253561253561
454	0.447293447293447
455	0.45014245014245
456	0.566951566951567
457	0.52991452991453
458	0.606837606837607
459	0.683760683760684
460	0.56980056980057
461	0.376068376068376
462	0.376068376068376
463	0.376068376068376
464	0.452991452991453
465	0.52991452991453
466	0.52991452991453
467	0.603988603988604
468	0.564102564102564
469	0.524216524216524
470	0.45014245014245
471	0.487179487179487
472	0.41025641025641
473	0.373219373219373
474	0.603988603988604
475	0.603988603988604
476	0.566951566951567
477	0.52991452991453
478	0.643874643874644
479	0.643874643874644
480	0.641025641025641
481	0.601139601139601
482	0.527065527065527
483	0.373219373219373
484	0.336182336182336
485	0.262108262108262
486	0.492877492877493
487	0.646723646723647
488	0.686609686609686
489	0.763532763532764
490	0.800569800569801
491	0.800569800569801
492	0.763532763532764
493	0.763532763532764
494	0.726495726495726
495	0.877492877492878
496	0.800569800569801
497	0.994301994301995
498	0.840455840455841
499	0.458689458689458
500	0.495726495726496
501	0.683760683760684
502	0.837606837606838
503	0.720797720797721
504	0.757834757834758
505	0.720797720797721
506	0.683760683760684
507	0.951566951566952
508	1.02849002849003
509	1.06552706552707
510	1.1025641025641
511	0.871794871794872
512	0.717948717948718
513	0.717948717948718
514	0.527065527065527
515	0.413105413105413
516	0.413105413105413
517	0.373219373219373
518	0.299145299145299
519	0.336182336182336
520	0.262108262108262
521	0.264957264957265
522	0.185185185185185
523	0.111111111111111
524	0.225071225071225
525	0.301994301994302
526	0.301994301994302
527	0.185185185185185
528	0.378917378917379
529	0.341880341880342
530	0.378917378917379
531	0.301994301994302
532	0.145299145299145
533	0.105413105413105
534	0.0655270655270653
535	0.17948717948718
536	0.256410256410256
537	0.296296296296296
538	0.256410256410256
539	0.293447293447294
540	0.333333333333333
541	0.524216524216524
542	0.487179487179487
543	0.561253561253561
544	0.561253561253561
545	0.558404558404558
546	0.555555555555556
547	0.478632478632479
548	0.62962962962963
549	0.552706552706553
550	0.364672364672365
551	0.364672364672365
552	0.327635327635328
553	0.327635327635328
554	0.290598290598291
555	0.290598290598291
556	0.327635327635328
557	0.521367521367521
558	0.561253561253561
559	0.524216524216524
560	0.524216524216524
561	0.527065527065527
562	0.413105413105413
563	0.376068376068376
564	0.452991452991453
565	0.376068376068376
566	0.299145299145299
567	0.376068376068376
568	0.339031339031339
569	0.264957264957265
570	0.264957264957265
571	0.230769230769231
572	0.196581196581197
573	0.199430199430199
574	0.162393162393162
575	0.236467236467236
576	0.122507122507122
577	0.0854700854700854
578	-0.108262108262108
579	-0.0313390313390314
580	-0.0683760683760684
581	-0.142450142450142
582	-0.413105413105413
583	-0.376068376068376
584	-0.299145299145299
585	-0.373219373219373
586	-0.373219373219373
587	-0.0683760683760684
588	-0.108262108262108
589	-0.185185185185185
590	-0.111111111111111
591	-0.262108262108262
592	-0.376068376068376
593	-0.413105413105413
594	-0.336182336182336
595	-0.336182336182336
596	-0.301994301994302
597	-0.190883190883191
600	-0.11965811965812
601	-0.156695156695157
602	-0.0056980056980056
603	0.0341880341880343
604	0.0341880341880343
605	0.225071225071225
606	0.299145299145299
607	0.339031339031339
608	0.339031339031339
609	0.339031339031339
610	0.45014245014245
611	0.524216524216524
612	0.219373219373219
613	0.296296296296296
614	0.148148148148148
615	0.227920227920228
616	0.341880341880342
617	0.535612535612535
618	0.686609686609686
619	0.723646723646724
620	0.723646723646724
621	0.649572649572649
622	0.538461538461538
623	0.615384615384615
624	0.652421652421652
625	0.575498575498575
626	0.575498575498575
627	0.538461538461538
628	0.615384615384615
629	0.538461538461538
630	0.384615384615385
631	0.538461538461538
632	0.464387464387464
633	0.387464387464387
634	0.541310541310541
635	0.427350427350427
636	0.427350427350427
637	0.578347578347578
638	0.581196581196581
639	0.581196581196581
640	0.541310541310541
641	0.464387464387464
642	0.384615384615385
643	0.307692307692308
644	0.267806267806268
645	0.193732193732193
646	0.230769230769231
647	0.264957264957265
648	0.150997150997151
649	0.113960113960114
650	0.113960113960114
651	0.150997150997151
652	0.111111111111111
653	-0.0427350427350427
654	0.0313390313390315
655	-0.0056980056980056
656	-0.116809116809117
657	-0.156695156695157
658	-0.193732193732194
679	0.102564102564102
680	0.13960113960114
684	0.361823361823362
685	0.361823361823362
694	0.287749287749288
695	0.324786324786325
697	0.250712250712251
698	0.253561253561254
699	0.176638176638176
700	0.213675213675214
702	0.250712250712251
703	0.404558404558405
704	0.327635327635328
705	0.327635327635328
706	0.444444444444444
707	0.444444444444444
708	0.37037037037037
709	0.37037037037037
710	0.333333333333333
711	0.407407407407407
712	0.447293447293447
713	0.447293447293447
714	0.484330484330484
715	0.447293447293447
716	0.484330484330484
717	0.524216524216524
718	0.524216524216524
719	0.444444444444444
720	0.407407407407407
721	0.444444444444444
722	0.367521367521368
723	0.364672364672365
724	0.327635327635328
725	0.367521367521368
726	0.216524216524217
727	0.13960113960114
752	0.213675213675214
753	0.250712250712251
754	0.250712250712251
755	0.364672364672365
756	0.327635327635328
757	0.327635327635328
758	0.401709401709402
759	0.438746438746439
761	0.475783475783476
834	-0.00854700854700863
835	0.0683760683760685
836	0.0284900284900284
838	-0.0056980056980056
839	-0.00284900284900291
840	-0.0398860398860398
841	-0.11965811965812
842	-0.193732193732194
845	-0.153846153846154
846	0.227920227920228
847	0.188034188034188
848	0.150997150997151
849	0.188034188034188
850	0.301994301994302
851	0.264957264957265
852	0.116809116809117
853	0.153846153846154
854	0.190883190883191
855	0.190883190883191
856	-0.0370370370370372
857	-0.0370370370370372
858	0.0769230769230769
859	0
860	-0.113960113960114
861	-0.0370370370370372
862	0.037037037037037
863	-0.0398860398860398
864	-0.0427350427350427
865	0.0712250712250714
866	0.188034188034188
867	0.339031339031339
868	0.376068376068376
869	0.339031339031339
870	0.259259259259259
932	0.102564102564102
933	0.102564102564102
934	0.102564102564102
935	0.102564102564102
936	0.102564102564102
939	0.176638176638176
940	0.176638176638176
941	0.176638176638176
942	0.330484330484331
943	0.521367521367521
944	0.444444444444444
945	0.407407407407407
946	0.367521367521368
947	0.253561253561254
948	0.102564102564102
1040	-0.452991452991453
1041	-0.452991452991453
1042	-0.49002849002849
1043	-0.49002849002849
1044	-0.341880341880342
1045	-0.153846153846154
1046	-0.113960113960114
1047	0
1048	-0.0370370370370372
1049	-0.0370370370370372
1050	-0.0398860398860398
1051	0.0398860398860397
1052	-0.0370370370370372
1053	0.0769230769230769
1054	0.037037037037037
1055	0.0740740740740738
1056	0.037037037037037
1057	-0.0769230769230768
1058	-0.113960113960114
1059	-0.150997150997151
1060	-0.225071225071225
1061	-0.113960113960114
1062	-0.153846153846154
1182	-0.49002849002849
1186	-0.299145299145299
1187	-0.256410256410257
1188	-0.299145299145299
1189	-0.148148148148148
1190	-0.264957264957265
1191	-0.188034188034188
1192	-0.264957264957265
1193	-0.339031339031339
1194	-0.262108262108262
1195	-0.188034188034188
1196	-0.150997150997151
1197	-0.0769230769230768
1198	-0.0427350427350427
1199	-0.0797720797720799
1200	-0.0797720797720799
1201	0.0712250712250714
1202	0.185185185185185
1203	0.262108262108262
1204	0.185185185185185
1205	0.222222222222222
1206	0.185185185185185
1207	0.0712250712250714
1208	0.0341880341880343
1209	0.0712250712250714
1210	0.108262108262108
1248	-0.267806267806268
1372	-0.598290598290598
1373	-0.598290598290598
1374	-0.561253561253561
1375	-0.635327635327635
1376	-0.521367521367521
1377	-0.558404558404558
1378	-0.484330484330484
1379	-0.521367521367521
1380	-0.558404558404558
1381	-0.558404558404558
1382	-0.558404558404558
1383	-0.558404558404558
1384	-0.595441595441595
1385	-0.558404558404558
1386	-0.521367521367521
1387	-0.521367521367521
1388	-0.447293447293447
1389	-0.447293447293447
1390	-0.373219373219373
1391	-0.299145299145299
1392	-0.49002849002849
1410	-0.267806267806268
1411	-0.264957264957265
1412	-0.301994301994302
1413	-0.413105413105413
1414	-0.447293447293447
1415	-0.521367521367521
1416	-0.595441595441595
1417	-0.484330484330484
1418	-0.521367521367521
1419	-0.447293447293447
1420	-0.41025641025641
1421	-0.299145299145299
1422	-0.413105413105413
1428	-0.749287749287749
1429	-0.823361823361823
1430	-0.823361823361823
1431	-0.666666666666667
1432	-0.743589743589744
1433	-0.86039886039886
1444	-0.86039886039886
1445	-0.897435897435898
1446	-0.934472934472935
1447	-0.823361823361823
1448	-0.823361823361823
1449	-0.746438746438746
1450	-0.82051282051282
1451	-0.857549857549857
1452	-0.82051282051282
1453	-0.897435897435898
1454	-0.86039886039886
1455	-0.934472934472935
1459	-0.86039886039886
1488	-0.264957264957265
1489	-0.339031339031339
1490	-0.299145299145299
1491	-0.259259259259259
1492	-0.373219373219373
1493	-0.41025641025641
1494	-0.481481481481482
1495	-0.595441595441595
1496	-0.595441595441595
1497	-0.484330484330484
1498	-0.336182336182336
1499	-0.299145299145299
1500	-0.373219373219373
1501	-0.638176638176638
1502	-0.638176638176638
1503	-0.675213675213675
1504	-0.561253561253561
1505	-0.672364672364672
1506	-0.786324786324786
1507	-0.823361823361823
1510	-0.746438746438746
1511	-0.672364672364672
1512	-0.635327635327635
1514	-0.487179487179487
1515	-0.413105413105413
1516	-0.452991452991453
1517	-0.415954415954416
1518	-0.339031339031339
1519	-0.267806267806268
1520	-0.113960113960114
1521	-0.0370370370370372
1522	0.00284900284900291
1523	-0.145299145299145
1524	-0.219373219373219
1525	-0.0683760683760684
1526	0.119658119658119
1527	0.0826210826210823
1528	0.159544159544159
1529	0.0826210826210823
1530	0.07977207977208
1531	0.153846153846154
1532	0.267806267806268
1533	0.495726495726496
1534	0.498575498575498
1535	0.344729344729345
1536	0.267806267806268
1537	0.267806267806268
1538	0.304843304843304
1539	0.150997150997151
1540	0.037037037037037
1541	0
1542	0.0398860398860397
1543	0
1544	0.0398860398860397
1545	-0.113960113960114
1546	-0.230769230769231
1547	-0.193732193732194
1548	-0.0455840455840456
1549	-0.00854700854700863
1555	0.13960113960114
1556	0.102564102564102
1563	-0.00854700854700863
1564	0.0313390313390315
1565	0.0712250712250714
1566	0.145299145299145
1567	0.0683760683760685
1568	0.0683760683760685
1569	0.0655270655270653
1570	0.105413105413105
1571	0.108262108262108
1572	0.0313390313390315
1573	-0.0056980056980056
1574	-0.0797720797720799
1575	-0.0797720797720799
1576	-0.0797720797720799
1577	-0.193732193732194
1578	-0.190883190883191
1579	-0.267806267806268
1586	-0.301994301994302
1587	-0.378917378917379
1588	-0.341880341880342
1602	-0.153846153846154
1603	-0.156695156695157
1604	-0.156695156695157
1605	-0.116809116809117
1606	0.0712250712250714
1607	0.108262108262108
1608	0.0712250712250714
1609	0.145299145299145
1610	0.105413105413105
1623	-0.0826210826210827
1624	-0.11965811965812
1625	-0.0797720797720799
1626	0.0740740740740738
1627	-0.00854700854700863
1628	0.108262108262108
1629	0.0712250712250714
1630	0.0313390313390315
1631	-0.0427350427350427
1632	-0.0398860398860398
1633	-0.0398860398860398
1634	-0.0769230769230768
1635	0.113960113960114
1636	0.225071225071225
1637	0.188034188034188
1638	0.190883190883191
1639	0.230769230769231
1640	0.347578347578347
1641	0.273504273504273
1642	0.307692307692308
1643	0.233618233618234
1644	0.307692307692308
1645	0.458689458689458
1646	0.344729344729345
1647	0.344729344729345
1648	0.230769230769231
1649	0.116809116809117
1650	0.153846153846154
1651	0.037037037037037
1652	0.113960113960114
1653	-0.00284900284900291
1654	0.0341880341880343
1655	0.0740740740740738
1656	0.0712250712250714
1657	0.0313390313390315
1658	0.0683760683760685
1659	0.0683760683760685
1662	-0.00854700854700863
1681	0.250712250712251
1682	0.364672364672365
1683	0.364672364672365
1684	0.401709401709402
1685	0.478632478632479
1686	0.478632478632479
1687	0.438746438746439
1688	0.438746438746439
1689	0.475783475783476
1690	0.401709401709402
1691	0.401709401709402
1692	0.327635327635328
1693	0.253561253561254
1694	0.253561253561254
1695	0.13960113960114
1764	-0.193732193732194
1765	-0.193732193732194
1767	-0.156695156695157
1768	-0.230769230769231
1769	-0.267806267806268
1775	-0.11965811965812
1783	-0.193732193732194
1784	-0.156695156695157
1805	-0.0056980056980056
1806	-0.0427350427350427
1807	-0.0455840455840456
1808	-0.0826210826210827
1809	-0.0826210826210827
1810	-0.0056980056980056
1811	-0.0427350427350427
1812	-0.0427350427350427
1813	-0.0056980056980056
1814	0.0313390313390315
1815	-0.0056980056980056
1816	0.142450142450142
1817	0.259259259259259
1818	0.182336182336182
1819	0.182336182336182
1820	0.182336182336182
1821	0.111111111111111
1822	0.148148148148148
1823	0.148148148148148
1824	0.111111111111111
1825	-0.0398860398860398
1826	-0.00284900284900291
1827	-0.0398860398860398
1828	0.111111111111111
1829	-0.0056980056980056
1837	-0.267806267806268
1838	-0.264957264957265
1839	-0.264957264957265
1840	-0.227920227920228
1841	-0.227920227920228
1843	-0.267806267806268
1844	-0.304843304843305
1891	-0.230769230769231
1892	-0.193732193732194
1893	-0.11965811965812
1894	-0.11965811965812
1897	0.0284900284900284
1898	0.0284900284900284
1899	0.0284900284900284
1900	0.13960113960114
1901	0.102564102564102
1902	0.13960113960114
1903	0.0655270655270653
1904	0.219373219373219
1905	0.296296296296296
1906	0.296296296296296
1907	0.296296296296296
1908	0.41025641025641
1909	0.487179487179487
1910	0.45014245014245
1911	0.259259259259259
1912	0.145299145299145
1913	-0.00854700854700863
1914	-0.00854700854700863
1916	0.0284900284900284
1917	0.105413105413105
1918	0.0313390313390315
1919	-0.0056980056980056
1920	-0.0797720797720799
1921	-0.156695156695157
1928	-0.452991452991453
1945	-0.527065527065527
1946	-0.601139601139601
1947	-0.524216524216524
1948	-0.413105413105413
1949	-0.376068376068376
1950	-0.301994301994302
1951	-0.415954415954416
1952	-0.225071225071225
1953	-0.227920227920228
1954	-0.0769230769230768
1955	-0.113960113960114
1956	-0.188034188034188
1957	-0.190883190883191
1958	-0.378917378917379
1959	-0.264957264957265
1960	-0.264957264957265
1961	-0.341880341880342
1962	-0.225071225071225
1963	-0.188034188034188
1964	-0.188034188034188
1965	-0.299145299145299
1966	-0.301994301994302
1967	-0.452991452991453
1995	-0.564102564102564
1996	-0.487179487179487
1997	-0.675213675213675
1998	-0.638176638176638
2001	-0.45014245014245
2002	-0.378917378917379
2003	-0.415954415954416
2004	-0.376068376068376
2005	-0.264957264957265
2006	-0.304843304843305
2007	-0.116809116809117
2008	-0.227920227920228
2009	-0.190883190883191
2010	-0.153846153846154
2011	-0.116809116809117
2012	-0.0797720797720799
2013	-0.0427350427350427
2014	-0.0427350427350427
2015	-0.0797720797720799
2016	-0.0427350427350427
2017	-0.193732193732194
2051	-0.156695156695157
2052	-0.156695156695157
2053	-0.267806267806268
2072	-0.376068376068376
2073	-0.376068376068376
2088	-0.341880341880342
2089	-0.262108262108262
2090	-0.188034188034188
2091	-0.111111111111111
2092	-0.113960113960114
2093	-0.304843304843305
2094	-0.193732193732194
2095	-0.193732193732194
2096	-0.156695156695157
2148	-0.527065527065527
2150	-0.49002849002849
2151	-0.49002849002849
2152	-0.341880341880342
2153	-0.378917378917379
2154	-0.267806267806268
2166	-0.341880341880342
2167	-0.304843304843305
2168	-0.304843304843305
2169	-0.267806267806268
2170	-0.304843304843305
2186	-0.267806267806268
2187	-0.267806267806268
2198	-0.230769230769231
2203	-0.230769230769231
2204	-0.230769230769231
2205	-0.267806267806268
2221	-0.193732193732194
2222	-0.156695156695157
2235	-0.156695156695157
2253	0.102564102564102
2254	0.0655270655270653
2255	0.0655270655270653
2256	0.0284900284900284
2259	0.0284900284900284
2260	0.0284900284900284
2261	0.142450142450142
2262	0.17948717948718
2263	0.17948717948718
2264	0.17948717948718
2265	0.17948717948718
2266	0.142450142450142
2267	0.142450142450142
2268	0.0655270655270653
2269	0.0284900284900284
2271	0.142450142450142
2272	0.216524216524217
2273	0.216524216524217
2274	0.293447293447294
2275	0.256410256410256
2276	0.447293447293447
2277	0.333333333333333
2278	0.219373219373219
2279	0.256410256410256
2280	0.105413105413105
2281	0.105413105413105
2282	0.142450142450142
2283	0.216524216524217
2284	0.13960113960114
2310	-0.304843304843305
2311	-0.304843304843305
2312	-0.304843304843305
2313	-0.230769230769231
2320	-0.156695156695157
2321	-0.156695156695157
2322	-0.190883190883191
2323	-0.190883190883191
2324	-0.190883190883191
2325	-0.227920227920228
2326	-0.156695156695157
2327	-0.156695156695157
2328	-0.11965811965812
2329	-0.156695156695157
2330	-0.193732193732194
2343	-0.116809116809117
2344	-0.190883190883191
2345	-0.304843304843305
2346	-0.378917378917379
2351	-0.415954415954416
2352	-0.452991452991453
2353	-0.452991452991453
2354	-0.415954415954416
2355	-0.527065527065527
2356	-0.49002849002849
2360	-0.415954415954416
2361	-0.413105413105413
2362	-0.336182336182336
2363	-0.45014245014245
2364	-0.296296296296296
2365	-0.296296296296296
2366	-0.45014245014245
2367	-0.45014245014245
2372	-0.304843304843305
2373	-0.267806267806268
2374	-0.267806267806268
2375	-0.267806267806268
2379	-0.267806267806268
2380	-0.0797720797720799
2381	-0.00284900284900291
2382	-0.0797720797720799
2383	-0.0797720797720799
2384	0.0341880341880343
2385	-0.11965811965812
2412	0.0284900284900284
2413	0.0655270655270653
2414	0.0284900284900284
2415	0.105413105413105
2416	0.145299145299145
2417	0.222222222222222
2418	0.185185185185185
2419	0.225071225071225
2420	0.225071225071225
2421	0.225071225071225
2422	0.188034188034188
2423	0.227920227920228
2424	0.153846153846154
2425	0.193732193732193
2426	0.193732193732193
2427	0.153846153846154
2428	0.304843304843304
2429	0.418803418803419
2430	0.344729344729345
2431	0.196581196581197
2432	0.310541310541311
2433	0.233618233618234
2434	0.307692307692308
2435	0.270655270655271
2436	0.0769230769230769
2437	-0.0398860398860398
2438	-0.0398860398860398
2439	-0.153846153846154
2440	-0.267806267806268
2443	-0.267806267806268
2445	-0.341880341880342
2446	-0.304843304843305
2447	-0.267806267806268
2449	-0.156695156695157
2461	0.037037037037037
2462	-0.0370370370370372
2463	0.0427350427350428
2464	0.07977207977208
2465	0.119658119658119
2466	0.119658119658119
2467	0.0056980056980056
2468	-0.0712250712250715
2469	0.00284900284900291
2470	0.00284900284900291
2471	-0.0712250712250715
2472	0.00854700854700829
2473	0.0113960113960114
2474	-0.216524216524216
2475	-0.216524216524216
2476	-0.290598290598291
2477	-0.216524216524216
2478	-0.253561253561254
2479	-0.176638176638177
2480	-0.136752136752137
2481	-0.0598290598290601
2482	-0.213675213675214
2483	-0.13960113960114
2484	-0.0284900284900287
2485	-0.219373219373219
2486	-0.564102564102564
2487	-0.452991452991453
2492	-0.304843304843305
2493	-0.341880341880342
2494	-0.378917378917379
2495	-0.304843304843305
2496	-0.230769230769231
2547	-0.193732193732194
2548	-0.304843304843305
2549	-0.304843304843305
2600	0.216524216524217
2601	0.216524216524217
2602	0.293447293447294
2603	0.330484330484331
2604	0.293447293447294
2605	0.407407407407407
2606	0.444444444444444
2607	0.253561253561254
2608	0.253561253561254
2609	0.102564102564102
2610	0.216524216524217
2611	0.142450142450142
2612	0.102564102564102
2613	0.17948717948718
2614	0.17948717948718
2627	-0.227920227920228
2628	-0.190883190883191
2629	-0.190883190883191
2630	-0.230769230769231
2632	-0.230769230769231
2633	-0.153846153846154
2634	-0.0769230769230768
2635	-0.153846153846154
2636	-0.116809116809117
2637	-0.227920227920228
2638	-0.378917378917379
2639	-0.452991452991453
2640	-0.378917378917379
2641	-0.49002849002849
2642	-0.339031339031339
2643	-0.301994301994302
2644	-0.227920227920228
2645	-0.264957264957265
2646	-0.341880341880342
2648	-0.227920227920228
2649	-0.190883190883191
2650	-0.230769230769231
2656	-0.452991452991453
2664	-0.267806267806268
2665	-0.267806267806268
2666	-0.156695156695157
2667	-0.230769230769231
2668	-0.190883190883191
2669	-0.301994301994302
2670	-0.264957264957265
2671	-0.262108262108262
2672	-0.185185185185185
2673	-0.339031339031339
2674	-0.376068376068376
2675	-0.413105413105413
2676	-0.301994301994302
2677	-0.301994301994302
2678	-0.264957264957265
2679	-0.267806267806268
2680	-0.267806267806268
2741	-0.0797720797720799
2742	-0.0427350427350427
2743	-0.153846153846154
2744	-0.0769230769230768
2745	-0.0769230769230768
2746	-0.190883190883191
2747	-0.227920227920228
2748	-0.227920227920228
2749	-0.301994301994302
2750	-0.415954415954416
2751	-0.341880341880342
2752	-0.339031339031339
2753	-0.339031339031339
2754	-0.301994301994302
2755	-0.264957264957265
2756	-0.188034188034188
2757	-0.150997150997151
2758	-0.188034188034188
2759	-0.113960113960114
2760	-0.150997150997151
2761	-0.153846153846154
2762	-0.153846153846154
2763	-0.190883190883191
2794	-0.49002849002849
2795	-0.339031339031339
2796	-0.413105413105413
2797	-0.376068376068376
2798	-0.41025641025641
2799	-0.447293447293447
2800	-0.447293447293447
2801	-0.481481481481482
2802	-0.595441595441595
2803	-0.709401709401709
2804	-0.632478632478632
2805	-0.595441595441595
2806	-0.447293447293447
2807	-0.598290598290598
2808	-0.598290598290598
2809	-0.595441595441595
2810	-0.635327635327635
2811	-0.672364672364672
2812	-0.672364672364672
2813	-0.712250712250712
2814	-0.638176638176638
2815	-0.712250712250712
2816	-0.638176638176638
2842	-0.156695156695157
2843	-0.153846153846154
2844	-0.153846153846154
2845	-0.0427350427350427
2846	-0.0797720797720799
2847	-0.0826210826210827
2848	-0.0826210826210827
2849	0.0313390313390315
2850	0.145299145299145
2851	0.0683760683760685
2852	-0.0056980056980056
2853	-0.0797720797720799
2854	-0.0797720797720799
2855	-0.116809116809117
2856	-0.193732193732194
2857	-0.190883190883191
2858	-0.264957264957265
2859	-0.190883190883191
2860	-0.150997150997151
2861	-0.113960113960114
2895	-0.264957264957265
2896	-0.264957264957265
2897	-0.153846153846154
2898	-0.190883190883191
2899	-0.074074074074074
2900	-0.452991452991453
2901	-0.452991452991453
2902	-0.415954415954416
2903	-0.264957264957265
2904	-0.190883190883191
2905	-0.267806267806268
2910	-0.230769230769231
2911	-0.230769230769231
2912	-0.153846153846154
2913	-0.116809116809117
2914	0.0398860398860397
2915	-0.0370370370370372
2916	0.113960113960114
2917	0.188034188034188
2918	0.150997150997151
2919	0.227920227920228
2920	0
2921	0.0740740740740738
2922	-0.00284900284900291
2923	-0.00284900284900291
2924	-0.0826210826210827
2925	0.142450142450142
2926	0.142450142450142
2927	0.0284900284900284
2928	-0.0455840455840456
2929	0.0313390313390315
2930	0.0313390313390315
2931	0.0683760683760685
2932	0.0683760683760685
2933	0.142450142450142
2934	0.0655270655270653
2937	0.102564102564102
2938	0.17948717948718
2947	0.142450142450142
2948	0.219373219373219
2949	0.182336182336182
2950	0.0683760683760685
2951	0.0683760683760685
2952	0.182336182336182
2953	0.142450142450142
2954	0.105413105413105
2955	0.142450142450142
2956	0.0683760683760685
2957	0.0313390313390315
2958	-0.00284900284900291
2959	-0.00284900284900291
2960	-0.0398860398860398
2961	-0.0398860398860398
2962	-0.304843304843305
2963	-0.341880341880342
2964	-0.304843304843305
2965	-0.227920227920228
2966	-0.304843304843305
2967	-0.304843304843305
2968	-0.341880341880342
3317	-0.116809116809117
3318	-0.193732193732194
3319	-0.230769230769231
3320	-0.190883190883191
3321	-0.153846153846154
3322	-0.0769230769230768
3323	-0.150997150997151
3324	-0.150997150997151
3325	-0.113960113960114
3326	-0.116809116809117
3327	-0.153846153846154
3328	-0.227920227920228
3329	0
3330	-0.0769230769230768
3331	-0.0769230769230768
3332	-0.0769230769230768
3333	-0.150997150997151
3334	-0.190883190883191
3335	-0.156695156695157
3358	0.0683760683760685
3359	-0.0427350427350427
3360	0.111111111111111
3361	0.111111111111111
3362	0.190883190883191
3363	0.193732193732193
3364	0.270655270655271
3365	0.381766381766382
3366	0.378917378917379
3367	0.452991452991453
3368	0.304843304843304
3369	0.267806267806268
3370	0.307692307692308
3371	0.307692307692308
3372	0.230769230769231
3373	0.116809116809117
3374	0.0398860398860397
3375	0.0398860398860397
3376	0.0398860398860397
3377	-0.074074074074074
3378	-0.074074074074074
3379	-0.111111111111111
3380	-0.111111111111111
3381	-0.190883190883191
3382	-0.153846153846154
3406	-0.0797720797720799
3407	-0.0427350427350427
3408	0.0740740740740738
3409	0.0740740740740738
3410	0.264957264957265
3411	0.264957264957265
3412	0.299145299145299
3413	0.373219373219373
3414	0.259259259259259
3415	0.333333333333333
3416	0.41025641025641
3417	0.484330484330484
3418	0.484330484330484
3419	0.447293447293447
3420	0.447293447293447
3421	0.296296296296296
3422	0.37037037037037
3423	0.37037037037037
3424	0.296296296296296
3425	0.336182336182336
3426	0.145299145299145
3427	0.105413105413105
3428	0.0284900284900284
3429	-0.0455840455840456
3430	0.0284900284900284
3443	-0.452991452991453
3444	-0.452991452991453
3445	-0.413105413105413
3446	-0.373219373219373
3447	-0.484330484330484
3448	-0.447293447293447
3449	-0.447293447293447
3450	-0.561253561253561
3451	-0.598290598290598
3452	-0.635327635327635
3453	-0.558404558404558
3454	-0.484330484330484
3455	-0.521367521367521
3456	-0.521367521367521
3457	-0.709401709401709
3458	-0.635327635327635
3459	-0.635327635327635
3460	-0.561253561253561
3461	-0.638176638176638
3462	-0.601139601139601
3463	-0.564102564102564
3480	-0.230769230769231
3481	-0.230769230769231
3482	-0.193732193732194
3483	-0.230769230769231
3484	-0.230769230769231
3485	-0.153846153846154
3486	-0.153846153846154
3487	-0.153846153846154
3488	-0.153846153846154
3489	-0.304843304843305
3490	-0.415954415954416
3491	-0.415954415954416
3493	-0.262108262108262
3494	-0.413105413105413
3495	-0.49002849002849
3496	-0.413105413105413
3497	-0.45014245014245
3498	-0.564102564102564
3499	-0.378917378917379
3500	-0.264957264957265
3501	-0.188034188034188
3502	-0.264957264957265
3503	-0.188034188034188
3504	-0.264957264957265
3505	-0.341880341880342
3506	-0.267806267806268
3507	-0.193732193732194
3509	-0.11965811965812
3510	-0.11965811965812
3511	-0.0826210826210827
3512	-0.0056980056980056
3513	-0.0427350427350427
3514	0.145299145299145
3515	0.219373219373219
3516	0.256410256410256
3517	0.330484330484331
3543	-0.11965811965812
3544	-0.0427350427350427
3545	-0.0056980056980056
3546	-0.0056980056980056
3547	0.142450142450142
3548	0.0655270655270653
3549	0.0683760683760685
3550	-0.00854700854700863
3551	0.0284900284900284
3552	0.0284900284900284
3553	0.0284900284900284
3554	0.0655270655270653
3555	0.0655270655270653
3564	0.102564102564102
3575	0.0655270655270653
3576	0.142450142450142
3577	0.142450142450142
3578	0.142450142450142
3579	0.142450142450142
3580	0.17948717948718
3581	0.293447293447294
3582	0.330484330484331
3583	0.330484330484331
3584	0.37037037037037
3585	0.37037037037037
3586	0.407407407407407
3587	0.216524216524217
3588	0.216524216524217
3589	0.216524216524217
3590	0.142450142450142
3591	0.17948717948718
3592	0.142450142450142
3593	0.105413105413105
3595	0.105413105413105
3596	0.0683760683760685
3597	0.0341880341880343
3598	-0.0769230769230768
3599	0.0341880341880343
3600	-0.11965811965812
3604	-0.341880341880342
3605	-0.301994301994302
3606	-0.452991452991453
3607	-0.452991452991453
3608	-0.564102564102564
3611	-0.601139601139601
3627	0.0284900284900284
3628	0.219373219373219
3629	0.17948717948718
3630	0.13960113960114
3631	0.213675213675214
3632	0.176638176638176
3633	0.287749287749288
3634	0.555555555555556
3635	0.558404558404558
3636	0.367521367521368
3637	0.330484330484331
3638	0.293447293447294
3639	0.293447293447294
3640	0.293447293447294
3641	0.216524216524217
3642	0.253561253561254
3643	0.102564102564102
3644	0.0655270655270653
3649	0.0284900284900284
3650	0.0655270655270653
3651	0.0284900284900284
3652	-0.00854700854700863
3657	-0.341880341880342
3658	-0.452991452991453
3664	-0.45014245014245
3665	-0.524216524216524
3666	-0.561253561253561
3667	-0.561253561253561
3668	-0.447293447293447
3669	-0.41025641025641
3670	-0.259259259259259
3671	-0.219373219373219
3672	-0.182336182336182
3673	-0.219373219373219
3674	-0.37037037037037
3675	-0.441595441595442
3676	-0.441595441595442
3677	-0.518518518518519
3678	-0.555555555555556
3679	-0.367521367521368
3680	-0.404558404558405
3681	-0.481481481481482
3682	-0.595441595441595
3683	-0.478632478632479
3684	-0.478632478632479
3685	-0.441595441595442
3686	-0.367521367521368
3687	-0.290598290598291
3688	-0.367521367521368
3689	-0.521367521367521
3690	-0.41025641025641
3691	-0.296296296296296
3692	-0.296296296296296
3693	-0.259259259259259
3694	-0.182336182336182
3695	-0.182336182336182
3696	-0.222222222222222
3697	-0.145299145299145
3698	-0.142450142450142
3699	-0.145299145299145
3700	-0.296296296296296
3701	-0.336182336182336
3702	-0.373219373219373
3703	-0.336182336182336
3704	-0.339031339031339
3705	-0.264957264957265
3706	-0.225071225071225
3707	-0.150997150997151
3708	-0.156695156695157
3785	-0.267806267806268
3787	-0.0398860398860398
3788	-0.0797720797720799
3789	-0.0797720797720799
3790	-0.0797720797720799
3791	-0.0797720797720799
3792	0.0341880341880343
3793	-0.0398860398860398
3794	-0.0769230769230768
3795	-0.0398860398860398
3796	-0.0398860398860398
3797	-0.0769230769230768
3798	-0.00284900284900291
3799	0.0341880341880343
3800	-0.0056980056980056
3801	-0.11965811965812
3802	-0.11965811965812
3803	-0.11965811965812
3804	-0.11965811965812
3847	0.0284900284900284
3851	0.0683760683760685
3852	-0.00854700854700863
3853	0.0284900284900284
3858	-0.156695156695157
3859	-0.0826210826210827
3860	-0.0826210826210827
3868	-0.193732193732194
3887	-0.0826210826210827
3888	-0.11965811965812
3889	-0.0826210826210827
3890	-0.0056980056980056
3891	0.182336182336182
3892	0.0683760683760685
3893	-0.00854700854700863
3894	-0.00854700854700863
3895	0.0683760683760685
3896	0.0284900284900284
3897	0.142450142450142
3898	0.0284900284900284
3900	0.0655270655270653
3901	0.176638176638176
3902	0.213675213675214
3903	0.176638176638176
3904	0.13960113960114
3905	0.13960113960114
3906	0.13960113960114
3908	0.0655270655270653
3909	0.0284900284900284
3910	0.142450142450142
3911	0.17948717948718
3912	0.17948717948718
3913	0.13960113960114
3914	0.0284900284900284
3915	-0.0455840455840456
3916	-0.0455840455840456
3917	-0.0455840455840456
3918	-0.0826210826210827
3919	-0.0826210826210827
3921	-0.156695156695157
3922	-0.11965811965812
3923	-0.11965811965812
3924	-0.193732193732194
3929	-0.304843304843305
3930	-0.341880341880342
3931	-0.341880341880342
3932	-0.304843304843305
3944	-0.415954415954416
3945	-0.264957264957265
3946	-0.341880341880342
3947	-0.415954415954416
3948	-0.415954415954416
3949	-0.415954415954416
3950	-0.415954415954416
3952	-0.304843304843305
3953	-0.378917378917379
3955	-0.378917378917379
3956	-0.452991452991453
3957	-0.45014245014245
3958	-0.339031339031339
3959	-0.339031339031339
3960	-0.301994301994302
3961	-0.413105413105413
3962	-0.336182336182336
3963	-0.336182336182336
3964	-0.259259259259259
3965	-0.373219373219373
3966	-0.333333333333333
3967	-0.41025641025641
3968	-0.413105413105413
3969	-0.49002849002849
3975	-0.527065527065527
3976	-0.601139601139601
3979	-0.452991452991453
3981	-0.341880341880342
4010	-0.267806267806268
4011	-0.341880341880342
4012	-0.378917378917379
4013	-0.415954415954416
4014	-0.452991452991453
4015	-0.376068376068376
4016	-0.452991452991453
4017	-0.452991452991453
4018	-0.378917378917379
4019	-0.341880341880342
4020	-0.378917378917379
4026	-0.301994301994302
4027	-0.341880341880342
4028	-0.378917378917379
4029	-0.339031339031339
4032	-0.452991452991453
4034	-0.527065527065527
4036	-0.373219373219373
4037	-0.299145299145299
4038	-0.259259259259259
4039	-0.185185185185185
4040	-0.262108262108262
4041	-0.299145299145299
4042	-0.256410256410257
4043	-0.256410256410257
4044	-0.330484330484331
4045	-0.330484330484331
4046	-0.0655270655270657
4047	-0.0655270655270657
4048	-0.213675213675214
4049	-0.136752136752137
4050	-0.0626780626780625
4051	-0.176638176638177
4052	-0.176638176638177
4053	-0.102564102564103
4054	-0.0655270655270657
4055	-0.0655270655270657
4056	0.0484330484330484
4057	-0.0313390313390314
4058	0.00854700854700829
4059	0.122507122507122
4060	0.0113960113960114
4061	-0.219373219373219
4062	-0.293447293447293
4063	-0.41025641025641
4064	-0.373219373219373
4065	-0.222222222222222
4066	-0.145299145299145
4067	-0.111111111111111
4068	-0.148148148148148
4069	0.0427350427350428
4070	-0.0313390313390314
4071	-0.0683760683760684
4072	0.0484330484330484
4073	0.196581196581197
4074	0.119658119658119
4075	0.119658119658119
4076	0.0056980056980056
4077	0.07977207977208
4078	0.0427350427350428
4079	0.0427350427350428
4080	-0.0683760683760684
4081	-0.0683760683760684
4082	-0.0683760683760684
4083	-0.0341880341880343
4084	-0.225071225071225
4085	-0.113960113960114
4086	0
4087	0.0740740740740738
4088	0.188034188034188
4089	0.150997150997151
4090	0
4091	-0.0398860398860398
4092	-0.153846153846154
4093	-0.230769230769231
4102	-0.341880341880342
4103	-0.304843304843305
4104	-0.339031339031339
4105	-0.264957264957265
4106	-0.452991452991453
4107	-0.339031339031339
4108	-0.339031339031339
4109	-0.188034188034188
4110	-0.188034188034188
4111	-0.339031339031339
4112	-0.376068376068376
4113	-0.45014245014245
4114	-0.487179487179487
4115	-0.447293447293447
4116	-0.41025641025641
4117	-0.333333333333333
4118	-0.296296296296296
4119	-0.299145299145299
4120	-0.336182336182336
4121	-0.41025641025641
4122	-0.484330484330484
4123	-0.296296296296296
4124	-0.259259259259259
4125	-0.148148148148148
4126	-0.0313390313390314
4127	-0.182336182336182
4128	-0.219373219373219
4129	-0.262108262108262
4130	-0.259259259259259
4131	-0.185185185185185
4132	-0.262108262108262
4133	-0.336182336182336
4134	-0.413105413105413
4135	-0.373219373219373
4136	-0.299145299145299
4137	-0.262108262108262
4138	-0.264957264957265
4139	-0.190883190883191
4140	-0.156695156695157
4141	-0.153846153846154
4142	-0.230769230769231
4143	-0.378917378917379
4144	-0.378917378917379
4145	-0.341880341880342
4146	-0.341880341880342
4147	-0.267806267806268
4148	-0.267806267806268
4169	-0.156695156695157
4170	-0.11965811965812
4172	-0.0427350427350427
4173	-0.156695156695157
4174	-0.156695156695157
4175	-0.378917378917379
4176	-0.225071225071225
4177	-0.111111111111111
4178	-0.148148148148148
4179	-0.111111111111111
4180	-0.148148148148148
4181	-0.0712250712250715
4182	-0.108262108262108
4183	-0.182336182336182
4184	-0.105413105413105
4185	-0.17948717948718
4186	-0.13960113960114
4187	-0.142450142450142
4188	-0.0284900284900287
4189	0.00854700854700829
4190	-0.182336182336182
4191	-0.256410256410257
4192	-0.182336182336182
4193	-0.105413105413105
4194	-0.290598290598291
4195	-0.401709401709402
4196	-0.364672364672365
4197	-0.518518518518519
4198	-0.444444444444445
4199	-0.407407407407408
4200	-0.182336182336182
4201	-0.336182336182336
4202	-0.336182336182336
4203	-0.413105413105413
4204	-0.564102564102564
4205	-0.45014245014245
4206	-0.527065527065527
4207	-0.49002849002849
4208	-0.452991452991453
4256	-0.301994301994302
4257	-0.264957264957265
4258	-0.188034188034188
4259	-0.111111111111111
4260	-0.0341880341880343
4261	0.119658119658119
4262	0.193732193732193
4263	0.193732193732193
4264	0.233618233618234
4265	0.313390313390313
4266	0.393162393162393
4267	0.50997150997151
4268	0.472934472934473
4269	0.512820512820513
4270	0.438746438746439
4271	0.512820512820513
4272	0.398860398860399
4273	0.398860398860399
4274	0.170940170940171
4275	0.43019943019943
4276	0.43019943019943
4277	0.43019943019943
4278	0.507122507122507
4279	0.353276353276353
4280	0.205128205128205
4281	0.0142450142450143
4282	0.131054131054131
4283	0.0170940170940168
4284	0.0142450142450143
4285	-0.0626780626780625
4286	-0.290598290598291
4287	-0.401709401709402
4288	-0.364672364672365
4289	-0.441595441595442
4290	-0.521367521367521
4291	-0.601139601139601
4325	-0.934472934472935
4326	-0.934472934472935
4327	-0.934472934472935
4328	-0.897435897435898
4329	-0.823361823361823
4330	-0.706552706552706
4331	-0.558404558404558
4332	-0.595441595441595
4341	-0.376068376068376
4342	-0.487179487179487
4343	-0.150997150997151
4344	-0.0370370370370372
4345	-0.111111111111111
4346	-0.074074074074074
4347	0.0398860398860397
4348	0.0398860398860397
4349	-0.0370370370370372
4350	-0.188034188034188
4351	-0.301994301994302
4352	-0.301994301994302
4353	-0.262108262108262
4354	-0.225071225071225
4355	-0.378917378917379
4388	-0.193732193732194
4389	-0.230769230769231
4390	-0.190883190883191
4391	-0.188034188034188
4392	-0.113960113960114
4393	-0.153846153846154
4394	-0.116809116809117
4395	-0.0769230769230768
4396	-0.113960113960114
4397	0.00284900284900291
4398	-0.0341880341880343
4399	-0.219373219373219
4400	-0.219373219373219
4401	-0.259259259259259
4402	-0.259259259259259
4403	-0.259259259259259
4404	-0.182336182336182
4405	-0.182336182336182
4406	-0.407407407407408
4407	-0.293447293447293
4408	-0.293447293447293
4409	-0.142450142450142
4410	0.00854700854700829
4411	0.156695156695157
4412	0.00284900284900291
4413	-0.074074074074074
4414	0.00284900284900291
4415	-0.0370370370370372
4416	-0.188034188034188
4417	-0.148148148148148
4418	0.0056980056980056
4419	0.0455840455840453
4420	0.0427350427350428
4421	0.196581196581197
4422	0.07977207977208
4423	0.00284900284900291
4424	0.113960113960114
4425	0.0769230769230769
4426	0.0398860398860397
4427	-0.074074074074074
4428	-0.074074074074074
4429	-0.150997150997151
4430	-0.150997150997151
4431	-0.00284900284900291
4432	-0.156695156695157
4433	-0.156695156695157
4437	-0.0797720797720799
4438	-0.0797720797720799
4439	-0.11965811965812
4440	-0.0797720797720799
4441	0.145299145299145
4442	0.0313390313390315
4458	-0.11965811965812
4459	-0.116809116809117
4460	-0.116809116809117
4461	-0.0427350427350427
4469	-0.11965811965812
4470	-0.193732193732194
4471	-0.193732193732194
4472	-0.11965811965812
4473	-0.11965811965812
4474	-0.11965811965812
4475	-0.156695156695157
4476	-0.156695156695157
4477	0.108262108262108
4478	0.0712250712250714
4479	0.108262108262108
4480	-0.0427350427350427
4481	-0.156695156695157
4489	-0.156695156695157
4490	-0.153846153846154
4491	-0.150997150997151
4492	-0.0341880341880343
4493	-0.111111111111111
4494	-0.188034188034188
4495	-0.150997150997151
4496	-0.113960113960114
4497	-0.113960113960114
4498	-0.0769230769230768
4499	-0.188034188034188
4500	-0.150997150997151
4501	-0.227920227920228
4503	-0.267806267806268
4504	-0.341880341880342
4505	-0.267806267806268
4506	-0.230769230769231
4507	-0.153846153846154
4508	-0.230769230769231
4509	-0.153846153846154
4510	-0.227920227920228
4511	-0.227920227920228
4512	-0.153846153846154
4513	-0.227920227920228
4514	-0.378917378917379
4549	0.290598290598291
4550	0.253561253561254
4551	0.293447293447294
4552	0.330484330484331
4553	0.367521367521368
4554	0.327635327635328
4555	0.327635327635328
4556	0.213675213675214
4557	0.13960113960114
4558	0.13960113960114
4559	0.253561253561254
4560	0.216524216524217
4561	0.102564102564102
4562	0.213675213675214
4563	0.250712250712251
4564	0.250712250712251
4565	0.213675213675214
4566	0.216524216524217
4567	0.37037037037037
4568	0.296296296296296
4569	0.219373219373219
4570	0.259259259259259
4571	0.376068376068376
4572	0.339031339031339
4573	0.455840455840456
4574	0.225071225071225
4575	0.225071225071225
4576	-0.00284900284900291
4577	0.0341880341880343
4578	0.111111111111111
4579	-0.0370370370370372
4580	-0.0370370370370372
4581	0.0769230769230769
4582	0.150997150997151
4583	-0.148148148148148
4584	-0.148148148148148
4585	-0.222222222222222
4586	-0.259259259259259
4587	-0.259259259259259
4588	-0.37037037037037
4589	-0.484330484330484
4590	-0.484330484330484
4591	-0.521367521367521
4592	-0.675213675213675
4593	-0.675213675213675
4594	-0.635327635327635
4595	-0.786324786324786
4641	-0.267806267806268
4642	-0.267806267806268
4646	-0.564102564102564
4647	-0.564102564102564
4648	-0.487179487179487
4649	-0.413105413105413
4650	-0.376068376068376
4651	-0.413105413105413
4652	-0.45014245014245
4653	-0.373219373219373
4654	-0.41025641025641
4655	-0.373219373219373
4656	-0.598290598290598
4657	-0.675213675213675
4658	-0.712250712250712
4659	-0.749287749287749
4660	-0.632478632478632
4661	-0.706552706552706
4662	-0.706552706552706
4663	-0.632478632478632
4664	-0.632478632478632
4665	-0.558404558404558
4666	-0.521367521367521
4667	-0.595441595441595
4668	-0.481481481481482
4669	-0.367521367521368
4670	-0.333333333333333
4671	-0.447293447293447
4672	-0.333333333333333
4673	-0.481481481481482
4674	-0.595441595441595
4675	-0.552706552706553
4676	-0.401709401709402
4677	-0.327635327635328
4678	-0.361823361823362
4679	-0.324786324786325
4680	-0.401709401709402
4681	-0.327635327635328
4682	-0.364672364672365
4683	-0.441595441595442
4684	-0.287749287749288
4685	-0.518518518518519
4686	-0.592592592592593
4687	-0.287749287749288
4688	-0.438746438746439
4689	-0.361823361823362
4690	-0.472934472934473
4691	-0.586894586894587
4692	-0.475783475783476
4693	-0.552706552706553
4694	-0.58974358974359
4695	-0.58974358974359
4696	-0.478632478632479
4697	-0.62962962962963
4698	-0.558404558404558
4699	-0.521367521367521
4700	-0.601139601139601
4701	-0.675213675213675
4702	-0.749287749287749
4703	-0.675213675213675
4704	-0.635327635327635
4705	-0.598290598290598
4706	-0.447293447293447
4707	-0.41025641025641
4708	-0.41025641025641
4709	-0.45014245014245
4710	-0.413105413105413
4711	-0.264957264957265
4724	-0.452991452991453
4725	-0.262108262108262
4726	-0.264957264957265
4727	-0.227920227920228
4733	-0.304843304843305
4735	-0.341880341880342
4736	-0.264957264957265
4737	-0.150997150997151
4738	-0.190883190883191
4739	-0.00284900284900291
4740	-0.00284900284900291
4741	0.145299145299145
4742	0.299145299145299
4743	0.336182336182336
4744	0.376068376068376
4745	0.376068376068376
4746	0.339031339031339
4747	0.49002849002849
4748	0.45014245014245
4749	0.373219373219373
4750	0.259259259259259
4751	0.299145299145299
4752	0.413105413105413
4753	0.492877492877493
4754	0.56980056980057
4755	0.495726495726496
4756	0.304843304843304
4757	0.341880341880342
4758	0.301994301994302
4759	0.415954415954416
4760	0.301994301994302
4761	0.188034188034188
4762	0.037037037037037
4763	-0.0370370370370372
4764	-0.150997150997151
4765	-0.111111111111111
4766	-0.111111111111111
4767	-0.188034188034188
4768	-0.185185185185185
4769	-0.336182336182336
4770	-0.299145299145299
4771	-0.222222222222222
4772	-0.299145299145299
4773	-0.225071225071225
4774	-0.225071225071225
4775	-0.301994301994302
4776	-0.339031339031339
4777	-0.452991452991453
4779	-0.264957264957265
4780	-0.301994301994302
4781	-0.264957264957265
4782	-0.301994301994302
4783	-0.0712250712250715
4784	-0.148148148148148
4785	-0.111111111111111
4786	-0.0341880341880343
4787	0.00284900284900291
4788	0.0398860398860397
4789	0.153846153846154
4790	0.150997150997151
4791	0.113960113960114
4792	0.0740740740740738
4793	-0.00284900284900291
4794	0.0740740740740738
4795	0.0740740740740738
4796	-0.00284900284900291
4797	0.037037037037037
4798	0.00284900284900291
4799	0.0398860398860397
4800	0.0769230769230769
4801	0.0740740740740738
4802	0.037037037037037
4803	-0.0398860398860398
4804	-0.116809116809117
4805	-0.0056980056980056
4806	0.0313390313390315
4807	0.0683760683760685
4811	-0.0427350427350427
4812	-0.0797720797720799
4813	-0.116809116809117
4814	-0.193732193732194
4815	-0.267806267806268
4816	-0.341880341880342
4817	-0.264957264957265
4818	-0.227920227920228
4819	-0.188034188034188
4820	-0.188034188034188
4821	-0.074074074074074
4822	-0.074074074074074
4823	0.00284900284900291
4824	-0.185185185185185
4825	-0.148148148148148
4826	-0.185185185185185
4827	-0.0341880341880343
4828	-0.0341880341880343
4829	-0.262108262108262
4830	-0.336182336182336
4831	-0.182336182336182
4832	-0.293447293447293
4833	-0.407407407407408
4834	-0.407407407407408
4835	-0.253561253561254
4836	-0.447293447293447
4837	-0.373219373219373
4838	-0.299145299145299
4839	-0.373219373219373
4840	-0.447293447293447
4841	-0.373219373219373
4842	-0.487179487179487
4843	-0.45014245014245
4866	-0.49002849002849
4867	-0.373219373219373
4868	-0.41025641025641
4869	-0.336182336182336
4870	-0.336182336182336
4871	-0.376068376068376
4872	-0.262108262108262
4873	-0.452991452991453
4874	-0.45014245014245
4875	-0.376068376068376
4876	-0.336182336182336
4877	-0.373219373219373
4878	-0.41025641025641
4879	-0.447293447293447
4880	-0.447293447293447
4881	-0.293447293447293
4882	-0.333333333333333
4883	-0.330484330484331
4884	-0.290598290598291
4885	-0.330484330484331
4886	-0.407407407407408
4887	-0.407407407407408
4888	-0.222222222222222
4889	-0.222222222222222
4890	-0.185185185185185
4891	-0.222222222222222
4892	-0.376068376068376
4893	-0.299145299145299
4894	-0.222222222222222
4895	-0.185185185185185
4896	-0.222222222222222
4897	-0.336182336182336
4898	-0.225071225071225
4899	-0.153846153846154
4900	-0.0427350427350427
4901	-0.0455840455840456
4902	-0.0455840455840456
4903	-0.0455840455840456
4904	0.0284900284900284
4905	0.105413105413105
4937	-0.709401709401709
4938	-0.712250712250712
4939	-0.709401709401709
4940	-0.783475783475783
4941	-0.672364672364672
4942	-0.521367521367521
4943	-0.558404558404558
4944	-0.709401709401709
4945	-0.672364672364672
4946	-0.558404558404558
4947	-0.632478632478632
4948	-0.672364672364672
4949	-0.635327635327635
4950	-0.444444444444445
4951	-0.407407407407408
4952	-0.481481481481482
4953	-0.521367521367521
4954	-0.407407407407408
4955	-0.333333333333333
4956	-0.373219373219373
4957	-0.37037037037037
4958	-0.37037037037037
4959	-0.37037037037037
4960	-0.290598290598291
4961	-0.364672364672365
4962	-0.444444444444445
4963	-0.592592592592593
4964	-0.669515669515669
4965	-0.515669515669516
4966	-0.478632478632479
4967	-0.481481481481482
4968	-0.518518518518519
4969	-0.404558404558405
4970	-0.364672364672365
4971	-0.401709401709402
4972	-0.290598290598291
4973	-0.367521367521368
4974	-0.367521367521368
4975	-0.521367521367521
4976	-0.447293447293447
4977	-0.296296296296296
4978	-0.296296296296296
4979	-0.296296296296296
4980	-0.222222222222222
4981	-0.222222222222222
4982	-0.339031339031339
4983	-0.262108262108262
4984	-0.339031339031339
4989	-0.11965811965812
5001	-0.378917378917379
5008	-0.415954415954416
5009	-0.527065527065527
5022	-0.786324786324786
5023	-0.749287749287749
5034	-0.452991452991453
5035	-0.415954415954416
5036	-0.49002849002849
5037	-0.452991452991453
5038	-0.452991452991453
5039	-0.527065527065527
5040	-0.452991452991453
5043	-0.304843304843305
5044	-0.304843304843305
5045	-0.267806267806268
5046	-0.153846153846154
5047	-0.116809116809117
5048	-0.116809116809117
5049	-0.0427350427350427
5050	-0.0056980056980056
5051	-0.0056980056980056
5052	-0.0427350427350427
5053	0.0712250712250714
5054	0.17948717948718
5055	0.219373219373219
5056	0.296296296296296
5057	0.145299145299145
5058	-0.0056980056980056
5059	0.0313390313390315
5060	-0.0056980056980056
5061	-0.0427350427350427
5062	-0.0427350427350427
5063	-0.0056980056980056
5064	0.145299145299145
5065	0.142450142450142
5066	0.259259259259259
5067	0.148148148148148
5068	0.148148148148148
5069	0.225071225071225
5070	0.262108262108262
5071	0.262108262108262
5072	0.148148148148148
5073	0.148148148148148
5074	0.225071225071225
5075	0.262108262108262
5076	0.262108262108262
5077	0.222222222222222
5078	0.222222222222222
5079	0.185185185185185
5080	0.185185185185185
5081	0.0740740740740738
5082	0.225071225071225
5083	0.262108262108262
5084	0.262108262108262
5085	0.452991452991453
5086	0.49002849002849
5087	0.415954415954416
5088	0.341880341880342
5089	0.264957264957265
5090	0.190883190883191
5091	0.0769230769230769
5092	0.150997150997151
5093	0.037037037037037
5094	-0.153846153846154
5095	-0.264957264957265
5096	-0.264957264957265
5097	-0.339031339031339
5098	-0.413105413105413
5099	-0.49002849002849
5100	-0.601139601139601
5101	-0.484330484330484
5102	-0.447293447293447
5103	-0.484330484330484
5104	-0.484330484330484
5105	-0.17948717948718
5106	-0.0284900284900287
5107	-0.17948717948718
5108	-0.142450142450142
5109	-0.102564102564103
5110	-0.293447293447293
5111	-0.219373219373219
5112	-0.219373219373219
5113	-0.145299145299145
5114	-0.256410256410257
5115	-0.17948717948718
5116	-0.105413105413105
5117	-0.0683760683760684
5118	-0.0683760683760684
5119	0.0826210826210823
5120	-0.0313390313390314
5121	-0.0313390313390314
5122	0.0826210826210823
5123	0.156695156695157
5124	0.196581196581197
5125	0.270655270655271
5126	0.116809116809117
5127	0.07977207977208
5128	0.193732193732193
5129	0.233618233618234
5130	-0.074074074074074
5131	-0.188034188034188
5132	-0.150997150997151
5133	-0.188034188034188
5134	-0.341880341880342
5135	-0.341880341880342
5136	-0.341880341880342
5137	-0.264957264957265
5138	-0.227920227920228
5139	-0.190883190883191
5140	-0.193732193732194
5166	-0.786324786324786
5167	-0.934472934472935
5168	-0.823361823361823
5188	-0.304843304843305
5189	-0.230769230769231
5190	-0.341880341880342
5191	-0.230769230769231
5192	-0.0056980056980056
5193	-0.0797720797720799
5194	0.0341880341880343
5195	-0.00284900284900291
5196	-0.0398860398860398
5197	-0.116809116809117
5198	-0.074074074074074
5199	-0.0370370370370372
5200	0
5201	-0.148148148148148
5202	-0.185185185185185
5203	-0.185185185185185
5204	-0.145299145299145
5205	-0.0284900284900287
5206	0.0113960113960114
5207	-0.0227920227920231
5208	0.0170940170940168
5209	-0.0199430199430202
5210	0.131054131054131
5211	0.131054131054131
5212	0.0911680911680912
5213	-0.0626780626780625
5214	0.0512820512820511
5215	0.0113960113960114
5216	-0.102564102564103
5217	-0.17948717948718
5218	-0.105413105413105
5219	-0.256410256410257
5220	-0.293447293447293
5221	-0.293447293447293
5222	-0.367521367521368
5223	-0.447293447293447
5224	-0.447293447293447
5225	-0.407407407407408
5226	-0.481481481481482
5227	-0.367521367521368
5228	-0.407407407407408
5229	-0.37037037037037
5230	-0.487179487179487
5231	-0.564102564102564
5259	-0.709401709401709
5260	-0.746438746438746
5261	-0.592592592592593
5262	-0.817663817663817
5263	-0.706552706552706
5264	-0.706552706552706
5265	-0.666666666666667
5266	-0.703703703703704
5267	-0.703703703703704
5268	-0.700854700854701
5269	-0.547008547008547
5270	-0.507122507122507
5271	-0.316239316239316
5272	-0.390313390313391
5273	-0.0854700854700854
5274	-0.122507122507122
5275	-0.199430199430199
5276	-0.15954415954416
5277	-0.0512820512820513
5278	0.0598290598290598
5279	0.133903133903134
5280	0.173789173789174
5281	0.213675213675214
5282	0.173789173789174
5283	0.290598290598291
5284	0.0997150997151
5285	0.287749287749288
5286	0.0569800569800567
5287	0.245014245014245
5288	0.358974358974359
5289	0.433048433048433
5290	0.393162393162393
5291	0.43019943019943
5292	0.547008547008547
5293	0.547008547008547
5294	0.319088319088319
5295	0.319088319088319
5296	0.202279202279202
5297	0.165242165242165
5298	-0.0284900284900287
5299	0.0455840455840453
5300	-0.0683760683760684
5301	-0.105413105413105
5302	-0.142450142450142
5303	-0.216524216524216
5304	-0.216524216524216
5305	-0.105413105413105
5306	-0.293447293447293
5307	-0.176638176638177
5308	-0.438746438746439
5309	-0.438746438746439
5310	-0.623931623931624
5311	-0.586894586894587
5312	-0.663817663817664
5313	-0.663817663817664
5314	-0.658119658119658
5315	-0.729344729344729
5316	-0.806267806267807
5317	-1.03418803418803
5318	-0.92022792022792
5319	-0.994301994301994
5320	-1.03133903133903
5321	-1.10541310541311
5322	-1.10541310541311
5323	-1.14245014245014
5324	-1.33048433048433
5325	-1.25071225071225
5326	-1.21367521367521
5327	-1.21367521367521
5328	-1.21082621082621
5329	-1.25071225071225
5330	-1.21082621082621
5331	-1.0997150997151
5332	-1.29059829059829
5333	-1.29344729344729
5334	-1.29344729344729
5335	-1.10541310541311
5336	-1.10541310541311
5337	-0.991452991452992
5338	-1.02849002849003
5339	-1.10826210826211
5340	-0.997150997150998
5341	-1.10826210826211
5342	-0.877492877492877
5343	-1.06837606837607
5344	-0.806267806267807
5345	-0.806267806267807
5346	-0.806267806267807
5347	-0.615384615384615
5348	-0.763532763532763
5349	-0.726495726495727
5350	-0.843304843304844
5351	-0.994301994301994
5352	-1.10541310541311
5353	-1.06837606837607
5354	-0.800569800569801
5355	-0.917378917378917
5356	-0.877492877492877
5357	-0.68945868945869
5358	-0.424501424501425
5359	-0.384615384615385
5360	-0.384615384615385
5361	-0.344729344729345
5362	-0.415954415954416
5363	-0.492877492877493
5364	-0.301994301994301
5365	-0.148148148148148
5366	0.037037037037037
5367	-0.0427350427350426
5368	0.185185185185185
5369	0.111111111111111
5370	0.262108262108262
5371	0.339031339031339
5372	0.150997150997151
5373	0.225071225071224
5374	0.227920227920228
5375	0.455840455840456
5376	0.609686609686609
5377	0.988603988603988
5378	1.02849002849003
5379	0.800569800569801
5380	0.88034188034188
5381	0.692307692307692
5382	0.615384615384615
5383	0.541310541310541
5384	0.467236467236468
5385	0.39031339031339
5386	0.427350427350427
5387	0.384615384615385
5388	0.347578347578347
5389	0.270655270655271
5390	-0.145299145299146
5391	-0.142450142450143
5392	-0.216524216524217
5393	-0.478632478632479
5394	-0.552706552706553
5395	-0.743589743589744
5396	-0.706552706552707
5397	-0.441595441595442
5398	-0.293447293447294
5399	-0.222222222222222
5400	-0.299145299145299
5401	-0.341880341880342
5402	-0.572649572649573
5403	-0.68945868945869
5404	-0.803418803418803
5405	-0.843304843304844
5406	-0.692307692307692
5407	-0.729344729344729
5408	-0.655270655270655
5409	-0.769230769230769
5410	-0.766381766381767
5411	-0.766381766381767
5412	-0.64957264957265
5413	-0.421652421652422
5414	-0.381766381766382
5415	-0.156695156695157
5416	-0.233618233618234
5417	-0.15954415954416
5418	-0.0455840455840455
5419	0.0256410256410258
5420	0.105413105413106
5421	-0.00569800569800583
5422	-0.236467236467237
5423	-0.273504273504274
5424	-0.11965811965812
5425	-0.00284900284900313
5426	-0.0769230769230771
5427	0
5428	0.037037037037037
5429	-0.148148148148148
5430	-0.148148148148148
5431	-0.0370370370370372
5432	-0.0370370370370372
5433	-0.113960113960114
5434	0.074074074074074
5435	0.0712250712250706
5436	-0.0427350427350426
5437	-0.15954415954416
5438	-0.15954415954416
5439	-0.313390313390314
5440	-0.23931623931624
5441	-0.165242165242165
5442	-0.202279202279202
5443	-0.23931623931624
5444	-0.0854700854700854
5445	-0.128205128205128
5446	-0.131054131054131
5447	-0.0541310541310542
5448	0.062678062678063
5449	-0.0512820512820513
5450	-0.282051282051282
5451	-0.282051282051282
5452	-0.242165242165242
5453	-0.128205128205128
5454	0.0940170940170937
5455	0.170940170940171
5456	0.247863247863248
5457	0.247863247863248
5458	0.398860398860399
5459	0.396011396011396
5460	0.284900284900285
5461	0.358974358974359
5462	0.475783475783476
5463	0.435897435897436
5464	0.512820512820513
5465	0.438746438746439
5466	0.478632478632478
5467	0.552706552706553
5468	0.547008547008547
5469	0.433048433048433
5470	0.358974358974359
5471	0.361823361823362
5472	0.287749287749288
5473	0.173789173789174
5474	0.287749287749288
5475	0.364672364672365
5476	0.364672364672365
5477	0.324786324786325
5478	0.210826210826211
5479	0.0256410256410258
5480	0.0256410256410258
5481	0.0256410256410258
5482	-0.0113960113960112
5483	-0.23931623931624
5484	-0.276353276353277
5485	-0.205128205128205
5486	-0.128205128205128
5487	-0.23931623931624
5488	-0.390313390313391
5489	-0.276353276353277
5490	-0.276353276353277
5491	-0.353276353276353
5492	-0.467236467236468
5493	-0.236467236467237
5494	-0.313390313390314
5495	-0.23931623931624
5496	-0.202279202279202
5497	-0.0512820512820513
5498	-0.0142450142450141
5499	-0.353276353276353
5500	-0.356125356125356
5501	-0.242165242165242
5502	-0.279202279202279
5503	-0.202279202279202
5504	-0.0142450142450141
5505	-0.0512820512820513
5506	-0.202279202279202
5507	-0.0113960113960112
5508	0.0256410256410258
5509	0.102564102564103
5510	0.256410256410256
5511	0.17948717948718
5512	0.210826210826211
5513	0.284900284900285
5514	0.133903133903134
5515	0.131054131054131
5516	0.0940170940170937
5517	0.0940170940170937
5518	-0.210826210826211
5519	-0.173789173789174
5520	0.0199430199430197
5521	0.207977207977208
5522	0.168091168091168
5523	0.0911680911680912
5524	0.0911680911680912
5525	0.131054131054131
5526	0.0541310541310538
5527	0.0142450142450143
5528	0.0113960113960114
5529	0.0826210826210823
5530	-0.0341880341880343
5531	0.119658119658119
5532	-0.0712250712250715
5533	-0.0712250712250715
5534	-0.142450142450142
5535	-0.444444444444445
5536	-0.441595441595442
5537	-0.478632478632479
5538	-0.475783475783476
5539	-0.472934472934473
5540	-0.472934472934473
5541	-0.472934472934473
5542	-0.319088319088319
5543	-0.207977207977208
5544	-0.128205128205128
5545	-0.282051282051282
5546	-0.433048433048433
5547	-0.279202279202279
5548	-0.23931623931624
5549	-0.0142450142450141
5550	0.17948717948718
5551	0.256410256410256
5552	0.336182336182336
5553	0.339031339031339
5554	0.301994301994301
5555	0.267806267806268
5556	0.0769230769230766
5557	0.344729344729345
5558	0.387464387464387
5559	0.384615384615385
5560	0.649572649572649
5561	0.609686609686609
5562	0.649572649572649
5563	0.652421652421652
5564	0.837606837606838
5565	0.84045584045584
5566	0.84045584045584
5567	0.575498575498575
5568	0.615384615384615
5569	0.769230769230769
5570	0.729344729344729
5571	0.92022792022792
5572	0.692307692307692
5573	0.652421652421652
5574	0.652421652421652
5575	0.381766381766382
5576	0.381766381766382
5577	0.301994301994301
5578	0.376068376068376
5579	0.452991452991453
5580	0.49002849002849
5581	0.641025641025641
5582	0.376068376068376
5583	0.333333333333333
5584	0.37037037037037
5585	0.17948717948718
5586	0.262108262108262
5587	0.49002849002849
5588	0.484330484330484
5589	0.407407407407407
5590	0.558404558404558
5591	0.521367521367521
5592	0.558404558404558
5593	0.37037037037037
5594	0.176638176638177
5595	0.17948717948718
5596	-0.0142450142450141
5597	-0.0170940170940173
5598	0.0968660968660968
5599	0.0968660968660968
5600	0.133903133903134
5601	-0.0170940170940173
5602	0.0227920227920229
5603	-0.128205128205128
5604	-0.205128205128205
5605	-0.207977207977208
5606	-0.247863247863248
5607	-0.0997150997151
5608	-0.0626780626780625
5609	-0.0227920227920231
5610	0.0883190883190883
5611	0.0056980056980056
5612	-0.225071225071225
5613	-0.225071225071225
5614	-0.264957264957265
5615	-0.264957264957265
5616	-0.227920227920228
5617	-0.113960113960114
5618	-0.0398860398860398
5619	-0.113960113960114
5620	-0.0398860398860398
5621	-0.074074074074074
5622	-0.0341880341880343
5623	-0.111111111111111
5624	-0.185185185185185
5625	-0.222222222222222
5626	-0.0341880341880343
5627	-0.111111111111111
5628	-0.0341880341880343
5629	-0.108262108262108
5630	-0.256410256410257
5631	-0.330484330484331
5632	-0.444444444444445
5633	-0.478632478632479
5634	-0.521367521367521
5635	-0.669515669515669
5636	-0.669515669515669
5637	-0.703703703703704
5638	-0.740740740740741
5639	-0.811965811965812
5640	-0.774928774928775
5641	-0.737891737891738
5642	-0.811965811965812
5643	-0.96011396011396
5644	-0.92022792022792
5645	-0.957264957264957
5646	-0.917378917378917
5647	-0.92022792022792
5648	-0.92022792022792
5649	-0.92022792022792
5650	-0.92022792022792
5651	-1.03133903133903
5652	-0.991452991452992
5653	-1.14245014245014
5654	-1.06837606837607
5655	-0.954415954415955
5656	-0.914529914529915
5657	-0.948717948717949
5658	-0.871794871794872
5659	-0.982905982905983
5660	-0.905982905982906
5661	-0.749287749287749
5662	-0.635327635327635
5663	-0.598290598290598
5664	-0.487179487179487
5665	-0.641025641025641
5666	-0.678062678062678
5667	-0.603988603988604
5668	-0.378917378917379
5669	-0.421652421652422
5670	-0.424501424501425
5671	-0.350427350427351
5672	-0.535612535612536
5673	-0.498575498575499
5674	-0.464387464387465
5675	-0.350427350427351
5676	-0.390313390313391
5677	-0.353276353276353
5678	-0.316239316239316
5679	-0.313390313390314
5680	-0.353276353276353
5681	-0.433048433048433
5682	-0.358974358974359
5683	-0.512820512820513
5684	-0.396011396011396
5685	-0.47008547008547
5686	-0.626780626780627
5687	-0.777777777777778
5688	-0.811965811965812
5689	-0.658119658119658
5690	-0.763532763532763
5691	-0.680911680911681
5692	-0.680911680911681
5693	-0.683760683760684
5694	-0.792022792022792
5695	-0.866096866096866
5696	-1.13105413105413
5697	-1.05698005698006
5698	-1.13105413105413
5699	-1.09116809116809
5700	-1.12535612535613
5701	-1.16239316239316
5702	-1.27635327635328
5703	-1.23931623931624
5704	-1.08831908831909
5705	-0.783475783475783
5706	-0.817663817663818
5707	-0.931623931623932
5708	-0.894586894586894
5709	-0.823361823361823
5710	-0.752136752136752
5711	-0.826210826210826
5712	-0.635327635327635
5713	-0.327635327635328
5714	-0.592592592592593
5715	-0.672364672364672
5716	-0.717948717948718
5717	-0.868945868945869
5718	-0.94017094017094
5719	-0.9002849002849
5720	-0.86039886039886
5721	-0.635327635327635
5722	-0.598290598290598
5723	-0.370370370370371
5724	-0.518518518518519
5725	-0.672364672364672
5726	-0.521367521367522
5727	-0.484330484330485
5728	-0.370370370370371
5729	-0.213675213675214
5730	-0.441595441595442
5731	-0.444444444444445
5732	-0.330484330484331
5733	-0.330484330484331
5734	-0.404558404558405
5735	-0.253561253561254
5736	-0.253561253561254
5737	-0.447293447293448
5738	-1.01709401709402
5739	-1.09401709401709
5740	-1.05698005698006
5741	-1.09116809116809
5742	-0.712250712250712
5743	-0.715099715099715
5744	-0.492877492877493
5745	-0.532763532763532
5746	-0.646723646723647
5747	-0.606837606837607
5748	-0.794871794871795
5749	-0.683760683760684
5750	-0.757834757834758
5751	-0.871794871794872
5752	-0.945868945868946
5753	-0.943019943019944
5754	-1.13960113960114
5755	-1.21652421652422
5756	-1.14245014245014
5757	-1.10826210826211
5758	-0.991452991452992
5759	-1.06837606837607
5760	-1.29344729344729
5761	-1.25641025641026
5762	-1.33048433048433
5763	-1.10826210826211
5764	-0.92022792022792
5765	-0.843304843304844
5766	-0.883190883190883
5767	-1.18803418803419
5768	-1.15099715099715
5769	-1.22792022792023
5770	-1.26495726495726
5771	-1.3019943019943
5772	-1.37606837606838
5773	-1.48717948717949
5774	-1.63817663817664
5775	-1.49002849002849
5776	-1.56410256410256
5777	-1.33618233618234
5778	-1.37891737891738
5779	-1.37891737891738
5780	-1.18803418803419
5781	-1.18518518518519
5782	-1.18233618233618
5783	-1.33618233618234
5784	-1.18518518518519
5785	-0.997150997150998
5786	-0.997150997150998
5787	-0.806267806267807
5788	-0.692307692307692
5789	-0.769230769230769
5790	-0.621082621082622
5791	-0.47008547008547
5792	-0.618233618233618
5793	-0.655270655270655
5794	-0.578347578347578
5795	-0.350427350427351
5796	-0.270655270655271
5797	0.108262108262108
5798	0.256410256410256
5799	0.256410256410256
5800	0.256410256410256
5801	0.444444444444444
5802	0.296296296296296
5803	0.185185185185185
5804	0.0712250712250706
5805	-0.0455840455840455
5806	-0.0854700854700854
5807	0.0284900284900287
5808	0.17948717948718
5809	0.0655270655270657
5810	-0.0455840455840455
5811	0.0683760683760686
5812	-0.0113960113960112
5813	-0.0854700854700854
5814	-0.0854700854700854
5815	-0.199430199430199
5816	-0.236467236467237
5817	-0.0512820512820513
5818	0.102564102564103
5819	-0.0142450142450141
5820	-0.168091168091168
5821	-0.133903133903134
5822	-0.478632478632479
5823	-0.327635327635328
5824	-0.176638176638177
5825	-0.136752136752137
5826	-0.247863247863248
5827	-0.253561253561254
5828	-0.13960113960114
5829	-0.176638176638177
5830	-0.250712250712251
5831	-0.250712250712251
5832	-0.512820512820513
5833	-0.472934472934473
5834	-0.547008547008547
5835	-0.435897435897436
5836	-0.50997150997151
5837	-0.584045584045584
5838	-0.50997150997151
5839	-0.433048433048433
5840	-0.356125356125356
5841	-0.47008547008547
5842	-0.43019943019943
5843	-0.658119658119658
5844	-0.655270655270655
5845	-0.578347578347578
5846	-0.692307692307692
5847	-0.461538461538462
5848	-0.686609686609686
5849	-0.800569800569801
5850	-0.797720797720798
5851	-0.800569800569801
5852	-0.874643874643875
5853	-0.837606837606838
5854	-0.763532763532763
5855	-0.726495726495727
5856	-0.612535612535613
5857	-0.541310541310541
5858	-0.618233618233618
5859	-0.504273504273504
5860	-0.467236467236468
5861	-0.356125356125356
5862	-0.282051282051282
5863	-0.358974358974359
5864	-0.435897435897436
5865	-0.398860398860399
5866	-0.247863247863248
5867	-0.207977207977208
5868	0.0569800569800567
5869	0.0170940170940168
5870	-0.0598290598290601
5871	0.0512820512820511
5872	-0.142450142450142
5873	-0.0712250712250715
5874	0.0398860398860397
5875	-0.00284900284900291
5876	0.111111111111111
5877	0.148148148148148
5878	0.185185185185185
5879	0.222222222222222
5880	0.259259259259259
5881	0.145299145299145
5882	0.219373219373219
5883	0.256410256410256
5884	0.219373219373219
5885	0.0683760683760685
5886	0.037037037037037
5887	0.0398860398860397
5888	0.153846153846154
5889	-0.0313390313390314
5890	-0.0683760683760684
5891	-0.0313390313390314
5892	-0.111111111111111
5893	-0.227920227920228
5894	-0.188034188034188
5895	-0.225071225071225
5896	-0.262108262108262
5897	0.0455840455840453
5898	0.0854700854700854
5899	0.0854700854700854
5900	0.0883190883190883
5901	-0.136752136752137
5902	-0.0997150997151
5903	-0.213675213675214
5904	-0.282051282051282
5905	-0.319088319088319
5906	-0.353276353276353
5907	-0.350427350427351
5908	-0.461538461538462
5909	-0.387464387464388
5910	-0.387464387464388
5911	-0.47008547008547
5912	-0.50997150997151
5913	-0.660968660968661
5914	-0.475783475783476
5915	-0.552706552706553
5916	-0.62962962962963
5917	-0.512820512820513
5918	-0.623931623931624
5919	-0.698005698005698
5920	-0.735042735042735
5921	-0.735042735042735
5922	-0.928774928774929
5923	-0.851851851851852
5924	-0.925925925925926
5925	-0.851851851851852
5926	-0.54985754985755
5927	-0.586894586894587
5928	-0.54985754985755
5929	-0.515669515669516
5930	-0.58974358974359
5931	-0.555555555555556
5932	-0.555555555555556
5933	-0.558404558404558
5934	-0.558404558404558
5935	-0.669515669515669
5936	-0.703703703703704
5937	-0.62962962962963
5938	-0.555555555555556
5939	-0.518518518518519
5940	-0.555555555555556
5941	-0.552706552706553
5942	-0.62962962962963
5943	-0.592592592592593
5944	-0.481481481481482
5945	-0.367521367521368
5946	-0.324786324786325
5947	-0.512820512820513
5948	-0.666666666666667
5949	-0.592592592592593
5950	-0.475783475783476
5951	-0.62962962962963
5952	-0.478632478632479
5953	-0.58974358974359
5954	-0.592592592592593
5955	-0.555555555555556
5956	-0.441595441595442
5957	-0.518518518518519
5958	-0.62962962962963
5959	-0.515669515669516
5960	-0.290598290598291
5961	-0.256410256410257
5962	-0.256410256410257
5963	-0.13960113960114
5964	-0.13960113960114
5965	-0.102564102564103
5966	-0.0655270655270657
5967	-0.142450142450142
5968	-0.142450142450142
5969	-0.256410256410257
5970	-0.17948717948718
5971	-0.0313390313390314
5972	0.119658119658119
5973	0.273504273504273
5974	0.313390313390313
5975	0.0826210826210823
5976	0.236467236467236
5977	0.0512820512820511
5978	0.279202279202279
5979	0.0940170940170937
5980	0.284900284900285
5981	0.207977207977208
5982	0.170940170940171
5983	0.170940170940171
5984	0.0569800569800567
5985	0.0598290598290598
5986	0.0997150997151
5987	-0.0484330484330482
5988	-0.125356125356125
5989	0.0284900284900287
5990	0.105413105413106
5991	0.0313390313390316
5992	0.267806267806268
5993	0.535612535612535
5994	0.535612535612535
5995	0.381766381766382
5996	0.190883190883191
5997	0.0398860398860394
5998	-0.113960113960114
5999	-0.227920227920228
6000	-0.150997150997151
6001	-0.304843304843305
6002	-0.193732193732194
6003	-0.421652421652422
6004	-0.15954415954416
6005	-0.276353276353277
6006	-0.313390313390314
6007	-0.23931623931624
6008	-0.128205128205128
6009	-0.168091168091168
6010	-0.210826210826211
6011	-0.250712250712251
6012	-0.13960113960114
6013	-0.216524216524216
6014	-0.407407407407408
6015	-0.293447293447293
6016	-0.444444444444445
6019	-0.823361823361823
6020	-0.709401709401709
6021	-0.210826210826211
6022	-0.467236467236468
6023	-0.267806267806268
6024	0.270655270655271
6025	0.199430199430199
6026	0.0940170940170937
6027	0.33048433048433
6028	0.498575498575498
6029	0.809116809116809
6030	1.08547008547009
6031	0.94017094017094
6032	0.98005698005698
6033	0.98005698005698
6034	1.13390313390313
6035	1.13390313390313
6036	1.13390313390313
6037	1.13390313390313
6038	1.17094017094017
6039	1.20797720797721
6040	1.05413105413105
6041	1.23931623931624
6042	1.23931623931624
6043	1.42165242165242
6044	1.33618233618234
6045	1.2962962962963
6046	0.834757834757835
6047	1.2022792022792
6048	1.03988603988604
6049	0.575498575498575
6050	0.643874643874644
6051	0.823361823361823
6052	0.547008547008547
6053	0.49002849002849
6054	0.13960113960114
