841	-0.0934065934065934
842	-0.131868131868132
843	-0.112637362637363
844	-0.112637362637363
845	-0.0357142857142857
846	-0.0549450549450549
847	-0.0741758241758242
848	-0.0357142857142857
851	0.00274725274725274
852	-0.0164835164835165
920	0.214285714285714
921	0.337912087912088
922	0.409340659340659
923	0.428571428571429
924	0.409340659340659
925	0.247252747252747
926	0.247252747252747
927	0.266483516483516
928	0.266483516483516
929	0.266483516483516
930	0.247252747252747
931	0.299450549450549
932	0.299450549450549
933	0.260989010989011
934	0.203296703296703
935	0.203296703296703
936	0.203296703296703
937	0.28021978021978
938	0.370879120879121
939	0.428571428571429
940	0.447802197802198
941	0.285714285714286
942	0.324175824175824
943	0.324175824175824
944	0.447802197802198
945	0.409340659340659
946	0.39010989010989
947	0.461538461538461
948	0.442307692307692
949	0.494505494505494
950	0.494505494505494
951	0.494505494505494
952	0.565934065934066
953	0.546703296703297
954	0.618131868131868
955	0.598901098901099
956	0.450549450549451
957	0.288461538461538
958	0.145604395604396
959	0.126373626373626
960	0.087912087912088
961	0.0686813186813187
962	0.0494505494505495
963	0.101648351648352
964	0.14010989010989
965	0.14010989010989
966	0.192307692307692
967	0.0686813186813187
968	0.14010989010989
969	0.197802197802198
970	0.25
971	0.211538461538461
972	0.211538461538461
973	0.211538461538461
974	0.0631868131868132
975	0.0961538461538461
976	0.167582417582418
977	0.0906593406593407
978	0.0521978021978022
979	0.0521978021978022
980	-0.129120879120879
981	-0.129120879120879
982	-0.162087912087912
983	-0.233516483516483
984	-0.142857142857143
985	-0.252747252747253
986	-0.271978021978022
997	-0.324175824175824
998	-0.362637362637363
999	-0.381868131868132
1000	-0.401098901098901
1001	-0.362637362637363
1003	-0.32967032967033
1004	-0.401098901098901
1005	-0.381868131868132
1009	-0.304945054945055
1010	-0.195054945054945
1011	-0.247252747252747
1012	-0.208791208791209
1013	-0.118131868131868
1014	-0.0467032967032966
1015	-0.00824175824175821
1016	-0.00824175824175821
1017	-0.00824175824175821
1018	-0.00824175824175821
1019	-0.0274725274725274
1020	0.0109890109890111
1021	0.0302197802197803
1022	0.0109890109890111
1023	0.0824175824175825
1024	0.0494505494505495
1025	0.0686813186813187
1026	0.14010989010989
1027	0.0302197802197803
1028	0.35989010989011
1029	0.340659340659341
1030	0.340659340659341
1031	0.321428571428571
1032	0.464285714285714
1033	0.483516483516484
1034	0.464285714285714
1035	0.431318681318681
1036	0.321428571428571
1037	0.392857142857143
1038	0.412087912087912
1039	0.335164835164835
1040	0.315934065934066
1041	0.315934065934066
1042	0.354395604395604
1043	0.387362637362638
1044	0.348901098901099
1045	0.258241758241758
1046	0.148351648351648
1047	0.167582417582418
1048	0.239010989010989
1049	0.167582417582418
1050	0.115384615384615
1051	0.225274725274725
1052	0.225274725274725
1053	0.206043956043956
1054	0.206043956043956
1055	0.167582417582418
1056	0.0961538461538461
1057	0.206043956043956
1058	0.225274725274725
1059	0.206043956043956
1060	0.225274725274725
1061	0.263736263736264
1062	0.159340659340659
1063	0.230769230769231
1064	0.126373626373626
1065	0.340659340659341
1066	0.35989010989011
1067	0.326923076923077
1068	0.274725274725275
1069	0.241758241758242
1070	0.241758241758242
1071	0.313186813186813
1072	0.28021978021978
1073	0.18956043956044
1074	0.208791208791209
1075	0.208791208791209
1076	0.208791208791209
1077	0.351648351648352
1078	0.442307692307692
1079	0.461538461538461
1080	0.585164835164835
1081	0.585164835164835
1082	0.565934065934066
1083	0.565934065934066
1084	0.442307692307692
1085	0.461538461538461
1086	0.461538461538461
1087	0.409340659340659
1088	0.5
1089	0.519230769230769
1090	0.576923076923077
1091	0.648351648351648
1092	0.71978021978022
1093	0.791208791208791
1094	0.810439560439561
1095	0.901098901098901
1096	0.972527472527473
1097	1.11538461538462
1098	1.11538461538462
1099	1.18681318681319
1100	1.23901098901099
1101	1.11538461538462
1102	1.11538461538462
1103	1.13461538461538
1104	1.06318681318681
1105	1.06318681318681
1106	1.10164835164835
1107	0.991758241758242
1108	1.01098901098901
1109	1.21153846153846
1110	1.37362637362637
1111	1.46428571428571
1112	1.53571428571429
1113	1.41208791208791
1114	1.43131868131868
1124	1.66483516483516
1125	1.66483516483516
1126	1.73626373626374
1127	1.71703296703297
1128	1.71703296703297
1129	1.55494505494505
1130	1.55494505494505
1131	1.46428571428571
1132	1.46428571428571
1133	1.32142857142857
1134	1.3021978021978
1135	1.17857142857143
1136	1.10714285714286
1137	1.03571428571429
1138	1.17857142857143
1139	1.17857142857143
1140	1.17857142857143
1141	1.17857142857143
1142	1.1978021978022
1143	1.17857142857143
1144	1.15934065934066
1145	1.08791208791209
1146	0.906593406593407
1147	0.835164835164835
1148	0.763736263736264
1149	0.763736263736264
1150	0.763736263736264
1151	0.835164835164835
1152	0.906593406593407
1153	0.815934065934066
1154	0.744505494505494
1155	0.653846153846154
1156	0.53021978021978
1157	0.42032967032967
1158	0.42032967032967
1159	0.43956043956044
1160	0.368131868131868
1161	0.43956043956044
1162	0.458791208791209
1163	0.387362637362637
1184	-0.0549450549450549
1185	-0.0741758241758242
1242	-0.0357142857142857
1243	0.00274725274725274
1244	-0.0164835164835165
1245	-0.0549450549450549
1246	0.0357142857142857
1247	-0.021978021978022
1248	-0.021978021978022
1249	-0.021978021978022
1250	-0.0412087912087912
1251	-0.0412087912087912
1252	-0.00824175824175821
1253	-0.0467032967032966
1254	-0.0467032967032966
1255	-0.00824175824175821
1256	0.0631868131868132
1257	0.043956043956044
1258	0.043956043956044
1259	0.0247252747252747
1260	0.0247252747252747
1261	0.00549450549450547
1262	0.00549450549450547
1263	0.043956043956044
1264	0.043956043956044
1265	0.0631868131868132
1266	0.101648351648352
1267	0.244505494505495
1268	0.321428571428571
1269	0.321428571428571
1270	0.217032967032967
1271	0.269230769230769
1272	0.217032967032967
1273	0.145604395604396
1274	0.288461538461538
1275	0.340659340659341
1276	0.302197802197802
1277	0.302197802197802
1278	0.263736263736264
1279	0.354395604395604
1280	0.502747252747253
1281	0.593406593406594
1282	0.651098901098901
1283	0.760989010989011
1284	0.903846153846154
1285	0.923076923076923
1286	1.01373626373626
1287	1.0521978021978
1288	1.09065934065934
1289	1.16208791208791
1290	1.16208791208791
1291	1.18131868131868
1292	1.20054945054945
1293	1.21978021978022
1294	1.05769230769231
1295	1.05769230769231
1296	1.07692307692308
1297	1.05769230769231
1298	1.05769230769231
1299	1.14835164835165
1300	1.16758241758242
1301	1.16758241758242
1302	1.23901098901099
1303	1.07692307692308
1304	1.05769230769231
1305	1.07692307692308
1306	1.18681318681319
1307	1.09615384615385
1308	1.13461538461538
1309	1.13461538461538
1310	1.03021978021978
1311	0.978021978021978
1312	0.958791208791209
1313	0.925824175824176
1314	0.782967032967033
1315	0.730769230769231
1316	0.64010989010989
1317	0.601648351648352
1318	0.601648351648352
1319	0.491758241758242
1320	0.348901098901099
1321	0.31043956043956
1322	0.233516483516483
1323	0.252747252747253
1326	0.252747252747253
1327	0.395604395604396
1328	0.285714285714286
1329	0.324175824175824
1330	0.304945054945055
1331	0.266483516483516
1332	0.247252747252747
1333	0.351648351648352
1334	0.332417582417582
1335	0.222527472527473
1336	0.241758241758242
1337	0.241758241758242
1338	0.18956043956044
1339	0.18956043956044
1340	0.118131868131868
1341	0.0989010989010989
1343	0.0796703296703296
1344	0.0604395604395603
1345	0.021978021978022
1346	0.0412087912087912
1347	0.021978021978022
1348	0.00274725274725274
1349	0.0164835164835165
1350	-0.00274725274725285
1351	-0.021978021978022
1352	-0.0604395604395604
1353	-0.151098901098901
1354	-0.131868131868132
1355	-0.151098901098901
1356	-0.0934065934065934
1357	-0.0741758241758242
1432	-0.785714285714286
1433	-0.862637362637363
1434	-0.939560439560439
1435	-1.01648351648352
1436	-0.958791208791209
1437	-1.01648351648352
1438	-0.945054945054945
1439	-0.925824175824176
1440	-0.906593406593407
1441	-0.92032967032967
1442	-0.958791208791209
1443	-0.997252747252747
1444	-1.01648351648352
1445	-0.939560439560439
1446	-0.997252747252747
1450	-0.804945054945055
1451	-0.695054945054945
1452	-0.618131868131868
1453	-0.618131868131868
1454	-0.546703296703297
1455	-0.623626373626373
1456	-0.552197802197802
1457	-0.552197802197802
1458	-0.571428571428571
1459	-0.590659340659341
1460	-0.835164835164835
1461	-0.796703296703297
1462	-0.815934065934066
1463	-0.906593406593407
1464	-0.958791208791209
1465	-0.939560439560439
1466	-0.868131868131868
1467	-0.887362637362638
1480	-0.497252747252747
1481	-0.43956043956044
1482	-0.387362637362637
1483	-0.368131868131868
1484	-0.387362637362637
1485	-0.368131868131868
1486	-0.43956043956044
1487	-0.43956043956044
1488	-0.348901098901099
1489	-0.31043956043956
1490	-0.271978021978022
1491	-0.31043956043956
1492	-0.324175824175824
1493	-0.195054945054945
1494	-0.195054945054945
1495	-0.021978021978022
1496	0.0302197802197803
1497	0.0109890109890111
1498	0.0494505494505495
1499	-0.00824175824175821
1500	-0.195054945054945
1501	-0.214285714285714
1502	-0.247252747252747
1503	-0.247252747252747
1504	-0.208791208791209
1505	-0.208791208791209
1506	-0.17032967032967
1507	-0.17032967032967
1508	-0.151098901098901
1509	0.0494505494505495
1510	0.0494505494505495
1511	0.087912087912088
1512	0.230769230769231
1513	0.178571428571429
1514	0.14010989010989
1515	-0.00274725274725285
1516	-0.0549450549450549
1517	-0.0549450549450549
1522	-0.17032967032967
1523	-0.0989010989010989
1524	-0.151098901098901
1525	-0.0412087912087912
1526	-0.17032967032967
1527	-0.17032967032967
1528	-0.208791208791209
1531	-0.175824175824176
1532	-0.228021978021978
1533	-0.208791208791209
1534	-0.17032967032967
1535	-0.0934065934065934
1536	-0.0741758241758242
1537	-0.151098901098901
1538	-0.0796703296703297
1539	-0.0989010989010989
1540	-0.137362637362637
1541	-0.0659340659340659
1542	-0.104395604395604
1543	-0.123626373626374
1544	-0.0714285714285714
1545	-0.233516483516483
1546	-0.252747252747253
1547	-0.271978021978022
1549	-0.368131868131868
1550	-0.277472527472527
1551	-0.258241758241758
1552	-0.21978021978022
1553	-0.167582417582417
1554	-0.096153846153846
1555	-0.115384615384615
1556	0.098901098901099
1557	0.175824175824176
1558	0.266483516483517
1559	0.104395604395604
1560	0.195054945054945
1561	0.310439560439561
1562	0.291208791208791
1563	0.32967032967033
1564	0.401098901098901
1565	0.453296703296703
1566	0.505494505494505
1567	0.395604395604396
1568	0.376373626373626
1569	0.395604395604396
1570	0.414835164835165
1571	0.434065934065934
1572	0.472527472527473
1573	0.472527472527473
1574	0.491758241758242
1575	0.543956043956044
1576	0.486263736263736
1577	0.453296703296703
1578	0.453296703296703
1579	0.472527472527473
1580	0.491758241758242
1581	0.472527472527473
1582	0.601648351648352
1583	0.620879120879121
1584	0.769230769230769
1585	0.587912087912088
1586	0.497252747252747
1587	0.478021978021978
1588	0.516483516483517
1589	0.445054945054945
1590	0.335164835164835
1591	0.406593406593407
1592	0.263736263736264
1593	0.315934065934066
1594	0.115384615384615
1595	0.115384615384615
1596	-0.0329670329670331
1597	-0.181318681318681
1598	-0.10989010989011
1599	-0.0906593406593406
1600	-0.162087912087912
1601	-0.195054945054945
1602	-0.247252747252747
1612	-0.208791208791209
1613	-0.247252747252747
1614	-0.266483516483516
1615	-0.200549450549451
1616	-0.291208791208791
1617	-0.277472527472527
1618	-0.277472527472527
1619	-0.296703296703297
1620	-0.32967032967033
1621	-0.348901098901099
1622	-0.258241758241758
1623	-0.277472527472527
1624	-0.258241758241758
1625	-0.162087912087912
1626	-0.21978021978022
1627	-0.348901098901099
1628	-0.43956043956044
1633	-0.195054945054945
1634	-0.343406593406593
1635	-0.362637362637363
1636	-0.43956043956044
1637	-0.43956043956044
1638	-0.535714285714286
1639	-0.535714285714286
1640	-0.535714285714286
1641	-0.535714285714286
1642	-0.516483516483517
1643	-0.516483516483517
1644	-0.516483516483517
1645	-0.497252747252747
1698	-0.0604395604395604
1699	-0.021978021978022
1700	-0.021978021978022
1701	-0.00274725274725285
1702	0.0164835164835165
1703	0.0686813186813187
1704	0.0686813186813187
1705	0.087912087912088
1706	0.126373626373626
1707	0.197802197802198
1708	0.288461538461538
1709	0.365384615384615
1710	0.313186813186813
1711	0.313186813186813
1712	0.351648351648352
1713	0.423076923076923
1714	0.423076923076923
1715	0.585164835164835
1716	0.623626373626374
1717	0.604395604395604
1718	0.642857142857143
1719	0.571428571428571
1720	0.590659340659341
1721	0.590659340659341
1722	0.648351648351648
1723	0.60989010989011
1724	0.5
1725	0.733516483516484
1726	0.642857142857143
1727	0.571428571428571
1728	0.571428571428571
1729	0.519230769230769
1730	0.480769230769231
1731	0.623626373626374
1732	0.642857142857143
1733	0.604395604395604
1734	0.442307692307692
1735	0.423076923076923
1736	0.494505494505494
1737	0.475274725274725
1738	0.475274725274725
1739	0.403846153846154
1740	0.365384615384615
1741	0.326923076923077
1742	0.326923076923077
1743	0.222527472527473
1744	0.151098901098901
1745	0.203296703296703
1746	0.203296703296703
1747	0.164835164835165
1748	0.184065934065934
1749	0.164835164835165
1750	0.145604395604396
1751	-0.0164835164835165
1752	0.00274725274725274
1753	0.00274725274725274
1757	-0.0164835164835165
1758	-0.0934065934065934
1759	-0.0741758241758242
1760	0.087912087912088
1761	-0.0741758241758242
1762	-0.00274725274725285
1763	0.0164835164835165
1764	0.14010989010989
1765	0.178571428571429
1766	0.087912087912088
1767	-0.0549450549450549
1768	-0.0164835164835165
1769	0.00274725274725274
1770	0.021978021978022
1771	0.021978021978022
1779	0.137362637362637
1780	0.17032967032967
1781	0.118131868131868
1782	0.156593406593407
1783	0.260989010989011
1784	0.351648351648352
1785	0.318681318681319
1786	0.409340659340659
1787	0.480769230769231
1788	0.480769230769231
1789	0.480769230769231
1790	0.480769230769231
1791	0.642857142857143
1792	0.785714285714286
1793	0.810439560439561
1794	0.810439560439561
1795	0.791208791208791
1796	0.686813186813187
1797	0.596153846153846
1798	0.576923076923077
1799	0.752747252747253
1800	0.662087912087912
1801	0.662087912087912
1802	0.662087912087912
1803	0.642857142857143
1804	0.662087912087912
1805	0.747252747252747
1806	0.728021978021978
1807	0.651098901098901
1808	0.651098901098901
1809	0.593406593406594
1810	0.554945054945055
1811	0.554945054945055
1812	0.535714285714286
1813	0.516483516483517
1814	0.516483516483517
1815	0.502747252747253
1816	0.335164835164835
1817	0.387362637362638
1818	0.425824175824176
1819	0.263736263736264
1820	0.153846153846154
1821	0.134615384615385
1822	0.0631868131868132
1823	-0.00824175824175821
1824	-0.0467032967032966
1825	-0.0659340659340659
1826	-0.123626373626374
1827	-0.285714285714286
1863	-0.0604395604395604
1864	-0.0796703296703297
1865	-0.021978021978022
1866	0.0164835164835165
1867	0.0357142857142857
1868	0.0164835164835165
1869	0.0164835164835165
1870	0.0686813186813187
1871	0.0494505494505495
1872	0.0494505494505495
1873	0.0302197802197803
1874	0.159340659340659
1875	0.14010989010989
1876	0.14010989010989
1877	0.101648351648352
1878	0.134615384615385
1879	0.0576923076923078
1880	0.0961538461538461
1881	0.0631868131868132
1882	0.0631868131868132
1883	-0.00824175824175821
1884	-0.0989010989010989
1885	-0.0989010989010989
1886	-0.0989010989010989
1887	-0.0989010989010989
1888	-0.0989010989010989
1889	0.0109890109890111
1890	0.0109890109890111
1891	-0.0274725274725274
1892	-0.0274725274725274
1893	-0.00824175824175821
1894	0.0686813186813187
1895	0.0549450549450549
1896	0.288461538461538
1897	0.230769230769231
1898	0.120879120879121
1899	-0.112637362637363
1900	-0.131868131868132
1901	-0.151098901098901
1902	-0.151098901098901
1903	-0.151098901098901
1904	-0.17032967032967
1905	-0.137362637362637
1906	-0.228021978021978
1907	-0.233516483516483
1908	-0.252747252747253
1909	-0.271978021978022
1910	-0.324175824175824
1911	-0.304945054945055
1912	-0.304945054945055
1913	-0.266483516483516
1916	-0.285714285714286
1917	-0.304945054945055
1918	-0.381868131868132
1919	-0.401098901098901
1920	-0.401098901098901
1921	-0.478021978021978
1923	-0.464285714285714
1924	-0.431318681318681
1925	-0.450549450549451
1926	-0.450549450549451
1927	-0.489010989010989
1928	-0.546703296703297
1929	-0.642857142857143
1930	-0.700549450549451
1931	-0.71978021978022
1934	-0.843406593406593
1935	-0.791208791208791
1936	-0.82967032967033
1937	-0.82967032967033
1938	-0.82967032967033
1939	-0.854395604395604
1940	-0.782967032967033
1941	-0.802197802197802
1942	-0.692307692307692
1943	-0.821428571428572
1944	-0.840659340659341
1945	-0.717032967032967
1946	-0.774725274725275
1947	-0.774725274725275
1948	-0.793956043956044
1949	-0.870879120879121
1950	-0.870879120879121
1951	-0.870879120879121
1952	-0.928571428571429
1953	-0.909340659340659
1954	-0.980769230769231
1955	-1.09065934065934
1956	-1.10989010989011
1957	-1.09065934065934
1958	-1.03296703296703
1959	-1.13736263736264
1960	-1.11813186813187
1961	-1.1510989010989
1962	-1.09340659340659
1963	-1.03571428571429
1964	-0.978021978021978
1965	-0.939560439560439
1966	-0.791208791208791
1967	-0.706043956043956
1968	-0.763736263736264
1969	-0.543956043956044
1970	-0.634615384615385
1971	-0.629120879120879
1972	-0.557692307692308
1973	-0.64010989010989
1974	-0.601648351648352
1975	-0.439560439560439
1976	-0.510989010989011
1977	-0.620879120879121
1978	-0.653846153846154
1979	-0.673076923076923
1980	-0.582417582417582
1981	-0.615384615384615
1982	-0.563186813186813
1983	-0.543956043956044
1984	-0.376373626373626
1985	-0.337912087912088
1986	-0.266483516483516
1987	-0.137362637362637
1988	-0.0604395604395604
1989	-0.0412087912087913
1990	0.0686813186813189
1991	0.126373626373626
1992	0.107142857142857
1993	0.178571428571429
1994	0.14010989010989
1995	0.173076923076923
1996	0.263736263736263
1997	0.302197802197802
1998	0.244505494505494
1999	0.277472527472528
2000	0.258241758241758
2001	0.32967032967033
2002	0.315934065934066
2003	0.302197802197802
2004	0.211538461538462
2005	0.197802197802198
2006	0.197802197802198
2007	0.178571428571429
2008	0.28021978021978
2009	0.370879120879121
2010	0.461538461538461
2011	0.247252747252747
2012	0.324175824175824
2013	0.343406593406594
2014	0.505494505494505
2015	0.505494505494505
2016	0.615384615384615
2017	0.615384615384615
2018	0.576923076923077
2019	0.596153846153846
2020	0.524725274725275
2021	0.596153846153846
2022	0.543956043956044
2023	0.491758241758242
2024	0.458791208791209
2025	0.53021978021978
2026	0.53021978021978
2027	0.549450549450549
2028	0.549450549450549
2029	0.505494505494505
2030	0.653846153846154
2031	0.582417582417582
2032	0.472527472527473
2033	0.653846153846154
2034	0.782967032967033
2035	0.653846153846154
2036	0.796703296703297
2037	0.744505494505495
2038	0.796703296703297
2039	0.958791208791209
2040	1.03021978021978
2041	1.03021978021978
2042	1.14010989010989
2043	1.14010989010989
2044	1.26923076923077
2045	1.1456043956044
2046	1.26923076923077
2047	1.26923076923077
2048	1.25
2049	1.19230769230769
2050	0.986263736263736
2051	1.09065934065934
2052	1
2053	1.09065934065934
2054	0.961538461538461
2055	0.961538461538461
2056	1.07142857142857
2057	1
2058	0.980769230769231
2059	1.01373626373626
2060	0.956043956043956
2061	0.898351648351648
2062	0.826923076923077
2063	0.846153846153846
2064	0.980769230769231
2065	0.837912087912088
2066	0.67032967032967
2067	0.68956043956044
2068	0.57967032967033
2069	0.417582417582417
2070	0.403846153846154
2071	0.475274725274725
2072	0.365384615384615
2073	0.326923076923077
2074	0.255494505494505
2075	0.0934065934065935
2076	0.054945054945055
2077	-0.0357142857142856
2078	-0.145604395604395
2079	-0.131868131868132
2080	-0.241758241758242
2081	-0.184065934065934
2082	-0.293956043956044
2083	-0.0934065934065935
2084	0.107142857142857
2085	0.260989010989011
2086	0.18956043956044
2087	0.0137362637362637
2088	0.0659340659340659
2089	-0.0192307692307692
2090	-0.096153846153846
2091	-0.153846153846154
2092	-0.244505494505495
2093	-0.120879120879121
2094	-0.0494505494505493
2095	-0.126373626373626
2096	-0.0879120879120878
2097	-0.197802197802198
2098	-0.197802197802198
2099	-0.197802197802198
2100	-0.217032967032967
2101	-0.197802197802198
2102	-0.197802197802198
2103	-0.14010989010989
2104	-0.159340659340659
2105	-0.120879120879121
2106	-0.14010989010989
2107	-0.211538461538461
2108	-0.192307692307692
2109	-0.173076923076923
2110	-0.211538461538461
2111	-0.192307692307692
2112	-0.282967032967033
2113	-0.192307692307692
2114	-0.173076923076923
2115	-0.225274725274725
2116	-0.263736263736264
2117	-0.173076923076923
2118	-0.315934065934066
2119	-0.43956043956044
2138	-0.131868131868132
2139	-0.0989010989010989
2140	-0.137362637362637
2141	-0.0659340659340659
2142	0.0247252747252747
2143	0.134615384615385
2144	0.0247252747252747
2145	0.043956043956044
2146	0.0247252747252747
2147	0.0961538461538461
2148	0.0769230769230769
2149	0.0247252747252747
2150	0.115384615384615
2151	0.315934065934066
2152	0.348901098901099
2153	0.277472527472528
2154	0.277472527472528
2155	0.296703296703297
2156	0.335164835164835
2157	0.425824175824176
2158	0.425824175824176
2159	0.425824175824176
2160	0.425824175824176
2161	0.445054945054945
2162	0.445054945054945
2163	0.464285714285714
2164	0.483516483516484
2165	0.464285714285714
2166	0.431318681318681
2167	0.450549450549451
2168	0.307692307692308
2169	0.307692307692308
2170	0.184065934065934
2171	0.236263736263736
2172	0.274725274725275
2173	0.332417582417582
2174	0.357142857142857
2175	0.285714285714286
2176	0.304945054945055
2177	0.252747252747253
2199	0.195054945054945
2200	0.214285714285714
2201	0.156593406593407
2202	0.156593406593407
2203	0.156593406593407
2204	0.228021978021978
2205	0.228021978021978
2206	0.18956043956044
2207	0.18956043956044
2208	0.151098901098901
2209	0.0934065934065934
2210	0.112637362637363
2211	0.112637362637363
2212	0.164835164835165
2213	0.293956043956044
2214	0.255494505494505
2215	0.274725274725275
2216	0.326923076923077
2217	0.346153846153846
2218	0.436813186813187
2219	0.456043956043956
2220	0.332417582417582
2221	0.370879120879121
2222	0.313186813186813
2223	0.260989010989011
2224	0.208791208791209
2225	0.241758241758242
2226	0.0796703296703296
2227	0.0796703296703296
2228	0.0796703296703296
2230	0.021978021978022
2231	-0.0164835164835165
2234	-0.0741758241758242
2235	-0.0741758241758242
2236	-0.0164835164835165
2237	0.0549450549450549
2238	0.0357142857142857
2239	0.0164835164835165
2240	0.0357142857142857
2241	0.0357142857142857
2242	-0.00274725274725285
2243	-0.0357142857142857
2244	0.021978021978022
2245	0.112637362637363
2246	0.0934065934065934
2247	0.0934065934065934
2248	-0.0164835164835165
2257	-0.0934065934065934
2258	-0.00274725274725285
2259	-0.021978021978022
2260	0.0494505494505495
2261	-0.021978021978022
2262	-0.0796703296703297
2263	-0.137362637362637
2264	-0.0274725274725274
2265	0.00549450549450547
2266	-0.104395604395604
2267	-0.0659340659340659
2268	-0.085164835164835
2269	-0.142857142857143
2270	-0.271978021978022
2271	-0.291208791208791
2272	-0.277472527472527
2273	-0.354395604395604
2274	-0.335164835164835
2275	-0.354395604395604
2276	-0.387362637362637
2277	-0.296703296703297
2278	-0.315934065934066
2279	-0.354395604395604
2280	-0.392857142857143
2281	-0.521978021978022
2282	-0.431318681318681
2283	-0.46978021978022
2284	-0.379120879120879
2285	-0.398351648351648
2286	-0.513736263736264
2287	-0.513736263736264
2288	-0.662087912087912
2289	-0.604395604395604
2290	-0.623626373626373
2291	-0.604395604395604
2292	-0.656593406593407
2293	-0.604395604395604
2294	-0.637362637362637
2295	-0.527472527472527
2296	-0.57967032967033
2297	-0.332417582417583
2298	-0.332417582417583
2299	-0.241758241758242
2300	-0.203296703296703
2301	-0.0741758241758239
2302	0.0164835164835164
2303	0.0164835164835164
2304	-0.0219780219780221
2305	-0.0604395604395604
2306	-0.156593406593406
2307	-0.17032967032967
2308	-0.145604395604395
2309	-0.217032967032967
2310	-0.145604395604395
2311	-0.164835164835165
2312	-0.164835164835165
2313	-0.313186813186813
2314	-0.293956043956044
2315	-0.255494505494506
2316	-0.178571428571429
2317	-0.107142857142857
2318	-0.0494505494505493
2319	-0.0686813186813184
2320	-0.120879120879121
2321	0.0137362637362637
2322	0.0329670329670328
2323	0.148351648351648
2324	0.181318681318681
2325	0.123626373626374
2326	0.0851648351648353
2327	0.175824175824176
2328	0.0796703296703298
2329	-0.0302197802197801
2330	-0.0494505494505493
2331	-0.0686813186813184
2332	0.0274725274725276
2333	-0.21978021978022
2334	-0.21978021978022
2335	-0.271978021978022
2336	-0.252747252747253
2340	-0.208791208791209
2341	-0.17032967032967
2342	-0.17032967032967
2343	-0.17032967032967
2344	-0.118131868131868
2345	-0.156593406593406
2346	-0.266483516483516
2347	-0.304945054945055
2348	-0.247252747252747
2349	-0.214285714285714
2350	-0.233516483516483
2351	-0.233516483516483
2352	-0.271978021978022
2353	-0.343406593406593
2358	-0.497252747252747
2359	-0.335164835164835
2360	-0.277472527472527
2361	-0.296703296703297
2362	-0.373626373626374
2363	-0.354395604395604
2364	-0.392857142857143
2365	-0.464285714285714
2366	-0.464285714285714
2367	-0.541208791208791
2368	-0.541208791208791
2369	-0.489010989010989
2370	-0.527472527472527
2371	-0.546703296703297
2372	-0.598901098901099
2373	-0.618131868131868
2374	-0.313186813186813
2375	-0.274725274725275
2376	-0.340659340659341
2377	-0.379120879120879
2378	-0.365384615384615
2379	-0.370879120879121
2380	-0.403846153846154
2381	-0.326923076923077
2382	-0.288461538461538
2383	-0.255494505494506
2384	-0.197802197802198
2385	-0.197802197802198
2386	-0.126373626373626
2387	-0.054945054945055
2388	-0.0741758241758239
2389	-0.0164835164835164
2390	0.131868131868132
2391	0.151098901098901
2392	0.131868131868132
2393	0.0934065934065935
2394	0.0412087912087913
2395	0.126373626373626
2396	0.131868131868132
2397	0.17032967032967
2398	0.266483516483517
2399	0.233516483516484
2400	0.304945054945055
2401	0.285714285714286
2402	0.343406593406594
2403	0.362637362637363
2404	0.362637362637363
2405	0.32967032967033
2406	0.271978021978022
2407	0.285714285714286
2408	0.299450549450549
2409	0.299450549450549
2410	0.0851648351648353
2411	0.0659340659340659
2412	0.156593406593407
2413	0.214285714285714
2414	0.200549450549451
2415	0.0906593406593407
2416	0.0521978021978022
2417	0.0521978021978022
2418	0.10989010989011
2419	0.181318681318681
2420	0.181318681318681
2421	0.162087912087912
2422	0.0906593406593407
2423	0
2424	-0.0769230769230771
2425	-0.096153846153846
2426	-0.186813186813187
2427	-0.206043956043956
2428	-0.225274725274725
2429	-0.225274725274725
2430	-0.186813186813187
2450	-0.651098901098901
2451	-0.651098901098901
2452	-0.67032967032967
2453	-0.67032967032967
2454	-0.68956043956044
2460	-0.747252747252747
2461	-0.552197802197802
2462	-0.571428571428571
2463	-0.532967032967033
2464	-0.519230769230769
2465	-0.395604395604395
2466	-0.343406593406593
2467	-0.252747252747253
2468	-0.32967032967033
2469	-0.387362637362638
2470	-0.368131868131868
2471	-0.425824175824176
2472	-0.445054945054945
2473	-0.425824175824176
2474	-0.406593406593406
2475	-0.387362637362638
2476	-0.406593406593406
2477	-0.354395604395604
2478	-0.263736263736264
2479	-0.263736263736264
2480	-0.244505494505495
2481	-0.244505494505495
2482	-0.335164835164835
2483	-0.186813186813187
2484	-0.368131868131868
2485	-0.406593406593406
2486	-0.620879120879121
2487	-0.64010989010989
2488	-0.607142857142857
2489	-0.593406593406593
2490	-0.67032967032967
2491	-0.664835164835165
2492	-0.535714285714286
2493	-0.406593406593406
2494	-0.277472527472527
2495	-0.392857142857143
2496	-0.425824175824176
2497	-0.549450549450549
2498	-0.549450549450549
2499	-0.587912087912088
2500	-0.678571428571429
2501	-0.802197802197802
2502	-0.840659340659341
2503	-0.815934065934066
2504	-0.71978021978022
2505	-0.648351648351648
2506	-0.571428571428571
2507	-0.519230769230769
2508	-0.447802197802198
2509	-0.486263736263736
2510	-0.486263736263736
2511	-0.505494505494506
2512	-0.467032967032967
2513	-0.60989010989011
2514	-0.519230769230769
2515	-0.428571428571429
2516	-0.39010989010989
2517	-0.351648351648352
2518	-0.332417582417583
2519	-0.39010989010989
2520	-0.299450549450549
2521	-0.260989010989011
2522	-0.260989010989011
2523	-0.203296703296703
2524	-0.217032967032967
2525	-0.25
2526	-0.14010989010989
2527	-0.159340659340659
2528	-0.326923076923077
2529	-0.494505494505495
2530	-0.398351648351648
2531	-0.365384615384615
2532	-0.293956043956044
2533	-0.365384615384615
2534	-0.197802197802198
2535	-0.14010989010989
2536	-0.178571428571429
2537	-0.159340659340659
2538	-0.25
2539	-0.269230769230769
2540	-0.217032967032967
2541	-0.269230769230769
2542	-0.120879120879121
2543	-0.153846153846154
2544	-0.096153846153846
2545	-0.0769230769230771
2546	-0.096153846153846
2547	-0.134615384615385
2548	-0.25
2549	-0.307692307692308
2550	-0.450549450549451
2551	-0.560439560439561
2552	-0.456043956043956
2553	-0.436813186813187
2554	-0.307692307692308
2555	-0.35989010989011
2556	-0.236263736263737
2557	-0.217032967032967
2558	-0.203296703296703
2559	-0.241758241758242
2560	-0.241758241758242
2561	-0.260989010989011
2562	-0.313186813186813
2563	-0.184065934065934
2564	-0.0879120879120878
2565	-0.0686813186813184
2566	-0.101648351648352
2567	-0.0631868131868132
2568	-0.115384615384615
2569	-0.192307692307692
2570	-0.263736263736264
2571	-0.263736263736264
2572	-0.211538461538461
2573	-0.192307692307692
2574	-0.120879120879121
2575	-0.101648351648352
2576	-0.120879120879121
2577	-0.107142857142857
2578	-0.178571428571429
2579	-0.236263736263737
2580	-0.269230769230769
2581	-0.230769230769231
2582	-0.120879120879121
2583	-0.0054945054945057
2584	-0.043956043956044
2585	-0.0247252747252746
2586	0.0329670329670328
2587	0.0714285714285714
2588	0
2589	0.0521978021978022
2590	0.0521978021978022
2591	-0.096153846153846
2592	-0.200549450549451
2593	-0.0714285714285714
2594	-0.0714285714285714
2595	0.0384615384615383
2596	0.0192307692307693
2597	0.0384615384615383
2598	0
2599	-0.148351648351648
2600	-0.096153846153846
2601	-0.167582417582417
2602	-0.206043956043956
2603	-0.335164835164835
2604	-0.335164835164835
2605	-0.392857142857143
2606	-0.263736263736264
2607	-0.173076923076923
2608	-0.225274725274725
2609	-0.186813186813187
2610	-0.258241758241758
2611	-0.315934065934066
2612	-0.348901098901099
2613	-0.401098901098901
2614	-0.343406593406593
2615	-0.362637362637363
2616	-0.343406593406593
2617	-0.362637362637363
2618	-0.381868131868132
2619	-0.285714285714286
2620	-0.304945054945055
2621	-0.324175824175824
2622	-0.343406593406593
2623	-0.343406593406593
2638	-0.18956043956044
2639	-0.112637362637363
2640	0.0357142857142857
2641	-0.021978021978022
2642	-0.0934065934065934
2644	-0.151098901098901
2645	-0.17032967032967
2646	-0.0934065934065934
2647	-0.0741758241758242
2648	-0.137362637362637
2649	-0.195054945054945
2650	-0.104395604395604
2651	-0.162087912087912
2652	-0.123626373626374
2653	-0.162087912087912
2654	-0.200549450549451
2655	-0.181318681318681
2656	-0.200549450549451
2657	-0.200549450549451
2658	-0.200549450549451
2659	-0.296703296703297
2660	-0.14010989010989
2661	-0.0686813186813184
2662	-0.101648351648352
2663	-0.101648351648352
2664	-0.120879120879121
2665	-0.192307692307692
2666	-0.192307692307692
2667	-0.153846153846154
2668	-0.186813186813187
2669	-0.096153846153846
2670	-0.0714285714285714
2671	-0.10989010989011
2672	-0.181318681318681
2673	-0.10989010989011
2674	-0.181318681318681
2675	-0.21978021978022
2676	-0.162087912087912
2677	-0.123626373626374
2678	-0.142857142857143
2679	-0.085164835164835
2680	-0.156593406593406
2681	-0.181318681318681
2682	-0.21978021978022
2683	-0.104395604395604
2684	-0.195054945054945
2685	-0.214285714285714
2686	-0.247252747252747
2687	-0.214285714285714
2688	-0.175824175824176
2689	-0.156593406593406
2690	-0.228021978021978
2691	-0.208791208791209
2692	-0.208791208791209
2693	-0.214285714285714
2694	-0.137362637362637
2695	-0.0989010989010989
2729	-0.541208791208791
2730	-0.541208791208791
2731	-0.57967032967033
2732	-0.502747252747253
2733	-0.521978021978022
2734	-0.398351648351648
2735	-0.417582417582418
2736	-0.398351648351648
2737	-0.326923076923077
2738	-0.346153846153846
2739	-0.332417582417583
2740	-0.293956043956044
2741	-0.326923076923077
2742	-0.398351648351648
2743	-0.332417582417583
2744	-0.403846153846154
2745	-0.442307692307692
2746	-0.585164835164835
2747	-0.532967032967033
2748	-0.571428571428571
2749	-0.629120879120879
2750	-0.590659340659341
2751	-0.700549450549451
2752	-0.436813186813187
2753	-0.236263736263737
2754	-0.236263736263737
2755	-0.288461538461538
2756	-0.25
2757	-0.178571428571429
2758	-0.217032967032967
2759	-0.217032967032967
2760	-0.159340659340659
2761	-0.197802197802198
2762	-0.197802197802198
2763	-0.269230769230769
2764	-0.25
2765	-0.450549450549451
2766	-0.398351648351648
2767	-0.398351648351648
2768	-0.398351648351648
2769	-0.307692307692308
2770	-0.326923076923077
2771	-0.384615384615385
2772	-0.428571428571429
2773	-0.557692307692308
2774	-0.285714285714286
2775	-0.414835164835165
2776	-0.395604395604395
2777	-0.414835164835165
2778	-0.434065934065934
2779	-0.557692307692308
2780	-0.5
2781	-0.519230769230769
2782	-0.5
2783	-0.505494505494506
2784	-0.467032967032967
2785	-0.486263736263736
2786	-0.486263736263736
2787	-0.543956043956044
2788	-0.615384615384615
2789	-0.777472527472527
2790	-0.777472527472527
2791	-0.777472527472527
2792	-0.758241758241758
2793	-0.667582417582418
2794	-0.686813186813187
2795	-0.744505494505495
2796	-0.725274725274725
2797	-0.401098901098901
2798	-0.21978021978022
2799	-0.239010989010989
2800	-0.181318681318681
2801	-0.214285714285714
2802	-0.285714285714286
2803	-0.137362637362637
2804	-0.214285714285714
2805	-0.343406593406593
2806	-0.376373626373626
2807	-0.299450549450549
2808	-0.332417582417583
2809	-0.332417582417583
2810	-0.489010989010989
2811	-0.546703296703297
2812	-0.546703296703297
2813	-0.546703296703297
2814	-0.585164835164835
2815	-0.565934065934066
2816	-0.546703296703297
2817	-0.403846153846154
2818	-0.346153846153846
2819	-0.398351648351648
2820	-0.307692307692308
2821	-0.269230769230769
2822	-0.211538461538461
2823	-0.173076923076923
2824	-0.153846153846154
2825	-0.0824175824175826
2826	-0.0824175824175826
2827	-0.101648351648352
2828	-0.0631868131868132
2829	-0.134615384615385
2830	-0.115384615384615
2831	-0.0247252747252746
2832	-0.0247252747252746
2833	-0.21978021978022
2834	-0.181318681318681
2835	-0.21978021978022
2836	-0.129120879120879
2837	-0.129120879120879
2838	-0.153846153846154
2839	-0.225274725274725
2840	-0.244505494505495
2841	-0.0302197802197801
2842	-0.0494505494505493
2843	0.00274725274725296
2844	0.0412087912087913
2845	0.0604395604395604
2846	0.098901098901099
2847	0.137362637362637
2848	0.233516483516484
2849	0.271978021978022
2850	0.214285714285714
2851	0.175824175824176
2852	0.175824175824176
2853	-0.0054945054945057
2854	0.0137362637362637
2855	-0.0576923076923077
2856	-0.043956043956044
2857	-0.0302197802197801
2858	0.0604395604395604
2859	0.0796703296703298
2860	0.0412087912087913
2861	0.00274725274725296
2862	0.0357142857142858
2863	0.107142857142857
2864	0.107142857142857
2865	0.159340659340659
2866	0.159340659340659
2867	0.0302197802197801
2868	0.0302197802197801
2869	-0.00824175824175821
2870	-0.0934065934065935
2871	-0.0412087912087913
2872	-0.0219780219780221
2873	0.0357142857142858
2874	0.0412087912087913
2875	0.137362637362637
2876	0.266483516483517
2877	0.0714285714285714
2878	0.0384615384615383
2879	-0.0714285714285714
2880	-0.0714285714285714
2881	0
2882	0
2883	0.0521978021978022
2884	0.0521978021978022
2885	0.10989010989011
2886	0.167582417582418
2887	0.239010989010989
2888	0.335164835164835
2889	0.368131868131868
2890	0.368131868131868
2891	0.406593406593407
2892	0.302197802197802
2893	0.25
2894	0.25
2895	0.321428571428571
2896	0.379120879120879
2897	0.326923076923077
2898	0.255494505494505
2899	0.293956043956044
2900	0.313186813186813
2901	0.222527472527473
2902	0.260989010989011
2903	0.184065934065934
2904	0.326923076923077
2905	0.288461538461538
2906	0.326923076923077
2907	0.288461538461538
2908	0.236263736263736
2909	0.236263736263736
2910	0.159340659340659
2911	0.120879120879121
2912	0.0686813186813187
2913	0.14010989010989
2914	0.153846153846154
2915	0.206043956043956
2916	0.186813186813187
2917	0.115384615384615
2918	0.206043956043956
2919	0.153846153846154
2920	0.134615384615385
2921	0.115384615384615
2922	0.134615384615385
2923	0.134615384615385
2924	0.225274725274725
2925	0.315934065934066
2926	0.387362637362638
2927	0.387362637362638
2928	0.387362637362638
2929	0.387362637362638
2930	0.425824175824176
2931	0.354395604395604
2932	0.392857142857143
2933	0.373626373626374
2934	0.373626373626374
2935	0.321428571428571
2936	0.302197802197802
2937	0.230769230769231
2938	0.35989010989011
2939	0.398351648351648
2940	0.293956043956044
2941	0.203296703296703
2942	0.203296703296703
2943	0.112637362637363
2944	0.112637362637363
2945	0.18956043956044
2946	0.260989010989011
2947	0.423076923076923
2948	0.442307692307692
2949	0.557692307692308
2950	0.629120879120879
2951	0.596153846153846
2952	0.648351648351648
2953	0.648351648351648
2954	0.71978021978022
2955	0.739010989010989
2956	0.739010989010989
2957	0.71978021978022
2958	0.681318681318681
2959	0.571428571428571
2960	0.5
2961	0.357142857142857
2962	0.285714285714286
2963	0.357142857142857
2964	0.409340659340659
2965	0.409340659340659
2966	0.299450549450549
2967	0.299450549450549
2968	0.442307692307692
2969	0.513736263736264
2970	0.513736263736264
2971	0.552197802197802
2972	0.642857142857143
2973	0.623626373626374
2974	0.585164835164835
2975	0.637362637362637
2976	0.637362637362637
2977	0.708791208791209
2978	0.818681318681319
2979	0.818681318681319
2980	0.837912087912088
2981	0.876373626373626
2982	0.785714285714286
2983	0.642857142857143
2984	0.623626373626374
2985	0.656593406593407
2986	0.475274725274725
2987	0.475274725274725
2988	0.384615384615385
2989	0.456043956043956
2990	0.293956043956044
2991	0.236263736263736
2992	0.255494505494505
2993	0.346153846153846
2994	0.456043956043956
2995	0.456043956043956
2996	0.68956043956044
2997	0.68956043956044
2998	0.741758241758242
2999	0.68956043956044
3000	0.598901098901099
3001	0.637362637362637
3002	0.722527472527473
3003	0.793956043956044
3004	0.631868131868132
3005	0.651098901098901
3006	0.612637362637363
3007	0.684065934065934
3008	0.722527472527473
3009	0.760989010989011
3010	0.708791208791209
3011	0.598901098901099
3012	0.637362637362637
3013	0.598901098901099
3014	0.546703296703297
3015	0.508241758241758
3016	0.508241758241758
3017	0.57967032967033
3018	0.57967032967033
3019	0.598901098901099
3020	0.708791208791209
3021	0.598901098901099
3022	0.56043956043956
3023	0.56043956043956
3024	0.56043956043956
3025	0.57967032967033
3026	0.637362637362637
3027	0.637362637362637
3028	0.637362637362637
3029	0.656593406593407
3030	0.585164835164835
3031	0.637362637362637
3032	0.513736263736264
3033	0.604395604395604
3034	0.532967032967033
3035	0.552197802197802
3036	0.532967032967033
3037	0.590659340659341
3038	0.467032967032967
3039	0.414835164835165
3040	0.414835164835165
3041	0.343406593406593
3042	0.343406593406593
3043	0.343406593406593
3044	0.271978021978022
3045	0.343406593406593
3046	0.381868131868132
3047	0.362637362637363
3048	0.381868131868132
3049	0.271978021978022
3050	0.31043956043956
3051	0.381868131868132
3052	0.401098901098901
3053	0.31043956043956
3054	0.291208791208791
3055	0.31043956043956
3058	0.425824175824176
3059	0.425824175824176
3060	0.425824175824176
3061	0.516483516483516
3062	0.516483516483516
3063	0.516483516483516
3064	0.516483516483516
3065	0.516483516483516
3066	0.587912087912088
3067	0.516483516483516
3068	0.445054945054945
3070	0.445054945054945
3071	0.464285714285714
3072	0.535714285714286
3073	0.535714285714286
3074	0.607142857142857
3075	0.568681318681319
3076	0.607142857142857
3077	0.607142857142857
3078	0.659340659340659
3079	0.587912087912088
3080	0.568681318681319
3081	0.516483516483516
3082	0.607142857142857
3083	0.607142857142857
3084	0.645604395604396
3085	0.645604395604396
3086	0.626373626373626
3087	0.554945054945055
3088	0.574175824175824
3089	0.574175824175824
3090	0.554945054945055
3091	0.769230769230769
3092	0.788461538461538
3093	0.788461538461538
3094	0.717032967032967
3095	0.697802197802198
3096	0.678571428571429
3097	0.535714285714286
3098	0.554945054945055
3099	0.626373626373626
3100	0.626373626373626
3101	0.574175824175824
3102	0.645604395604396
3103	0.645604395604396
3104	0.717032967032967
3105	0.717032967032967
3106	0.645604395604396
3107	0.645604395604396
3108	0.574175824175824
3109	0.574175824175824
3132	0.664835164835165
3133	0.626373626373626
3134	0.659340659340659
3135	0.730769230769231
3136	0.802197802197802
3137	0.802197802197802
3138	0.64010989010989
3139	0.64010989010989
3140	0.620879120879121
3141	0.620879120879121
3142	0.692307692307692
3143	0.673076923076923
3144	0.634615384615385
3145	0.634615384615385
3146	0.563186813186813
3147	0.505494505494505
3148	0.505494505494505
3149	0.486263736263736
3150	0.505494505494505
3151	0.486263736263736
3152	0.447802197802198
3153	0.447802197802198
3154	0.428571428571429
3155	0.480769230769231
3156	0.461538461538461
3157	0.442307692307692
3158	0.461538461538461
3159	0.5
3160	0.480769230769231
3161	0.5
3162	0.480769230769231
3163	0.318681318681319
3164	0.260989010989011
3165	0.17032967032967
3166	0.118131868131868
3167	0.118131868131868
3203	0.118131868131868
3204	0.18956043956044
3205	0.18956043956044
3206	0.0796703296703296
3207	0.0796703296703296
3208	0.0604395604395603
3209	0.00274725274725274
3211	-0.0357142857142857
3212	-0.0357142857142857
3213	-0.0741758241758242
3214	0.0164835164835165
3215	-0.021978021978022
3216	-0.0934065934065934
3217	-0.0934065934065934
3218	-0.112637362637363
3219	-0.131868131868132
3220	-0.228021978021978
3221	-0.228021978021978
3222	-0.228021978021978
3223	-0.233516483516483
3224	-0.214285714285714
3225	-0.156593406593406
3226	-0.175824175824176
3253	-0.151098901098901
3254	-0.151098901098901
3255	-0.112637362637363
3256	-0.0604395604395604
3257	-0.17032967032967
3258	-0.17032967032967
3260	-0.228021978021978
3261	-0.208791208791209
3262	-0.247252747252747
3263	-0.247252747252747
3264	-0.304945054945055
3265	-0.343406593406593
3266	-0.343406593406593
3267	-0.167582417582417
3268	-0.148351648351648
3269	-0.239010989010989
3270	-0.186813186813187
3271	-0.244505494505495
3272	-0.282967032967033
3273	-0.230769230769231
3274	-0.269230769230769
3275	-0.269230769230769
3276	-0.217032967032967
3277	-0.217032967032967
3278	-0.236263736263737
3279	-0.307692307692308
3280	-0.326923076923077
3281	-0.398351648351648
3282	-0.508241758241758
3283	-0.560439560439561
3284	-0.560439560439561
3285	-0.541208791208791
3286	-0.521978021978022
3287	-0.554945054945055
3288	-0.554945054945055
3290	-0.516483516483517
3291	-0.464285714285714
3292	-0.497252747252747
3293	-0.42032967032967
3294	-0.42032967032967
3295	-0.381868131868132
3296	-0.401098901098901
3297	-0.381868131868132
3298	-0.362637362637363
3299	-0.362637362637363
3300	-0.271978021978022
3301	-0.271978021978022
3302	-0.137362637362637
3315	-0.0604395604395604
3316	0.0109890109890111
3317	0.0302197802197803
3318	0.043956043956044
3319	0.134615384615385
3320	0.277472527472528
3321	0.277472527472528
3322	0.21978021978022
3323	0.258241758241758
3324	0.239010989010989
3325	0.258241758241758
3326	0.491758241758242
3327	0.543956043956044
3328	0.505494505494505
3329	0.524725274725275
3330	0.486263736263736
3331	0.538461538461538
3332	0.486263736263736
3333	0.486263736263736
3334	0.524725274725275
3335	0.563186813186813
3336	0.510989010989011
3337	0.491758241758242
3338	0.563186813186813
3339	0.563186813186813
3340	0.543956043956044
3341	0.491758241758242
3342	0.587912087912088
3343	0.43956043956044
3344	0.582417582417582
3345	0.563186813186813
3346	0.434065934065934
3347	0.343406593406594
3348	0.343406593406594
3349	0.409340659340659
3350	0.428571428571429
3351	0.324175824175824
3352	0.304945054945055
3353	0.401098901098901
3354	0.233516483516484
3355	0.175824175824176
3356	-0.043956043956044
3357	0.0851648351648353
3358	0.0659340659340659
3359	0.175824175824176
3360	0.175824175824176
3361	0.137362637362637
3362	-0.0576923076923077
3363	-0.142857142857143
3364	-0.142857142857143
3365	-0.0521978021978021
3366	-0.0521978021978021
3367	-0.123626373626374
3368	-0.123626373626374
3369	-0.104395604395604
3370	-0.123626373626374
3371	-0.0521978021978021
3372	-0.0329670329670331
3373	-0.0329670329670331
3374	-0.104395604395604
3375	0.0769230769230769
3376	0.0961538461538461
3377	0.167582417582418
3378	0.368131868131868
3379	0.491758241758242
3380	0.42032967032967
3381	0.478021978021978
3382	0.478021978021978
3383	0.458791208791209
3384	0.535714285714286
3385	0.282967032967033
3386	0.244505494505495
3387	0.263736263736264
3388	0.173076923076923
3389	0.25
3390	0.288461538461538
3391	0.274725274725275
3392	0.326923076923077
3393	0.293956043956044
3394	0.255494505494505
3395	0.184065934065934
3396	0.293956043956044
3397	0.255494505494505
3398	0.184065934065934
3399	0.184065934065934
3400	0.203296703296703
3401	0.0934065934065934
3402	0.0934065934065934
3403	0.145604395604396
3404	0.145604395604396
3405	0.164835164835165
3406	0.145604395604396
3407	0.0934065934065934
3408	0.0934065934065934
3409	0.0934065934065934
3410	0.164835164835165
3411	0.00274725274725274
3412	0.021978021978022
3424	0.00274725274725274
3425	0.0357142857142857
3426	0.0164835164835165
3427	0.126373626373626
3428	0.0164835164835165
3429	-0.0412087912087912
3430	-0.00824175824175821
3431	-0.085164835164835
3432	-0.123626373626374
3433	-0.142857142857143
3434	-0.200549450549451
3435	-0.21978021978022
3436	-0.142857142857143
3437	-0.0906593406593406
3438	0
3439	-0.10989010989011
3440	-0.10989010989011
3441	-0.10989010989011
3442	-0.167582417582417
3443	-0.167582417582417
3444	-0.0631868131868132
3445	-0.120879120879121
3446	-0.230769230769231
3447	-0.230769230769231
3448	-0.230769230769231
3449	-0.211538461538461
3450	-0.25
3451	-0.321428571428571
3452	-0.35989010989011
3453	-0.340659340659341
3454	-0.502747252747253
3455	-0.425824175824176
3456	-0.387362637362637
3457	-0.387362637362637
3458	-0.43956043956044
3459	-0.43956043956044
3488	-0.285714285714286
3489	-0.214285714285714
3490	-0.195054945054945
3491	-0.214285714285714
3492	-0.129120879120879
3493	-0.258241758241758
3494	-0.239010989010989
3495	-0.186813186813187
3496	-0.134615384615385
3497	-0.120879120879121
3498	-0.14010989010989
3499	-0.178571428571429
3500	-0.101648351648352
3501	-0.101648351648352
3502	-0.153846153846154
3503	-0.225274725274725
3504	-0.258241758241758
3505	-0.296703296703297
3506	-0.258241758241758
3507	-0.277472527472527
3508	-0.239010989010989
3509	-0.252747252747253
3510	-0.233516483516483
3511	-0.252747252747253
3512	-0.214285714285714
3513	-0.0521978021978021
3514	-0.0521978021978021
3515	-0.0714285714285714
3516	-0.0329670329670331
3517	-0.123626373626374
3518	-0.118131868131868
3519	-0.228021978021978
3520	-0.247252747252747
3521	-0.0989010989010989
3522	-0.00824175824175821
3523	0.043956043956044
3524	0.00549450549450547
3525	-0.085164835164835
3526	-0.104395604395604
3527	-0.0467032967032966
3528	-0.18956043956044
3529	-0.17032967032967
3530	-0.0604395604395604
3531	-0.112637362637363
3542	0.131868131868132
3543	0.131868131868132
3544	0.131868131868132
3545	0.131868131868132
3546	0.151098901098901
3547	0.131868131868132
3548	0.151098901098901
3553	0.00274725274725274
3554	0.0796703296703296
3555	0.0796703296703296
3556	0.118131868131868
3569	0.252747252747253
3570	0.304945054945055
3571	0.304945054945055
3572	0.357142857142857
3573	0.409340659340659
3574	0.39010989010989
3575	0.370879120879121
3576	0.370879120879121
3577	0.28021978021978
3578	0.118131868131868
3579	0.0604395604395603
3580	0.184065934065934
3581	0.288461538461538
3582	0.211538461538461
3583	0.153846153846154
3584	0.173076923076923
3585	0.192307692307692
3586	0.206043956043956
3587	0.206043956043956
3588	0.258241758241758
3589	0.200549450549451
3590	0.162087912087912
3591	0.142857142857143
3592	0.123626373626374
3593	0.228021978021978
3594	0.228021978021978
3595	0.17032967032967
3596	0.0604395604395604
3597	-0.0357142857142856
3598	0.0741758241758244
3599	0.197802197802198
3600	0.197802197802198
3601	0.14010989010989
3602	0.043956043956044
3603	0.0247252747252746
3604	-0.0659340659340659
3605	-0.118131868131868
3606	-0.137362637362637
3607	-0.195054945054945
3608	-0.285714285714286
3609	-0.414835164835165
3610	-0.414835164835165
3611	-0.434065934065934
3612	-0.414835164835165
3613	-0.434065934065934
3614	-0.453296703296703
3615	-0.453296703296703
3616	-0.596153846153846
3617	-0.60989010989011
3618	-0.5
3619	-0.5
3620	-0.519230769230769
3621	-0.5
3622	-0.538461538461538
3623	-0.5
3624	-0.461538461538462
3625	-0.461538461538462
3626	-0.39010989010989
3627	-0.428571428571429
3628	-0.39010989010989
3629	-0.590659340659341
3630	-0.60989010989011
3631	-0.667582417582418
3632	-0.681318681318681
3633	-0.629120879120879
3634	-0.71978021978022
3635	-0.881868131868132
3636	-0.771978021978022
3637	-0.695054945054945
3638	-0.747252747252747
3639	-0.747252747252747
3640	-0.824175824175824
3641	-0.714285714285714
3642	-0.747252747252747
3643	-0.747252747252747
3644	-0.747252747252747
3645	-0.747252747252747
3646	-0.747252747252747
3647	-0.804945054945055
3648	-0.714285714285714
3649	-0.637362637362637
3650	-0.546703296703297
3651	-0.565934065934066
3652	-0.565934065934066
3653	-0.656593406593407
3654	-0.728021978021978
3655	-0.747252747252747
3656	-0.695054945054945
3657	-0.675824175824176
3658	-0.804945054945055
3659	-0.785714285714286
3673	-0.68956043956044
3674	-0.728021978021978
3675	-0.67032967032967
3676	-0.618131868131868
3677	-0.68956043956044
3678	-0.728021978021978
3679	-0.637362637362637
3680	-0.637362637362637
3681	-0.565934065934066
3682	-0.623626373626373
3683	-0.642857142857143
3684	-0.681318681318681
3685	-0.681318681318681
3686	-0.695054945054945
3687	-0.656593406593407
3688	-0.675824175824176
3689	-0.675824175824176
3690	-0.546703296703297
3691	-0.527472527472527
3692	-0.598901098901099
3693	-0.560439560439561
3694	-0.57967032967033
3695	-0.598901098901099
3696	-0.656593406593407
3697	-0.618131868131868
3698	-0.527472527472527
3699	-0.46978021978022
3700	-0.431318681318681
3701	-0.302197802197802
3702	-0.302197802197802
3703	-0.197802197802198
3704	-0.159340659340659
3705	-0.225274725274725
3706	-0.263736263736264
3707	-0.277472527472527
3708	-0.277472527472527
3709	-0.258241758241758
3710	-0.167582417582417
3711	-0.115384615384615
3712	-0.0769230769230771
3713	0.0521978021978022
3714	0.162087912087912
3715	0.10989010989011
3716	0.10989010989011
3717	0.134615384615385
3718	0.153846153846154
3719	0.263736263736264
3720	0.173076923076923
3721	0.315934065934066
3722	0.239010989010989
3723	0.310439560439561
3724	0.32967032967033
3725	0.310439560439561
3726	0.310439560439561
3727	0.348901098901099
3728	0.368131868131868
3729	0.348901098901099
3730	0.368131868131868
3731	0.478021978021978
3732	0.568681318681319
3733	0.587912087912088
3734	0.620879120879121
3735	0.64010989010989
3736	0.678571428571429
3737	0.697802197802198
3738	0.736263736263736
3739	0.645604395604396
3740	0.730769230769231
3741	0.821428571428571
3742	0.821428571428571
3743	0.782967032967033
3744	0.730769230769231
3745	0.730769230769231
3746	0.782967032967033
3747	0.711538461538461
3748	0.706043956043956
3749	0.596153846153846
3750	0.505494505494505
3751	0.739010989010989
3752	0.758241758241758
3753	0.71978021978022
3754	0.700549450549451
3755	0.667582417582418
3756	0.60989010989011
3757	0.543956043956044
3758	0.615384615384615
3759	0.543956043956044
3760	0.563186813186813
3761	0.582417582417582
3762	0.510989010989011
3763	0.601648351648352
3764	0.692307692307692
3765	0.692307692307692
3766	0.725274725274725
3767	0.634615384615385
3768	0.543956043956044
3769	0.582417582417582
3770	0.43956043956044
3771	0.42032967032967
3772	0.434065934065934
3773	0.381868131868132
3774	0.401098901098901
3775	0.368131868131868
3776	0.225274725274725
3777	0.173076923076923
3778	0.211538461538461
3779	0.192307692307692
3780	0.192307692307692
3781	0.178571428571429
3782	0.0494505494505495
3783	0.145604395604396
3784	0.0934065934065934
3785	0.184065934065934
3786	0.164835164835165
3788	0.0934065934065934
3789	0.0934065934065934
3790	0.164835164835165
3791	0.184065934065934
3792	0.217032967032967
3793	0.274725274725275
3794	0.145604395604396
3795	0.087912087912088
3796	0.0686813186813187
3797	0.0686813186813187
3798	0.0494505494505495
3799	-0.00274725274725285
3800	-0.112637362637363
3801	-0.0549450549450549
3838	-0.0934065934065934
3839	0.0549450549450549
3840	0.0549450549450549
3841	0.126373626373626
3842	0.269230769230769
3843	0.288461538461538
3844	0.431318681318681
3845	0.35989010989011
3846	0.431318681318681
3847	0.431318681318681
3848	0.541208791208791
3849	0.521978021978022
3850	0.684065934065934
3851	0.645604395604396
3852	0.626373626373626
3853	0.516483516483517
3854	0.478021978021978
3855	0.510989010989011
3856	0.53021978021978
3857	0.491758241758242
3858	0.395604395604396
3859	0.447802197802198
3860	0.505494505494505
3861	0.472527472527473
3862	0.472527472527473
3863	0.563186813186813
3864	0.582417582417582
3865	0.64010989010989
3866	0.678571428571429
3867	0.607142857142857
3868	0.554945054945055
3869	0.64010989010989
3870	0.659340659340659
3871	0.788461538461538
3872	0.807692307692308
3873	0.826923076923077
3874	0.631868131868132
3875	0.541208791208791
3876	0.56043956043956
3877	0.489010989010989
3878	0.326923076923077
3879	0.326923076923077
3880	0.145604395604396
3881	0.145604395604396
3882	0.0934065934065934
3883	0.0741758241758241
3884	-0.0164835164835165
3885	-0.0357142857142857
3920	-0.131868131868132
3921	-0.18956043956044
3922	-0.247252747252747
3923	-0.247252747252747
3924	-0.324175824175824
3925	-0.362637362637363
3926	-0.381868131868132
3930	-0.574175824175824
3931	-0.651098901098901
3932	-0.747252747252747
3933	-0.804945054945055
3934	-0.785714285714286
3935	-0.862637362637363
3936	-0.881868131868132
3937	-0.958791208791209
3938	-0.815934065934066
3939	-0.835164835164835
3940	-0.835164835164835
3941	-0.925824175824176
3942	-1.03571428571429
3948	-1.34340659340659
3949	-1.25274725274725
3950	-1.23351648351648
3951	-1.32967032967033
3961	-1.27197802197802
3962	-1.23351648351648
3963	-1.15659340659341
3964	-1.19505494505495
3965	-1.0989010989011
3966	-1.05494505494505
3967	-1.01648351648352
3968	-0.958791208791209
3969	-0.939560439560439
3970	-0.810439560439561
3971	-0.810439560439561
3972	-0.733516483516484
3973	-0.804945054945055
3975	-0.785714285714286
3976	-0.714285714285714
3977	-0.714285714285714
3978	-0.785714285714286
3979	-0.785714285714286
3980	-0.675824175824176
3981	-0.675824175824176
3982	-0.637362637362637
3983	-0.637362637362637
3984	-0.785714285714286
3988	-0.68956043956044
3989	-0.651098901098901
3990	-0.651098901098901
3991	-0.593406593406594
3992	-0.593406593406594
3993	-0.631868131868132
3994	-0.612637362637363
4061	-0.574175824175824
4062	-0.651098901098901
4063	-0.57967032967033
4064	-0.598901098901099
4065	-0.456043956043956
4066	-0.513736263736264
4067	-0.475274725274725
4068	-0.546703296703297
4069	-0.332417582417583
4070	-0.365384615384615
4071	-0.351648351648352
4072	-0.403846153846154
4073	-0.428571428571429
4074	-0.5
4075	-0.423076923076923
4076	-0.480769230769231
4077	-0.351648351648352
4078	-0.403846153846154
4079	-0.384615384615385
4080	-0.365384615384615
4081	-0.288461538461538
4082	-0.211538461538461
4083	-0.192307692307692
4084	-0.192307692307692
4085	-0.178571428571429
4086	-0.197802197802198
4087	-0.255494505494506
4088	-0.313186813186813
4089	-0.318681318681319
4090	-0.252747252747253
4091	-0.252747252747253
4092	-0.252747252747253
4093	-0.233516483516484
4094	-0.195054945054945
4095	-0.118131868131868
4096	-0.17032967032967
4097	-0.346153846153846
4098	-0.365384615384615
4099	-0.398351648351648
4100	-0.398351648351648
4101	-0.450549450549451
4102	-0.450549450549451
4103	-0.379120879120879
4104	-0.340659340659341
4105	-0.574175824175824
4106	-0.464285714285714
4107	-0.464285714285714
4108	-0.296703296703297
4109	-0.368131868131868
4110	-0.354395604395604
4111	-0.225274725274725
4112	-0.302197802197802
4113	-0.412087912087912
4114	-0.35989010989011
4115	-0.340659340659341
4116	-0.340659340659341
4117	-0.35989010989011
4118	-0.450549450549451
4119	-0.46978021978022
4120	-0.450549450549451
4121	-0.46978021978022
4122	-0.373626373626374
4123	-0.373626373626374
4124	-0.225274725274725
4125	-0.258241758241758
4126	-0.21978021978022
4127	-0.21978021978022
4128	-0.315934065934066
4129	-0.315934065934066
4130	-0.288461538461538
4131	-0.269230769230769
4132	-0.288461538461538
4133	-0.25
4134	-0.269230769230769
4135	-0.288461538461538
4136	-0.25
4137	-0.35989010989011
4138	-0.379120879120879
4139	-0.450549450549451
4140	-0.46978021978022
4141	-0.489010989010989
4142	-0.560439560439561
4143	-0.57967032967033
4144	-0.57967032967033
4145	-0.379120879120879
4146	-0.527472527472527
4147	-0.541208791208791
4148	-0.502747252747253
4149	-0.541208791208791
4150	-0.527472527472527
4151	-0.39010989010989
4152	-0.39010989010989
4153	-0.428571428571429
4154	-0.318681318681319
4155	-0.28021978021978
4156	-0.260989010989011
4157	-0.351648351648352
4158	-0.293956043956044
4159	-0.332417582417583
4160	-0.423076923076923
4161	-0.423076923076923
4162	-0.532967032967033
4163	-0.326923076923077
4164	-0.197802197802198
4165	-0.101648351648352
4166	-0.244505494505495
4167	-0.186813186813187
4168	-0.134615384615385
4169	-0.115384615384615
4170	-0.0769230769230771
4171	-0.153846153846154
4172	-0.043956043956044
4173	-0.0247252747252746
4174	-0.0686813186813184
4175	-0.0686813186813184
4176	-0.0879120879120878
4177	-0.126373626373626
4178	-0.126373626373626
4179	-0.126373626373626
4180	-0.217032967032967
4181	-0.379120879120879
4182	-0.346153846153846
4183	-0.0274725274725274
4184	0.0824175824175823
4185	0.101648351648352
4186	0.0164835164835164
4187	-0.184065934065934
4188	-0.0934065934065935
4189	-0.151098901098901
4190	-0.0796703296703296
4191	-0.0412087912087913
4192	-0.0412087912087913
4193	-0.0796703296703296
4194	-0.0989010989010988
4195	-0.0412087912087913
4196	-0.0412087912087913
4197	-0.00274725274725252
4198	-0.0934065934065935
4199	-0.184065934065934
4200	-0.293956043956044
4201	-0.332417582417583
4202	-0.351648351648352
4203	-0.351648351648352
4204	-0.351648351648352
4205	-0.370879120879121
4206	-0.313186813186813
4207	-0.313186813186813
4208	-0.365384615384615
4209	-0.269230769230769
4210	-0.340659340659341
4211	-0.302197802197802
4212	-0.244505494505495
4213	-0.206043956043956
4214	-0.206043956043956
4215	-0.258241758241758
4216	-0.239010989010989
4217	-0.239010989010989
4218	-0.271978021978022
4249	-0.574175824175824
4250	-0.574175824175824
4251	-0.458791208791209
4252	-0.458791208791209
4253	-0.43956043956044
4254	-0.186813186813187
4255	-0.096153846153846
4256	-0.0192307692307692
4257	0
4258	0
4259	0
4260	0.0384615384615383
4261	0.181318681318681
4262	0.142857142857143
4263	0.162087912087912
4264	0.10989010989011
4265	0.239010989010989
4266	0.368131868131868
4267	0.478021978021978
4268	0.497252747252747
4269	0.645604395604396
4270	0.607142857142857
4271	0.664835164835165
4272	0.46978021978022
4273	0.398351648351648
4274	0.269230769230769
4275	0.326923076923077
4276	0.450549450549451
4277	0.35989010989011
4278	0.508241758241758
4279	0.598901098901099
4280	0.684065934065934
4281	0.664835164835165
4282	0.736263736263736
4283	0.678571428571429
4284	0.678571428571429
4285	0.587912087912088
4286	0.64010989010989
4287	0.64010989010989
4288	0.782967032967033
4289	0.763736263736264
4290	0.510989010989011
4291	0.510989010989011
4292	0.634615384615385
4293	0.648351648351648
4294	0.662087912087912
4295	0.623626373626374
4296	0.585164835164835
4297	0.571428571428571
4298	0.642857142857143
4299	0.623626373626374
4300	0.623626373626374
4301	0.552197802197802
4302	0.5
4303	0.480769230769231
4304	0.480769230769231
4305	0.557692307692308
4306	0.467032967032967
4307	0.447802197802198
4308	0.467032967032967
4309	0.486263736263736
4310	0.505494505494505
4311	0.576923076923077
4312	0.357142857142857
4313	0.337912087912088
4314	0.266483516483517
4315	0.324175824175824
4316	0.233516483516484
4317	0.142857142857143
4318	0.10989010989011
4319	0.10989010989011
4320	0.181318681318681
4321	0.142857142857143
4322	0.0714285714285714
4323	0.0137362637362637
4324	-0.148351648351648
4325	-0.129120879120879
4326	-0.206043956043956
4327	-0.186813186813187
4328	-0.291208791208791
4329	-0.343406593406593
4332	-0.228021978021978
4335	-0.0796703296703297
4336	-0.0989010989010989
4337	-0.118131868131868
4338	0.00549450549450547
4339	-0.123626373626374
4340	-0.123626373626374
4341	-0.32967032967033
4342	-0.348901098901099
4343	-0.387362637362637
4344	-0.348901098901099
4345	-0.348901098901099
4346	-0.31043956043956
4347	-0.266483516483516
4348	-0.271978021978022
4349	-0.291208791208791
4350	-0.291208791208791
4351	-0.271978021978022
4352	-0.324175824175824
4353	-0.324175824175824
4354	-0.381868131868132
4355	-0.381868131868132
4359	-0.285714285714286
4360	-0.304945054945055
4361	-0.214285714285714
4362	-0.214285714285714
4363	-0.362637362637363
4364	-0.271978021978022
4365	-0.277472527472527
4366	-0.315934065934066
4367	-0.398351648351648
4368	-0.494505494505495
4369	-0.590659340659341
4370	-0.662087912087912
4371	-0.681318681318681
4372	-0.71978021978022
4373	-0.71978021978022
4374	-0.733516483516484
4375	-0.777472527472527
4376	-0.700549450549451
4377	-0.700549450549451
4378	-0.681318681318681
4379	-0.629120879120879
4380	-0.648351648351648
4381	-0.725274725274725
4382	-0.744505494505495
4383	-0.686813186813187
4384	-0.758241758241758
4385	-0.815934065934066
4386	-0.835164835164835
4387	-0.815934065934066
4388	-0.873626373626374
4389	-0.912087912087912
4390	-0.879120879120879
4391	-0.832417582417583
4392	-0.832417582417583
4393	-0.851648351648352
4394	-0.857142857142857
4395	-0.89010989010989
4396	-0.818681318681318
4397	-0.89010989010989
4398	-0.793956043956044
4399	-0.741758241758241
4400	-0.967032967032967
4401	-1.11538461538462
4402	-0.961538461538461
4403	-0.994505494505495
4404	-1.0467032967033
4405	-1.08516483516484
4406	-1.14285714285714
4407	-1.24725274725275
4408	-1.24725274725275
4409	-1.28571428571429
4413	-1.22802197802198
4414	-1.12362637362637
4415	-1.21428571428571
4416	-1.19505494505495
4417	-1.12362637362637
4418	-1.14285714285714
4419	-1.07142857142857
4420	-1.01923076923077
4421	-1.01923076923077
4422	-0.986263736263736
4423	-1.03846153846154
4424	-0.980769230769231
4425	-0.870879120879121
4426	-0.942307692307693
4427	-1.1043956043956
4428	-1.08516483516484
4429	-1.0467032967033
4430	-1.12362637362637
4431	-1.1043956043956
4432	-1.31043956043956
4433	-1.32967032967033
4434	-1.38736263736264
4435	-1.26648351648352
4436	-1.28571428571429
4437	-1.27197802197802
4438	-1.23351648351648
4439	-1.25274725274725
4440	-1.29120879120879
4441	-1.21428571428571
4442	-1.25824175824176
4443	-1.25824175824176
4444	-1.23901098901099
4445	-1.10989010989011
4446	-1.14835164835165
4447	-1.09065934065934
4448	-1.12912087912088
4449	-1.27197802197802
4451	-1.36813186813187
4452	-1.40659340659341
4453	-1.42582417582418
4454	-1.42582417582418
4455	-1.43956043956044
4456	-1.36813186813187
4457	-1.40659340659341
4458	-1.24450549450549
4459	-1.08241758241758
4460	-1.08241758241758
4461	-1.09615384615385
4462	-0.986263736263736
4463	-0.914835164835164
4464	-0.914835164835164
4465	-0.953296703296703
4466	-1.00549450549451
4467	-0.895604395604395
4468	-0.914835164835164
4469	-0.876373626373627
4470	-0.857142857142857
4471	-0.78021978021978
4472	-0.741758241758241
4473	-0.870879120879121
4474	-0.832417582417583
4475	-0.684065934065934
4476	-0.703296703296703
4477	-0.587912087912088
4478	-0.64010989010989
4479	-0.601648351648352
4480	-0.510989010989011
4481	-0.524725274725275
4482	-0.486263736263736
4483	-0.285714285714286
4484	-0.266483516483516
4485	-0.131868131868132
4486	-0.0219780219780221
4487	-0.0412087912087913
4488	0.0164835164835164
4489	-0.0357142857142856
4490	0.054945054945055
4491	0.0741758241758244
4492	0.203296703296703
4493	0.222527472527473
4494	0.0274725274725276
4495	-0.115384615384615
4496	-0.096153846153846
4497	-0.096153846153846
4498	-0.148351648351648
4499	-0.162087912087912
4500	-0.0467032967032966
4501	-0.085164835164835
4502	-0.0467032967032966
4503	-0.0274725274725274
4504	0.0302197802197803
4505	0.0494505494505495
4506	0.087912087912088
4507	0.107142857142857
4508	0.217032967032967
4509	0.346153846153846
4510	0.436813186813187
4511	0.403846153846154
4512	0.423076923076923
4513	0.442307692307692
4514	0.565934065934066
4515	0.637362637362637
4516	0.565934065934066
4517	0.637362637362637
4518	0.598901098901099
4519	0.494505494505494
4520	0.513736263736264
4521	0.494505494505494
4522	0.5
4523	0.428571428571429
4524	0.39010989010989
4525	0.39010989010989
4526	0.39010989010989
4527	0.409340659340659
4528	0.175824175824176
4529	0.175824175824176
4530	0.214285714285714
4531	0.214285714285714
4532	0.195054945054945
4533	0.233516483516483
4534	0.195054945054945
4535	0.175824175824176
4536	0.285714285714286
4537	0.324175824175824
4538	0.343406593406593
4539	0.343406593406593
4540	0.343406593406593
4541	0.434065934065934
4542	0.472527472527473
4543	0.472527472527473
4544	0.401098901098901
4545	0.291208791208791
4546	0.252747252747253
4547	0.214285714285714
4548	0.195054945054945
4549	0.266483516483516
4550	0.118131868131868
4551	0.118131868131868
4552	0.118131868131868
4571	-0.228021978021978
4572	-0.228021978021978
4573	-0.266483516483516
4574	-0.271978021978022
4575	-0.31043956043956
4576	-0.32967032967033
4577	-0.535714285714286
4578	-0.574175824175824
4579	-0.612637362637363
4580	-0.651098901098901
4581	-0.631868131868132
4584	-0.604395604395604
4585	-0.546703296703297
4586	-0.695054945054945
4587	-0.771978021978022
4588	-0.848901098901099
4589	-0.925824175824176
4590	-0.964285714285715
4591	-1.04120879120879
4592	-0.96978021978022
4593	-0.950549450549451
4594	-0.892857142857143
4595	-0.950549450549451
4596	-0.989010989010989
4597	-1.06593406593407
4598	-1.00824175824176
4599	-0.936813186813187
4600	-0.903846153846154
4601	-0.884615384615384
4602	-0.884615384615384
4603	-0.884615384615384
4604	-0.826923076923077
4605	-0.769230769230769
4606	-0.769230769230769
4607	-0.879120879120879
4608	-0.950549450549451
4609	-0.912087912087912
4610	-0.931318681318681
4611	-0.983516483516483
4612	-0.848901098901099
4613	-0.71978021978022
4614	-0.60989010989011
4615	-0.480769230769231
4616	-0.538461538461538
4617	-0.557692307692308
4618	-0.453296703296703
4619	-0.395604395604395
4620	-0.744505494505495
4621	-0.796703296703297
4622	-0.815934065934066
4623	-0.848901098901099
4624	-0.810439560439561
4625	-0.791208791208791
4626	-0.791208791208791
4627	-0.791208791208791
4628	-0.997252747252747
4629	-0.997252747252747
4630	-1.03571428571429
4631	-0.997252747252747
4632	-0.92032967032967
4633	-0.939560439560439
4634	-0.92032967032967
4637	-0.868131868131868
4638	-0.906593406593407
4639	-0.978021978021978
4640	-0.887362637362638
4641	-0.925824175824176
4642	-0.887362637362638
4643	-0.815934065934066
4644	-0.854395604395604
4645	-0.835164835164835
4646	-0.802197802197802
4647	-0.802197802197802
4648	-0.75
4649	-0.898351648351649
4650	-0.898351648351649
4651	-0.912087912087912
4652	-0.931318681318681
4653	-0.821428571428572
4654	-0.931318681318681
4655	-0.854395604395604
4656	-0.815934065934066
4657	-0.615384615384615
4658	-0.615384615384615
4659	-0.543956043956044
4660	-0.434065934065934
4661	-0.324175824175824
4662	-0.285714285714286
4663	-0.151098901098901
4664	-0.118131868131868
4665	0.192307692307692
4666	0.192307692307692
4667	0.225274725274725
4668	0.348901098901099
4669	0.252747252747253
4670	0.271978021978022
4671	0.362637362637363
4672	0.271978021978022
4673	0.362637362637363
4674	0.304945054945055
4675	0.252747252747253
4676	0.291208791208791
4677	0.285714285714286
4678	0.357142857142857
4679	0.324175824175824
4680	0.486263736263736
4681	0.505494505494505
4682	0.414835164835165
4683	0.434065934065934
4684	0.362637362637363
4685	0.362637362637363
4686	0.31043956043956
4687	0.387362637362637
4688	0.43956043956044
4689	0.425824175824176
4690	0.412087912087912
4691	0.425824175824176
4692	0.445054945054945
4693	0.282967032967033
4694	0.302197802197802
4695	0.230769230769231
4696	0.14010989010989
4697	0.0494505494505493
4698	0.0109890109890109
4699	0.282967032967033
4700	0.153846153846154
4701	-0.0412087912087913
4702	0.0494505494505493
4703	0.107142857142857
4704	0.0934065934065935
4705	0.145604395604396
4706	0.217032967032967
4707	0.236263736263736
4708	0.288461538461539
4709	0.184065934065934
4710	0.126373626373626
4711	-0.00824175824175821
4712	-0.0412087912087913
4713	-0.0934065934065935
4714	-0.184065934065934
4715	-0.241758241758242
4716	-0.442307692307692
4717	-0.442307692307692
4718	-0.351648351648352
4719	-0.222527472527472
4720	-0.131868131868132
4721	0.0109890109890109
4722	0.0302197802197801
4723	0.0494505494505493
4724	-0.0604395604395604
4725	-0.137362637362637
4726	-0.0989010989010988
4727	-0.208791208791209
4728	-0.00824175824175821
4729	0.0824175824175823
4730	0.225274725274725
4731	0.263736263736263
4732	0.225274725274725
4733	0.335164835164835
4734	0.335164835164835
4735	0.197802197802198
4736	0.269230769230769
4737	0.288461538461539
4738	0.178571428571429
4739	0.126373626373626
4740	0.288461538461539
4741	0.307692307692308
4742	0.412087912087912
4743	0.46978021978022
4744	0.541208791208791
4745	0.489010989010989
4746	0.604395604395604
4747	0.604395604395604
4748	0.527472527472528
4749	0.508241758241758
4750	0.565934065934066
4751	0.623626373626374
4752	0.656593406593407
4753	0.637362637362637
4754	0.494505494505494
4755	0.546703296703297
4756	0.489010989010989
4757	0.379120879120879
4758	0.379120879120879
4759	0.379120879120879
4760	0.398351648351648
4761	0.450549450549451
4762	0.521978021978022
4763	0.535714285714286
4764	0.368131868131868
4765	0.296703296703297
4766	0.096153846153846
4767	0.225274725274725
4768	0.225274725274725
4769	0.134615384615385
4770	0.134615384615385
4771	0.00549450549450547
4772	0.00549450549450547
4773	0.115384615384615
4774	0.134615384615385
4775	0.153846153846154
4776	0.0302197802197801
4777	-0.0741758241758239
4778	-0.255494505494506
4779	-0.255494505494506
4780	-0.436813186813187
4781	-0.417582417582418
4782	-0.379120879120879
4783	-0.282967032967033
4784	-0.244505494505495
4785	-0.244505494505495
4786	-0.244505494505495
4787	-0.186813186813187
4788	-0.239010989010989
4789	-0.21978021978022
4790	-0.239010989010989
4791	-0.324175824175824
4792	-0.324175824175824
4794	-0.247252747252747
4795	-0.18956043956044
4796	-0.131868131868132
4797	-0.0741758241758242
4821	-0.18956043956044
4822	-0.304945054945055
4823	-0.42032967032967
4824	-0.368131868131868
4825	-0.206043956043956
4826	-0.244505494505495
4827	-0.206043956043956
4828	-0.0824175824175826
4829	0.112637362637363
4830	0.0412087912087913
4831	0.0219780219780221
4832	0.164835164835165
4833	0.112637362637363
4834	0.151098901098901
4835	0.203296703296703
4836	0.17032967032967
4837	0.18956043956044
4838	0.208791208791209
4839	0.17032967032967
4840	0.313186813186813
4841	0.370879120879121
4842	0.39010989010989
4843	0.39010989010989
4844	0.370879120879121
4845	0.442307692307692
4846	0.513736263736264
4847	0.552197802197802
4848	0.60989010989011
4849	0.532967032967033
4850	0.552197802197802
4851	0.552197802197802
4852	0.571428571428571
4853	0.571428571428571
4854	0.60989010989011
4855	0.642857142857143
4856	0.585164835164835
4857	0.60989010989011
4858	0.796703296703297
4859	1.04945054945055
4860	0.978021978021978
4861	0.945054945054945
4862	1.06868131868132
4863	1.06868131868132
4864	0.873626373626374
4865	0.678571428571429
4866	0.697802197802198
4867	0.678571428571429
4868	0.554945054945055
4869	0.516483516483517
4870	0.730769230769231
4871	0.64010989010989
4872	0.64010989010989
4873	0.620879120879121
4874	0.568681318681319
4875	0.510989010989011
4876	0.348901098901099
4877	0.368131868131868
4878	0.458791208791209
4879	0.730769230769231
4880	0.873626373626374
4881	0.802197802197802
4882	0.659340659340659
4883	0.64010989010989
4884	0.788461538461538
4885	0.788461538461538
4886	0.846153846153846
4887	0.807692307692308
4888	0.898351648351648
4889	0.96978021978022
4890	1.00824175824176
4891	1.01373626373626
4892	0.799450549450549
4893	0.799450549450549
4894	0.708791208791209
4895	0.585164835164835
4896	0.585164835164835
4897	0.475274725274725
4898	0.332417582417582
4899	0.332417582417582
4900	0.332417582417582
4901	0.475274725274725
4902	0.494505494505494
4903	0.546703296703297
4904	0.604395604395604
4905	0.642857142857143
4906	0.519230769230769
4907	0.5
4908	0.590659340659341
4909	0.642857142857143
4910	0.843406593406594
4911	0.843406593406594
4912	0.895604395604396
4913	0.876373626373626
4914	0.728021978021978
4915	0.494505494505494
4916	0.313186813186813
4917	0.274725274725275
4918	0.346153846153846
4919	0.307692307692308
4920	0.178571428571429
4921	0.25
4922	0.35989010989011
4923	0.431318681318681
4924	0.412087912087912
4925	0.431318681318681
4926	0.483516483516484
4927	0.502747252747253
4928	0.574175824175824
4929	0.574175824175824
4930	0.574175824175824
4931	0.464285714285714
4932	0.521978021978022
4933	0.593406593406594
4934	0.645604395604396
4935	0.607142857142857
4936	0.587912087912088
4937	0.406593406593407
4938	0.445054945054945
4939	0.348901098901099
4940	0.348901098901099
4941	0.368131868131868
4942	0.277472527472528
4943	0.239010989010989
4944	0.186813186813187
4945	0.0576923076923078
4946	0.00549450549450547
4947	-0.0329670329670331
4948	-0.104395604395604
4949	-0.0274725274725274
4950	-0.0274725274725274
4951	-0.0274725274725274
4952	-0.0274725274725274
4953	0.0631868131868132
4954	0.0302197802197803
4955	0.0494505494505495
4956	0.0686813186813187
4957	-0.021978021978022
4958	-0.18956043956044
4959	-0.247252747252747
4980	-0.343406593406593
4981	-0.381868131868132
4984	-0.271978021978022
4985	-0.252747252747253
4986	-0.233516483516483
4987	-0.195054945054945
4988	-0.195054945054945
4989	-0.266483516483516
4990	-0.175824175824176
4991	-0.214285714285714
4992	-0.214285714285714
4993	-0.156593406593406
4994	-0.118131868131868
4995	-0.247252747252747
4996	-0.17032967032967
4999	-0.266483516483516
5000	-0.0714285714285714
5001	-0.181318681318681
5002	-0.0576923076923077
5003	-0.0054945054945057
5004	-0.0576923076923077
5005	-0.0769230769230771
5006	0.0659340659340659
5007	0.046703296703297
5008	0.046703296703297
5009	0.142857142857143
5010	0.195054945054945
5011	0.0851648351648353
5012	0.0521978021978022
5013	-0.0384615384615385
5014	0
5015	-0.0769230769230771
5016	-0.148351648351648
5017	-0.206043956043956
5018	-0.206043956043956
5019	-0.186813186813187
5020	-0.348901098901099
5021	-0.348901098901099
5022	-0.348901098901099
5023	-0.258241758241758
5024	-0.186813186813187
5025	-0.167582417582417
5026	-0.21978021978022
5027	0.0329670329670328
5028	0.0714285714285714
5029	0.162087912087912
5030	0.21978021978022
5031	0.271978021978022
5032	0.42032967032967
5033	0.42032967032967
5034	0.516483516483517
5035	0.464285714285714
5036	0.307692307692308
5037	0.398351648351648
5038	0.313186813186813
5039	0.203296703296703
5040	0.222527472527473
5041	0.241758241758242
5042	0.0796703296703296
5043	0.0604395604395603
5044	0.0796703296703296
5045	0.0796703296703296
5046	0.0796703296703296
5047	0.0796703296703296
5048	0.0796703296703296
5049	0.0412087912087912
5050	0.0796703296703296
5051	0.0604395604395603
5052	0.131868131868132
5053	0.236263736263736
5054	0.211538461538461
5055	0.25
5056	0.288461538461538
5057	0.269230769230769
5058	0.25
5059	0.14010989010989
5060	0.0494505494505495
5061	0.0686813186813187
5062	0.0494505494505495
5063	-0.151098901098901
5064	-0.131868131868132
5086	-0.67032967032967
5087	-0.631868131868132
5092	-0.612637362637363
5093	-0.593406593406594
5094	-0.521978021978022
5095	-0.521978021978022
5096	-0.541208791208791
5097	-0.489010989010989
5098	-0.450549450549451
5099	-0.541208791208791
5100	-0.398351648351648
5101	-0.222527472527472
5102	-0.260989010989011
5103	-0.118131868131868
5104	-0.0796703296703296
5105	-0.137362637362637
5106	-0.137362637362637
5107	-0.156593406593406
5108	-0.0604395604395604
5109	-0.0412087912087913
5110	0.0494505494505493
5111	0.126373626373626
5112	0.184065934065934
5113	0.313186813186813
5114	0.208791208791209
5115	0.247252747252747
5116	0.266483516483517
5117	0.324175824175824
5118	0.524725274725275
5119	0.414835164835165
5120	0.557692307692308
5121	0.519230769230769
5122	0.447802197802198
5123	0.467032967032967
5124	0.505494505494505
5125	0.563186813186813
5126	0.368131868131868
5127	0.381868131868132
5128	0.291208791208791
5129	0.310439560439561
5130	0.310439560439561
5131	0.381868131868132
5132	0.401098901098901
5133	0.32967032967033
5134	0.634615384615385
5135	0.634615384615385
5136	0.53021978021978
5137	0.368131868131868
5138	0.368131868131868
5139	0.225274725274725
5140	0.406593406593407
5141	0.406593406593407
5142	0.445054945054945
5143	0.497252747252747
5144	0.678571428571429
5145	0.717032967032967
5146	0.755494505494505
5147	0.755494505494505
5148	0.826923076923077
5149	0.755494505494505
5150	0.664835164835165
5151	0.703296703296703
5152	0.741758241758242
5153	0.722527472527473
5154	0.67032967032967
5155	0.760989010989011
5156	0.675824175824176
5157	0.675824175824176
5158	0.695054945054945
5159	0.675824175824176
5160	0.675824175824176
5161	0.656593406593407
5162	0.733516483516484
5163	0.824175824175824
5164	0.895604395604396
5165	0.895604395604396
5166	0.843406593406594
5167	0.771978021978022
5168	0.752747252747253
5169	0.895604395604396
5170	0.629120879120879
5171	0.629120879120879
5172	0.686813186813187
5173	0.615384615384615
5174	0.648351648351648
5175	0.667582417582418
5176	0.467032967032967
5177	0.447802197802198
5178	0.519230769230769
5179	0.39010989010989
5180	0.318681318681319
5181	0.313186813186813
5182	0.332417582417582
5183	0.274725274725275
5184	0.184065934065934
5185	0.184065934065934
5186	0.217032967032967
5187	0.178571428571429
5188	0.178571428571429
5189	0.178571428571429
5190	0.087912087912088
5191	-0.00274725274725285
5192	0.087912087912088
5193	0.087912087912088
5194	0.087912087912088
5195	0.120879120879121
5196	0.192307692307692
5197	0.225274725274725
5198	0.167582417582418
5199	0.0961538461538461
5200	-0.0137362637362636
5201	0
5202	0.0851648351648353
5203	0.123626373626374
5204	0.0659340659340659
5205	-0.115384615384615
5206	-0.192307692307692
5207	0.00274725274725296
5208	0.00274725274725296
5209	0.0741758241758244
5210	0.164835164835165
5211	0.184065934065934
5212	0.184065934065934
5213	0.145604395604396
5214	0.0357142857142858
5215	-0.00274725274725252
5216	-0.0219780219780221
5217	-0.0989010989010988
5218	-0.151098901098901
5219	-0.0604395604395604
5220	-0.0412087912087913
5221	0.0302197802197801
5222	-0.0219780219780221
5223	0.0164835164835164
5224	0.0357142857142858
5225	0.0164835164835164
5226	-0.0219780219780221
5227	-0.0604395604395604
5228	-0.151098901098901
5229	-0.0796703296703296
5230	-0.0796703296703296
5231	-0.0989010989010988
5232	-0.131868131868132
5233	-0.0219780219780221
5234	-0.0274725274725274
5235	-0.0219780219780221
5236	0.120879120879121
5237	0.0302197802197801
5238	-0.131868131868132
5239	-0.0412087912087913
5240	-0.00274725274725252
5241	0.0357142857142858
5242	-0.0274725274725274
5243	-0.453296703296703
5244	-0.381868131868132
5245	-0.510989010989011
5246	-0.788461538461538
5247	-0.832417582417583
5248	-0.857142857142857
5249	-0.972527472527472
5250	-0.972527472527472
5251	-0.862637362637363
5252	-0.824175824175824
5253	-1.01098901098901
5254	-1.09340659340659
5255	-1.24175824175824
5256	-1.1510989010989
5257	-1.24175824175824
5258	-1.17032967032967
5259	-1.06593406593407
5260	-1.1043956043956
5261	-0.975274725274726
5262	-0.923076923076923
5263	-0.857142857142857
5264	-0.895604395604396
5265	-0.967032967032967
5266	-0.967032967032967
5267	-1.07692307692308
5268	-1.15384615384615
5269	-1.23901098901099
5270	-1.36813186813187
5271	-1.38736263736264
5272	-1.4532967032967
5273	-1.49175824175824
5274	-1.45879120879121
5275	-1.6456043956044
5276	-1.68406593406593
5277	-1.51098901098901
5278	-1.33791208791209
5279	-1.33791208791209
5280	-1.42857142857143
5281	-1.26098901098901
5282	-1.18406593406593
5283	-1.1978021978022
5284	-1.11538461538462
5285	-1.13461538461538
5286	-0.978021978021978
5287	-1.01098901098901
5288	-0.804945054945055
5289	-0.728021978021978
5290	-0.57967032967033
5291	-0.475274725274725
5292	-0.552197802197802
5293	-0.557692307692307
5294	-0.596153846153846
5295	-0.681318681318681
5296	-0.71978021978022
5297	-0.81043956043956
5298	-0.92032967032967
5299	-1.17857142857143
5300	-1.10714285714286
5301	-1.03571428571429
5302	-1.05494505494505
5303	-0.892857142857143
5304	-0.950549450549451
5305	-0.912087912087912
5306	-0.989010989010989
5307	-0.936813186813187
5308	-0.760989010989011
5309	-0.684065934065934
5310	-0.659340659340659
5311	-0.64010989010989
5312	-0.541208791208791
5313	-0.56043956043956
5314	-0.541208791208791
5315	-0.489010989010989
5316	-0.489010989010989
5317	-0.546703296703297
5318	-0.456043956043956
5319	-0.384615384615385
5320	-0.29945054945055
5321	-0.137362637362637
5322	-0.390109890109891
5323	-0.428571428571429
5324	-0.513736263736264
5325	-0.390109890109891
5326	-0.475274725274726
5327	-0.57967032967033
5328	-0.593406593406594
5329	-0.684065934065934
5330	-0.818681318681319
5331	-0.785714285714286
5332	-0.728021978021978
5333	-0.612637362637363
5334	-0.458791208791209
5335	-0.497252747252747
5336	-0.607142857142857
5337	-0.64010989010989
5338	-0.620879120879121
5339	-0.706043956043956
5340	-0.725274725274726
5341	-0.557692307692307
5342	-0.472527472527472
5343	-0.381868131868132
5344	-0.692307692307692
5345	-0.587912087912088
5346	-0.626373626373626
5347	-0.516483516483516
5348	-0.769230769230769
5349	-0.769230769230769
5350	-0.736263736263737
5351	-0.769230769230769
5352	-0.601648351648352
5353	-0.634615384615385
5354	-0.686813186813187
5355	-0.706043956043956
5356	-0.725274725274726
5357	-0.815934065934066
5358	-0.777472527472527
5359	-0.758241758241758
5360	-0.931318681318681
5361	-1.20879120879121
5362	-1.22802197802198
5363	-1.25274725274725
5364	-1.21978021978022
5365	-1.06593406593407
5366	-1.08516483516484
5367	-1.14285714285714
5368	-1.20054945054945
5369	-1.16758241758242
5370	-1.18681318681319
5371	-1.09615384615385
5372	-1.13461538461538
5373	-1.17307692307692
5374	-1.21153846153846
5375	-1.30769230769231
5376	-1.36538461538461
5377	-1.47527472527473
5378	-1.66208791208791
5379	-1.69505494505495
5380	-1.77197802197802
5381	-2.01098901098901
5382	-1.99725274725275
5383	-1.99725274725275
5384	-2.09340659340659
5385	-2.01648351648352
5386	-2.12637362637363
5387	-2.11263736263736
5388	-2.24175824175824
5389	-2.3956043956044
5390	-2.17582417582418
5391	-2.4010989010989
5392	-2.51098901098901
5393	-2.60714285714286
5394	-2.68406593406593
5395	-2.51098901098901
5396	-2.43956043956044
5397	-2.49725274725275
5398	-2.42582417582418
5399	-2.4010989010989
5400	-2.56868131868132
5401	-2.45879120879121
5402	-2.54945054945055
5403	-2.54945054945055
5404	-2.49175824175824
5405	-2.43406593406593
5406	-2.47252747252747
5407	-2.53021978021978
5408	-2.53021978021978
5409	-2.4010989010989
5410	-2.27197802197802
5411	-2.10989010989011
5412	-1.98076923076923
5413	-1.96153846153846
5414	-2.03296703296703
5415	-1.97527472527473
5416	-1.89835164835165
5417	-1.82142857142857
5418	-1.82142857142857
5419	-1.83516483516484
5420	-1.87362637362637
5421	-1.8543956043956
5422	-1.94505494505495
5423	-1.99725274725275
5424	-1.93956043956044
5425	-1.97802197802198
5426	-1.87637362637363
5427	-1.87637362637363
5428	-1.85714285714286
5429	-1.89010989010989
5430	-1.79945054945055
5431	-1.7032967032967
5432	-1.65934065934066
5433	-1.56318681318681
5434	-1.64010989010989
5435	-1.56318681318681
5436	-1.64010989010989
5437	-1.71153846153846
5438	-1.69230769230769
5439	-1.82142857142857
5440	-1.8021978021978
5441	-1.76373626373626
5442	-1.70604395604396
5443	-1.62912087912088
5444	-1.62912087912088
5445	-1.62362637362637
5446	-1.65659340659341
5449	-1.59340659340659
5450	-1.57417582417582
5451	-1.53571428571429
5452	-1.61263736263736
5453	-1.61263736263736
5456	-1.45879120879121
5457	-1.4010989010989
5458	-1.34340659340659
5459	-1.28571428571429
5460	-1.12362637362637
5461	-1.03296703296703
5462	-1.08516483516484
5463	-0.903846153846154
5464	-0.994505494505495
5465	-1.03296703296703
5466	-1.0521978021978
5467	-1.0521978021978
5468	-1.03846153846154
5469	-1.03846153846154
5470	-1.14835164835165
5471	-1.01923076923077
5472	-1
5473	-0.986263736263736
5474	-0.986263736263736
5475	-0.991758241758242
5476	-1.04945054945055
5477	-1.12087912087912
5478	-1.08791208791209
5479	-1.21703296703297
5480	-1.27472527472527
5481	-1.26098901098901
5482	-1.20879120879121
5483	-1.1510989010989
5484	-1.43406593406593
5485	-1.43406593406593
5486	-1.43406593406593
5487	-1.37087912087912
5488	-1.37087912087912
5489	-1.20879120879121
5490	-1.30494505494505
5491	-1.30494505494505
5492	-1.32417582417582
5493	-1.38186813186813
5494	-1.21978021978022
5495	-1.21978021978022
5496	-1.32417582417582
5497	-1.33791208791209
5498	-1.4532967032967
5499	-1.67307692307692
5500	-1.78846153846154
5501	-1.78846153846154
5502	-1.93681318681319
5503	-1.87912087912088
5504	-1.91208791208791
5505	-1.95054945054945
5506	-1.84065934065934
5507	-1.93131868131868
5508	-1.8543956043956
5509	-1.92582417582418
5510	-1.75824175824176
5511	-1.62912087912088
5512	-1.57142857142857
5513	-1.5
5514	-1.57142857142857
5515	-1.57142857142857
5516	-1.51373626373626
5517	-1.43681318681319
5518	-1.45604395604396
5519	-1.26923076923077
5520	-1.25549450549451
5521	-1.34615384615385
5522	-1.35164835164835
5523	-1.33241758241758
5524	-1.39010989010989
5525	-1.49450549450549
5526	-1.47527472527473
5527	-1.42307692307692
5528	-1.34615384615385
5529	-1.42307692307692
5530	-1.42307692307692
5531	-1.59615384615385
5532	-1.62087912087912
5533	-1.50549450549451
5534	-1.42857142857143
5535	-1.35714285714286
5536	-1.43406593406593
5537	-1.35714285714286
5538	-1.43406593406593
5539	-1.23351648351648
5540	-1.19505494505495
5541	-1.14285714285714
5542	-1.1043956043956
5543	-1.1043956043956
5544	-1.12362637362637
5545	-1.18681318681319
5546	-1.15384615384615
5547	-1.33516483516484
5548	-1.3543956043956
5549	-1.38736263736264
5550	-1.36813186813187
5551	-1.36813186813187
5552	-1.31593406593407
5553	-1.40659340659341
5554	-1.37362637362637
5555	-1.3543956043956
5556	-1.3021978021978
5557	-1.3021978021978
5558	-1.3543956043956
5559	-1.22527472527473
5560	-1.18681318681319
5561	-1.28296703296703
5562	-1.28296703296703
5563	-1.25
5564	-1.22527472527473
5565	-1.18681318681319
5566	-1.17582417582418
5567	-1.0467032967033
5568	-1.0989010989011
5569	-1.00824175824176
5570	-0.873626373626374
5571	-0.777472527472527
5572	-0.739010989010989
5573	-0.5
5574	-0.409340659340659
5575	-0.461538461538461
5576	-0.442307692307693
5577	-0.513736263736264
5578	-0.623626373626374
5579	-0.604395604395604
5580	-0.417582417582418
5581	-0.431318681318681
5582	-0.502747252747253
5583	-0.521978021978022
5584	-0.521978021978022
5585	-0.565934065934066
5586	-0.604395604395604
5587	-0.604395604395604
5588	-0.637362637362638
5589	-0.489010989010989
5590	-0.631868131868132
5591	-0.626373626373626
5592	-0.678571428571429
5593	-0.678571428571429
5594	-0.664835164835165
5595	-0.813186813186813
5596	-0.612637362637363
5597	-0.631868131868132
5598	-0.57967032967033
5599	-0.489010989010989
5600	-0.565934065934066
5601	-0.475274725274725
5602	-0.346153846153846
5603	-0.326923076923077
5604	-0.28021978021978
5605	-0.351648351648352
5606	-0.395604395604395
5607	-0.491758241758242
5608	-0.53021978021978
5609	-0.64010989010989
5610	-0.692307692307692
5611	-0.678571428571429
5612	-0.664835164835165
5613	-0.535714285714286
5614	-0.478021978021978
5615	-0.593406593406594
5616	-0.722527472527472
5617	-0.67032967032967
5618	-0.760989010989011
5619	-0.722527472527472
5620	-0.554945054945055
5621	-0.549450549450549
5622	-0.516483516483516
5623	-0.516483516483516
5624	-0.535714285714286
5625	-0.607142857142857
5626	-0.645604395604395
5627	-0.645604395604395
5628	-0.722527472527472
5629	-0.684065934065934
5630	-0.607142857142857
5631	-0.645604395604395
5632	-0.769230769230769
5633	-0.793956043956044
5634	-0.903846153846154
5635	-1.06043956043956
5636	-0.917582417582418
5637	-1.14285714285714
5638	-1.16208791208791
5639	-1.01923076923077
5640	-1.14835164835165
5641	-1.03296703296703
5642	-1.14285714285714
5643	-1.12912087912088
5644	-1.18681318681319
5645	-1.14010989010989
5646	-1.06868131868132
5647	-1.04945054945055
5648	-1.10714285714286
5649	-1.33241758241758
5650	-1.42857142857143
5651	-1.48626373626374
5652	-1.48626373626374
5653	-1.40934065934066
5654	-1.35714285714286
5655	-1.37637362637363
5656	-1.50549450549451
5657	-1.50549450549451
5658	-1.59615384615385
5659	-1.51923076923077
5660	-1.46153846153846
5661	-1.39010989010989
5662	-1.4478021978022
5663	-1.26098901098901
5664	-1.33241758241758
5665	-1.33241758241758
5666	-1.36538461538461
5667	-1.32692307692308
5668	-1.17307692307692
5669	-1.24450549450549
5670	-1.26373626373626
5671	-1.24450549450549
5672	-1.31043956043956
5673	-1.31043956043956
5674	-1.28571428571429
5675	-1.48626373626374
5676	-1.32967032967033
5677	-1.18131868131868
5678	-1.16208791208791
5679	-1.24725274725275
5680	-1.22802197802198
5681	-1.26098901098901
5682	-1.22252747252747
5683	-1.36538461538462
5684	-1.35989010989011
5685	-1.09615384615385
5686	-0.909340659340659
5687	-0.857142857142857
5688	-0.914835164835164
5689	-1.01098901098901
5690	-0.881868131868132
5691	-0.901098901098901
5692	-0.862637362637363
5693	-0.881868131868132
5694	-0.868131868131868
5695	-0.692307692307692
5696	-0.620879120879121
5697	-0.615384615384615
5698	-0.653846153846154
5699	-0.956043956043956
5700	-0.870879120879121
5701	-0.837912087912088
5702	-0.747252747252747
5703	-0.81043956043956
5704	-0.82967032967033
5705	-0.782967032967033
5706	-0.936813186813186
5707	-0.85989010989011
5708	-0.769230769230769
5709	-0.75
5710	-0.615384615384616
5711	-0.60989010989011
5712	-0.914835164835164
5713	-1.06318681318681
5714	-1.1978021978022
5715	-1.26098901098901
5716	-1.24175824175824
5717	-1.38461538461538
5718	-1.60989010989011
5719	-1.59065934065934
5720	-1.64835164835165
5721	-1.74450549450549
5722	-1.70604395604396
5723	-1.73076923076923
5724	-1.69230769230769
5725	-1.76923076923077
5726	-1.89285714285714
5727	-1.89285714285714
5728	-2.00824175824176
5729	-1.81318681318681
5730	-1.88461538461538
5731	-1.96978021978022
5732	-2.07967032967033
5733	-2.00824175824176
5734	-1.73076923076923
5735	-1.64010989010989
5736	-1.82142857142857
5737	-1.91208791208791
5738	-1.96428571428571
5739	-2.01648351648352
5740	-1.75824175824176
5741	-1.74725274725275
5742	-1.78571428571429
5743	-1.71428571428571
5744	-1.76648351648352
5745	-1.76648351648352
5746	-1.76648351648352
5747	-1.70879120879121
5748	-1.54120879120879
5749	-1.38736263736264
5750	-1.21428571428571
5751	-1.34340659340659
5752	-1.36263736263736
5753	-1.28571428571429
5754	-1.32417582417582
5755	-1.34340659340659
5756	-1.24725274725275
5757	-1.34340659340659
5758	-1.29945054945055
5759	-1.42307692307692
5760	-1.42307692307692
5761	-1.5521978021978
5762	-1.57142857142857
5763	-1.38461538461538
5764	-1.38461538461538
5765	-1.65659340659341
5766	-1.70054945054945
5767	-1.59615384615385
5768	-1.61538461538462
5769	-1.59065934065934
5770	-1.71428571428571
5771	-1.76648351648352
5772	-1.71428571428571
5773	-1.64285714285714
5774	-1.57692307692308
5775	-1.54395604395604
5776	-1.74450549450549
5777	-1.8021978021978
5778	-1.84065934065934
5779	-1.96978021978022
5780	-2.00824175824176
5781	-1.83241758241758
5782	-1.85714285714286
5783	-1.80494505494505
5784	-1.93406593406593
5785	-1.85714285714286
5786	-1.78571428571429
5787	-1.70879120879121
5788	-1.78571428571429
5789	-1.63736263736264
5790	-1.48901098901099
5791	-1.5467032967033
5792	-1.35989010989011
5793	-1.37362637362637
5794	-1.45054945054945
5795	-1.43131868131868
5796	-1.32142857142857
5797	-1.26373626373626
5798	-1.34065934065934
5799	-1.46978021978022
5800	-1.43131868131868
5801	-1.34065934065934
5802	-1.3543956043956
5803	-1.53021978021978
5804	-1.53021978021978
5805	-1.54945054945055
5806	-1.60714285714286
5807	-1.56868131868132
5808	-1.54395604395604
5809	-1.59615384615385
5810	-1.59065934065934
5811	-1.64285714285714
5812	-1.49450549450549
5813	-1.51373626373626
5814	-1.45604395604396
5815	-1.43681318681319
5816	-1.38461538461538
5817	-1.57967032967033
5818	-1.63736263736264
5819	-1.67032967032967
5820	-1.76648351648352
5821	-1.78571428571429
5823	-1.72802197802198
5824	-1.71428571428571
5825	-1.84340659340659
5908	-2.4010989010989
5909	-2.4010989010989
5910	-2.43956043956044
5911	-2.43956043956044
5912	-2.49725274725275
5913	-2.52197802197802
5914	-2.61813186813187
5915	-2.61813186813187
5916	-2.65659340659341
5917	-2.84340659340659
5918	-2.73351648351648
5919	-2.68131868131868
5920	-2.73901098901099
5921	-2.70604395604396
5922	-2.78296703296703
5923	-2.5
5924	-2.46153846153846
5925	-2.48076923076923
5926	-2.48076923076923
5927	-2.30769230769231
5928	-2.19230769230769
5929	-2.16483516483516
5930	-2.1456043956044
5931	-2.17857142857143
5932	-2.21703296703297
5933	-2.18406593406593
5934	-2.14010989010989
5935	-2.12637362637363
5936	-2.15934065934066
5937	-2.17857142857143
5938	-1.81868131868132
5939	-1.74175824175824
5940	-1.74725274725275
5941	-1.72802197802198
5942	-1.83241758241758
5943	-1.90384615384615
5944	-1.98901098901099
5945	-1.93681318681319
5946	-1.90384615384615
5947	-1.84615384615385
5948	-1.61538461538462
5949	-1.50549450549451
5950	-1.48626373626374
5951	-1.29945054945055
5952	-1.18956043956044
5953	-1.17032967032967
5954	-1.22252747252747
5955	-1.12637362637363
5956	-1.04945054945055
5957	-0.953296703296703
5958	-0.895604395604395
5959	-0.837912087912088
5960	-0.818681318681318
5961	-0.675824175824176
5962	-0.695054945054945
5963	-0.695054945054945
5964	-0.598901098901099
5965	-0.785714285714286
5966	-0.752747252747253
5967	-0.51923076923077
5968	-0.524725274725275
5969	-0.634615384615385
5970	-0.576923076923077
5971	-0.667582417582418
5972	-0.673076923076923
5973	-0.788461538461538
5974	-0.75
5975	-0.53021978021978
5976	-0.582417582417583
5977	-0.543956043956044
5978	-0.582417582417583
5979	-0.620879120879121
5980	-0.736263736263737
5981	-0.692307692307692
5982	-0.673076923076923
5983	-0.711538461538462
5984	-0.788461538461538
5985	-0.950549450549451
5986	-1.06593406593407
5987	-1.12362637362637
5988	-1.16208791208791
5989	-1.12362637362637
5990	-0.851648351648352
5991	-0.923076923076923
5992	-0.846153846153846
5993	-0.917582417582418
5994	-0.717032967032967
5995	-0.678571428571429
5996	-0.549450549450549
5997	-0.615384615384615
5998	-0.576923076923077
5999	-0.467032967032967
6000	-0.403846153846154
6001	-0.236263736263736
6002	-0.107142857142857
6003	-0.206043956043956
6004	-0.129120879120879
6005	-0.0906593406593408
6006	-0.0137362637362637
6007	0.263736263736263
6008	0.326923076923077
6009	0.326923076923077
6010	0.274725274725275
6011	0.313186813186813
6012	0.527472527472528
6013	0.747252747252747
6014	0.824175824175824
6015	1.12637362637363
6016	1.48351648351648
6017	1.91208791208791
6018	3.88461538461538
6019	6.03846153846154
6020	6.32967032967033
6021	8.8021978021978
