16	-0.0141752577319587
17	-0.0347938144329897
18	-0.0760309278350515
19	-0.0966494845360824
20	0.00773195876288657
21	-0.00257731958762875
22	0.184922680412371
23	0.206185567010309
24	0.195876288659794
25	0.175257731958763
26	0.227448453608247
27	0.248711340206186
28	0.467783505154639
29	0.385309278350515
30	0.375644329896907
31	0.417525773195876
32	0.396907216494845
33	0.365979381443299
34	0.283505154639175
35	0.252577319587629
36	0.262886597938144
37	0.262886597938144
38	0.325386597938144
39	0.429768041237113
40	0.471005154639175
41	0.553479381443299
42	0.563788659793814
43	0.553479381443299
44	0.59471649484536
45	0.552835051546392
46	0.510953608247423
47	0.541881443298969
48	0.510953608247423
49	0.489690721649485
50	0.541881443298969
51	0.531572164948453
52	0.541881443298969
53	0.708762886597938
54	0.677835051546392
55	0.709407216494845
56	0.563788659793814
57	0.585051546391752
58	0.366623711340206
59	0.366623711340206
60	0.418814432989691
61	0.48131443298969
62	0.450386597938144
63	0.39819587628866
64	0.16881443298969
65	0.418170103092783
66	0.51159793814433
67	0.418170103092783
68	0.376932989690721
69	0.33569587628866
70	0.325386597938144
71	0.262886597938144
72	0.179768041237113
73	0.409149484536082
74	0.428479381443299
75	0.15979381443299
76	0.212628865979382
77	0.275773195876289
78	0.358891752577319
79	0.389819587628866
80	0.327963917525773
81	0.275773195876289
82	0.327963917525773
83	0.369845360824743
84	0.422036082474227
85	0.349226804123711
86	0.442654639175258
87	0.577963917525773
88	0.577963917525773
89	0.400773195876289
90	0.483247422680412
91	0.524484536082474
92	0.483247422680412
93	0.441365979381443
94	0.441365979381443
95	0.482603092783505
96	0.545103092783505
97	0.431056701030928
98	0.368556701030928
99	0.441365979381443
100	0.504510309278351
101	0.411082474226804
102	0.452319587628866
103	0.566365979381444
104	0.597938144329897
105	0.618556701030928
106	0.649484536082474
107	0.711984536082474
108	0.72229381443299
109	0.503221649484536
110	0.378865979381444
111	0.451030927835052
112	0.418814432989691
113	0.480670103092784
114	0.470360824742268
115	0.522551546391752
116	0.553479381443299
117	0.688788659793814
118	0.813788659793815
119	0.918170103092784
120	0.824742268041237
121	0.825386597938144
122	0.669458762886598
123	0.690721649484536
124	0.690721649484536
125	0.742912371134021
126	0.80541237113402
127	0.753221649484536
128	1.0444587628866
129	1.21134020618557
130	1.24291237113402
131	1.17010309278351
132	1.04510309278351
133	1.23324742268041
134	1.31636597938144
135	1.31636597938144
136	1.33634020618557
137	1.21134020618557
138	1.27384020618557
139	1.08698453608247
140	1.07603092783505
141	1.26288659793814
142	1.38724226804124
143	1.37693298969072
144	1.35631443298969
145	1.40850515463918
146	1.5534793814433
147	1.63659793814433
148	1.62628865979381
149	1.47036082474227
150	1.39755154639175
151	1.33505154639175
152	1.28286082474227
153	1.19974226804124
154	1.04317010309278
155	0.969716494845361
156	1.14626288659794
157	1.38530927835052
158	1.44780927835051
159	1.40592783505155
160	1.3125
161	1.26030927835052
162	1.41688144329897
163	1.40721649484536
164	1.12628865979381
165	1.06378865979381
166	1.13659793814433
167	1.10567010309278
168	1.13724226804124
169	1.04252577319588
170	1.04252577319588
171	0.938788659793815
172	0.896907216494845
173	0.88659793814433
174	0.771907216494845
175	0.875644329896907
176	0.907216494845361
177	0.94909793814433
178	1.01159793814433
179	1.11533505154639
180	1.19845360824742
181	1.16752577319588
182	1.39690721649485
183	1.39690721649485
184	1.40721649484536
185	1.39690721649485
186	1.54252577319588
187	1.64690721649484
188	1.74033505154639
189	1.73002577319588
190	1.80283505154639
191	1.79317010309278
192	1.75193298969072
193	1.60631443298969
194	1.79381443298969
195	1.74162371134021
196	1.88724226804124
197	2.03350515463918
198	1.79381443298969
199	1.85567010309278
200	1.89690721649485
201	1.80283505154639
202	1.75064432989691
203	1.91752577319588
204	1.91752577319588
205	1.87564432989691
206	1.83376288659794
207	1.92719072164948
208	1.97938144329897
209	2.04188144329897
210	1.99033505154639
211	1.91752577319588
212	2.01095360824742
213	1.81314432989691
214	1.82345360824742
215	1.68814432989691
216	1.62564432989691
217	1.79188144329897
218	1.625
219	1.72938144329897
220	1.69845360824742
221	1.77126288659794
222	1.60502577319588
223	1.41817010309278
224	1.4284793814433
225	1.53221649484536
226	1.50128865979381
227	1.52126288659794
228	1.48969072164948
229	1.55219072164948
230	1.41623711340206
231	1.37435567010309
232	1.31185567010309
233	1.22809278350515
234	1.24871134020619
235	1.24871134020619
236	1.23840206185567
237	1.30090206185567
238	1.27963917525773
239	1.34149484536082
240	1.55992268041237
241	1.53930412371134
242	1.46713917525773
243	1.45682989690722
244	1.35309278350515
245	1.39497422680412
246	1.47809278350515
247	1.55154639175258
248	1.40657216494845
249	1.32409793814433
250	1.31443298969072
251	1.26288659793814
252	1.27384020618557
253	1.06572164948454
254	0.878865979381444
255	0.816365979381444
256	0.826675257731959
257	0.753865979381443
258	0.753865979381443
259	0.992912371134021
260	1.02448453608247
261	0.878865979381444
262	0.764175257731958
263	0.722938144329897
264	0.660438144329897
265	0.556701030927835
266	0.422036082474227
267	0.693298969072165
268	0.672680412371134
269	0.797680412371134
270	0.870489690721649
271	0.787371134020619
272	0.89110824742268
273	0.818298969072165
274	0.80798969072165
275	0.662371134020619
276	0.454252577319587
277	0.527061855670103
278	0.651417525773196
279	0.619845360824742
280	0.629510309278351
281	0.608247422680412
282	0.597938144329897
283	0.617912371134021
284	0.64819587628866
285	0.876288659793815
286	0.782216494845361
287	0.855025773195876
288	0.823453608247423
289	0.823453608247423
290	0.895618556701031
291	0.916237113402062
292	0.926546391752577
293	1.00966494845361
294	1.01997422680412
295	0.822164948453608
296	0.80090206185567
297	0.884020618556701
298	0.904639175257732
299	1.07087628865979
300	1.20618556701031
301	1.12242268041237
302	1.24677835051546
303	0.96520618556701
304	0.975515463917526
305	0.819587628865979
306	0.757087628865979
307	0.767396907216495
308	0.778350515463918
309	0.882731958762887
310	0.872422680412371
311	0.809922680412371
312	0.893041237113402
313	0.830541237113402
314	0.820231958762886
315	0.809922680412371
316	0.91430412371134
317	0.893685567010309
318	0.85180412371134
319	0.810567010309278
320	0.800257731958763
321	0.644329896907217
322	0.592139175257732
323	0.602448453608248
324	0.862757731958763
325	0.914948453608248
326	0.946520618556701
327	0.873711340206186
328	0.894329896907217
329	1.02963917525773
330	1.05025773195876
331	1.11340206185567
332	1.32216494845361
333	1.36404639175258
334	1.49935567010309
335	1.36404639175258
336	1.30154639175258
337	1.37435567010309
338	1.37435567010309
339	1.43685567010309
340	1.39497422680412
341	1.42590206185567
342	1.55090206185567
343	1.61404639175258
344	1.72809278350515
345	1.59278350515464
346	1.68685567010309
347	1.70747422680412
348	1.69716494845361
349	1.76997422680412
350	1.74935567010309
351	1.94716494845361
352	1.95747422680412
353	2.03028350515464
354	2.22809278350515
355	2.3840206185567
356	2.39432989690722
357	2.46713917525773
358	2.52963917525773
359	2.58182989690722
360	2.37371134020619
361	2.35244845360825
362	2.30025773195876
363	2.30025773195876
364	2.33182989690722
365	2.12371134020619
366	2.15528350515464
367	2.37306701030928
368	2.26868556701031
369	2.20618556701031
370	2.06056701030928
371	2.16494845360825
372	2.10244845360825
373	2.1340206185567
374	2.06121134020619
375	2.06121134020619
376	2.04059278350515
377	2.01997422680412
378	1.91623711340206
379	1.98840206185567
380	1.91559278350515
381	2.0090206185567
382	1.99806701030928
383	2.02963917525773
384	1.91494845360825
385	1.85244845360825
386	1.85244845360825
387	1.73775773195876
388	1.66494845360825
389	1.64432989690722
390	1.46713917525773
391	1.23840206185567
392	1.28028350515464
393	1.39497422680412
394	1.40528350515464
395	1.49871134020619
396	1.46778350515464
397	1.46778350515464
398	1.50966494845361
399	1.64497422680412
400	1.68621134020619
401	1.71713917525773
402	1.74806701030928
403	1.56056701030928
404	1.51868556701031
405	1.54961340206186
406	1.57023195876289
407	1.52835051546392
408	1.59085051546392
409	1.87177835051546
410	1.9548969072165
411	1.8923969072165
412	1.97551546391753
413	2.05863402061856
414	2.0270618556701
415	2.01675257731959
416	2.01675257731959
417	2.0895618556701
418	1.99613402061856
419	2.01675257731959
420	2.0270618556701
421	2.01675257731959
422	1.99548969072165
423	2.09987113402062
424	2.04768041237113
425	2.20360824742268
426	2.18298969072165
427	2.20360824742268
428	2.18298969072165
429	2.14110824742268
430	2.14110824742268
431	2.00579896907217
432	1.98453608247423
433	2.03672680412371
434	2.1514175257732
435	2.20360824742268
436	2.26610824742268
437	2.42268041237113
438	2.34987113402062
439	2.36018041237113
440	2.4020618556701
441	2.37113402061856
442	2.42332474226804
443	2.37113402061856
444	2.43363402061856
445	2.19394329896907
446	2.17332474226804
447	2.18363402061856
448	2.24613402061856
449	2.11082474226804
450	2.16301546391753
451	2.05863402061856
452	1.93363402061856
453	1.81894329896907
454	1.81894329896907
455	1.76675257731959
456	1.8395618556701
457	1.93363402061856
458	1.91301546391753
459	1.86082474226804
460	1.90270618556701
461	1.81958762886598
462	1.84085051546392
463	1.93427835051546
464	1.90270618556701
465	1.78801546391753
466	1.72551546391753
467	1.74613402061856
468	1.79832474226804
469	1.74613402061856
470	1.57925257731959
471	1.5895618556701
472	1.50644329896907
473	1.32925257731959
474	1.27770618556701
475	1.22615979381443
476	1.11146907216495
477	1.23646907216495
478	1.18492268041237
479	1.12306701030928
480	1.11275773195876
481	1.11275773195876
482	1.08182989690722
483	1.04059278350515
484	0.884664948453608
485	0.947164948453608
486	0.894974226804123
487	0.884664948453608
488	0.874355670103093
489	0.989046391752577
490	1.03092783505155
491	1.03092783505155
492	0.947809278350515
493	0.895618556701031
494	0.968427835051547
495	0.875
496	0.958118556701031
497	0.843427835051546
498	0.864046391752577
499	0.926546391752577
500	1.16623711340206
501	1.15657216494845
502	1.25064432989691
503	1.17783505154639
504	1.23002577319588
505	1.35502577319588
506	1.34471649484536
507	1.11533505154639
508	1.06314432989691
509	1.08376288659794
510	1.22938144329897
511	1.19780927835052
512	1.13530927835051
513	1.04123711340206
514	0.999355670103093
515	1.06121134020619
516	0.998711340206186
517	0.832474226804124
518	0.80090206185567
519	0.894329896907217
520	0.894329896907217
521	0.904639175257732
522	0.977448453608247
523	0.987757731958763
524	0.967139175257732
525	0.842139175257732
526	0.841494845360825
527	0.841494845360825
528	0.862113402061856
529	0.809922680412371
530	0.72680412371134
531	0.768041237113402
532	0.612113402061855
533	0.653994845360825
534	0.632731958762886
535	0.518041237113402
536	0.288659793814433
537	0.257087628865979
538	0.163015463917526
539	0.27770618556701
540	0.204896907216495
541	0.0489690721649485
542	0.132087628865979
543	0.121778350515464
544	0.121778350515464
545	0.184278350515464
546	0.0902061855670103
547	0.110824742268041
548	0.110824742268041
549	0.0380154639175257
550	0.089561855670103
551	0.204252577319588
552	0.172680412371134
553	0.224226804123711
554	0.244845360824742
555	0.297036082474227
556	0.39110824742268
557	0.37048969072165
558	0.360180412371134
559	0.339561855670103
560	0.506443298969072
561	0.517396907216495
562	0.486469072164949
563	0.632731958762886
564	0.66430412371134
565	0.841494845360825
566	0.91430412371134
567	0.820876288659794
568	0.893685567010309
569	0.893685567010309
570	0.852448453608247
571	0.946520618556701
572	1.0090206185567
573	1.09213917525773
574	1.15463917525773
575	1.11275773195876
576	1.08118556701031
577	1.17525773195876
578	1.21713917525773
579	1.1965206185567
580	1.22809278350515
581	1.12435567010309
582	1.28092783505155
583	1.51030927835052
584	1.57280927835052
585	1.44845360824742
586	1.71971649484536
587	1.64755154639175
588	1.82474226804124
589	1.77319587628866
590	1.80476804123711
591	1.72164948453608
592	1.58569587628866
593	1.67912371134021
594	1.54381443298969
595	1.55412371134021
596	1.52255154639175
597	1.43878865979381
598	1.51159793814433
599	1.40721649484536
600	1.43814432989691
601	1.2409793814433
602	1.1784793814433
603	1.25128865979381
604	1.1784793814433
605	1.1159793814433
606	1.25128865979381
607	1.26159793814433
608	1.22036082474227
609	1.15850515463918
610	1.07538659793814
611	0.981958762886598
612	1.09664948453608
613	1.07538659793814
614	1.09600515463918
615	1.20038659793814
616	1.15850515463918
617	1.15850515463918
618	1.24226804123711
619	1.03414948453608
620	0.961340206185567
621	0.96069587628866
622	0.856314432989691
623	0.772551546391752
624	0.679123711340206
625	0.772551546391752
626	0.720360824742268
627	0.803479381443299
628	0.897551546391752
629	0.929123711340206
630	0.929768041237113
631	0.898840206185567
632	0.878221649484536
633	0.920103092783505
634	0.951030927835052
635	0.951030927835052
636	1.00322164948454
637	1.09664948453608
638	1.07603092783505
639	0.992912371134021
640	1.09664948453608
641	1.24226804123711
642	1.1069587628866
643	0.992268041237113
644	0.971005154639175
645	1.08505154639175
646	1.10567010309278
647	1.18878865979381
648	1.28221649484536
649	1.3659793814433
650	1.34536082474227
651	1.30412371134021
652	1.33569587628866
653	1.39819587628866
654	1.13724226804124
655	1.07474226804124
656	1.04381443298969
657	0.971005154639175
658	0.971005154639175
659	1.02319587628866
660	1.05412371134021
661	1.00193298969072
662	0.981314432989691
663	0.846649484536082
664	0.856958762886598
665	0.867268041237113
666	0.846005154639175
667	0.846005154639175
668	0.752577319587629
669	0.71069587628866
670	0.617912371134021
671	0.670103092783505
672	0.482603092783505
673	0.378221649484536
674	0.409149484536082
675	0.606958762886598
676	0.545103092783505
677	0.441365979381443
678	0.494201030927835
679	0.463273195876289
680	0.609536082474227
681	0.484536082474227
682	0.599226804123711
683	0.557345360824743
684	0.369845360824743
685	0.29639175257732
686	0.317010309278351
687	0.274484536082474
688	0.263530927835051
689	0.273840206185567
690	0.284149484536082
691	0.419458762886598
692	0.481958762886598
693	0.471649484536083
694	0.461340206185567
695	0.409149484536082
696	0.263530927835051
697	0.295103092783505
698	0.440721649484536
699	0.52319587628866
700	0.491623711340206
701	0.397551546391752
702	0.501932989690721
703	0.491623711340206
704	0.553479381443299
705	0.59471649484536
706	0.552835051546392
707	0.542525773195876
708	0.532216494845361
709	0.688788659793814
710	0.69909793814433
711	0.584407216494845
712	0.698453608247423
713	0.739690721649485
714	0.707474226804124
715	0.748711340206186
716	0.789948453608248
717	0.789948453608248
718	0.665592783505154
719	0.655283505154639
720	0.665592783505154
721	0.655283505154639
722	0.499355670103093
723	0.499355670103093
724	0.614046391752577
725	0.759664948453608
726	0.874355670103093
727	0.780283505154639
728	0.728092783505155
729	0.80090206185567
730	0.769974226804123
731	0.791881443298969
732	0.823453608247423
733	0.760953608247423
734	0.605025773195876
735	0.501932989690721
736	0.408505154639175
737	0.471005154639175
738	0.355670103092784
739	0.543170103092783
740	0.63659793814433
741	0.709407216494845
742	0.750644329896907
743	0.729381443298969
744	0.698453608247423
745	0.541881443298969
746	0.750644329896907
747	0.792525773195876
748	0.771907216494845
749	0.657860824742268
750	0.637242268041237
751	0.866623711340206
752	0.679123711340206
753	0.699742268041237
754	0.771907216494845
755	0.782860824742268
756	0.710051546391752
757	0.596005154639175
758	0.637242268041237
759	0.554768041237113
760	0.544458762886598
761	0.430412371134021
762	0.263530927835051
763	0.305412371134021
764	0.346649484536083
765	0.346649484536083
766	0.408505154639175
767	0.480025773195876
768	0.458762886597938
769	0.469072164948454
770	0.407216494845361
771	0.427835051546392
772	0.480025773195876
773	0.438144329896907
774	0.417525773195876
775	0.303479381443299
776	0.210051546391752
777	0.0856958762886599
778	0.0650773195876289
779	0.0341494845360826
780	0.14819587628866
781	0.179123711340206
782	-0.0193298969072164
783	-0.0818298969072166
784	-0.186211340206185
785	-0.144974226804124
786	-0.134664948453608
787	-0.384664948453608
788	-0.384664948453608
789	-0.405283505154639
790	-0.457474226804124
791	-0.395618556701031
792	-0.426546391752577
793	-0.270618556701031
794	-0.155927835051546
795	-0.0940721649484535
796	-0.229381443298969
797	-0.25
798	-0.218427835051546
799	-0.228737113402062
800	-0.249355670103093
801	-0.311855670103093
802	-0.311855670103093
803	-0.384664948453608
804	-0.301546391752577
805	-0.280927835051546
806	-0.135953608247423
807	-0.0637886597938144
808	-0.126288659793814
809	-0.13659793814433
810	-0.115979381443299
811	0.0818298969072165
812	0.0715206185567011
813	0.0612113402061856
814	0.0405927835051547
815	0.0199742268041236
816	-0.104381443298969
817	-0.125
818	-0.114690721649485
819	-0.166881443298969
820	-0.104381443298969
821	-0.0831185567010309
822	-0.0934278350515463
823	-0.0309278350515463
824	-0.0515463917525771
825	-0.00966494845360844
826	-0.0818298969072166
827	-0.164948453608248
828	-0.144329896907216
829	-0.23840206185567
830	-0.353092783505155
831	-0.384020618556701
832	-0.394329896907216
833	-0.353092783505155
834	-0.446520618556701
835	-0.519329896907216
836	-0.550257731958763
837	-0.663659793814433
838	-0.777061855670103
839	-0.797680412371134
841	-0.869845360824742
843	-0.921391752577319
844	-0.879510309278351
845	-0.910438144329897
846	-0.910438144329897
848	-0.972938144329897
849	-0.931701030927835
850	-0.869201030927835
851	-0.85889175257732
852	-0.733891752577319
853	-0.775128865979381
854	-0.702319587628866
855	-0.639819587628866
856	-0.712628865979381
857	-0.75451030927835
858	-0.723582474226804
859	-0.765463917525773
860	-0.755154639175257
861	-0.744845360824742
862	-0.682989690721649
863	-0.693298969072165
864	-0.70360824742268
865	-0.651417525773196
866	-0.588917525773196
867	-0.557989690721649
868	-0.464561855670103
869	-0.474871134020618
870	-0.423324742268041
871	-0.40270618556701
872	-0.371778350515464
873	-0.268685567010309
874	-0.17590206185567
875	-0.134664948453608
876	-0.0625
877	-0.104381443298969
878	-0.0837628865979381
879	-0.0947164948453608
880	-0.115979381443299
881	-0.00193298969072175
882	-0.074742268041237
883	-0.116623711340206
884	-0.137886597938144
885	-0.116623711340206
887	-0.0966494845360824
960	-0.375
961	-0.364690721649485
962	-0.375
963	-0.313144329896907
964	-0.292525773195876
965	-0.292525773195876
966	-0.230025773195876
967	-0.126288659793814
968	-0.115979381443299
969	-0.0225515463917524
970	0.102448453608248
971	0.133376288659794
972	0.0605670103092782
973	0.0399484536082476
974	0.112757731958763
975	0.102448453608248
976	0.123067010309278
977	0.153994845360825
978	0.10180412371134
979	0.132731958762887
980	0.153350515463918
981	0.101159793814433
982	0.0908505154639176
983	0.0908505154639176
984	0.0489690721649485
985	0.0277061855670102
986	0.0380154639175257
987	0.0483247422680412
988	0.0380154639175257
989	0.0586340206185566
998	-0.0863402061855669
999	-0.044458762886598
1000	-0.044458762886598
1001	-0.0341494845360825
1002	-0.0657216494845361
1014	-0.189432989690722
1015	-0.210051546391752
1016	-0.0431701030927835
1017	-0.0844072164948453
1018	-0.0947164948453608
1019	-0.0844072164948453
1020	-0.0844072164948453
1021	-0.0947164948453608
1022	-0.0844072164948453
1023	0.00902061855670111
1024	0.102448453608248
1025	0.185567010309278
1026	0.237757731958763
1027	0.477448453608248
1028	0.467139175257732
1029	0.498067010309278
1030	0.571520618556701
1031	0.540592783505155
1032	0.498711340206185
1033	0.498711340206185
1034	0.456829896907217
1035	0.353092783505155
1036	0.30090206185567
1037	0.290592783505155
1038	0.218427835051547
1039	0.280927835051547
1040	0.353737113402062
1041	0.384664948453608
1042	0.259664948453608
1043	0.249355670103093
1044	0.197164948453608
1045	0.186855670103093
1046	0.197164948453608
1047	0.207474226804124
1048	0.186211340206185
1049	0.186211340206185
1050	0.134020618556701
1051	0.134020618556701
1052	-0.032860824742268
1053	0.0186855670103093
1054	0.0399484536082476
1055	0.029639175257732
1056	0.0399484536082476
1057	0.0708762886597937
1058	0.050257731958763
1059	0.050257731958763
1060	0.0605670103092782
1061	0.00837628865979367
1062	0.0811855670103093
1063	-0.137886597938144
1064	-0.127577319587629
1065	-0.117268041237113
1068	-0.0244845360824741
1069	-0.0141752577319587
1070	-0.0141752577319587
1071	0.110180412371134
1072	0.110180412371134
1073	0.193298969072165
1074	0.255154639175258
1075	0.244845360824742
1076	0.172036082474227
1077	0.234536082474227
1078	0.286726804123711
1079	0.224226804123711
1080	0.297036082474227
1081	0.307345360824742
1082	0.307345360824742
1083	0.327963917525773
1084	0.255154639175258
1085	0.29639175257732
1086	0.337628865979382
1087	0.368556701030928
1088	0.368556701030928
1089	0.368556701030928
1090	0.357603092783505
1091	0.378221649484536
1092	0.367912371134021
1093	0.367912371134021
1094	0.398840206185567
1095	0.346649484536082
1173	-0.0438144329896907
1174	-0.0644329896907218
1175	-0.0438144329896907
1176	0.0289948453608248
1177	0.0496134020618557
1178	-0.0438144329896907
1179	-0.0231958762886597
1180	-0.00257731958762875
1181	0.0393041237113403
1182	0.00837628865979367
1183	0.00837628865979367
1184	-0.0225515463917524
1185	-0.0534793814432989
1186	0.00902061855670111
1187	-0.0115979381443299
1188	0.0824742268041236
1189	0.217783505154639
1190	0.228092783505155
1191	0.217783505154639
1192	0.197164948453608
1193	0.0927835051546392
1194	0.0721649484536083
1195	0.0618556701030929
1196	0.0824742268041236
1197	0.103092783505155
1198	0.11340206185567
1199	0.103092783505155
1200	0.0818298969072165
1201	0.0193298969072165
1202	-0.00128865979381443
1203	0.00902061855670111
1204	0.029639175257732
1205	0.0399484536082476
1206	0.268685567010309
1207	0.237113402061856
1208	0.247422680412371
1209	0.112113402061856
1210	0.226159793814433
1211	0.257731958762887
1212	0.278350515463918
1213	0.257731958762887
1214	0.340850515463917
1215	0.361469072164948
1216	0.371778350515464
1217	0.34020618556701
1218	0.381443298969072
1219	0.402061855670103
1220	0.412371134020619
1221	0.443298969072165
1222	0.39110824742268
1223	0.422036082474227
1224	0.348582474226804
1225	0.223582474226804
1226	0.265463917525773
1227	0.29639175257732
1228	0.317010309278351
1229	0.29639175257732
1230	0.275773195876289
1231	0.265463917525773
1232	0.234536082474227
1233	0.234536082474227
1234	0.213917525773196
1235	0.20360824742268
1236	0.30798969072165
1237	0.360180412371134
1238	0.339561855670103
1239	0.339561855670103
1240	0.287371134020619
1241	0.225515463917526
1242	0.0277061855670102
1243	0.0173969072164948
1244	0.121778350515464
1245	0.0695876288659795
1246	-0.0554123711340205
1247	-0.0244845360824741
1261	-0.14819587628866
1262	-0.127577319587629
1263	-0.127577319587629
1264	-0.137886597938144
1265	-0.0341494845360825
1266	-0.0135309278350516
1267	0.0173969072164948
1268	0.110824742268041
1269	0.110824742268041
1270	0.110824742268041
1271	0.183634020618557
1272	-0.0141752577319587
1273	-0.00386597938144329
1274	0.00644329896907214
1275	0.00644329896907214
1276	-0.00386597938144329
1277	0.0579896907216495
1278	0.0579896907216495
1279	0.0579896907216495
1345	-0.0856958762886598
1346	-0.0856958762886598
1347	-0.0128865979381443
1348	-0.0753865979381444
1349	-0.0650773195876289
1350	-0.0856958762886598
1351	-0.106314432989691
1352	-0.0960051546391754
1353	-0.126932989690722
1354	-0.106314432989691
1355	-0.126932989690722
1356	-0.137242268041237
1357	-0.157860824742268
1358	-0.178479381443299
1359	-0.19909793814433
1360	-0.230025773195876
1361	-0.177835051546392
1362	-0.219716494845361
1363	-0.271262886597938
1364	-0.281572164948454
1365	-0.3125
1366	-0.291881443298969
1367	-0.333762886597938
1368	-0.323453608247423
1371	-0.313144329896907
1372	-0.364690721649485
1387	-0.426546391752577
1388	-0.405283505154639
1389	-0.394974226804124
1390	-0.415592783505155
1391	-0.374355670103093
1392	-0.373711340206185
1393	-0.23840206185567
1394	-0.217783505154639
1395	-0.186855670103093
1396	-0.166237113402062
1397	-0.155927835051546
1398	-0.0934278350515463
1399	-0.0521907216494846
1400	-0.0625
1401	-0.0206185567010309
1402	-0.0721649484536082
1403	-0.134020618556701
1404	-0.144329896907216
1405	-0.0502577319587629
1406	0.106314432989691
1407	0.0128865979381443
1408	0.127577319587629
1409	0.0863402061855669
1410	0.169458762886598
1411	0.138530927835052
1412	0.0972938144329898
1413	0.0554123711340204
1414	0.0244845360824741
1415	0.00386597938144329
1416	-0.0689432989690721
1417	-0.089561855670103
1418	-0.214561855670103
1419	-0.349871134020619
1420	-0.380798969072165
1421	-0.359536082474227
1422	-0.224871134020618
1423	-0.224871134020618
1424	-0.266752577319588
1425	-0.256443298969072
1426	-0.256443298969072
1427	-0.183634020618556
1428	-0.184278350515464
1429	-0.309278350515464
1430	-0.298324742268041
1431	-0.297680412371134
1432	-0.359536082474227
1433	-0.400773195876289
1434	-0.431701030927835
1435	-0.411082474226804
1436	-0.369845360824742
1437	-0.401417525773196
1438	-0.391108247422681
1439	-0.329252577319588
1440	-0.339561855670103
1441	-0.381443298969072
1442	-0.537371134020618
1443	-0.516752577319588
1444	-0.507087628865979
1445	-0.361469072164948
1446	-0.558634020618556
1447	-0.538015463917526
1448	-0.507087628865979
1449	-0.476159793814433
1450	-0.403350515463917
1451	-0.382731958762887
1452	-0.362113402061856
1453	-0.341494845360825
1454	-0.341494845360825
1455	-0.300257731958763
1456	-0.196520618556701
1457	-0.217139175257732
1458	-0.278994845360825
1459	-0.25708762886598
1460	-0.25708762886598
1461	-0.21520618556701
1462	-0.204896907216495
1463	-0.27770618556701
1464	-0.142396907216495
1465	-0.100515463917526
1466	-0.142396907216495
1467	-0.143041237113402
1468	-0.0914948453608246
1469	-0.0605670103092784
1470	-0.0612113402061856
1471	-0.0612113402061856
1472	-0.0405927835051549
1473	0.0322164948453607
1474	0.0322164948453607
1475	0.0322164948453607
1476	0.230025773195876
1477	0.177835051546392
1478	0.229381443298969
1479	0.260309278350515
1480	0.125644329896907
1481	-0.0405927835051549
1482	0.000644329896906992
1483	0.167525773195876
1484	0.0850515463917525
1485	0.0231958762886599
1486	0.117268041237113
1487	0.106958762886598
1488	0.0863402061855669
1489	0.0760309278350515
1490	0.0966494845360824
1491	0.0966494845360824
1492	0.0547680412371134
1493	0.0231958762886599
1494	-0.0599226804123711
1495	-0.0708762886597938
1496	-0.0708762886597938
1497	-0.112757731958763
1498	-0.184922680412371
1499	-0.173969072164948
1500	-0.309278350515464
1501	-0.268041237113402
1502	-0.257731958762887
1503	-0.288659793814433
1504	-0.268041237113402
1505	-0.309922680412371
1506	-0.340850515463917
1507	-0.246778350515464
1508	-0.267396907216495
1509	-0.34020618556701
1510	-0.360824742268041
1511	-0.371134020618556
1512	-0.485824742268041
1513	-0.46520618556701
1514	-0.52770618556701
1515	-0.52770618556701
1516	-0.465850515463917
1517	-0.434922680412371
1518	-0.424613402061856
1519	-0.60180412371134
1520	-0.509020618556701
1521	-0.498711340206185
1609	-0.106314432989691
1610	-0.116623711340206
1611	-0.126932989690722
1612	-0.116623711340206
1613	-0.0753865979381444
1614	-0.0341494845360825
1615	0.0489690721649485
1616	0.0592783505154639
1617	0.0798969072164949
1618	0.0180412371134021
1619	0.0805412371134021
1620	0.0805412371134021
1621	0.0805412371134021
1622	0.0702319587628866
1623	0.0805412371134021
1624	0.0702319587628866
1625	0.0180412371134021
1626	0.0908505154639176
1627	0.0599226804123713
1628	0.0186855670103093
1629	0.0914948453608248
1630	0.050257731958763
1631	0.092139175257732
1632	0.029639175257732
1633	0.0193298969072165
1634	0.00902061855670111
1635	0.092139175257732
1636	0.0715206185567011
1637	0.102448453608248
1638	0.092139175257732
1639	0.112757731958763
1640	0.112757731958763
1641	0.092139175257732
1642	0.050257731958763
1643	0.0399484536082476
1644	-0.0225515463917524
1645	-0.147551546391752
1646	-0.074742268041237
1647	0.00837628865979367
1648	-0.00193298969072175
1649	-0.00193298969072175
1650	0.0811855670103093
1651	-0.00193298969072175
1652	-0.0850515463917524
1653	-0.095360824742268
1654	0.0289948453608248
1655	-0.0128865979381443
1656	-0.0335051546391752
1657	0.0496134020618557
1658	0.0599226804123713
1659	0.0393041237113403
1660	0.0702319587628866
1661	0.10180412371134
1662	0.00837628865979367
1663	0.0393041237113403
1664	0.0805412371134021
1665	0.00773195876288657
1666	-0.00322164948453618
1667	-0.0347938144329897
1668	0.0173969072164948
1669	0.0586340206185566
1670	0.0373711340206185
1831	-0.0657216494845361
1832	0.00708762886597936
1833	0.0798969072164949
1834	0.0277061855670102
1835	0.0380154639175257
1836	-0.0244845360824741
1841	0.0682989690721649
1842	0.0682989690721649
1843	0.0992268041237114
1844	0.151417525773196
1845	0.20360824742268
1846	0.213917525773196
1847	0.244845360824742
1848	0.14110824742268
1849	0.161726804123711
1850	0.151417525773196
1851	0.14110824742268
1852	0.110180412371134
1853	0.224871134020619
1854	0.183634020618557
1855	0.266752577319588
1856	0.204252577319588
1857	0.0792525773195876
1858	0.100515463917526
1859	0.0283505154639176
1860	0.0283505154639176
1861	0.0489690721649485
1862	0.163659793814433
1863	0.143041237113402
1864	0.143041237113402
1865	0.143685567010309
1866	0.112757731958763
1867	0.050257731958763
1868	0.050257731958763
1869	-0.012242268041237
1870	-0.032860824742268
1871	-0.0431701030927835
1872	-0.0534793814432989
1873	-0.0740979381443299
1874	-0.0844072164948453
1875	-0.0425257731958764
1876	-0.0728092783505154
1877	-0.166237113402062
1878	-0.134664948453608
1879	-0.17590206185567
1880	-0.248711340206185
1881	-0.165592783505155
1882	-0.103092783505155
1883	-0.123711340206185
1884	-0.103092783505155
1885	-0.0715206185567012
1886	-0.0715206185567012
1887	0.0115979381443299
1888	0.0115979381443299
1889	-0.0509020618556704
1890	-0.0199742268041239
1891	-0.0824742268041236
1892	-0.0927835051546393
1893	-0.103092783505155
1894	-0.124355670103093
1895	0
1896	0.0521907216494844
1897	0.114690721649485
1898	-0.0309278350515463
1899	0.0521907216494844
1900	0.0418814432989689
1901	0
1902	-0.124355670103093
1903	-0.0618556701030928
1904	-0.134664948453608
1905	0.0740979381443299
1906	0.13659793814433
1907	0.157216494845361
1908	0.115979381443299
1909	0.146907216494845
1910	0.146907216494845
1911	0.0947164948453607
1912	0.104381443298969
1913	0.114690721649485
1914	0.114690721649485
1915	0.125
1916	0.197809278350515
1917	0.114690721649485
1918	-0.0199742268041239
1919	-0.0302835051546395
1920	0.00128865979381465
1921	-0.0509020618556704
1922	0.00128865979381465
1923	-0.0612113402061856
1924	-0.0818298969072166
1925	-0.154639175257732
1926	-0.206185567010309
1927	-0.205541237113402
1928	-0.132731958762887
1929	-0.132731958762887
1930	-0.153350515463917
1931	-0.205541237113402
1932	-0.215850515463918
1933	-0.268041237113402
1934	-0.216494845360825
1935	-0.299613402061856
1936	-0.299613402061856
1937	-0.362113402061856
1938	-0.289948453608248
1939	-0.383376288659794
1940	-0.403994845360825
1941	-0.622422680412371
1943	-0.694587628865979
1944	-0.632731958762887
1945	-0.663659793814433
1946	-0.694587628865979
1947	-0.704896907216495
1948	-0.704896907216495
1949	-0.683634020618557
1950	-0.777061855670103
1951	-0.797680412371134
1952	-0.818298969072165
1977	-0.818298969072165
1978	-0.777061855670103
1980	-0.859536082474227
1981	-0.776417525773196
1982	-0.713917525773196
1983	-0.744845360824742
1984	-0.734536082474227
1985	-0.755798969072165
1986	-0.714561855670103
1987	-0.704252577319588
1988	-0.766752577319588
1989	-0.787371134020618
1990	-0.766752577319588
1991	-0.797680412371134
1992	-0.756443298969072
2060	-0.385309278350515
2061	-0.416237113402062
2063	-0.519329896907216
2069	-0.570231958762887
2070	-0.434922680412371
2071	-0.465850515463917
2072	-0.47680412371134
2073	-0.425257731958763
2074	-0.414948453608248
2075	-0.414948453608248
2076	-0.466494845360825
2077	-0.435567010309278
2078	-0.47680412371134
2079	-0.487113402061856
2080	-0.47680412371134
2081	-0.424613402061856
2082	-0.424613402061856
2083	-0.434922680412371
2084	-0.476159793814433
2085	-0.465850515463917
2086	-0.445231958762887
2087	-0.403994845360825
2088	-0.393685567010309
2089	-0.383376288659794
2090	-0.331185567010309
2091	-0.289948453608248
2092	-0.164948453608248
2093	-0.17590206185567
2094	-0.23840206185567
2095	-0.186211340206185
2096	-0.217783505154639
2097	-0.228092783505155
2098	-0.176546391752577
2099	-0.1875
2100	-0.177190721649485
2101	-0.239046391752577
2102	-0.176546391752577
2103	-0.103737113402062
2104	-0.104381443298969
2105	-0.177190721649485
2106	-0.302190721649485
2107	-0.291237113402062
2108	-0.260309278350515
2109	-0.25
2110	-0.291237113402062
2111	-0.280927835051546
2112	-0.25
2113	-0.239046391752577
2114	-0.207474226804124
2115	-0.217139175257732
2116	-0.175257731958763
2117	-0.206829896907216
2118	-0.196520618556701
2119	-0.165592783505155
2120	-0.114046391752577
2121	-0.0515463917525771
2122	0.0212628865979381
2123	0.0212628865979381
2124	0.0837628865979383
2125	0.0315721649484535
2126	0.0103092783505154
2127	0
2128	-0.135309278350515
2129	-0.135309278350515
2130	-0.0728092783505154
2131	-0.114690721649485
2132	-0.135309278350515
2133	-0.0212628865979381
2134	-0.0418814432989689
2135	-0.0315721649484535
2136	-0.0418814432989689
2137	0.00966494845360832
2138	-0.0528350515463917
2139	-0.156572164948453
2140	-0.146262886597938
2141	-0.0734536082474226
2142	-0.0418814432989689
2143	0.00966494845360832
2144	0.0199742268041236
2145	0.00966494845360832
2146	0.0199742268041236
2147	-0.0315721649484535
2148	-0.0109536082474226
2149	-0.0322164948453608
2150	-0.095360824742268
2151	-0.0128865979381443
2152	0.0283505154639176
2153	0.0283505154639176
2154	0.0180412371134021
2155	0.0702319587628866
2156	0.0496134020618557
2157	-0.0438144329896907
2158	-0.126932989690722
2159	-0.126932989690722
2160	-0.230670103092783
2161	-0.251288659793814
2162	-0.26159793814433
2163	-0.220360824742268
2164	-0.210051546391752
2165	-0.147551546391752
2168	-0.179123711340206
2175	-0.0966494845360824
2176	-0.0863402061855669
2185	-0.168814432989691
2186	-0.168814432989691
2197	-0.168814432989691
2198	-0.168814432989691
2199	-0.210051546391752
2200	-0.189432989690722
2280	-0.210051546391752
2281	-0.220360824742268
2360	-0.467783505154639
2361	-0.384664948453608
2362	-0.374355670103093
2363	-0.384664948453608
2364	-0.394974226804124
2365	-0.436211340206185
2366	-0.539948453608248
2367	-0.509020618556701
2368	-0.550257731958763
2369	-0.51868556701031
2370	-0.528994845360825
2371	-0.487757731958763
2372	-0.445876288659794
2373	-0.445876288659794
2374	-0.487113402061856
2375	-0.507731958762887
2376	-0.528994845360825
2377	-0.632731958762887
2378	-0.622422680412371
2379	-0.570876288659794
2380	-0.550257731958763
2381	-0.529639175257732
2403	-0.354381443298969
2404	-0.260953608247423
2405	-0.313144329896907
2406	-0.302835051546392
2407	-0.364690721649485
2413	-0.344072164948453
2414	-0.364690721649485
2416	-0.375
2417	-0.343427835051546
2418	-0.353737113402062
2419	-0.353737113402062
2420	-0.384664948453608
2421	-0.384664948453608
2422	-0.405283505154639
2423	-0.364046391752577
2424	-0.374355670103093
2425	-0.353737113402062
2426	-0.333118556701031
2427	-0.364046391752577
2428	-0.394974226804124
2429	-0.436211340206185
2430	-0.415592783505155
2431	-0.384664948453608
2432	-0.384664948453608
2433	-0.353737113402062
2434	-0.478092783505155
2435	-0.457474226804124
2451	-0.333762886597938
2459	-0.364690721649485
2462	-0.426546391752577
2463	-0.322809278350516
2464	-0.364690721649485
2465	-0.333762886597938
2466	-0.405927835051546
2467	-0.447164948453608
2468	-0.36340206185567
2469	-0.394329896907216
2470	-0.30090206185567
2471	-0.331829896907216
2472	-0.331829896907216
2473	-0.342139175257732
2474	-0.352448453608248
2475	-0.487757731958763
2476	-0.51868556701031
2477	-0.570231958762887
2478	-0.590850515463918
2479	-0.663659793814433
2480	-0.653350515463917
2481	-0.65270618556701
2482	-0.569587628865979
2483	-0.569587628865979
2484	-0.642396907216495
2485	-0.725515463917526
2486	-0.725515463917526
2496	-0.838917525773196
2497	-0.818298969072165
2535	-0.632731958762887
2536	-0.60180412371134
2537	-0.622422680412371
2538	-0.570876288659794
2545	-0.436855670103093
2546	-0.353737113402062
2547	-0.3125
2548	-0.333762886597938
2549	-0.395618556701031
2550	-0.239690721649485
2551	-0.146262886597938
2552	-0.114690721649485
2553	-0.166237113402062
2554	-0.114046391752577
2555	-0.155927835051546
2556	-0.197164948453608
2557	-0.23840206185567
2558	-0.321520618556701
2559	-0.311211340206185
2560	-0.352448453608248
2561	-0.404639175257732
2562	-0.508376288659794
2563	-0.487757731958763
2564	-0.446520618556701
2565	-0.415592783505155
2566	-0.384664948453608
2567	-0.457474226804124
2573	-0.519329896907216
2574	-0.560567010309278
2575	-0.508376288659794
2576	-0.487757731958763
2577	-0.51868556701031
2578	-0.498067010309278
2579	-0.477448453608248
2580	-0.508376288659794
2581	-0.498711340206185
2584	-0.48840206185567
2585	-0.416237113402062
2605	-0.354381443298969
2726	-0.529639175257732
2727	-0.477448453608248
2728	-0.477448453608248
2729	-0.519329896907216
2730	-0.509020618556701
2731	-0.529639175257732
2732	-0.570876288659794
2738	-0.591494845360825
2739	-0.559922680412371
2740	-0.601159793814433
2741	-0.632087628865979
2742	-0.683634020618557
2743	-0.746134020618556
2744	-0.756443298969072
2745	-0.756443298969072
2746	-0.683634020618557
2747	-0.590850515463918
2748	-0.590850515463918
2749	-0.580541237113402
2750	-0.456185567010309
2751	-0.445876288659794
2752	-0.466494845360825
2753	-0.404639175257732
2754	-0.456829896907217
2755	-0.436211340206185
2756	-0.36340206185567
2757	-0.373711340206185
2758	-0.373711340206185
2759	-0.373711340206185
2760	-0.414948453608248
2761	-0.342139175257732
2762	-0.435567010309278
2763	-0.467139175257732
2764	-0.446520618556701
2765	-0.446520618556701
2766	-0.446520618556701
2767	-0.415592783505155
2768	-0.364046391752577
2769	-0.364046391752577
2770	-0.374355670103093
2771	-0.301546391752577
2772	-0.301546391752577
2773	-0.447164948453608
2776	-0.42590206185567
2777	-0.322164948453608
2778	-0.218427835051546
2779	-0.249355670103093
2780	-0.249355670103093
2781	-0.280283505154639
2782	-0.332474226804124
2783	-0.384020618556701
2784	-0.373711340206185
2785	-0.404639175257732
2786	-0.477448453608248
2787	-0.477448453608248
2788	-0.508376288659794
2789	-0.528994845360825
2790	-0.580541237113402
2791	-0.570231958762887
2792	-0.612113402061856
2793	-0.632731958762887
2832	-0.735824742268041
2833	-0.807989690721649
2834	-0.82860824742268
2838	-0.787371134020618
2839	-0.714561855670103
2840	-0.621134020618556
2841	-0.662371134020618
2842	-0.558634020618556
2843	-0.548324742268041
2844	-0.496134020618556
2845	-0.46520618556701
2846	-0.444587628865979
2847	-0.434278350515464
2848	-0.423969072164948
2849	-0.434278350515464
2850	-0.403350515463917
2851	-0.382731958762887
2852	-0.434922680412371
2853	-0.465850515463917
2854	-0.528350515463917
2855	-0.590850515463918
2856	-0.632087628865979
2857	-0.663015463917526
2858	-0.642396907216495
2859	-0.621778350515464
2860	-0.487113402061856
2861	-0.570876288659794
2869	-0.694587628865979
2870	-0.673969072164948
2871	-0.643041237113402
2872	-0.612113402061856
2873	-0.570876288659794
2900	-0.60180412371134
2901	-0.550257731958763
2902	-0.519329896907216
2903	-0.529639175257732
2910	-0.509020618556701
2912	-0.529639175257732
2913	-0.591494845360825
3276	-0.0347938144329897
3278	-0.0760309278350515
3279	-0.0760309278350515
3280	-0.0966494845360824
3281	-0.0863402061855669
3282	-0.0760309278350515
3283	-0.0451030927835051
3284	-0.0451030927835051
3285	-0.0451030927835051
3286	-0.0244845360824741
3287	0.0173969072164948
3288	0.00708762886597936
3289	-0.023840206185567
3290	-0.0135309278350516
3317	-0.0966494845360824
3318	-0.117268041237113
3319	-0.117268041237113
3320	-0.106958762886598
3321	-0.106958762886598
3322	-0.127577319587629
3327	-0.0966494845360824
3328	-0.127577319587629
3329	-0.158505154639175
3330	-0.158505154639175
3331	-0.168814432989691
3332	-0.127577319587629
3333	-0.127577319587629
3334	-0.127577319587629
3335	-0.158505154639175
3336	-0.158505154639175
3337	-0.168814432989691
3339	-0.230670103092783
3340	-0.251288659793814
3341	-0.271907216494845
3399	-0.230670103092783
3400	-0.178479381443299
3401	-0.157216494845361
3402	-0.177835051546392
3403	-0.188144329896907
3404	-0.146262886597938
3405	-0.0315721649484535
3406	-0.0109536082474226
3407	-0.0212628865979381
3408	-0.0212628865979381
3409	0.0515463917525774
3410	-0.0109536082474226
3411	0.0509020618556701
3412	0.0302835051546392
3413	0.11340206185567
3414	0.103092783505155
3415	0.0302835051546392
3416	0.0302835051546392
3417	0.0302835051546392
3418	0.0302835051546392
3419	0.00966494845360832
3420	0.00966494845360832
3421	-0.00128865979381443
3422	-0.0734536082474226
3423	-0.0734536082474226
3424	-0.114690721649485
3425	-0.0515463917525771
3426	0.000644329896906992
3427	-0.124355670103093
3428	-0.165592783505155
3429	-0.0618556701030928
3430	-0.124355670103093
3431	-0.0934278350515463
3432	-0.0728092783505154
3433	-0.0521907216494846
3434	-0.0625
3435	-0.0521907216494846
3436	-0.0418814432989689
3437	-0.0734536082474226
3438	-0.115335051546392
3439	-0.105025773195876
3440	-0.0425257731958764
3441	-0.177835051546392
3442	-0.271262886597938
3443	-0.198453608247423
3444	-0.280927835051546
3445	-0.374355670103093
3446	-0.405283505154639
3447	-0.42590206185567
3448	-0.467139175257732
3449	-0.539948453608248
3450	-0.539948453608248
3451	-0.550257731958763
3452	-0.529639175257732
3459	-0.302835051546392
3460	-0.240979381443299
3528	-0.137886597938144
3529	-0.0863402061855669
3589	-0.00257731958762875
3590	-0.0128865979381443
3591	-0.0335051546391752
3592	-0.00193298969072175
3593	0.0715206185567011
3594	0.186211340206185
3595	0.248711340206186
3596	0.228092783505155
3597	0.207474226804124
3598	0.228092783505155
3599	0.17590206185567
3600	0.165592783505154
3601	0.155283505154639
3602	0.123711340206186
3603	0.0824742268041236
3604	0.0618556701030929
3605	0.0721649484536083
3606	-0.000644329896907103
3607	-0.0109536082474226
3608	0.0199742268041236
3609	0.0199742268041236
3610	-0.0322164948453608
3611	-0.0322164948453608
3612	-0.0322164948453608
3613	-0.0734536082474226
3614	-0.0425257731958764
3615	-0.0219072164948453
3616	-0.0637886597938144
3617	-0.0947164948453608
3618	-0.177835051546392
3619	-0.188144329896907
3620	-0.188144329896907
3621	-0.188144329896907
3622	-0.260953608247423
3623	-0.198453608247423
3624	-0.271262886597938
3627	-0.240335051546392
3628	-0.302835051546392
3632	-0.239690721649485
3633	-0.260309278350515
3634	-0.208118556701031
3635	-0.0309278350515463
3636	-0.0309278350515463
3637	-0.0412371134020617
3638	-0.0515463917525771
3639	-0.0206185567010309
3640	0.0103092783505154
3641	0.0103092783505154
3642	0.0831185567010309
3643	0.0934278350515463
3644	0.1875
3645	0.197809278350515
3646	0.177190721649485
3647	0.135953608247423
3648	0.135953608247423
3649	0.135953608247423
3650	0.125644329896907
3651	0.0528350515463918
3652	0.0631443298969072
3653	0.0528350515463918
3654	0.0631443298969072
3655	0.135953608247423
3656	0.198453608247423
3657	0.168170103092784
3658	0.178479381443299
3659	0.168170103092784
3660	0.230670103092783
3661	0.240979381443299
3662	0.178479381443299
3663	0.146907216494845
3664	0.157216494845361
3665	0.385953608247423
3666	0.271262886597938
3667	0.229381443298969
3668	0.25
3669	0.333118556701031
3670	0.260309278350515
3671	0.0624999999999998
3672	0.0418814432989689
3673	0.0728092783505152
3674	0.0212628865979381
3675	0.0940721649484537
3676	0.0425257731958764
3677	0.0425257731958764
3678	-0.0302835051546395
3679	-0.0509020618556704
3680	-0.155283505154639
3681	-0.134020618556701
3682	0.115979381443299
3683	0.178479381443299
3684	0.126932989690722
3685	0.189432989690721
3686	0.220360824742268
3687	0.179123711340206
3688	0.241623711340206
3689	0.282860824742268
3690	0.282860824742268
3691	0.14819587628866
3692	0.0856958762886599
3693	0.147551546391752
3694	0.137242268041237
3695	0.157860824742268
3696	0.0747422680412371
3697	0.0644329896907216
3698	0.241623711340206
3699	0.241623711340206
3700	0.231314432989691
3701	0.0335051546391754
3702	-0.0186855670103094
3703	-0.0599226804123711
3704	-0.22680412371134
3705	-0.320231958762887
3706	-0.330541237113402
3707	-0.309922680412371
3708	-0.28930412371134
3709	-0.22680412371134
3710	-0.216494845360825
3711	-0.309922680412371
3712	-0.206185567010309
3713	-0.16430412371134
3714	-0.16430412371134
3715	-0.133376288659794
3716	-0.133376288659794
3717	-0.164948453608248
3718	-0.445876288659794
3719	-0.487757731958763
3720	-0.456829896907217
3721	-0.498711340206185
3722	-0.529639175257732
3723	-0.498711340206185
3724	-0.478092783505155
3725	-0.478092783505155
3726	-0.48840206185567
3727	-0.405927835051546
3728	-0.395618556701031
3730	-0.375
3741	-0.313144329896907
3742	-0.260953608247423
3743	-0.219072164948453
3744	-0.156572164948453
3745	-0.218427835051546
3746	-0.135309278350515
3747	-0.0315721649484535
3748	0.135309278350515
3749	0.114046391752577
3750	0.134664948453608
3751	0.124355670103093
3752	0.114046391752577
3753	0.124355670103093
3754	0.165592783505154
3755	0.134664948453608
3756	0.103737113402062
3757	0.114046391752577
3758	0.155283505154639
3759	0.144974226804123
3760	0.0824742268041236
3761	0.0515463917525774
3762	0.0824742268041236
3763	0.0721649484536083
3764	0.0412371134020619
3765	0.0206185567010311
3766	-0.0521907216494846
3767	-0.0831185567010309
3768	-0.0728092783505154
3769	-0.0625
3770	-0.208118556701031
3771	-0.259664948453608
3772	-0.269974226804124
3773	-0.228737113402062
3774	-0.125
3775	-0.135309278350515
3776	-0.177190721649485
3777	-0.302190721649485
3778	-0.250644329896907
3779	-0.271907216494845
3780	-0.26159793814433
3829	0.202319587628866
3830	0.202319587628866
3831	0.192010309278351
3832	0.25451030927835
3833	0.213273195876289
3834	0.119845360824742
3835	0.119845360824742
3836	0.119845360824742
3838	0.14110824742268
3839	0.151417525773196
3840	0.234536082474227
3841	0.359536082474227
3842	0.369845360824742
3843	0.369845360824742
3844	0.369845360824742
3845	0.380154639175258
3846	0.32860824742268
3847	0.32860824742268
3848	0.338917525773196
3849	0.32860824742268
3850	0.277061855670103
3851	0.266752577319588
3852	0.204252577319588
3853	0.183634020618557
3854	0.132087628865979
3855	0.204896907216495
3856	0.226159793814433
3857	0.215850515463918
3858	0.122422680412371
3859	0.0393041237113403
3860	0.0289948453608248
3861	-0.137242268041237
3862	-0.157860824742268
3863	-0.137242268041237
3864	-0.220360824742268
3889	-0.405927835051546
3890	-0.416237113402062
3898	-0.375
3899	-0.416237113402062
3900	-0.457474226804124
3901	-0.42590206185567
3902	-0.456829896907217
3903	-0.436211340206185
3904	-0.30090206185567
3905	-0.290592783505155
3906	-0.321520618556701
3907	-0.30090206185567
3908	-0.259020618556701
3909	-0.197164948453608
3910	-0.248711340206185
3911	-0.269329896907216
3912	-0.321520618556701
3913	-0.321520618556701
3914	-0.332474226804124
3915	-0.322164948453608
3916	-0.166237113402062
3917	-0.239046391752577
3918	-0.394974226804124
3919	-0.415592783505155
3920	-0.456829896907217
3921	-0.539948453608248
3922	-0.581185567010309
3923	-0.581185567010309
3924	-0.570876288659794
3928	-0.436855670103093
3932	-0.457474226804124
3933	-0.509020618556701
3946	-0.529639175257732
3947	-0.550257731958763
3948	-0.612113402061856
3949	-0.53930412371134
3950	-0.570231958762887
3951	-0.601159793814433
3954	-0.663659793814433
3955	-0.684278350515464
3956	-0.46520618556701
3957	-0.392396907216495
3958	-0.371778350515464
3959	-0.381443298969072
3960	-0.391108247422681
3961	-0.327963917525773
3962	-0.327963917525773
3963	-0.306701030927835
3964	-0.286082474226804
3965	-0.275128865979381
3966	-0.285438144329897
3967	-0.264819587628866
3968	-0.389175257731958
3969	-0.358247422680413
3970	-0.191365979381444
3971	-0.0251288659793816
3972	-0.035438144329897
3973	0.120489690721649
3974	0.0373711340206186
3975	0.14110824742268
3976	0.161726804123711
3977	0.213917525773196
3978	0.359536082474227
3979	0.359536082474227
3980	0.358891752577319
3981	0.317010309278351
3982	0.222938144329897
3983	0.28479381443299
3984	0.346649484536083
3985	0.263530927835051
3986	0.367268041237113
3987	0.408505154639175
3988	0.39819587628866
3989	0.346005154639175
3990	0.325386597938144
3991	0.418814432989691
3992	0.199742268041237
3993	0.0856958762886599
3994	0.0650773195876289
3995	0.0850515463917525
3996	0.167525773195876
3997	0.125644329896907
3998	0.125644329896907
3999	0.157216494845361
4000	0.0844072164948453
4001	0.0631443298969072
4002	0.0940721649484537
4003	0.104381443298969
4004	0.135309278350515
4005	0.135309278350515
4006	-0.0103092783505154
4007	-0.0934278350515463
4008	-0.0728092783505154
4009	-0.208118556701031
4010	-0.156572164948453
4011	-0.219072164948453
4012	-0.219072164948453
4013	-0.219072164948453
4014	-0.344072164948453
4015	-0.146262886597938
4016	-0.156572164948453
4017	-0.1875
4018	-0.197164948453608
4019	-0.217139175257732
4020	-0.185567010309278
4021	-0.164948453608248
4022	-0.217139175257732
4023	-0.206829896907216
4024	-0.165592783505155
4025	-0.165592783505155
4026	-0.228092783505155
4027	-0.279639175257732
4028	-0.259020618556701
4029	-0.217783505154639
4030	-0.197164948453608
4031	-0.217783505154639
4032	-0.290592783505155
4033	-0.249355670103093
4034	-0.269974226804124
4035	-0.374355670103093
4036	-0.394974226804124
4037	-0.342783505154639
4038	-0.311211340206185
4039	-0.30090206185567
4040	-0.228737113402062
4041	-0.239046391752577
4042	-0.270618556701031
4043	-0.353737113402062
4044	-0.374355670103093
4045	-0.415592783505155
4046	-0.467139175257732
4047	-0.498067010309278
4048	-0.498067010309278
4049	-0.528994845360825
4050	-0.559922680412371
4082	-0.694587628865979
4083	-0.663659793814433
4084	-0.653350515463917
4089	-0.642396907216495
4090	-0.590850515463918
4091	-0.621778350515464
4092	-0.693943298969072
4093	-0.568943298969072
4094	-0.46520618556701
4095	-0.340850515463917
4096	-0.330541237113402
4097	-0.22680412371134
4098	-0.133376288659794
4099	-0.16430412371134
4100	-0.14368556701031
4101	-0.0921391752577321
4102	-0.164948453608248
4103	-0.144329896907216
4104	-0.123711340206185
4105	-0.155283505154639
4106	-0.197164948453608
4107	-0.155283505154639
4108	-0.134664948453608
4109	-0.166881443298969
4110	-0.146262886597938
4111	-0.146262886597938
4112	-0.0418814432989689
4113	0.103737113402062
4114	0.145618556701031
4115	0.114690721649485
4116	0.114690721649485
4117	0.177190721649485
4118	0.208118556701031
4119	0.228737113402062
4120	0.25
4121	0.260309278350515
4122	0.270618556701031
4123	0.228737113402062
4124	0.311855670103093
4125	0.259664948453608
4126	0.332474226804124
4127	0.311855670103093
4128	0.321520618556701
4129	0.217139175257732
4130	0.196520618556701
4131	0.123711340206186
4132	0.144329896907217
4133	0.0199742268041236
4134	-0.0631443298969071
4135	0.0715206185567011
4136	0.092139175257732
4137	0.0509020618556701
4138	0.0715206185567011
4139	0.00966494845360832
4140	0.00966494845360832
4141	0.0824742268041236
4142	0.103092783505155
4143	0.0715206185567011
4144	-0.000644329896907103
4145	-0.0212628865979381
4146	-0.0418814432989689
4147	-0.0521907216494846
4148	-0.114690721649485
4149	-0.25
4150	-0.229381443298969
4151	-0.188144329896907
4152	-0.229381443298969
4153	-0.177190721649485
4154	-0.197809278350515
4155	-0.218427835051546
4156	-0.25
4157	-0.25
4158	-0.177190721649485
4159	-0.1875
4160	-0.166881443298969
4161	-0.219072164948453
4162	-0.281572164948454
4163	-0.135953608247423
4164	-0.000644329896907103
4165	0.0103092783505154
4166	-0.0831185567010309
4167	-0.0934278350515463
4168	-0.134664948453608
4169	-0.0103092783505154
4170	-0.0103092783505154
4171	-0.0831185567010309
4172	-0.103737113402062
4173	-0.0831185567010309
4174	-0.0515463917525771
4175	0.0728092783505152
4176	0.0624999999999998
4177	0.0837628865979383
4178	0.0734536082474229
4179	0.0219072164948453
4180	0.125644329896907
4181	0.208762886597938
4182	0.115335051546392
4183	0.188144329896907
4184	0.135953608247423
4185	0.135953608247423
4186	0.0631443298969072
4187	0.0219072164948453
4188	0.0425257731958764
4189	-0.0618556701030928
4190	0.0109536082474226
4191	0.0528350515463918
4192	0.0425257731958764
4193	0.0734536082474229
4194	0.0631443298969072
4195	0.0734536082474229
4196	0.0109536082474226
4197	0.000644329896906992
4198	-0.0199742268041239
4199	-0.0824742268041236
4200	-0.207474226804124
4201	-0.208118556701031
4202	-0.197809278350515
4203	-0.1875
4204	-0.156572164948453
4205	-0.125
4206	-0.104381443298969
4207	-0.135309278350515
4208	-0.0418814432989689
4209	-0.0315721649484535
4210	-0.0631443298969071
4211	-0.135953608247423
4212	-0.125644329896907
4213	-0.208762886597938
4214	-0.239690721649485
4215	-0.208762886597938
4216	-0.260953608247423
4217	-0.260953608247423
4218	-0.209407216494845
4219	-0.271907216494845
4220	-0.188788659793815
4221	-0.219716494845361
4222	-0.188144329896907
4223	-0.157216494845361
4224	-0.125644329896907
4225	-0.135953608247423
4226	-0.271262886597938
4227	-0.313144329896907
4228	-0.250644329896907
4229	-0.271262886597938
4230	-0.354381443298969
4231	-0.375
4232	-0.395618556701031
4233	-0.375
4234	-0.25
4235	-0.302190721649485
4236	-0.311855670103093
4237	-0.342783505154639
4238	-0.332474226804124
4239	-0.311855670103093
4240	-0.311855670103093
4241	-0.467783505154639
4242	-0.509020618556701
4243	-0.509020618556701
4248	-0.529639175257732
4250	-0.342783505154639
4251	-0.322164948453608
4252	-0.322164948453608
4253	-0.384664948453608
4254	-0.405283505154639
4255	-0.332474226804124
4256	-0.332474226804124
4257	-0.280927835051546
4258	-0.291881443298969
4259	-0.281572164948454
4260	-0.302835051546392
4261	-0.282216494845361
4262	-0.282216494845361
4263	-0.282216494845361
4265	-0.282216494845361
4266	-0.230025773195876
4267	-0.105025773195876
4268	-0.0740979381443299
4269	-0.0947164948453608
4270	-0.19909793814433
4271	-0.178479381443299
4272	-0.168814432989691
4273	-0.116623711340206
4274	-0.106314432989691
4275	-0.106314432989691
4276	-0.0850515463917524
4277	-0.0231958762886597
4278	0.0283505154639176
4279	0.0489690721649485
4280	-0.0335051546391752
4281	-0.0541237113402063
4282	-0.0644329896907218
4283	0.00837628865979367
4284	-0.0541237113402063
4285	-0.0644329896907218
4287	-0.271907216494845
4288	-0.271907216494845
4289	-0.302835051546392
4290	-0.302835051546392
4291	-0.323453608247423
4296	-0.436855670103093
4297	-0.457474226804124
4298	-0.342783505154639
4299	-0.280283505154639
4300	-0.269974226804124
4301	-0.322164948453608
4302	-0.343427835051546
4304	-0.375
4305	-0.395618556701031
4306	-0.426546391752577
4307	-0.467783505154639
4308	-0.478092783505155
4317	-0.612113402061856
4318	-0.643041237113402
4372	-0.71520618556701
4373	-0.622422680412371
4388	-0.560567010309278
4389	-0.591494845360825
4390	-0.51868556701031
4391	-0.549613402061856
4392	-0.528994845360825
4393	-0.51868556701031
4394	-0.487757731958763
4395	-0.51868556701031
4396	-0.352448453608248
4397	-0.35180412371134
4398	-0.309922680412371
4399	-0.22680412371134
4400	-0.112113402061856
4401	-0.0393041237113401
4402	-0.0186855670103094
4403	0.105670103092784
4404	0.0844072164948453
4405	0.0631443298969072
4406	-0.0302835051546395
4407	-0.0818298969072166
4408	-0.175257731958763
4409	-0.248067010309278
4410	-0.195231958762887
4411	-0.205541237113402
4412	-0.143041237113402
4413	-0.132731958762887
4414	-0.0908505154639174
4415	-0.121778350515464
4416	-0.121778350515464
4417	-0.111469072164948
4418	-0.101159793814433
4419	-0.0592783505154639
4420	-0.111469072164948
4421	-0.101159793814433
4422	-0.112113402061856
4423	-0.0702319587628866
4424	-0.173969072164948
4425	-0.101159793814433
4426	-0.153350515463917
4427	-0.112113402061856
4428	-0.0496134020618557
4429	-0.0908505154639174
4430	-0.0489690721649483
4431	0.137886597938144
4432	0.0135309278350517
4433	0.0128865979381443
4434	-0.112113402061856
4435	-0.184922680412371
4436	-0.361469072164948
4437	-0.454896907216495
4438	-0.46520618556701
4439	-0.486469072164948
4440	-0.434278350515464
4441	-0.475515463917526
4442	-0.496134020618556
4443	-0.392396907216495
4444	-0.351159793814433
4445	-0.25708762886598
4446	-0.288659793814433
4447	-0.236469072164949
4448	-0.34020618556701
4449	-0.443298969072165
4450	-0.536726804123711
4451	-0.536726804123711
4452	-0.401417525773196
4453	-0.494845360824742
4454	-0.411726804123711
4455	-0.463917525773196
4456	-0.463273195876289
4457	-0.338273195876289
4458	-0.348582474226804
4459	-0.296391752577319
4460	-0.223582474226804
4461	-0.265463917525773
4462	-0.306701030927835
4463	-0.337628865979381
4464	-0.431056701030928
4465	-0.431056701030928
4466	-0.493556701030928
4467	-0.618556701030928
4468	-0.577319587628866
4469	-0.56701030927835
4470	-0.48389175257732
4471	-0.422036082474227
4472	-0.37048969072165
4473	-0.308634020618557
4474	-0.27770618556701
4475	-0.298324742268041
4476	-0.329896907216495
4477	-0.288659793814433
4478	-0.22680412371134
4479	-0.217139175257732
4480	-0.164948453608248
4481	-0.186211340206185
4482	-0.217783505154639
4483	-0.269974226804124
4484	-0.259664948453608
4485	-0.156572164948453
4486	-0.135953608247423
4487	-0.0322164948453608
4488	-0.167525773195876
4489	-0.105670103092783
4490	-0.168170103092784
4491	-0.137242268041237
4492	-0.137886597938144
4549	-0.240979381443299
4550	-0.19909793814433
4551	-0.219716494845361
4552	-0.167525773195876
4553	-0.167525773195876
4554	-0.177835051546392
4555	-0.188144329896907
4556	-0.219716494845361
4557	-0.13659793814433
4558	-0.230025773195876
4559	-0.240335051546392
4560	-0.105025773195876
4561	-0.0844072164948453
4562	-0.0947164948453608
4563	-0.000644329896907103
4564	-0.0109536082474226
4565	-0.000644329896907103
4566	-0.0109536082474226
4567	-0.0212628865979381
4568	0.0515463917525774
4569	0.301546391752577
4570	0.364046391752577
4571	0.280927835051547
4572	0.239690721649485
4573	0.239690721649485
4574	0.239690721649485
4575	0.219072164948454
4576	0.208762886597938
4577	0.209407216494845
4578	0.13659793814433
4579	0.19909793814433
4580	0.292525773195876
4581	0.271907216494845
4582	0.250644329896907
4583	0.230025773195876
4584	0.115979381443299
4585	0.0431701030927836
4586	-0.0605670103092784
4587	-0.0502577319587629
4588	-0.112757731958763
4589	-0.133376288659794
4590	-0.16430412371134
4591	-0.153994845360825
4592	-0.00837628865979378
4593	-0.0708762886597938
4594	-0.10180412371134
4595	-0.0289948453608246
4596	-0.14368556701031
4597	-0.237113402061856
4598	-0.257731958762887
4599	-0.341494845360825
4600	-0.362113402061856
4601	-0.362113402061856
4602	-0.434922680412371
4603	-0.445231958762887
4604	-0.507731958762887
4606	-0.653350515463917
4607	-0.653350515463917
4608	-0.643041237113402
4609	-0.601159793814433
4610	-0.559278350515464
4611	-0.590850515463918
4612	-0.579896907216495
4613	-0.548969072164948
4614	-0.569587628865979
4615	-0.611469072164948
4616	-0.663659793814433
4617	-0.673969072164948
4618	-0.663659793814433
4619	-0.673324742268041
4620	-0.642396907216495
4621	-0.642396907216495
4622	-0.580541237113402
4623	-0.601159793814433
4624	-0.610824742268041
4625	-0.672680412371134
4626	-0.744845360824742
4627	-0.661726804123711
4628	-0.776417525773196
4629	-0.797036082474227
4630	-0.704252577319588
4631	-0.818298969072165
4632	-0.890463917525773
4633	-0.859536082474227
4634	-0.797036082474227
4635	-0.724226804123711
4636	-0.64110824742268
4637	-0.64110824742268
4638	-0.610180412371134
4639	-0.589561855670103
4640	-0.630798969072165
4641	-0.547680412371134
4642	-0.672680412371134
4643	-0.662371134020618
4644	-0.672680412371134
4645	-0.755798969072165
4646	-0.797680412371134
4647	-0.82860824742268
4657	-0.755798969072165
4658	-0.672036082474227
4659	-0.64110824742268
4660	-0.558634020618556
4661	-0.485824742268041
4662	-0.393041237113402
4663	-0.444587628865979
4664	-0.506443298969072
4665	-0.474871134020618
4666	-0.484536082474227
4667	-0.525773195876289
4668	-0.463917525773196
4669	-0.411726804123711
4670	-0.45360824742268
4671	-0.474226804123711
4672	-0.51610824742268
4673	-0.51610824742268
4674	-0.51610824742268
4675	-0.51610824742268
4676	-0.505798969072165
4677	-0.547680412371134
4678	-0.620489690721649
4679	-0.547680412371134
4680	-0.474871134020618
4681	-0.485180412371134
4682	-0.51610824742268
4683	-0.432989690721649
4684	-0.391108247422681
4685	-0.452963917525773
4686	-0.390463917525773
4687	-0.276417525773196
4688	-0.286726804123711
4689	-0.349226804123711
4690	-0.286726804123711
4691	-0.400773195876289
4692	-0.390463917525773
4693	-0.401417525773196
4694	-0.505798969072165
4695	-0.505798969072165
4696	-0.526417525773196
4697	-0.464561855670103
4698	-0.464561855670103
4699	-0.475515463917526
4700	-0.475515463917526
4701	-0.52770618556701
4702	-0.538659793814433
4703	-0.456185567010309
4704	-0.445231958762887
4705	-0.518041237113402
4706	-0.548969072164948
4707	-0.663015463917526
4708	-0.663015463917526
4709	-0.579252577319588
4710	-0.57860824742268
4711	-0.526417525773196
4712	-0.485180412371134
4713	-0.432989690721649
4714	-0.432989690721649
4715	-0.412371134020618
4716	-0.454252577319588
4717	-0.423324742268041
4718	-0.382087628865979
4719	-0.423969072164948
4720	-0.424613402061856
4721	-0.403994845360825
4722	-0.299613402061856
4723	-0.330541237113402
4724	-0.28930412371134
4725	-0.320231958762887
4726	-0.371778350515464
4727	-0.309922680412371
4728	-0.299613402061856
4729	-0.362113402061856
4730	-0.278994845360825
4731	-0.278994845360825
4732	-0.320876288659794
4733	-0.310567010309278
4734	-0.310567010309278
4735	-0.310567010309278
4736	-0.248711340206185
4737	-0.207474226804124
4738	-0.186855670103093
4739	-0.186855670103093
4740	-0.1875
4741	-0.197809278350515
4742	-0.1875
4743	-0.105025773195876
4744	-0.146262886597938
4745	-0.250644329896907
4746	-0.26159793814433
4753	-0.333762886597938
4754	-0.333762886597938
4755	-0.354381443298969
4756	-0.375
4757	-0.260953608247423
4836	-0.0966494845360824
4837	-0.0863402061855669
4838	-0.0347938144329897
4839	-0.0760309278350515
4840	-0.0341494845360825
4841	-0.0135309278350516
4842	-0.0135309278350516
4843	-0.0657216494845361
4845	-0.106958762886598
4846	-0.0135309278350516
4850	-0.0347938144329897
4851	-0.0244845360824741
4852	-0.0141752577319587
4853	0.068943298969072
4854	0.089561855670103
4855	0.110180412371134
4856	0.110180412371134
4857	0.0998711340206184
4858	0.110180412371134
4859	0.068943298969072
4860	0.0586340206185566
4861	0.0173969072164948
4862	0.00708762886597936
4863	-0.0135309278350516
4864	-0.023840206185567
4865	-0.044458762886598
4866	-0.0341494845360825
4867	-0.0341494845360825
4868	-0.106958762886598
4869	-0.106958762886598
4924	-0.0554123711340205
4925	-0.0863402061855669
4926	-0.127577319587629
4927	-0.137886597938144
4928	-0.127577319587629
4929	0.0599226804123713
4930	0.0393041237113403
4931	0.10180412371134
4932	0.153994845360825
4933	0.195876288659794
4934	0.185567010309278
4935	0.279639175257732
4936	0.259020618556701
4937	0.259020618556701
4938	0.321520618556701
4939	0.280283505154639
4940	0.239046391752577
4941	0.301546391752577
4942	0.311855670103093
4943	0.311855670103093
4944	0.291237113402062
4945	0.280927835051547
4946	0.208762886597938
4947	0.208762886597938
4948	0.271262886597938
4949	0.344072164948453
4950	0.230025773195876
4951	0.302835051546392
4952	0.271907216494845
4953	0.334407216494845
4954	0.334407216494845
4955	0.220360824742268
4956	-0.0605670103092784
4957	-0.0605670103092784
4958	-0.0818298969072166
4959	-0.112757731958763
4960	-0.112113402061856
4961	-0.0393041237113401
4962	0.0747422680412371
4963	0.0644329896907216
4964	0.0335051546391754
4965	-0.174613402061856
4966	-0.0914948453608246
4967	-0.174613402061856
4968	-0.247422680412371
4969	-0.278994845360825
4970	-0.28930412371134
4971	-0.341494845360825
4972	-0.310567010309278
4973	-0.217139175257732
4974	-0.269329896907216
4975	-0.196520618556701
4976	-0.17590206185567
4977	-0.227448453608248
4978	-0.217139175257732
4979	-0.258376288659794
4980	-0.258376288659794
4981	-0.217139175257732
4982	-0.144974226804124
4983	-0.186855670103093
4984	-0.30090206185567
4985	-0.373711340206185
4986	-0.311211340206185
4987	-0.394329896907216
4988	-0.394329896907216
4989	-0.477448453608248
4990	-0.487757731958763
4991	-0.415592783505155
4992	-0.311855670103093
4993	-0.322164948453608
4994	-0.311855670103093
4995	-0.218427835051546
4996	-0.239690721649485
4997	-0.281572164948454
4998	-0.375
4999	-0.375
5000	-0.354381443298969
5001	-0.323453608247423
5002	-0.333762886597938
5003	-0.271262886597938
5004	-0.250644329896907
5005	-0.323453608247423
5006	-0.282216494845361
5048	-0.251288659793814
5049	-0.302835051546392
5050	-0.313144329896907
5051	-0.354381443298969
5052	-0.405927835051546
5053	-0.457474226804124
5055	-0.539948453608248
5056	-0.560567010309278
5057	-0.560567010309278
5058	-0.570876288659794
5059	-0.508376288659794
5060	-0.487757731958763
5061	-0.477448453608248
5062	-0.404639175257732
5063	-0.248067010309278
5064	-0.248067010309278
5065	-0.123067010309279
5066	-0.102448453608248
5067	-0.164948453608248
5068	-0.185567010309278
5069	-0.22680412371134
5070	-0.247422680412371
5071	-0.226159793814433
5072	-0.195231958762887
5073	-0.215850515463918
5074	-0.195231958762887
5075	-0.143041237113402
5076	-0.195231958762887
5077	-0.246778350515464
5078	-0.246778350515464
5079	-0.163659793814433
5080	-0.226159793814433
5081	-0.246778350515464
5082	-0.392396907216495
5083	-0.506443298969072
5084	-0.538015463917526
5085	-0.455541237113402
5086	-0.496778350515464
5087	-0.486469072164948
5088	-0.476159793814433
5089	-0.424613402061856
5090	-0.342139175257732
5091	-0.414948453608248
5092	-0.384020618556701
5093	-0.384020618556701
5094	-0.353092783505155
5095	-0.457474226804124
5096	-0.457474226804124
5097	-0.415592783505155
5098	-0.478092783505155
5130	-0.333762886597938
5131	-0.354381443298969
5132	-0.375
5138	-0.344072164948453
5139	-0.323453608247423
5140	-0.292525773195876
5141	-0.26159793814433
5196	-0.550257731958763
5197	-0.570876288659794
5200	-0.622422680412371
5201	-0.663659793814433
5202	-0.653350515463917
5203	-0.673969072164948
5204	-0.601159793814433
5205	-0.528350515463917
5206	-0.486469072164948
5207	-0.528350515463917
5208	-0.486469072164948
5209	-0.538015463917526
5210	-0.558634020618556
5211	-0.538015463917526
5212	-0.475515463917526
5213	-0.485824742268041
5214	-0.391752577319588
5215	-0.34020618556701
5216	-0.402061855670103
5217	-0.329252577319588
5218	-0.287371134020618
5219	-0.349226804123711
5220	-0.349871134020619
5221	-0.307989690721649
5222	-0.214561855670103
5223	-0.214561855670103
5224	-0.266752577319588
5225	-0.266752577319588
5226	-0.214561855670103
5227	-0.214561855670103
5228	-0.266752577319588
5229	-0.0792525773195876
5230	-0.163015463917526
5231	0.0347938144329896
5232	-0.00708762886597936
5233	-0.0173969072164948
5234	-0.0173969072164948
5235	0.00386597938144329
5236	0.0347938144329896
5237	0.0760309278350515
5238	0.117912371134021
5239	0.201675257731959
5240	0.12951030927835
5241	0.0360824742268042
5242	0.0251288659793816
5243	-0.0367268041237112
5244	-0.0367268041237112
5245	0.0148195876288661
5246	-0.00579896907216471
5247	-0.0779639175257729
5248	-0.0567010309278349
5249	-0.0773195876288657
5250	-0.150773195876289
5251	-0.181056701030928
5252	-0.160438144329897
5253	-0.160438144329897
5254	-0.222938144329897
5255	-0.233247422680413
5256	-0.273840206185567
5257	-0.326030927835052
5258	-0.346649484536083
5259	-0.429123711340206
5260	-0.438788659793814
5261	-0.459407216494845
5262	-0.438144329896907
5263	-0.531572164948453
5264	-0.394974226804124
5265	-0.457474226804123
5266	-0.487757731958763
5267	-0.612757731958763
5268	-0.684922680412371
5269	-0.695231958762887
5270	-0.663659793814433
5271	-0.673969072164949
5272	-0.69458762886598
5273	-0.621778350515464
5274	-0.746134020618557
5275	-0.860824742268041
5276	-0.75708762886598
5277	-0.77770618556701
5278	-0.839561855670103
5279	-0.818943298969072
5280	-0.871134020618557
5281	-0.860180412371134
5282	-0.808634020618557
5283	-0.736469072164949
5284	-0.892396907216495
5285	-0.861469072164949
5286	-0.861469072164949
5287	-0.799613402061856
5288	-0.737757731958763
5289	-0.800257731958763
5290	-0.778994845360825
5291	-0.633376288659794
5292	-0.612757731958763
5293	-0.622422680412371
5294	-0.466494845360825
5295	-0.310567010309279
5296	-0.373067010309279
5297	-0.403994845360825
5298	-0.559922680412371
5299	-0.590850515463918
5300	-0.695231958762887
5301	-0.809922680412371
5302	-0.841494845360825
5303	-0.862113402061856
5304	-0.685567010309279
5305	-0.529639175257732
5306	-0.571520618556701
5307	-0.592139175257732
5308	-0.623067010309279
5309	-0.706185567010309
5310	-0.571520618556701
5311	-0.571520618556701
5312	-0.623711340206186
5313	-0.436855670103093
5314	-0.457474226804123
5315	-0.394329896907216
5316	-0.403994845360825
5317	-0.487113402061856
5318	-0.246778350515464
5319	-0.225515463917526
5320	-0.13208762886598
5321	0.0135309278350513
5322	0.0760309278350513
5323	0.03479381443299
5324	0.0972938144329896
5325	0.295103092783505
5326	0.273840206185567
5327	0.190721649484536
5328	0.387886597938144
5329	0.522551546391753
5330	0.366623711340206
5331	0.272551546391752
5332	0.293170103092783
5333	0.407216494845361
5334	0.5625
5335	0.676546391752578
5336	0.510309278350516
5337	0.479381443298969
5338	0.479381443298969
5339	0.4375
5340	0.416881443298969
5341	0.271262886597938
5342	0.364690721649485
5343	0.333118556701031
5344	0.353737113402062
5345	0.541237113402062
5346	0.416881443298969
5347	0.396262886597938
5348	0.282216494845361
5349	0.167525773195877
5350	0.167525773195877
5351	0.1875
5352	0.155927835051546
5353	0.208118556701031
5354	0.0515463917525776
5355	-0.104381443298969
5356	-0.177190721649484
5357	-0.25
5358	-0.342783505154639
5359	-0.332474226804123
5360	-0.332474226804123
5361	-0.540592783505154
5362	-0.571520618556701
5363	-0.341494845360825
5364	-0.537371134020619
5365	-0.713917525773196
5366	-0.776417525773196
5367	-0.630798969072165
5368	-0.619845360824742
5369	-0.764175257731959
5370	-0.711984536082474
5371	-0.763530927835051
5372	-0.72229381443299
5373	-0.711984536082474
5374	-0.659149484536082
5375	-0.710695876288659
5376	-0.897551546391752
5377	-0.959407216494845
5378	-1.05283505154639
5379	-0.927190721649485
5380	-0.9375
5381	-0.967783505154639
5382	-0.790592783505155
5383	-0.644329896907217
5384	-0.602448453608247
5385	-0.434922680412371
5386	-0.341494845360825
5387	-0.445231958762887
5388	-0.403994845360826
5389	-0.393685567010309
5390	-0.393685567010309
5391	-0.35180412371134
5392	-0.28930412371134
5393	-0.361469072164948
5394	-0.278994845360825
5395	-0.382731958762887
5396	-0.485824742268041
5397	-0.454252577319588
5398	-0.266752577319588
5399	-0.434278350515463
5400	-0.310567010309279
5401	-0.248067010309279
5402	-0.237757731958763
5403	-0.300257731958763
5404	-0.269329896907217
5405	-0.208118556701031
5406	-0.249355670103093
5407	-0.197809278350515
5408	-0.145618556701031
5409	-0.114046391752577
5410	-0.0206185567010309
5411	0.0109536082474224
5412	0.135309278350515
5413	0.228092783505154
5414	0.280283505154639
5415	0.113402061855671
5416	0.175257731958763
5417	-0.0128865979381447
5418	-0.189432989690721
5419	-0.314432989690721
5420	-0.272551546391752
5421	-0.481314432989691
5422	-0.501932989690721
5423	-0.408505154639175
5424	-0.293170103092783
5425	-0.273195876288659
5426	-0.231958762886598
5427	-0.11791237113402
5428	-0.18041237113402
5429	-0.0979381443298966
5430	-0.0766752577319587
5431	0.016752577319588
5432	0.0579896907216497
5433	0.0270618556701034
5434	-0.0979381443298966
5435	-0.264175257731959
5436	-0.285438144329897
5437	-0.275128865979381
5438	-0.129510309278351
5439	-0.139819587628866
5440	-0.0148195876288657
5441	0.0373711340206189
5442	0.0277061855670104
5443	-0.00322164948453585
5444	0.0380154639175259
5445	0.0586340206185567
5446	0.0270618556701034
5447	-0.00451030927835028
5448	-0.00451030927835028
5449	0.017396907216495
5450	-0.00386597938144329
5451	0.0579896907216497
5452	-0.045747422680412
5453	0.0579896907216497
5454	0.098582474226804
5455	0.139819587628866
5456	0.0766752577319583
5457	0.118556701030928
5458	0.128865979381443
5459	0.0251288659793807
5460	-0.0689432989690721
5461	-0.088917525773196
5462	-0.213917525773196
5463	-0.30798969072165
5464	-0.246134020618557
5465	-0.370489690721649
5466	-0.526417525773196
5467	-0.568298969072165
5468	-0.558634020618557
5469	-0.548969072164949
5470	-0.528350515463917
5471	-0.414304123711341
5472	-0.362113402061856
5473	-0.268685567010309
5474	-0.455541237113402
5475	-0.579896907216495
5476	-0.829252577319588
5477	-0.902061855670103
5478	-0.934278350515464
5479	-0.923969072164949
5480	-0.94458762886598
5481	-1.09020618556701
5482	-1.12177835051546
5483	-0.996778350515464
5484	-0.997422680412371
5485	-1.03994845360825
5486	-1.08118556701031
5487	-0.97680412371134
5488	-0.862757731958763
5489	-0.925257731958763
5490	-0.904639175257732
5491	-0.925257731958763
5492	-0.935567010309279
5493	-1.02899484536082
5494	-1.12242268041237
5495	-1.16365979381443
5496	-1.15399484536083
5497	-1.22680412371134
5498	-1.17461340206186
5499	-1.13273195876289
5500	-1.1430412371134
5501	-1.12242268041237
5502	-1.05025773195876
5503	-0.998067010309279
5504	-0.925257731958763
5505	-0.904639175257732
5506	-0.946520618556701
5507	-0.98840206185567
5508	-1.14497422680412
5509	-1.21778350515464
5510	-1.17654639175258
5511	-1.07345360824742
5512	-1.03221649484536
5513	-0.865979381443299
5514	-0.88659793814433
5515	-0.835051546391753
5516	-0.77319587628866
5517	-0.742268041237113
5518	-0.742268041237113
5519	-0.836340206185567
5520	-0.742268041237113
5521	-0.700386597938144
5522	-0.627577319587629
5523	-0.731958762886598
5524	-0.83569587628866
5525	-0.700386597938144
5526	-0.803479381443299
5527	-0.814432989690722
5528	-0.596005154639175
5529	-0.346649484536083
5530	-0.326030927835052
5531	-0.232603092783505
5532	-0.294458762886598
5533	-0.356314432989691
5534	-0.355025773195876
5535	-0.417525773195876
5536	-0.385953608247423
5537	-0.344716494845361
5538	-0.334407216494846
5539	-0.313788659793814
5540	-0.251288659793814
5541	-0.209407216494846
5542	-0.281572164948453
5543	-0.281572164948453
5544	-0.302190721649484
5545	-0.353737113402062
5546	-0.394974226804124
5547	-0.289948453608247
5548	-0.289948453608247
5549	-0.39368556701031
5550	-0.466494845360825
5551	-0.580541237113402
5552	-0.65270618556701
5553	-0.724871134020619
5554	-0.74548969072165
5555	-0.76610824742268
5556	-0.911082474226804
5557	-0.963273195876289
5558	-0.87951030927835
5559	-0.941365979381444
5560	-0.961984536082474
5561	-1.09664948453608
5562	-1.00386597938144
5563	-1.05541237113402
5564	-1.27319587628866
5565	-1.49162371134021
5566	-1.41881443298969
5567	-1.38788659793814
5568	-1.2944587628866
5569	-1.12886597938144
5570	-1.06701030927835
5571	-1.02577319587629
5572	-1.00515463917526
5573	-1.01546391752577
5574	-1.06701030927835
5575	-0.952319587628866
5576	-1.08762886597938
5577	-1.0979381443299
5578	-1.02577319587629
5579	-1.01546391752577
5580	-1.00515463917526
5581	-1.00515463917526
5582	-0.98389175257732
5583	-1.20231958762887
5584	-1.2229381443299
5585	-1.31572164948454
5586	-1.32538659793814
5587	-1.28414948453608
5588	-1.26353092783505
5589	-1.18105670103093
5590	-1.0979381443299
5591	-1.01481958762887
5592	-1.05670103092783
5593	-1.0979381443299
5594	-1.24420103092783
5595	-1.21262886597938
5596	-1.14948453608247
5597	-1.19136597938144
5598	-1.2326030927835
5599	-1.21198453608247
5600	-0.962628865979381
5601	-0.921391752577319
5602	-0.994201030927835
5603	-0.962628865979381
5604	-1.08698453608247
5605	-1.13917525773196
5606	-1.25386597938144
5607	-1.31572164948454
5608	-1.40914948453608
5609	-1.30476804123711
5610	-1.30476804123711
5611	-1.48131443298969
5612	-1.53286082474227
5613	-1.62628865979381
5614	-1.5534793814433
5615	-1.53221649484536
5616	-1.54252577319588
5617	-1.62564432989691
5618	-1.62628865979381
5619	-1.52319587628866
5620	-1.36662371134021
5621	-1.34664948453608
5622	-1.33698453608247
5623	-1.32667525773196
5624	-1.35824742268041
5625	-1.33698453608247
5626	-1.34729381443299
5627	-1.32667525773196
5628	-1.32667525773196
5629	-1.29574742268041
5630	-1.29574742268041
5631	-1.20296391752577
5632	-1.19329896907217
5633	-1.19329896907217
5634	-1.18298969072165
5635	-1.2139175257732
5636	-1.50515463917526
5637	-1.52577319587629
5638	-1.5360824742268
5639	-1.61920103092783
5640	-1.55734536082474
5641	-1.53672680412371
5642	-1.56829896907217
5643	-1.57860824742268
5644	-1.60953608247423
5645	-1.7139175257732
5646	-1.68298969072165
5647	-1.70425257731959
5648	-1.69329896907217
5649	-1.59987113402062
5650	-1.75386597938144
5651	-1.76417525773196
5652	-1.72229381443299
5653	-1.77384020618557
5654	-1.76353092783505
5655	-1.77384020618557
5656	-1.9194587628866
5657	-1.89819587628866
5658	-1.75257731958763
5659	-1.82474226804124
5660	-1.76224226804124
5661	-1.76288659793814
5662	-1.7944587628866
5663	-1.86726804123711
5664	-1.83634020618557
5665	-1.83634020618557
5666	-1.81572164948454
5667	-1.89884020618557
5668	-1.96134020618557
5669	-1.95103092783505
5670	-1.89948453608247
5671	-1.79574742268041
5672	-1.68234536082474
5673	-1.70296391752577
5674	-1.67203608247423
5675	-1.76546391752577
5676	-1.80670103092783
5677	-1.89948453608247
5678	-1.85824742268041
5679	-1.82731958762887
5680	-1.80670103092783
5681	-1.76481958762887
5682	-1.74355670103093
5683	-1.71198453608247
5684	-1.76417525773196
5685	-1.87822164948454
5686	-1.83827319587629
5687	-1.79703608247423
5688	-1.81829896907217
5689	-1.59020618556701
5690	-1.61082474226804
5691	-1.54832474226804
5692	-1.52770618556701
5693	-1.53865979381443
5694	-1.46585051546392
5695	-1.43492268041237
5696	-1.41365979381443
5697	-1.4548969072165
5698	-1.45425257731959
5699	-1.56765463917526
5700	-1.49484536082474
5701	-1.49484536082474
5702	-1.49420103092784
5703	-1.42074742268041
5704	-1.38981958762887
5705	-1.36920103092783
5706	-1.38981958762887
5707	-1.42074742268041
5708	-1.36855670103093
5709	-1.32731958762887
5710	-1.38917525773196
5711	-1.35824742268041
5712	-1.15012886597938
5713	-1.07796391752577
5714	-1.11920103092783
5715	-1.07731958762887
5716	-1.12886597938144
5717	-1.22164948453608
5718	-1.0444587628866
5719	-1.09664948453608
5720	-1.07603092783505
5721	-0.941365979381444
5722	-0.899484536082474
5723	-0.951675257731959
5724	-0.90979381443299
5725	-1.0451030927835
5726	-1.02448453608247
5727	-1.01353092783505
5728	-1.05541237113402
5729	-1.09664948453608
5730	-1.25257731958763
5731	-1.24226804123711
5732	-1.3569587628866
5733	-1.30541237113402
5734	-1.31636597938144
5735	-1.13981958762887
5736	-1.17074742268041
5737	-1.07667525773196
5738	-1.06636597938144
5739	-1.15012886597938
5740	-1.15012886597938
5741	-1.05670103092783
5742	-1.06701030927835
5743	-1.00515463917526
5744	-0.952963917525773
5745	-0.963273195876289
5746	-0.860180412371134
5747	-0.798324742268042
5748	-0.96520618556701
5749	-1.00644329896907
5750	-0.923324742268041
5751	-0.975515463917526
5752	-0.934278350515464
5753	-0.945231958762887
5754	-1.11211340206186
5755	-0.987113402061856
5756	-0.851804123711341
5757	-0.893041237113402
5758	-0.91430412371134
5759	-0.903994845360825
5760	-0.893685567010309
5761	-0.934922680412371
5762	-0.934922680412371
5763	-1.0805412371134
5764	-1.0805412371134
5765	-1.05992268041237
5766	-1.17396907216495
5767	-1.1430412371134
5768	-1.1430412371134
5769	-1.11146907216495
5770	-1.11146907216495
5771	-1.11211340206186
5772	-1.13337628865979
5773	-1.22744845360825
5774	-1.23840206185567
5775	-1.20747422680412
5776	-1.12371134020619
5777	-1.21713917525773
5778	-1.14432989690722
5779	-1.24806701030928
5780	-1.37306701030928
5781	-1.38337628865979
5782	-1.41365979381443
5783	-1.4548969072165
5784	-1.36146907216495
5785	-1.29961340206186
5786	-1.40335051546392
5787	-1.3930412371134
5788	-1.34149484536082
5789	-1.26932989690722
5790	-1.25966494845361
5791	-1.37435567010309
5796	-1.26159793814433
5797	-1.16881443298969
5798	-1.13788659793814
5799	-1.07603092783505
5800	-1.05541237113402
5801	-0.993556701030928
5802	-0.879510309278351
5803	-0.869201030927835
5804	-0.890463917525773
5805	-0.847938144329897
5806	-0.816365979381444
5807	-0.878865979381444
5808	-0.847938144329897
5809	-0.806701030927835
5810	-0.786082474226804
5811	-0.661082474226804
5812	-0.630154639175257
5813	-0.630154639175257
5814	-0.411082474226804
5815	-0.411082474226804
5816	-0.390463917525773
5817	-0.255154639175257
5818	-0.14110824742268
5819	-0.161726804123711
5820	-0.150773195876289
5821	-0.0979381443298968
5822	-0.0567010309278349
5823	-0.035438144329897
5824	-0.0457474226804129
5825	0.0476804123711343
5826	0.0373711340206186
5827	0.0786082474226806
5828	0.130798969072165
5829	0.193298969072165
5830	0.130798969072165
5831	0.089561855670103
5832	0.00708762886597913
5833	-0.00322164948453629
5834	0.017396907216495
5835	0.02770618556701
5836	0.142396907216495
5837	0.142396907216495
5838	0.214561855670103
5839	0.204252577319587
5840	0.193943298969072
5841	0.203608247422681
5842	0.089561855670103
5843	0.18298969072165
5844	0.224871134020618
5845	0.183634020618556
5846	0.204252577319587
5847	0.0998711340206184
5848	-0.0148195876288659
5849	0.0367268041237112
5850	-0.224226804123711
5851	-0.110180412371134
5852	-0.089561855670103
5853	-0.183634020618556
5854	-0.27770618556701
5855	-0.16430412371134
5856	-0.227448453608248
5857	-0.259664948453608
5858	-0.218427835051546
5859	-0.188144329896907
5860	-0.177835051546392
5861	-0.291881443298969
5862	-0.322809278350516
5863	-0.322809278350516
5864	-0.354381443298969
5866	-0.375
5867	-0.260953608247423
5870	-0.302835051546392
5871	-0.240335051546392
5873	-0.282216494845361
5874	-0.344072164948453
5875	-0.313144329896907
5876	-0.281572164948454
5877	-0.364690721649485
5878	-0.198453608247423
5879	-0.302190721649485
5880	-0.343427835051546
5881	-0.270618556701031
5882	-0.353092783505155
5883	-0.414948453608248
5884	-0.41430412371134
5885	-0.40270618556701
5886	-0.360180412371134
5887	-0.48389175257732
5888	-0.545747422680413
5889	-0.669458762886598
5890	-0.741623711340206
5891	-0.793170103092784
5892	-0.813788659793814
5893	-0.771907216494845
5894	-0.677835051546392
5895	-0.677190721649484
5896	-0.6875
5897	-0.6875
5898	-0.614690721649484
5899	-0.614690721649484
5900	-0.561855670103093
5901	-0.499355670103093
5902	-0.540592783505154
5903	-0.623067010309279
5904	-0.684922680412371
5905	-0.643041237113402
5906	-0.643041237113402
5907	-0.570231958762887
5908	-0.476159793814433
5909	-0.548969072164949
5910	-0.538659793814433
5911	-0.548969072164949
5912	-0.590850515463918
5913	-0.487113402061856
5914	-0.539304123711341
5915	-0.414304123711341
5916	-0.404639175257732
5917	-0.394329896907216
5918	-0.228092783505154
5919	-0.134664948453608
5920	-0.145618556701031
5921	-0.1875
5922	-0.250644329896907
5923	-0.168170103092784
5924	-0.0225515463917529
5925	0.0702319587628863
5926	0.101159793814433
5927	0.173969072164949
5928	0.215850515463917
5929	0.122422680412371
5930	-0.0128865979381441
5931	0.0180412371134022
5932	0.226159793814433
5933	0.16430412371134
5934	0.184922680412371
5935	0.237113402061856
5936	0.132731958762887
5937	0.122422680412371
5938	0.329896907216495
5939	0.391752577319587
5940	0.463917525773196
5941	0.505154639175258
5942	0.452963917525773
5943	0.327963917525773
5944	0.182345360824742
5945	0.265463917525773
5946	0.233891752577319
5947	0.275773195876289
5948	0.338273195876289
5949	0.307345360824742
5950	0.317654639175257
5951	0.327963917525773
5952	0.380154639175258
5953	0.327963917525773
5954	0.265463917525773
5955	0.265463917525773
5956	0.234536082474227
5957	0.213273195876289
5958	0.26610824742268
5959	0.152061855670103
5960	0.0792525773195871
5961	0.02770618556701
5962	0.017396907216495
5963	0.017396907216495
5964	0.143041237113402
5965	0.206185567010309
5966	0.134020618556701
5967	0.061855670103093
5968	-0.144974226804123
5969	0
5970	0.0206185567010309
5971	0.135309278350515
5972	0.166237113402062
5973	0.176546391752577
5974	0.124355670103093
5975	0.0515463917525776
5976	0.0831185567010309
5977	0.0103092783505159
5978	0.0521907216494846
5979	0.0837628865979378
5980	0.104381443298969
5981	0.0521907216494846
5982	0.208762886597938
5983	0.135953608247423
5984	0.177190721649485
5985	0.14561855670103
5986	0.114046391752578
5987	0.0927835051546393
5988	0.0824742268041239
5989	0.165592783505155
5990	0.206829896907217
5991	0.248067010309278
5992	0.330541237113402
5993	0.382087628865979
5994	0.412371134020619
5995	0.452963917525773
5996	0.442010309278351
5997	0.53479381443299
5998	0.596649484536083
5999	0.575386597938144
6000	0.428479381443299
6001	0.406572164948454
6002	0.467783505154639
6003	0.518685567010309
6004	0.568943298969072
6005	0.589561855670103
6006	0.527061855670103
6007	0.39110824742268
6008	0.359536082474227
6009	0.327963917525773
6010	0.223582474226804
6011	0.25451030927835
6012	0.358247422680412
6013	0.399484536082474
6014	0.378221649484536
6015	0.367268041237113
6016	0.408505154639175
6017	0.501932989690722
6019	0.751288659793814
6020	0.82409793814433
6021	0.896907216494845
6022	0.88659793814433
6023	0.876288659793814
6024	0.88659793814433
6025	0.82409793814433
6026	0.76159793814433
6027	0.76159793814433
6028	0.82409793814433
6029	0.82409793814433
6030	0.751288659793814
6031	0.751288659793814
6032	0.76159793814433
6033	0.76159793814433
6034	0.76159793814433
6035	0.76159793814433
6036	0.76159793814433
6037	0.771907216494845
6038	0.771907216494845
6039	0.771907216494845
6040	0.771907216494845
6041	0.771907216494845
6042	0.771907216494845
6043	0.771907216494845
6044	0.771907216494845
6045	0.771907216494845
6046	0.771907216494845
6047	0.771907216494845
6048	0.709407216494845
6049	0.709407216494845
6050	0.709407216494845
6051	0.709407216494845
6052	0.709407216494845
6053	0.646907216494845
6054	0.584407216494845
