6	-0.11125
7	-0.13875
8	-0.13625
9	-0.1475
10	-0.14625
11	-0.16375
12	-0.15625
13	-0.17375
14	-0.21125
15	-0.21625
16	-0.2375
17	-0.2225
18	-0.20375
19	-0.18875
20	-0.19625
21	-0.165
22	-0.16
23	-0.1775
24	-0.19125
25	-0.22125
26	-0.22875
27	-0.21
28	-0.21125
29	-0.225
30	-0.27
31	-0.28
32	-0.27125
33	-0.25625
34	-0.24125
35	-0.2025
36	-0.18875
37	-0.1175
38	-0.0799999999999998
39	-0.025
40	-0.0287499999999999
41	-0.00624999999999987
42	0
43	0
44	0.02
45	0.0337500000000002
46	0.0762500000000002
47	0.0850000000000001
48	0.1025
49	0.06625
50	0.05125
51	0.05125
52	0.0612499999999999
53	0.0350000000000001
54	0.0325
55	0.0650000000000002
56	0.04875
57	0.03625
58	0.0137500000000002
59	0.02
60	0.0325
61	0.0387500000000001
62	0.0650000000000002
63	0.0775000000000001
64	0.08125
65	0.13375
66	0.1475
67	0.14
68	0.12875
69	0.11875
70	0.075
71	0.0162500000000001
72	-0.0212499999999999
73	-0.0999999999999999
74	-0.15375
75	-0.21125
76	-0.2725
77	-0.375
78	-0.43375
79	-0.42875
80	-0.43625
81	-0.38125
82	-0.37
83	-0.41625
84	-0.44875
85	-0.45125
86	-0.50125
87	-0.5575
88	-0.53125
89	-0.5075
90	-0.4725
91	-0.50875
92	-0.48875
93	-0.5125
94	-0.47875
95	-0.4575
96	-0.46375
97	-0.53
98	-0.53125
99	-0.54
100	-0.47125
101	-0.44125
102	-0.35625
103	-0.35625
104	-0.30875
105	-0.31625
106	-0.31
107	-0.27625
108	-0.22375
109	-0.14
110	-0.10875
111	-0.0625
112	-0.0449999999999999
113	-0.0350000000000001
114	-0.0412500000000001
115	-0.00124999999999997
116	-0.02375
117	-0.00499999999999989
118	0.0237500000000002
119	0.0362500000000001
120	-0.0462499999999998
121	-0.1275
122	-0.1275
123	-0.14
124	-0.205
125	-0.175
126	-0.2275
127	-0.22375
128	-0.205
129	-0.15125
130	-0.1525
131	-0.21125
132	-0.2275
133	-0.2175
134	-0.25625
135	-0.2325
136	-0.2275
137	-0.20375
138	-0.195
139	-0.1575
140	-0.13625
141	-0.1425
142	-0.13875
143	-0.19125
144	-0.1875
145	-0.2275
146	-0.20875
147	-0.22125
148	-0.195
149	-0.185
150	-0.1625
151	-0.1725
152	-0.1125
153	-0.0662499999999999
154	-0.0650000000000001
155	-0.0287499999999999
156	0.0175000000000001
157	0.0625000000000001
158	0.07
159	0.04625
160	0.0575000000000001
161	0.08125
162	0.0762500000000002
163	0.0862500000000002
164	0.0600000000000002
165	0.0725
166	0.105
167	0.0825
168	0.0875
169	0.1
170	0.11875
171	0.105
172	0.0950000000000002
173	0.0975
174	-0.0962499999999998
175	-0.11125
176	-0.14125
177	-0.18125
178	-0.19875
179	-0.18
180	-0.18
181	-0.19125
182	-0.17375
183	-0.0987499999999998
184	-0.1225
185	-0.12
186	-0.16
187	-0.16625
188	-0.14125
189	-0.1425
190	-0.11
191	-0.11875
192	-0.1275
193	-0.125
194	-0.11375
195	-0.10125
196	-0.0875
197	-0.1225
198	-0.14375
199	-0.16375
200	-0.16
201	-0.21375
202	-0.25875
203	-0.24625
204	-0.24625
205	-0.22125
206	-0.0837499999999998
207	-0.02125
208	0.00875000000000004
209	0.12375
210	0.155
211	0.16375
212	0.145
213	0.11125
214	0.10125
215	0.0950000000000003
216	0.1275
217	0.1625
218	0.2075
219	0.2125
220	0.205
221	0.195
222	0.15875
223	0.155
224	0.1025
225	0.1225
226	0.145
227	0.16875
228	0.1875
229	0.20125
230	0.2125
231	0.18
232	0.18
233	0.24
234	0.27
235	0.29875
236	0.305
237	0.34625
238	0.3925
239	0.37
240	0.33375
241	0.30125
242	0.3475
243	0.30375
244	0.3625
245	0.38125
246	0.3425
247	0.34625
248	0.325
249	0.29875
250	0.2825
251	0.2525
252	0.2375
253	0.19
254	0.185
255	0.13875
256	0.20125
257	0.21125
258	0.25375
259	0.24375
260	0.2825
261	0.285
262	0.3
263	0.33875
264	0.3225
265	0.285
266	0.32
267	0.3475
268	0.3575
269	0.33375
270	0.3275
271	0.38625
272	0.37625
273	0.32
274	0.31875
275	0.3675
276	0.4
277	0.37125
278	0.4175
279	0.395
280	0.405
281	0.44
282	0.4375
283	0.425
284	0.47625
285	0.49875
286	0.4925
287	0.495
288	0.4775
289	0.5
290	0.5
291	0.53125
292	0.5025
293	0.51875
294	0.5325
295	0.54375
296	0.49625
297	0.43375
298	0.34
299	0.325
300	0.31875
301	0.3325
302	0.32
303	0.265
304	0.26875
305	0.2675
306	0.26375
307	0.2525
308	0.255
309	0.265
310	0.27125
311	0.285
312	0.2825
313	0.25875
314	0.26875
315	0.31875
316	0.26875
317	0.23
318	0.2025
319	0.23875
320	0.16
321	0.0999999999999999
322	0.0800000000000001
323	0.0837500000000001
324	0.0812499999999999
325	0.0687499999999999
326	0.0787500000000001
327	0.105
328	0.0950000000000001
329	0.12
330	0.17
331	0.165
332	0.1575
333	0.165
334	0.125
335	0.15125
336	0.17375
337	0.2125
338	0.19875
339	0.16375
340	0.1775
341	0.19
342	0.2025
343	0.20875
344	0.18625
345	0.21875
346	0.20875
347	0.18625
348	0.20625
349	0.25
350	0.28125
351	0.3125
352	0.36375
353	0.4075
354	0.40875
355	0.355
356	0.36125
357	0.33875
358	0.3575
359	0.33375
360	0.40125
361	0.41
362	0.46625
363	0.48125
364	0.47125
365	0.5175
366	0.54
367	0.52125
368	0.5725
369	0.60125
370	0.70875
371	0.75375
372	0.76625
373	0.7625
374	0.72625
375	0.75
376	0.74875
377	0.7375
378	0.74375
379	0.77625
380	0.78625
381	0.78875
382	0.77875
383	0.79625
384	0.79375
385	0.79625
386	0.8275
387	0.84625
388	0.88875
389	0.9175
390	0.91375
391	0.915
392	0.9625
393	0.96875
394	0.9425
395	0.9275
396	0.93375
397	0.9025
398	0.88375
399	0.82875
400	0.8475
401	0.82125
402	0.82875
403	0.8475
404	0.87
405	0.855
406	0.80625
407	0.8
408	0.81
409	0.79375
410	0.8225
411	0.7975
412	0.7975
413	0.81375
414	0.78875
415	0.75875
416	0.74375
417	0.7375
418	0.725
419	0.71
420	0.73
421	0.72
422	0.66875
423	0.71
424	0.685
425	0.69125
426	0.71125
427	0.76
428	0.75625
429	0.81
430	0.78125
431	0.86375
432	0.815
433	0.81625
434	0.79625
435	0.7825
436	0.77625
437	0.785
438	0.83875
439	0.835
440	0.7775
441	0.7625
442	0.7975
443	0.81375
444	0.82625
445	0.835
446	0.835
447	0.87
448	0.89625
449	0.9025
450	0.9525
451	0.9425
452	0.92
453	0.91375
454	0.95625
455	0.975
456	1.00625
457	1.05375
458	1.05625
459	1.05375
460	1.0225
461	0.99375
462	1.04625
463	1.05625
464	1.1075
465	1.11
466	1.155
467	1.1125
468	1.1125
469	1.10625
470	1.08625
471	0.9175
472	0.875
473	0.79
474	0.71875
475	0.71
476	0.71375
477	0.64875
478	0.645
479	0.57625
480	0.61875
481	0.6125
482	0.52375
483	0.495
484	0.47625
485	0.42
486	0.27625
487	0.21375
488	0.1675
489	0.1375
490	0.115
491	0.0887500000000003
492	0.0250000000000001
493	-0.00249999999999995
494	-0.0687499999999999
495	-0.0725
496	-0.0625
497	-0.0487499999999998
498	-0.02
499	-0.00749999999999984
500	-0.0362499999999999
501	-0.0287499999999998
502	-0.0474999999999999
503	0.1325
504	0.1675
505	0.26875
506	0.28625
507	0.2775
508	0.29625
509	0.29875
510	0.26
511	0.29
512	0.27
513	0.29125
514	0.3325
515	0.3325
516	0.2525
517	0.2775
518	0.315
519	0.365
520	0.39625
521	0.37875
522	0.3825
523	0.36625
524	0.39875
525	0.3725
526	0.42375
527	0.4375
528	0.49625
529	0.49
530	0.465
531	0.4425
532	0.4425
533	0.44875
534	0.4775
535	0.43625
536	0.41375
537	0.39
538	0.4
539	0.40125
540	0.38625
541	0.385
542	0.39875
543	0.32125
544	0.32375
545	0.33375
546	0.37875
547	0.39875
548	0.4575
549	0.425
550	0.465
551	0.47625
552	0.495
553	0.47375
554	0.40625
555	0.29375
556	0.23875
557	0.28
558	0.2725
559	0.24375
560	0.22625
561	0.2225
562	0.2625
563	0.25
564	0.2075
565	0.22625
566	0.26375
567	0.28
568	0.30625
569	0.32625
570	0.31375
571	0.3725
572	0.44125
573	0.4775
574	0.48375
575	0.5925
576	0.58
577	0.55875
578	0.5225
579	0.49625
580	0.47
581	0.48375
582	0.44125
583	0.4725
584	0.5
585	0.5275
586	0.5975
587	0.69125
588	0.67375
589	0.5975
590	0.58875
591	0.54875
592	0.59375
593	0.575
594	0.53
595	0.565
596	0.53125
597	0.52
598	0.4825
599	0.50625
600	0.42
601	0.36
602	0.34625
603	0.26625
604	0.19
605	0.14
606	0.0625
607	0.0487500000000001
608	0.05
609	0.04375
610	0.0337499999999999
611	-0.0249999999999999
612	-0.0874999999999999
613	-0.1525
614	-0.1925
615	-0.20625
616	-0.23875
617	-0.22
618	-0.2175
619	-0.2125
620	-0.19625
621	-0.1825
622	-0.16875
623	-0.18
624	-0.18125
625	-0.2075
626	-0.2225
627	-0.2575
628	-0.22875
629	-0.19625
630	-0.1675
631	-0.1675
632	-0.0887499999999999
633	-0.0812499999999998
634	-0.0774999999999999
635	-0.0425
636	-0.0212499999999998
637	0.0225000000000002
638	0.085
639	0.08375
640	0.0999999999999999
641	0.1525
642	0.16
643	0.195
644	0.27125
645	0.325
646	0.3625
647	0.3675
648	0.4025
649	0.39
650	0.3775
651	0.355
652	0.35625
653	0.365
654	0.30375
655	0.26
656	0.2225
657	0.2375
658	0.205
659	0.215
660	0.175
661	0.15875
662	0.13
663	0.12625
664	0.08875
665	0.1125
666	0.0837500000000001
667	0.07875
668	0.0300000000000002
669	0.0187499999999999
670	-0.00875000000000004
671	-0.0375000000000001
672	-0.0599999999999998
673	-0.0762499999999999
674	-0.0699999999999998
675	-0.0574999999999999
676	-0.0925
677	-0.12125
678	-0.12625
679	-0.13625
680	-0.14375
681	-0.1475
682	-0.1175
683	-0.0575
684	-0.0650000000000002
685	-0.055
686	0.015
687	0.0475
688	0.105
689	0.17
690	0.235
691	0.20625
692	0.18125
693	0.14125
694	0.145
695	0.15125
696	0.1475
697	0.1325
698	0.1775
699	0.16125
700	0.225
701	0.2425
702	0.295
703	0.30875
704	0.2725
705	0.255
706	0.24875
707	0.2425
708	0.20625
709	0.20375
710	0.16
711	0.1925
712	0.22125
713	0.225
714	0.2375
715	0.2325
716	0.20375
717	0.175
718	0.17375
719	0.15125
720	0.14125
721	0.14
722	0.125
723	0.0962500000000001
724	0.10875
725	0.0962500000000001
726	0.0637500000000002
727	0.0762500000000002
728	0.10375
729	0.105
730	0.10125
731	0.08875
732	0.0975
733	-0.00374999999999981
734	-0.0362499999999999
735	-0.0574999999999999
736	-0.0462499999999999
737	-0.0462499999999999
738	-0.09875
739	-0.10625
740	-0.0824999999999998
741	-0.1025
742	-0.0462499999999999
743	-0.0662499999999999
744	-0.0499999999999998
745	-0.0499999999999998
746	-0.0762499999999998
747	-0.0862499999999999
748	-0.13875
749	-0.23125
750	-0.28
751	-0.31875
752	-0.25125
753	-0.255
754	-0.2725
755	-0.205
756	-0.22125
757	-0.16125
758	-0.20375
759	-0.2075
760	-0.18
761	-0.135
762	-0.135
763	-0.15125
764	-0.1675
765	-0.12625
766	-0.12875
767	-0.0699999999999997
768	-0.0799999999999998
769	-0.0512499999999999
770	-0.02125
771	-0.0275
772	-0.00249999999999995
773	0.0275000000000001
774	-0.00624999999999987
775	0.00375000000000014
776	0.0350000000000001
777	-0.015
778	-0.0575
779	-0.0175000000000001
780	0
781	0.0162500000000001
782	0.0125
783	-0.0537499999999999
784	-0.0912499999999999
785	-0.0750000000000001
786	-0.0925
787	-0.11875
788	-0.1475
789	-0.14125
790	-0.08625
791	-0.0599999999999998
792	-0.0899999999999997
793	-0.1225
794	-0.1225
795	-0.14
796	-0.195
797	-0.2175
798	-0.23
799	-0.25625
800	-0.22875
801	-0.21
802	-0.25625
803	-0.26625
804	-0.26875
805	-0.275
806	-0.27125
807	-0.3075
808	-0.3625
809	-0.27125
810	-0.21875
811	-0.2225
812	-0.20875
813	-0.135
814	-0.0750000000000001
815	0.00500000000000023
816	-0.00499999999999989
817	-0.00250000000000006
818	-0.00250000000000006
819	-0.01125
820	-0.0137499999999998
821	-0.0537499999999999
822	-0.0337500000000001
823	-0.03
824	-0.0187499999999999
825	0.00499999999999989
826	-0.0237499999999998
827	-0.00249999999999995
828	0.0537500000000001
829	0.0500000000000002
830	0.0700000000000002
831	0.0437500000000001
832	0.06125
833	0.05125
834	0.07125
835	0.0687500000000001
836	0.02625
837	0.00375000000000003
838	0.01
839	-0.0299999999999999
840	-0.0424999999999999
841	-0.05875
842	-0.0424999999999999
843	-0.0249999999999999
844	0.0312500000000001
845	-0.0499999999999998
846	-0.0887499999999999
847	-0.11125
848	-0.0874999999999999
849	-0.0387500000000001
850	-0.0325
851	-0.0624999999999999
852	-0.0462499999999999
853	-0.0887499999999999
854	-0.10875
855	-0.0999999999999999
856	-0.0912499999999999
857	-0.0987499999999999
858	-0.0824999999999999
859	-0.0824999999999999
860	-0.10875
861	-0.10875
862	-0.10875
863	-0.155
864	-0.13625
865	-0.13
866	-0.0975
867	-0.0649999999999998
868	-0.0362499999999999
869	-0.0199999999999998
870	0.00624999999999998
871	0.10375
872	0.12125
873	0.1025
874	0.08875
875	0.10875
876	0.1275
877	0.17375
878	0.19625
879	0.1675
880	0.15875
881	0.1225
882	0.175
883	0.22625
884	0.21625
885	0.26
886	0.2725
887	0.2725
888	0.23875
889	0.265
890	0.245
891	0.26125
892	0.2525
893	0.2425
894	0.21625
895	0.26375
896	0.2475
897	0.28125
898	0.255
899	0.255
900	0.23875
901	0.20875
902	0.18375
903	0.18375
904	0.155
905	0.1475
906	0.16625
907	0.1125
908	0.1225
909	0.125
910	0.15375
911	0.135
912	0.0862499999999999
913	0.0837500000000001
914	0.0637500000000001
915	0.0862499999999999
916	0.0875000000000001
917	0.10375
918	0.11375
919	0.12
920	0.19875
921	0.1725
922	0.1825
923	0.18875
924	0.14
925	0.15625
926	0.12375
927	0.1275
928	0.0975
929	0.0475000000000001
930	0.0475000000000001
931	0.01
932	0.04625
933	0.0450000000000002
934	0.06625
935	0.0525000000000001
936	0.0300000000000002
937	0.05625
938	0.0712499999999999
939	0.0500000000000002
940	0.05625
941	0.0375000000000001
942	0.00625000000000009
943	0.00625000000000009
944	0.0587500000000001
945	0.0800000000000001
946	0.0612499999999999
947	0.07375
948	0.0637500000000001
949	0.0862499999999999
950	0.0862499999999999
951	0.0450000000000002
952	0.0287500000000001
953	0.07125
954	0.0350000000000001
955	0.01
956	0.00499999999999989
957	-0.00874999999999992
958	0.0375000000000001
959	0.04125
960	0.0912500000000001
961	0.15125
962	0.165
963	0.23
964	0.23
965	0.21375
966	0.23
967	0.26875
968	0.27625
969	0.27375
970	0.2975
971	0.285
972	0.285
973	0.265
974	0.21375
975	0.1975
976	0.22
977	0.25625
978	0.28875
979	0.28875
980	0.21625
981	0.13125
982	0.14375
983	0.13375
984	0.1375
985	0.1275
986	0.1325
987	0.145
988	0.165
989	0.205
990	0.17875
991	0.14625
992	0.0925
993	0.08
994	0.0475000000000001
995	0.07
996	0.0600000000000001
997	0.0375000000000001
998	0.03625
999	0.01625
1000	0.02625
1001	0.02625
1002	-0.0387499999999998
1003	-0.0512499999999999
1004	-0.0387499999999998
1005	-0.00874999999999992
1006	0.0275000000000001
1007	0.0787500000000001
1008	0.0687500000000001
1009	0.03625
1010	0.0425000000000001
1011	0.0537500000000001
1012	0.105
1013	0.11625
1014	0.145
1015	0.17125
1016	0.15375
1017	0.15375
1018	0.14
1019	0.1275
1020	0.10375
1021	0.0737500000000001
1022	0.0700000000000002
1023	0.0725
1024	0.115
1025	0.0475
1026	0.0737500000000002
1027	0.0762500000000002
1028	0.0762500000000002
1029	0.0862500000000002
1030	0.09
1031	0.10375
1032	0.12125
1033	0.0950000000000002
1034	0.0825
1035	0.0599999999999999
1036	0.00750000000000006
1037	0
1038	-0.0199999999999999
1039	-0.0337500000000001
1040	-0.08
1041	-0.11125
1042	-0.16
1043	-0.1825
1044	-0.1925
1045	-0.17
1046	-0.17625
1047	-0.18875
1048	-0.13625
1049	-0.21625
1050	-0.2775
1051	-0.31125
1052	-0.37625
1053	-0.41
1054	-0.4
1055	-0.4175
1056	-0.4025
1057	-0.365
1058	-0.45125
1059	-0.495
1060	-0.5275
1061	-0.54625
1062	-0.51375
1063	-0.50125
1064	-0.495
1065	-0.44375
1066	-0.44375
1067	-0.43375
1068	-0.41625
1069	-0.3925
1070	-0.39125
1071	-0.36125
1072	-0.325
1073	-0.285
1074	-0.21625
1075	-0.2175
1076	-0.205
1077	-0.2025
1078	-0.21
1079	-0.2
1080	-0.1975
1081	-0.11375
1082	-0.0675
1083	-0.05125
1084	0.01125
1085	0.10625
1086	0.14125
1087	0.19875
1088	0.25375
1089	0.30625
1090	0.415
1091	0.46125
1092	0.44875
1093	0.44125
1094	0.435
1095	0.4125
1096	0.41875
1097	0.41125
1098	0.42125
1099	0.4275
1100	0.3925
1101	0.37375
1102	0.37625
1103	0.38625
1104	0.3875
1105	0.41625
1106	0.44125
1107	0.44125
1108	0.43375
1109	0.4475
1110	0.46
1111	0.39875
1112	0.3825
1113	0.37875
1114	0.385
1115	0.405
1116	0.4175
1117	0.37375
1118	0.3625
1119	0.3725
1120	0.37
1121	0.32875
1122	0.3
1123	0.24875
1124	0.2625
1125	0.27625
1126	0.215
1127	0.22125
1128	0.185
1129	0.155
1130	0.10375
1131	-0.00249999999999995
1132	-0.0625
1133	-0.0950000000000001
1134	-0.14875
1135	-0.19875
1136	-0.26
1137	-0.2825
1138	-0.3525
1139	-0.4
1140	-0.4
1141	-0.41375
1142	-0.46375
1143	-0.49125
1144	-0.50125
1145	-0.55875
1146	-0.61
1147	-0.5975
1148	-0.59375
1149	-0.595
1150	-0.585
1151	-0.61375
1152	-0.66875
1153	-0.63
1154	-0.665
1155	-0.62625
1156	-0.6325
1157	-0.65875
1158	-0.6325
1159	-0.6525
1160	-0.6425
1161	-0.6325
1162	-0.5725
1163	-0.445
1164	-0.38875
1165	-0.38
1166	-0.33875
1167	-0.32125
1168	-0.2575
1169	-0.24875
1170	-0.185
1171	-0.17
1172	-0.16875
1173	-0.11375
1174	-0.0549999999999999
1175	-0.00749999999999995
1176	-0.0262499999999999
1177	0.0312499999999999
1178	0.0200000000000001
1179	0.01125
1180	-0.0225
1181	-0.0574999999999999
1182	-0.0474999999999999
1183	-0.06375
1184	-0.05125
1185	-0.06625
1186	-0.0699999999999998
1187	-0.0437499999999998
1188	-0.0674999999999999
1189	-0.0699999999999998
1190	-0.00749999999999984
1191	0.0100000000000002
1192	0.0499999999999999
1193	0.1275
1194	0.15
1195	0.1275
1196	0.14125
1197	0.145
1198	0.135
1199	0.11
1200	0.0950000000000001
1201	0.0850000000000001
1202	0.0612500000000001
1203	0.12375
1204	0.1175
1205	0.11375
1206	0.12125
1207	0.12125
1208	0.1775
1209	0.14125
1210	0.10125
1211	0.0749999999999998
1212	0.1075
1213	0.1175
1214	0.135
1215	0.15125
1216	0.14625
1217	0.1725
1218	0.17875
1219	0.15875
1220	0.16
1221	0.13125
1222	0.0950000000000001
1223	0.0600000000000002
1224	0.0112500000000001
1225	-0.0099999999999999
1226	-0.0574999999999999
1227	-0.0724999999999999
1228	-0.0812500000000002
1229	-0.05875
1230	-0.0675
1231	-0.0912499999999999
1232	-0.0412499999999999
1233	-0.0537499999999999
1234	-0.0587500000000001
1235	-0.0750000000000001
1236	-0.13375
1237	-0.12625
1238	-0.14
1239	-0.16
1240	-0.1025
1241	-0.05
1242	-0.00749999999999995
1243	0.0350000000000001
1244	0.0900000000000002
1245	0.10625
1246	0.12125
1247	0.17
1248	0.11625
1249	0.1175
1250	0.0875000000000001
1251	0.0424999999999999
1252	0.0150000000000001
1253	0.00750000000000006
1254	0.01
1255	-0.0199999999999998
1256	0.0187499999999999
1257	-0.00124999999999997
1258	0.0187499999999999
1259	0.0150000000000001
1260	0.0275000000000001
1261	0.0237500000000002
1262	-0.0312500000000002
1263	0.00500000000000012
1264	0.00750000000000006
1265	0.01375
1266	0.0175000000000002
1267	0.01375
1268	0.0625000000000001
1269	0.06875
1270	0.0675000000000001
1271	0.0812499999999999
1272	0.04625
1273	0.0400000000000001
1274	0.0600000000000002
1275	0.0500000000000002
1276	0.0349999999999999
1277	0.0325000000000001
1278	0.0125000000000001
1279	0.00750000000000006
1280	0.0362500000000001
1281	0.05625
1282	0.0962500000000001
1283	0.0937500000000001
1284	0.15625
1285	0.16125
1286	0.185
1287	0.18375
1288	0.1575
1289	0.15125
1290	0.18875
1291	0.1975
1292	0.2125
1293	0.1825
1294	0.2125
1295	0.2725
1296	0.22875
1297	0.185
1298	0.16625
1299	0.195
1300	0.20375
1301	0.18875
1302	0.22
1303	0.17375
1304	0.16125
1305	0.17375
1306	0.18875
1307	0.1725
1308	0.22125
1309	0.255
1310	0.25875
1311	0.2825
1312	0.24125
1313	0.24875
1314	0.2425
1315	0.24375
1316	0.205
1317	0.1825
1318	0.19875
1319	0.22625
1320	0.2275
1321	0.25875
1322	0.24
1323	0.305
1324	0.3025
1325	0.355
1326	0.28875
1327	0.23
1328	0.23875
1329	0.25
1330	0.29125
1331	0.2025
1332	0.2025
1333	0.2525
1334	0.30125
1335	0.31875
1336	0.315
1337	0.25
1338	0.21
1339	0.17625
1340	0.1725
1341	0.1375
1342	0.14125
1343	0.14125
1344	0.14125
1345	0.0312500000000002
1346	0.0362500000000002
1347	-0.00374999999999992
1348	-0.01625
1349	-0.00624999999999987
1350	-0.0187499999999998
1351	0.0112500000000002
1352	-0.0174999999999998
1353	-0.0137499999999998
1354	-0.0199999999999998
1355	-0.0275
1356	0.00500000000000012
1357	-0.0137499999999998
1358	-0.0799999999999997
1359	-0.12625
1360	-0.1475
1361	-0.1325
1362	-0.16875
1363	-0.105
1364	-0.06625
1365	-0.12125
1366	-0.1075
1367	-0.15
1368	-0.1775
1369	-0.165
1370	-0.1825
1371	-0.1825
1372	-0.21625
1373	-0.24375
1374	-0.28875
1375	-0.3525
1376	-0.45875
1377	-0.50625
1378	-0.545
1379	-0.53625
1380	-0.55875
1381	-0.56875
1382	-0.5825
1383	-0.68
1384	-0.8725
1385	-0.94125
1386	-0.9625
1387	-1.16125
1388	-1.35125
1389	-1.5075
1390	-1.44125
1391	-1.60125
1392	-1.745
1393	-1.8725
1394	-2.0125
1395	-2.205
1396	-2.23125
1397	-2.2425
1398	-2.23125
1399	-2.17875
1400	-2.16125
1401	-2.14125
1402	-2.18625
1403	-2.14
1404	-2.20875
1405	-2.195
1406	-2.33875
1407	-2.3425
1408	-2.30625
1409	-2.18875
1410	-2.19875
1411	-2.215
1412	-2.20875
1413	-2.225
1414	-2.23125
1415	-2.11875
1416	-1.945
1417	-1.8875
1418	-1.86625
1419	-1.67625
1420	-1.5075
1421	-1.40125
1422	-1.42625
1423	-1.19625
1424	-1.0375
1425	-0.85875
1426	-0.735
1427	-0.56125
1428	-0.55375
1429	-0.49375
1430	-0.4175
1431	-0.45875
1432	-0.42375
1433	-0.51625
1434	-0.4875
1435	-0.495
1436	-0.43125
1437	-0.3975
1438	-0.2525
1439	-0.19875
1440	-0.12875
1441	-0.1
1442	-0.08
1443	-0.0625000000000001
1444	-0.0512499999999999
1445	-0.0625000000000001
1446	-0.1325
1447	-0.14
1448	-0.1475
1449	-0.125
1450	-0.14125
1451	-0.19875
1452	-0.12
1453	-0.12375
1454	-0.1075
1455	-0.16625
1456	-0.205
1457	-0.2025
1458	-0.21625
1459	-0.25875
1460	-0.28125
1461	-0.35375
1462	-0.37125
1463	-0.305
1464	-0.2825
1465	-0.25375
1466	-0.3225
1467	-0.47625
1468	-0.57875
1469	-0.6225
1470	-0.66
1471	-0.73875
1472	-0.76
1473	-0.74375
1474	-0.745
1475	-0.82125
1476	-0.8525
1477	-1.0125
1478	-0.96625
1479	-1.00875
1480	-0.995
1481	-1.0125
1482	-1.00875
1483	-1.0925
1484	-1.18125
1485	-1.25625
1486	-1.235
1487	-1.205
1488	-1.2375
1489	-1.21625
1490	-1.2475
1491	-1.20375
1492	-1.21375
1493	-1.15125
1494	-1.1325
1495	-1.1025
1496	-1.10875
1497	-1.15875
1498	-1.14125
1499	-1.0475
1500	-0.95375
1501	-0.96125
1502	-1.0025
1503	-0.945
1504	-0.975
1505	-0.975
1506	-0.95125
1507	-0.86125
1508	-0.84
1509	-0.69
1510	-0.7225
1511	-0.69625
1512	-0.745
1513	-0.73375
1514	-0.74625
1515	-0.6025
1516	-0.54875
1517	-0.49625
1518	-0.47625
1519	-0.4525
1520	-0.405
1521	-0.40125
1522	-0.45
1523	-0.4175
1524	-0.4025
1525	-0.415
1526	-0.42375
1527	-0.43875
1528	-0.4125
1529	-0.3525
1530	-0.29625
1531	-0.31375
1532	-0.295
1533	-0.225
1534	-0.195
1535	-0.14
1536	-0.0725000000000001
1537	-0.0499999999999998
1538	-0.0237499999999998
1539	-0.075
1540	-0.12375
1541	-0.13
1542	-0.0437499999999998
1543	-0.0362499999999998
1544	0.0125000000000001
1545	0.025
1546	0.0125000000000001
1547	0.04125
1548	0.0500000000000002
1549	0.0637500000000001
1550	0.04
1551	-0.0375000000000001
1552	-0.0575
1553	-0.04
1554	0.0649999999999998
1555	0.0637500000000001
1556	0.105
1557	0.06625
1558	0.1125
1559	0.12
1560	0.1
1561	0.0987500000000001
1562	0.05875
1563	0.0562500000000001
1564	0.085
1565	0.0425000000000001
1566	0.03625
1567	0.0612499999999999
1568	0.0249999999999999
1569	0.0275000000000002
1570	-0.0125
1571	-0.0374999999999999
1572	0.0525000000000003
1573	0.0287500000000002
1574	-0.0549999999999997
1575	-0.0699999999999998
1576	-0.10125
1577	-0.105
1578	-0.2725
1579	-0.3
1580	-0.33875
1581	-0.37125
1582	-0.40625
1583	-0.37875
1584	-0.375
1585	-0.31
1586	-0.35875
1587	-0.35
1588	-0.41375
1589	-0.4825
1590	-0.60625
1591	-0.767499999999999
1592	-0.8625
1593	-0.87625
1594	-0.87125
1595	-0.87875
1596	-0.91125
1597	-0.8875
1598	-0.9225
1599	-0.9425
1600	-0.94125
1601	-0.96375
1602	-0.95
1603	-0.93375
1604	-0.9625
1605	-0.91875
1606	-0.7825
1607	-0.6925
1608	-0.67
1609	-0.67125
1610	-0.5425
1611	-0.6375
1612	-0.62625
1613	-0.64875
1614	-0.5875
1615	-0.6175
1616	-0.60875
1617	-0.64125
1618	-0.63
1619	-0.59375
1620	-0.52
1621	-0.52125
1622	-0.36125
1623	-0.2675
1624	-0.20125
1625	-0.135
1626	-0.1375
1627	-0.13125
1628	-0.0925
1629	-0.1175
1630	-0.0274999999999999
1631	0.0349999999999999
1632	0.0550000000000002
1633	0.01
1634	0.0162499999999999
1635	0.045
1636	0.0700000000000001
1637	0.0337500000000002
1638	0.0237500000000002
1639	-0.00249999999999995
1640	0.0262500000000001
1641	-0.00875000000000004
1642	0.00875000000000004
1643	0.0912499999999999
1644	0.1225
1645	0.135
1646	0.0900000000000002
1647	0.0962500000000001
1648	0.0750000000000002
1649	0.0875000000000001
1650	0.07375
1651	0.07375
1652	0.03125
1653	0.0962500000000001
1654	0.0712499999999999
1655	0.06875
1656	0.06875
1657	0.01125
1658	-0.0149999999999999
1659	-0.0149999999999999
1660	-0.13875
1661	-0.2425
1662	-0.29875
1663	-0.3125
1664	-0.33875
1665	-0.27875
1666	-0.28375
1667	-0.28875
1668	-0.27875
1669	-0.27125
1670	-0.25625
1671	-0.23375
1672	-0.315
1673	-0.3475
1674	-0.325
1675	-0.32
1676	-0.2975
1677	-0.2425
1678	-0.2325
1679	-0.21
1680	-0.225
1681	-0.22875
1682	-0.2
1683	-0.20125
1684	-0.16875
1685	-0.21125
1686	-0.16875
1687	-0.16
1688	-0.1775
1689	-0.1875
1690	-0.2275
1691	-0.24125
1692	-0.185
1693	-0.115
1694	-0.1825
1695	-0.18
1696	-0.33125
1697	-0.345
1698	-0.36625
1699	-0.3575
1700	-0.37125
1701	-0.34
1702	-0.34375
1703	-0.31
1704	-0.25625
1705	-0.1325
1706	-0.18125
1707	-0.2025
1708	-0.24875
1709	-0.29375
1710	-0.30375
1711	-0.3175
1712	-0.29625
1713	-0.295
1714	-0.2375
1715	-0.1975
1716	-0.18125
1717	-0.18375
1718	-0.19875
1719	-0.19875
1720	-0.2175
1721	-0.1325
1722	-0.0924999999999998
1723	-0.04375
1724	-0.0262499999999999
1725	-0.0324999999999998
1726	0.00250000000000028
1727	0.0225000000000001
1728	0.12625
1729	0.10625
1730	0.1125
1731	0.0475000000000001
1732	0.07875
1733	0.0987500000000001
1734	0.12125
1735	0.13125
1736	0.145
1737	0.125
1738	0.0500000000000002
1739	0.0149999999999999
1740	-0.0187499999999998
1741	0.00375000000000003
1742	-0.0337499999999999
1743	-0.0512499999999999
1744	-0.10625
1745	-0.11375
1746	-0.125
1747	-0.1075
1748	-0.11125
1749	-0.0662499999999999
1750	-0.0849999999999997
1751	-0.0912499999999998
1752	-0.0662500000000001
1753	-0.04
1754	-0.00749999999999962
1755	-0.0162500000000001
1756	0.0625000000000001
1757	0.08625
1758	0.14
1759	0.13125
1760	0.08125
1761	0.0525000000000001
1762	0.01125
1763	0.0725000000000001
1764	0.0912499999999999
1765	0.0650000000000003
1766	0.05625
1767	0.0499999999999999
1768	0.0475
1769	0.0225000000000001
1770	0.0762500000000002
1771	0.0925000000000002
1772	0.125
1773	0.1
1774	0.18875
1775	0.16
1776	0.1975
1777	0.19
1778	0.1975
1779	0.195
1780	0.1925
1781	0.14
1782	0.095
1783	0.0724999999999999
1784	-0.0199999999999999
1785	-0.11625
1786	-0.17625
1787	-0.2025
1788	-0.20625
1789	-0.2475
1790	-0.34125
1791	-0.40375
1792	-0.38625
1793	-0.37625
1794	-0.4025
1795	-0.43125
1796	-0.46125
1797	-0.475
1798	-0.4825
1799	-0.53625
1800	-0.57875
1801	-0.5925
1802	-0.60625
1803	-0.6075
1804	-0.6075
1805	-0.625
1806	-0.7625
1807	-0.7525
1808	-0.77875
1809	-0.98
1810	-1.03
1811	-1.0675
1812	-1.055
1813	-1.01875
1814	-0.975
1815	-0.95875
1816	-0.9025
1817	-0.93375
1818	-1.05625
1819	-1.085
1820	-1.295
1821	-1.235
1822	-1.1675
1823	-1.11125
1824	-1.09375
1825	-1.115
1826	-1.1
1827	-1.09
1828	-1.05625
1829	-1.0425
1830	-0.9875
1831	-0.98
1832	-0.96875
1833	-0.94625
1834	-0.94875
1835	-0.97875
1836	-1.00125
1837	-0.98375
1838	-0.825
1839	-0.79375
1840	-0.73875
1841	-0.57125
1842	-0.53125
1843	-0.4425
1844	-0.455
1845	-0.46125
1846	-0.3975
1847	-0.4525
1848	-0.445
1849	-0.3575
1850	-0.2675
1851	-0.2175
1852	-0.00749999999999984
1853	-0.0849999999999999
1854	-0.0599999999999998
1855	-0.05125
1856	-0.0262499999999999
1857	-0.0125000000000002
1858	0.0300000000000001
1859	0.0325000000000001
1860	0.0475
1861	0.0312499999999999
1862	0.0362500000000001
1863	0.055
1864	0.0574999999999999
1865	0.0675
1866	0.0562499999999999
1867	0.10625
1868	0.1125
1869	0.0974999999999998
1870	0.1075
1871	0.12375
1872	0.1625
1873	0.2175
1874	0.23125
1875	0.22125
1876	0.17
1877	0.18625
1878	0.18375
1879	0.19625
1880	0.20625
1881	0.23875
1882	0.18
1883	0.1625
1884	0.18125
1885	0.2525
1886	0.28375
1887	0.2775
1888	0.26375
1889	0.2925
1890	0.27625
1891	0.28375
1892	0.22125
1893	0.2375
1894	0.26375
1895	0.225
1896	0.21125
1897	0.1075
1898	0.055
1899	-0.00749999999999995
1900	-0.0775
1901	-0.0825000000000001
1902	-0.0924999999999999
1903	-0.0650000000000001
1904	-0.0662499999999998
1905	-0.07875
1906	-0.10375
1907	-0.1175
1908	-0.13375
1909	-0.1625
1910	-0.185
1911	-0.2175
1912	-0.185
1913	-0.16
1914	-0.10375
1915	-0.0974999999999997
1916	-0.1075
1917	-0.11125
1918	-0.0724999999999998
1919	-0.0599999999999998
1920	-0.0474999999999999
1921	-0.0824999999999998
1922	-0.0962499999999999
1923	-0.0974999999999999
1924	-0.00624999999999987
1925	-0.0487499999999998
1926	-0.0887499999999999
1927	-0.0600000000000001
1928	-0.0700000000000001
1929	0.0862500000000002
1930	0.0962499999999999
1931	0.13375
1932	0.18875
1933	0.155
1934	0.13875
1935	0.155
1936	0.16625
1937	0.21
1938	0.2625
1939	0.245
1940	0.23375
1941	0.23625
1942	0.1625
1943	0.14
1944	0.11
1945	0.10375
1946	0.0887500000000002
1947	0.0962500000000001
1948	0.12
1949	0.0975
1950	-0.03125
1951	-0.03625
1952	-0.0162499999999999
1953	-0.0199999999999999
1954	0.00374999999999992
1955	-0.00625000000000009
1956	-0.04875
1957	-0.0150000000000001
1958	0.0062500000000002
1959	0.00375000000000003
1960	2.22044604925031e-16
1961	-0.0362499999999999
1962	-0.0687499999999999
1963	-0.11
1964	-0.14625
1965	-0.11625
1966	-0.16875
1967	-0.1775
1968	-0.16
1969	-0.18
1970	-0.16125
1971	-0.1625
1972	-0.13375
1973	-0.14375
1974	-0.10125
1975	0.00250000000000028
1976	-0.04125
1977	-0.0512499999999998
1978	-0.0387499999999998
1979	-0.0887499999999998
1980	-0.13125
1981	-0.08375
1982	-0.08375
1983	-0.0287500000000001
1984	-0.01875
1985	-0.0512499999999998
1986	-0.0362500000000001
1987	-0.0574999999999997
1988	-0.0337499999999998
1989	-0.07875
1990	-0.05375
1991	-0.08
1992	-0.1025
1993	-0.0637499999999998
1994	-0.0574999999999997
1995	-0.06625
1996	-0.1
1997	-0.055
1998	0.01125
1999	0.0475
2000	0.0437499999999998
2001	0.0150000000000001
2002	0.0249999999999999
2003	-0.00625000000000009
2004	-0.0512499999999999
2005	-0.0237499999999997
2006	-0.05
2007	-0.04375
2008	0.0675000000000002
2009	0.0812500000000002
2010	0.10875
2011	0.0999999999999999
2012	0.0962500000000002
2013	0.0612500000000001
2014	0.10875
2015	0.135
2016	0.0900000000000001
2017	0.0812499999999999
2018	0.0800000000000002
2019	0.0724999999999999
2020	0.0337500000000002
2021	0.0337500000000002
2022	0.01125
2023	0.0474999999999999
2024	0.0337500000000002
2025	-0.0387500000000001
2026	-0.0562500000000001
2027	-0.0524999999999999
2028	0.0112500000000001
2029	0.00875000000000004
2030	-0.0412499999999999
2031	-0.00499999999999989
2032	0.0175000000000002
2033	0.0175000000000002
2034	0.0362500000000001
2035	0.05625
2036	-0.00624999999999998
2037	-0.0437500000000002
2038	-0.05125
2039	-0.0874999999999998
2040	-0.1075
2041	-0.0862499999999998
2042	-0.0999999999999999
2043	-0.15
2044	-0.16125
2045	-0.1375
2046	-0.155
2047	-0.20375
2048	-0.1475
2049	-0.14125
2050	-0.14875
2051	-0.17625
2052	-0.1675
2053	-0.14125
2054	-0.12875
2055	-0.1225
2056	-0.13
2057	-0.0199999999999999
2058	-1.11022302462516e-16
2059	0.0437499999999998
2060	0.0362500000000001
2061	0.0500000000000002
2062	0.0862500000000002
2063	0.0725000000000001
2064	0.0712499999999999
2065	0.11375
2066	0.0675000000000002
2067	0.0725000000000001
2068	0.0800000000000002
2069	0.0949999999999999
2070	0.10875
2071	0.00249999999999995
2072	-0.00999999999999979
2073	-0.0399999999999998
2074	-0.0624999999999999
2075	-0.0574999999999997
2076	-0.06125
2077	-0.0387499999999998
2078	-0.00625000000000009
2079	0.03125
2080	0.00250000000000017
2081	0.0225000000000003
2082	0.0262500000000001
2083	0.0387500000000001
2084	0.00875000000000004
2085	-0.05375
2086	-0.0749999999999997
2087	-0.1325
2088	-0.0874999999999999
2089	-0.10125
2090	-0.1025
2091	-0.0687499999999999
2092	-0.0362499999999999
2093	-0.04375
2094	-0.04
2095	-0.0462499999999999
2096	-0.0387499999999998
2097	-0.0999999999999999
2098	-0.0899999999999999
2099	-0.0599999999999998
2100	-0.05125
2101	-0.18
2102	-0.1575
2103	-0.0174999999999998
2104	0.0362500000000001
2105	0.0762500000000003
2106	0.1025
2107	0.13375
2108	0.115
2109	0.10125
2110	0.1275
2111	0.14375
2112	0.13125
2113	0.0537499999999999
2114	0.0375
2115	0.0249999999999999
2116	0.0249999999999999
2117	0.0525000000000001
2118	0.0987500000000001
2119	0.16625
2120	0.175
2121	0.2075
2122	0.22875
2123	0.1975
2124	0.1875
2125	0.15875
2126	0.14625
2127	0.12875
2128	0.1
2129	0.1075
2130	0.0400000000000001
2131	0.00749999999999984
2132	-0.0225000000000002
2133	0.0374999999999998
2134	0.0624999999999999
2135	0.0499999999999999
2136	0.0749999999999998
2137	0.0887500000000001
2138	0.0624999999999999
2139	0.0725000000000001
2140	0.0624999999999999
2141	0.10375
2142	0.0812499999999999
2143	0.0175
2144	0.0312499999999999
2145	-0.0262499999999999
2146	-0.0262499999999999
2147	-0.0462499999999998
2148	-0.0350000000000001
2149	-0.0262499999999999
2150	-0.0799999999999997
2151	-0.13625
2152	-0.11875
2153	-0.1
2154	-0.12875
2155	-0.10375
2156	-0.0975
2157	-0.0875
2158	-0.1
2159	-0.10125
2160	-0.0875
2161	-0.1275
2162	-0.0337499999999999
2163	-0.00750000000000006
2164	0.0375000000000002
2165	0.11875
2166	0.0825000000000002
2167	0.09
2168	0.0725000000000001
2169	0.0237499999999999
2170	0.0275000000000001
2171	0.0687500000000001
2172	0.0825000000000002
2173	0.105
2174	0.0925000000000002
2175	0.0712499999999999
2176	0.0850000000000001
2177	0.11125
2178	0.0912500000000002
2179	0.1275
2180	0.0912500000000002
2181	0.15625
2182	0.20625
2183	0.25125
2184	0.2175
2185	0.22
2186	0.26375
2187	0.31125
2188	0.30375
2189	0.3025
2190	0.25125
2191	0.21625
2192	0.13875
2193	0.17625
2194	0.14625
2195	0.12
2196	0.165
2197	0.16375
2198	0.18
2199	0.11375
2200	0.0787500000000002
2201	0.0625000000000001
2202	0.0912500000000002
2203	0.04125
2204	0.04
2205	0.0225000000000001
2206	0.0412499999999999
2207	0.0737499999999999
2208	0.0412499999999999
2209	0.0637500000000001
2210	0.10625
2211	0.15625
2212	0.21375
2213	0.19
2214	0.1975
2215	0.20375
2216	0.19125
2217	0.1925
2218	0.19125
2219	0.1375
2220	0.20875
2221	0.2225
2222	0.2775
2223	0.25375
2224	0.35125
2225	0.3125
2226	0.3325
2227	0.3575
2228	0.40125
2229	0.42375
2230	0.4375
2231	0.47
2232	0.5375
2233	0.58
2234	0.5625
2235	0.63375
2236	0.67625
2237	0.69875
2238	0.65875
2239	0.64375
2240	0.62875
2241	0.60875
2242	0.5825
2243	0.59375
2244	0.61875
2245	0.6575
2246	0.65375
2247	0.635
2248	0.69125
2249	0.66375
2250	0.67625
2251	0.685
2252	0.735
2253	0.71125
2254	0.72125
2255	0.71375
2256	0.7075
2257	0.71125
2258	0.7075
2259	0.73875
2260	0.70875
2261	0.685
2262	0.6975
2263	0.71125
2264	0.74375
2265	0.73375
2266	0.78125
2267	0.75875
2268	0.7275
2269	0.6825
2270	0.68375
2271	0.675
2272	0.69125
2273	0.7
2274	0.72
2275	0.6875
2276	0.63125
2277	0.61625
2278	0.5875
2279	0.60375
2280	0.59625
2281	0.61125
2282	0.60875
2283	0.58625
2284	0.5725
2285	0.5675
2286	0.54625
2287	0.51625
2288	0.4425
2289	0.45125
2290	0.47
2291	0.4775
2292	0.4875
2293	0.51875
2294	0.4725
2295	0.4825
2296	0.44125
2297	0.4325
2298	0.43625
2299	0.45375
2300	0.37375
2301	0.37875
2302	0.39625
2303	0.39
2304	0.37625
2305	0.29125
2306	0.32875
2307	0.36125
2308	0.37875
2309	0.41625
2310	0.40375
2311	0.33625
2312	0.36875
2313	0.31375
2314	0.33
2315	0.325
2316	0.31375
2317	0.3075
2318	0.3375
2319	0.335
2320	0.39625
2321	0.39375
2322	0.4075
2323	0.37625
2324	0.38
2325	0.35125
2326	0.3
2327	0.26
2328	0.27
2329	0.27625
2330	0.3075
2331	0.26875
2332	0.275
2333	0.2875
2334	0.2925
2335	0.3025
2336	0.345
2337	0.44375
2338	0.47875
2339	0.4675
2340	0.43875
2341	0.46
2342	0.43625
2343	0.41375
2344	0.4075
2345	0.42
2346	0.39625
2347	0.3825
2348	0.3425
2349	0.35625
2350	0.33625
2351	0.4075
2352	0.38125
2353	0.39125
2354	0.385
2355	0.395
2356	0.34625
2357	0.29625
2358	0.2775
2359	0.33125
2360	0.24625
2361	0.22875
2362	0.185
2363	0.19625
2364	0.14
2365	0.0737500000000002
2366	0.0225
2367	-0.0699999999999998
2368	-0.11875
2369	-0.16125
2370	-0.24875
2371	-0.24875
2372	-0.22875
2373	-0.27625
2374	-0.31875
2375	-0.285
2376	-0.30375
2377	-0.32875
2378	-0.30625
2379	-0.29625
2380	-0.26625
2381	-0.28875
2382	-0.2625
2383	-0.24125
2384	-0.26125
2385	-0.29125
2386	-0.305
2387	-0.3075
2388	-0.2875
2389	-0.25875
2390	-0.24625
2391	-0.275
2392	-0.23875
2393	-0.2625
2394	-0.20375
2395	-0.21625
2396	-0.16375
2397	-0.12625
2398	-0.11875
2399	-0.05
2400	-0.0724999999999999
2401	-0.0112499999999998
2402	0.0237499999999999
2403	0.0262500000000002
2404	0.0212500000000001
2405	0.0412499999999999
2406	0.08
2407	0.0625000000000001
2408	0.0325000000000002
2409	0.0525000000000003
2410	0.0625000000000001
2411	0.0637500000000001
2412	0.05625
2413	0.0550000000000002
2414	0.1075
2415	0.12
2416	0.13375
2417	0.11375
2418	0.0999999999999999
2419	0.12
2420	0.1425
2421	0.18875
2422	0.19625
2423	0.23625
2424	0.285
2425	0.33625
2426	0.32
2427	0.29875
2428	0.28375
2429	0.315
2430	0.28625
2431	0.30125
2432	0.31625
2433	0.32125
2434	0.34625
2435	0.33625
2436	0.30875
2437	0.2475
2438	0.23125
2439	0.22125
2440	0.20375
2441	0.215
2442	0.235
2443	0.20625
2444	0.20625
2445	0.18125
2446	0.16625
2447	0.11
2448	0.11625
2449	0.16875
2450	0.13625
2451	0.05875
2452	0.0275000000000001
2453	0.01625
2454	-0.0125
2455	-0.0774999999999999
2456	-0.10375
2457	-0.10875
2458	-0.12625
2459	-0.12625
2460	-0.16875
2461	-0.2025
2462	-0.235
2463	-0.2675
2464	-0.31875
2465	-0.335
2466	-0.295
2467	-0.305
2468	-0.24375
2469	-0.255
2470	-0.2575
2471	-0.235
2472	-0.25125
2473	-0.2525
2474	-0.32875
2475	-0.32
2476	-0.2725
2477	-0.29125
2478	-0.31375
2479	-0.3225
2480	-0.355
2481	-0.3225
2482	-0.3325
2483	-0.28875
2484	-0.23625
2485	-0.23
2486	-0.23375
2487	-0.18625
2488	-0.17875
2489	-0.1825
2490	-0.11375
2491	-0.11375
2492	-0.0712499999999998
2493	-0.0724999999999998
2494	-0.0174999999999998
2495	0.0300000000000002
2496	0.12125
2497	0.1475
2498	0.11375
2499	0.0625
2500	0.125
2501	0.10625
2502	0.1225
2503	0.17375
2504	0.12625
2505	0.1875
2506	0.22625
2507	0.23
2508	0.18
2509	0.145
2510	0.1375
2511	0.1325
2512	0.0837500000000001
2513	0.04
2514	0.0425000000000002
2515	0.0975
2516	0.0999999999999999
2517	0.12375
2518	0.1625
2519	0.13125
2520	0.1
2521	0.11375
2522	0.0937499999999999
2523	0.11
2524	0.155
2525	0.14625
2526	0.14
2527	0.1525
2528	0.11375
2529	0.13625
2530	0.12875
2531	0.14
2532	0.02
2533	0.05125
2534	0.0825
2535	0.10625
2536	0.0412500000000001
2537	0.0262500000000001
2538	0.0462500000000002
2539	0.0237499999999999
2540	0.0650000000000003
2541	0.0437499999999998
2542	0.0612499999999999
2543	0.0425000000000001
2544	0.0725000000000001
2545	0.1275
2546	0.1
2547	0.06875
2548	0.0387500000000001
2549	-0.00249999999999984
2550	-0.01875
2551	-0.0787500000000001
2552	-0.0999999999999999
2553	-0.0824999999999998
2554	-0.11875
2555	-0.17625
2556	-0.19875
2557	-0.26
2558	-0.27
2559	-0.315
2560	-0.385
2561	-0.38875
2562	-0.415
2563	-0.3825
2564	-0.39125
2565	-0.38125
2566	-0.35625
2567	-0.41125
2568	-0.32625
2569	-0.37125
2570	-0.41625
2571	-0.40875
2572	-0.42125
2573	-0.4025
2574	-0.3675
2575	-0.38625
2576	-0.37875
2577	-0.34
2578	-0.29625
2579	-0.22125
2580	-0.19875
2581	-0.205
2582	-0.21375
2583	-0.1725
2584	-0.155
2585	-0.14875
2586	-0.0412499999999998
2587	0.0537500000000002
2588	0.0312500000000002
2589	0.0362499999999999
2590	0.0374999999999999
2591	0.0550000000000002
2592	0.14125
2593	0.1625
2594	0.15
2595	0.1625
2596	0.22
2597	0.25625
2598	0.2175
2599	0.19625
2600	0.18875
2601	0.155
2602	0.18875
2603	0.20625
2604	0.1975
2605	0.175
2606	0.165
2607	0.12625
2608	0.15625
2609	0.0987500000000001
2610	0.0625
2611	0.0625
2612	0.1075
2613	0.0912500000000002
2614	0.0225000000000002
2615	-0.0374999999999999
2616	-0.0474999999999999
2617	-0.075
2618	-0.0987499999999999
2619	-0.1175
2620	-0.0162499999999999
2621	0
2622	-0.0512499999999998
2623	-0.0800000000000001
2624	-0.0225
2625	0.01
2626	0.01875
2627	0.04375
2628	0.0550000000000002
2629	-0.0387499999999998
2630	-0.00624999999999987
2631	-0.0162499999999999
2632	-0.0349999999999999
2633	-0.0399999999999998
2634	-0.0549999999999999
2635	-0.0425
2636	-0.00249999999999972
2637	-0.00249999999999972
2638	-0.0449999999999997
2639	-0.0262499999999999
2640	0.0287500000000003
2641	0.06125
2642	0.10375
2643	0.0775000000000001
2644	0.0775000000000001
2645	0.0887500000000001
2646	0.17625
2647	0.23375
2648	0.25
2649	0.3225
2650	0.3275
2651	0.35125
2652	0.36125
2653	0.36125
2654	0.33625
2655	0.3175
2656	0.30875
2657	0.35
2658	0.3625
2659	0.30125
2660	0.28
2661	0.295
2662	0.25625
2663	0.23375
2664	0.27125
2665	0.30125
2666	0.33125
2667	0.3275
2668	0.31125
2669	0.33125
2670	0.325
2671	0.35125
2672	0.315
2673	0.3225
2674	0.30625
2675	0.355
2676	0.365
2677	0.3475
2678	0.32
2679	0.33
2680	0.31375
2681	0.255
2682	0.21125
2683	0.2275
2684	0.185
2685	0.15375
2686	0.19
2687	0.16
2688	0.19
2689	0.165
2690	0.1975
2691	0.2675
2692	0.22625
2693	0.20375
2694	0.1525
2695	0.0874999999999999
2696	0.105
2697	0.145
2698	0.17375
2699	0.13875
2700	0.0525000000000003
2701	-0.00124999999999997
2702	-0.05625
2703	-0.0587499999999999
2704	-0.0625000000000001
2705	-0.09375
2706	-0.07125
2707	-0.06875
2708	-0.0974999999999998
2709	-0.1125
2710	-0.0975
2711	-0.1325
2712	-0.1125
2713	-0.07125
2714	-0.0525000000000001
2715	-0.07125
2716	-0.07625
2717	-0.1375
2718	-0.1875
2719	-0.14625
2720	-0.1725
2721	-0.19625
2722	-0.16375
2723	-0.15375
2724	-0.20875
2725	-0.195
2726	-0.12125
2727	-0.0474999999999999
2728	-0.0774999999999999
2729	-0.0462499999999999
2730	-0.0499999999999999
2731	-0.04375
2732	-0.0162499999999999
2733	-0.02625
2734	-0.0237499999999999
2735	-0.0174999999999998
2736	-0.0287500000000001
2737	-0.00625000000000009
2738	0.00374999999999992
2739	0.00249999999999995
2740	-0.01
2741	0.02
2742	0.00374999999999992
2743	-0.0662499999999999
2744	-0.13
2745	-0.245
2746	-0.2975
2747	-0.32875
2748	-0.39125
2749	-0.27625
2750	-0.23125
2751	-0.22125
2752	-0.22
2753	-0.175
2754	-0.16375
2755	-0.18875
2756	-0.13625
2757	-0.14875
2758	-0.18375
2759	-0.25125
2760	-0.2025
2761	-0.1675
2762	-0.2175
2763	-0.1975
2764	-0.28
2765	-0.3075
2766	-0.3175
2767	-0.28625
2768	-0.25875
2769	-0.28375
2770	-0.3
2771	-0.28375
2772	-0.31625
2773	-0.345
2774	-0.395
2775	-0.3375
2776	-0.24
2777	-0.17375
2778	-0.14375
2779	-0.11875
2780	-0.0887499999999999
2781	-0.10875
2782	-0.11875
2783	-0.14125
2784	-0.0887499999999999
2785	-0.12375
2786	-0.11375
2787	-0.10375
2788	-0.16125
2789	-0.16375
2790	-0.235
2791	-0.14125
2792	-0.1675
2793	-0.14
2794	-0.2025
2795	-0.1825
2796	-0.12
2797	-0.13625
2798	-0.0574999999999999
2799	-0.0612499999999998
2800	-0.0862499999999999
2801	-0.0425
2802	0.0137500000000002
2803	0.0012500000000002
2804	0.0387500000000003
2805	0.0574999999999999
2806	0.0912500000000002
2807	0.145
2808	0.1125
2809	0.125
2810	0.0274999999999999
2811	0.02125
2812	0.0249999999999999
2813	-0.0174999999999998
2814	-0.00124999999999997
2815	0.0274999999999999
2816	-0.00249999999999995
2817	-0.0112499999999998
2818	-0.0162499999999999
2819	-0.0862499999999999
2820	-0.0724999999999998
2821	-0.0899999999999999
2822	-0.0399999999999998
2823	-0.05
2824	-0.0599999999999998
2825	-0.0649999999999997
2826	-0.0549999999999999
2827	-0.1
2828	-0.11625
2829	-0.0825
2830	-0.05375
2831	-0.0462499999999999
2832	0.0262500000000001
2833	-0.00749999999999984
2834	-0.05375
2835	-0.0687499999999999
2836	-0.17625
2837	-0.26625
2838	-0.36875
2839	-0.37625
2840	-0.40875
2841	-0.47125
2842	-0.525
2843	-0.63125
2844	-0.72875
2845	-0.7725
2846	-0.7625
2847	-0.765
2848	-0.75125
2849	-0.7075
2850	-0.73625
2851	-0.67375
2852	-0.61875
2853	-0.58375
2854	-0.615
2855	-0.61875
2856	-0.6525
2857	-0.675
2858	-0.6375
2859	-0.6325
2860	-0.62125
2861	-0.6425
2862	-0.61
2863	-0.66
2864	-0.65
2865	-0.665
2866	-0.58375
2867	-0.6
2868	-0.575
2869	-0.495
2870	-0.38875
2871	-0.35
2872	-0.26
2873	-0.115
2874	0.05125
2875	0.12375
2876	0.2325
2877	0.345
2878	0.28625
2879	0.2425
2880	0.25125
2881	0.23625
2882	0.26625
2883	0.2925
2884	0.27625
2885	0.305
2886	0.29125
2887	0.315
2888	0.30125
2889	0.27625
2890	0.2675
2891	0.25
2892	0.27
2893	0.31875
2894	0.26625
2895	0.28125
2896	0.24625
2897	0.2825
2898	0.25
2899	0.2725
2900	0.28
2901	0.27125
2902	0.26125
2903	0.25375
2904	0.1775
2905	0.12625
2906	0.11
2907	0.1125
2908	0.075
2909	0.0262500000000001
2910	0.0362499999999999
2911	0.0512500000000002
2912	0.0350000000000001
2913	-0.0387499999999998
2914	-0.0525
2915	-0.0587499999999999
2916	-0.0362499999999999
2917	-0.0274999999999999
2918	0.0150000000000001
2919	0.0250000000000001
2920	0.00875000000000026
2921	0.0350000000000001
2922	0.0587500000000001
2923	0.08125
2924	0.0987500000000003
2925	0.0687500000000001
2926	0.0987500000000003
2927	0.05125
2928	0.0462500000000001
2929	0.05
2930	0.07375
2931	0.115
2932	0.125
2933	0.11625
2934	0.14625
2935	0.175
2936	0.31125
2937	0.3675
2938	0.35625
2939	0.4075
2940	0.4375
2941	0.42
2942	0.45
2943	0.4575
2944	0.47125
2945	0.515
2946	0.55125
2947	0.5325
2948	0.53625
2949	0.565
2950	0.55125
2951	0.5725
2952	0.56
2953	0.56
2954	0.57875
2955	0.59375
2956	0.64875
2957	0.675
2958	0.71
2959	0.74625
2960	0.675
2961	0.64875
2962	0.5975
2963	0.63125
2964	0.64375
2965	0.65125
2966	0.6875
2967	0.69
2968	0.67875
2969	0.64625
2970	0.6275
2971	0.56
2972	0.5
2973	0.425
2974	0.44125
2975	0.3675
2976	0.4025
2977	0.39375
2978	0.41875
2979	0.435
2980	0.4375
2981	0.44125
2982	0.48375
2983	0.4775
2984	0.42875
2985	0.40125
2986	0.40125
2987	0.4075
2988	0.44
2989	0.46
2990	0.4475
2991	0.5
2992	0.565
2993	0.55875
2994	0.52375
2995	0.54125
2996	0.54375
2997	0.515
2998	0.535
2999	0.555
3000	0.585
3001	0.625
3002	0.59625
3003	0.60125
3004	0.62125
3005	0.70625
3006	0.73125
3007	0.75125
3008	0.7825
3009	0.79375
3010	0.79125
3011	0.765
3012	0.7725
3013	0.73375
3014	0.7025
3015	0.72125
3016	0.75125
3017	0.8225
3018	0.8
3019	0.8225
3020	0.82875
3021	0.815
3022	0.80125
3023	0.76375
3024	0.73875
3025	0.76625
3026	0.7575
3027	0.71875
3028	0.64875
3029	0.675
3030	0.7
3031	0.685
3032	0.69375
3033	0.70125
3034	0.70125
3035	0.66625
3036	0.6425
3037	0.6
3038	0.5675
3039	0.60625
3040	0.5975
3041	0.59375
3042	0.55875
3043	0.585
3044	0.53125
3045	0.57875
3046	0.55875
3047	0.59375
3048	0.5875
3049	0.5675
3050	0.59375
3051	0.60375
3052	0.63125
3053	0.58625
3054	0.57375
3055	0.55125
3056	0.5675
3057	0.56625
3058	0.58125
3059	0.61625
3060	0.6125
3061	0.6
3062	0.60625
3063	0.5875
3064	0.6125
3065	0.6175
3066	0.6175
3067	0.60125
3068	0.54875
3069	0.53125
3070	0.52125
3071	0.505
3072	0.53375
3073	0.5525
3074	0.55875
3075	0.51
3076	0.49
3077	0.44375
3078	0.44
3079	0.42125
3080	0.37625
3081	0.35125
3082	0.35125
3083	0.2925
3084	0.3375
3085	0.35125
3086	0.36875
3087	0.315
3088	0.27375
3089	0.25
3090	0.275
3091	0.3125
3092	0.33875
3093	0.345
3094	0.325
3095	0.30875
3096	0.30375
3097	0.30125
3098	0.32
3099	0.37125
3100	0.3675
3101	0.36
3102	0.36875
3103	0.3975
3104	0.3975
3105	0.41375
3106	0.4325
3107	0.45875
3108	0.44125
3109	0.49125
3110	0.505
3111	0.5575
3112	0.63875
3113	0.6275
3114	0.605
3115	0.5675
3116	0.59875
3117	0.61875
3118	0.6375
3119	0.63125
3120	0.61625
3121	0.60125
3122	0.64625
3123	0.675
3124	0.6625
3125	0.65
3126	0.6375
3127	0.6125
3128	0.6125
3129	0.59375
3130	0.58125
3131	0.60375
3132	0.61125
3133	0.63625
3134	0.6425
3135	0.62625
3136	0.62125
3137	0.63375
3138	0.65625
3139	0.6975
3140	0.71375
3141	0.71125
3142	0.7275
3143	0.73
3144	0.7625
3145	0.76
3146	0.795
3147	0.825
3148	0.7675
3149	0.75375
3150	0.79125
3151	0.80125
3152	0.75375
3153	0.8425
3154	0.81375
3155	0.82625
3156	0.85875
3157	0.8425
3158	0.80125
3159	0.80875
3160	0.79875
3161	0.79125
3162	0.8075
3163	0.75125
3164	0.73875
3165	0.735
3166	0.69375
3167	0.67125
3168	0.7225
3169	0.71
3170	0.71
3171	0.70125
3172	0.685
3173	0.6575
3174	0.61875
3175	0.605
3176	0.57625
3177	0.59875
3178	0.595
3179	0.545
3180	0.53875
3181	0.485
3182	0.45
3183	0.40125
3184	0.41
3185	0.41625
3186	0.3525
3187	0.3575
3188	0.35375
3189	0.37625
3190	0.39875
3191	0.3925
3192	0.38625
3193	0.40875
3194	0.415
3195	0.49375
3196	0.50875
3197	0.555
3198	0.545
3199	0.545
3200	0.5675
3201	0.555
3202	0.5225
3203	0.5175
3204	0.49875
3205	0.5225
3206	0.49375
3207	0.48
3208	0.5075
3209	0.5625
3210	0.59125
3211	0.63625
3212	0.6775
3213	0.63625
3214	0.565
3215	0.55
3216	0.5525
3217	0.5575
3218	0.59
3219	0.61875
3220	0.60375
3221	0.615
3222	0.6275
3223	0.5925
3224	0.58375
3225	0.57375
3226	0.555
3227	0.52875
3228	0.51625
3229	0.51
3230	0.54375
3231	0.56
3232	0.55
3233	0.54375
3234	0.53125
3235	0.52125
3236	0.53375
3237	0.54375
3238	0.5625
3239	0.56375
3240	0.58
3241	0.5675
3242	0.55625
3243	0.57
3244	0.51875
3245	0.4875
3246	0.4825
3247	0.47625
3248	0.4575
3249	0.46125
3250	0.49625
3251	0.47
3252	0.44375
3253	0.445
3254	0.43625
3255	0.405
3256	0.35125
3257	0.32375
3258	0.31625
3259	0.29875
3260	0.29875
3261	0.2825
3262	0.2825
3263	0.345
3264	0.315
3265	0.28
3266	0.24125
3267	0.21875
3268	0.20625
3269	0.1475
3270	0.15
3271	0.0675
3272	0.0687500000000001
3273	0.0549999999999999
3274	0.0750000000000001
3275	0.0150000000000001
3276	-0.0499999999999999
3277	-0.0399999999999998
3278	-0.01875
3279	-0.0287500000000001
3280	-0.0212499999999999
3281	-0.00249999999999984
3282	-0.00625000000000009
3283	0.0237499999999999
3284	0.0362500000000001
3285	0.0475000000000002
3286	0.0575000000000001
3287	0.1575
3288	0.21
3289	0.19375
3290	0.19
3291	0.22125
3292	0.22125
3293	0.2525
3294	0.2725
3295	0.27875
3296	0.36875
3297	0.36375
3298	0.4225
3299	0.40875
3300	0.39875
3301	0.4575
3302	0.4725
3303	0.56
3304	0.51375
3305	0.5
3306	0.3875
3307	0.44625
3308	0.48625
3309	0.47125
3310	0.46125
3311	0.4275
3312	0.39625
3313	0.4
3314	0.3725
3315	0.34625
3316	0.31625
3317	0.29375
3318	0.18625
3319	0.15375
3320	0.0499999999999998
3321	0.00250000000000017
3322	-0.0225
3323	-0.1925
3324	-0.31375
3325	-0.295
3326	-0.34
3327	-0.35875
3328	-0.37875
3329	-0.42625
3330	-0.47125
3331	-0.46375
3332	-0.49375
3333	-0.50125
3334	-0.53625
3335	-0.52375
3336	-0.50375
3337	-0.4825
3338	-0.36875
3339	-0.415
3340	-0.3825
3341	-0.4325
3342	-0.38125
3343	-0.305
3344	-0.24625
3345	-0.225
3346	-0.24125
3347	-0.225
3348	-0.215
3349	-0.23375
3350	-0.1375
3351	-0.13125
3352	0.00750000000000006
3353	0.0400000000000001
3354	0.0437499999999998
3355	0.12125
3356	0.1975
3357	0.15875
3358	0.18375
3359	0.19
3360	0.22125
3361	0.19875
3362	0.17875
3363	0.1625
3364	0.1625
3365	0.18375
3366	0.16
3367	-0.03875
3368	-0.04375
3369	-0.0837499999999998
3370	-0.125
3371	-0.2
3372	-0.22625
3373	-0.1975
3374	-0.1725
3375	-0.15
3376	-0.14625
3377	-0.12125
3378	-0.14
3379	-0.18
3380	-0.14375
3381	-0.12375
3382	-0.10125
3383	-0.1375
3384	-0.22375
3385	-0.295
3386	-0.385
3387	-0.365
3388	-0.375
3389	-0.37
3390	-0.36375
3391	-0.365
3392	-0.345
3393	-0.36375
3394	-0.37875
3395	-0.40125
3396	-0.4725
3397	-0.415
3398	-0.36625
3399	-0.15125
3400	-0.0899999999999999
3401	-0.0962499999999999
3402	-0.0699999999999998
3403	-0.00874999999999981
3404	-0.0137499999999999
3405	0.01
3406	0.0262500000000001
3407	0.0162500000000001
3408	0.02
3409	0.04
3410	-0.00124999999999975
3411	-0.00749999999999962
3412	-0.0249999999999999
3413	-0.04375
3414	-0.04
3415	-0.01
3416	0.0349999999999999
3417	0.1725
3418	0.18625
3419	0.165
3420	0.1675
3421	0.1825
3422	0.1125
3423	0.0725000000000001
3424	0.0475000000000002
3425	0.0150000000000001
3426	0.02
3427	0.0125000000000002
3428	0.0225000000000003
3429	-0.0149999999999999
3430	-0.0687499999999999
3431	-0.0637499999999998
3432	-0.0487499999999998
3433	-0.11375
3434	-0.11
3435	-0.115
3436	-0.17125
3437	-0.225
3438	-0.24875
3439	-0.265
3440	-0.22875
3441	-0.25125
3442	-0.2375
3443	-0.24125
3444	-0.225
3445	-0.2725
3446	-0.26
3447	-0.28625
3448	-0.3
3449	-0.3625
3450	-0.26375
3451	-0.275
3452	-0.24375
3453	-0.28375
3454	-0.17875
3455	-0.14375
3456	-0.17
3457	-0.2075
3458	-0.21125
3459	-0.22
3460	-0.16875
3461	-0.11875
3462	-0.0625
3463	-0.0362500000000001
3464	-0.05375
3465	0.0262500000000002
3466	0
3467	0.00624999999999998
3468	-0.0224999999999997
3469	0.00875000000000004
3470	0.0325000000000001
3471	0.0512500000000001
3472	0.1025
3473	0.0612500000000001
3474	0.045
3475	0.11125
3476	0.0749999999999998
3477	0.1825
3478	0.17625
3479	0.2
3480	0.22375
3481	0.25125
3482	0.25125
3483	0.26125
3484	0.2725
3485	0.285
3486	0.21375
3487	0.1425
3488	0.12625
3489	0.10375
3490	0.0675
3491	0.0612500000000001
3492	0.0637500000000001
3493	0.0462500000000001
3494	0.02375
3495	0.0412500000000002
3496	0.0062500000000002
3497	-0.0299999999999998
3498	0.0125000000000002
3499	0.0175
3500	0.0650000000000001
3501	0.0574999999999999
3502	0.0625000000000001
3503	0.0300000000000001
3504	0.0125000000000001
3505	-0.00750000000000006
3506	-0.0125
3507	-0.06625
3508	-0.09875
3509	-0.1425
3510	-0.14375
3511	-0.16875
3512	-0.1975
3513	-0.24625
3514	-0.23
3515	-0.22625
3516	-0.22375
3517	-0.2225
3518	-0.2025
3519	-0.0562500000000001
3520	-0.0274999999999999
3521	0.0125000000000002
3522	0.0450000000000002
3523	0.0800000000000001
3524	0.05125
3525	0
3526	0.00374999999999992
3527	-0.0287499999999998
3528	-0.0187499999999998
3529	-0.0449999999999999
3530	-0.095
3531	-0.11125
3532	-0.10875
3533	-0.0687499999999999
3534	-0.0274999999999999
3535	-0.0112499999999998
3536	0.0112500000000002
3537	0.00875000000000026
3538	0.0162500000000001
3539	0.0574999999999999
3540	0.0525
3541	0.08125
3542	0.0975
3543	0.10375
3544	0.18875
3545	0.2475
3546	0.2475
3547	0.22875
3548	0.22625
3549	0.21875
3550	0.2525
3551	0.235
3552	0.25125
3553	0.26
3554	0.22375
3555	0.18
3556	0.11875
3557	0.215
3558	0.22625
3559	0.265
3560	0.225
3561	0.23
3562	0.26625
3563	0.25625
3564	0.2625
3565	0.22625
3566	0.22625
3567	0.2
3568	0.2225
3569	0.1925
3570	0.17875
3571	0.115
3572	0.06375
3573	0.06375
3574	0.0762500000000002
3575	0.12375
3576	0.145
3577	0.1275
3578	0.0725
3579	0.0287500000000003
3580	-0.00124999999999975
3581	0.0375000000000001
3582	-0.0487499999999998
3583	-0.0725
3584	-0.0925
3585	-0.1275
3586	-0.14625
3587	-0.16375
3588	-0.13
3589	-0.1075
3590	-0.1375
3591	-0.1275
3592	-0.095
3593	-0.125
3594	-0.14875
3595	-0.1925
3596	-0.30625
3597	-0.3075
3598	-0.2875
3599	-0.26375
3600	-0.305
3601	-0.2075
3602	-0.17
3603	-0.11
3604	-0.0925
3605	-0.0425
3606	-0.1225
3607	-0.135
3608	-0.11625
3609	-0.13875
3610	-0.1475
3611	-0.04375
3612	-0.0649999999999999
3613	-0.0862499999999999
3614	-0.0462499999999999
3615	-0.0274999999999999
3616	-0.0462500000000001
3617	-0.08375
3618	-0.0512499999999998
3619	-0.06625
3620	-0.0474999999999999
3621	-0.12125
3622	-0.1225
3623	-0.185
3624	-0.17125
3625	-0.1575
3626	-0.12125
3627	-0.0750000000000001
3628	0.0450000000000002
3629	0.0825000000000002
3630	0.0762500000000002
3631	-0.00374999999999981
3632	-0.0199999999999999
3633	-0.0712499999999998
3634	-0.0824999999999997
3635	-0.10875
3636	-0.13875
3637	-0.155
3638	-0.1225
3639	-0.0762499999999998
3640	-0.06875
3641	-0.0762499999999998
3642	-0.0624999999999999
3643	-0.1825
3644	-0.19375
3645	-0.19125
3646	-0.1925
3647	-0.21875
3648	-0.2725
3649	-0.28625
3650	-0.305
3651	-0.28875
3652	-0.305
3653	-0.21125
3654	-0.2425
3655	-0.215
3656	-0.2375
3657	-0.2375
3658	-0.2275
3659	-0.2375
3660	-0.3
3661	-0.36
3662	-0.42125
3663	-0.42
3664	-0.415
3665	-0.51125
3666	-0.62875
3667	-0.6825
3668	-0.68375
3669	-0.955
3670	-0.9975
3671	-1.09
3672	-1.1375
3673	-1.15625
3674	-1.17875
3675	-1.1225
3676	-1.13625
3677	-1.17125
3678	-1.1425
3679	-1.1025
3680	-1.05875
3681	-1.05875
3682	-1.045
3683	-1.05125
3684	-1.01625
3685	-1.01625
3686	-0.9575
3687	-0.95125
3688	-0.90625
3689	-0.92125
3690	-0.905
3691	-0.83375
3692	-0.83
3693	-0.75375
3694	-0.68
3695	-0.59375
3696	-0.5125
3697	-0.435
3698	-0.27875
3699	-0.22875
3700	-0.21375
3701	0.04625
3702	0.0837499999999999
3703	0.17
3704	0.1675
3705	0.2375
3706	0.22
3707	0.18125
3708	0.175
3709	0.23875
3710	0.29125
3711	0.25625
3712	0.28875
3713	0.325
3714	0.30375
3715	0.29375
3716	0.31625
3717	0.335
3718	0.35375
3719	0.36625
3720	0.33875
3721	0.36375
3722	0.315
3723	0.32
3724	0.355
3725	0.345
3726	0.33125
3727	0.27375
3728	0.28625
3729	0.26
3730	0.24375
3731	0.26125
3732	0.23875
3733	0.2325
3734	0.15375
3735	0.18
3736	0.1975
3737	0.23
3738	0.25625
3739	0.29375
3740	0.32375
3741	0.25375
3742	0.225
3743	0.1
3744	0.0387500000000001
3745	-0.0650000000000001
3746	-0.0787500000000001
3747	-0.2025
3748	-0.29625
3749	-0.38625
3750	-0.4475
3751	-0.45
3752	-0.44375
3753	-0.46625
3754	-0.475
3755	-0.47
3756	-0.5125
3757	-0.55625
3758	-0.535
3759	-0.55125
3760	-0.5425
3761	-0.50875
3762	-0.555
3763	-0.5325
3764	-0.57125
3765	-0.575
3766	-0.53625
3767	-0.53125
3768	-0.49875
3769	-0.4925
3770	-0.5575
3771	-0.54375
3772	-0.56125
3773	-0.5875
3774	-0.69125
3775	-0.64125
3776	-0.5775
3777	-0.53125
3778	-0.49875
3779	-0.395
3780	-0.33875
3781	-0.24875
3782	-0.21625
3783	-0.21125
3784	-0.23625
3785	-0.1875
3786	-0.21375
3787	-0.305
3788	-0.32125
3789	-0.29875
3790	-0.27625
3791	-0.2675
3792	-0.265
3793	-0.27375
3794	-0.31875
3795	-0.37
3796	-0.3525
3797	-0.3
3798	-0.25125
3799	-0.2225
3800	-0.22
3801	-0.2175
3802	-0.19375
3803	-0.23375
3804	-0.2125
3805	-0.2225
3806	-0.14375
3807	-0.0649999999999997
3808	-0.0487499999999998
3809	-0.0449999999999999
3810	-0.0149999999999999
3811	0.00500000000000034
3812	0.0575000000000001
3813	0.1275
3814	0.14375
3815	0.13125
3816	0.1475
3817	0.105
3818	0.12625
3819	0.195
3820	0.22
3821	0.19125
3822	0.2275
3823	0.27
3824	0.26875
3825	0.28625
3826	0.29375
3827	0.3
3828	0.25875
3829	0.2625
3830	0.2875
3831	0.27375
3832	0.285
3833	0.26375
3834	0.25625
3835	0.27375
3836	0.26125
3837	0.32125
3838	0.3625
3839	0.325
3840	0.31375
3841	0.33375
3842	0.33
3843	0.35125
3844	0.33875
3845	0.33875
3846	0.33875
3847	0.37375
3848	0.38375
3849	0.3625
3850	0.32875
3851	0.32875
3852	0.315
3853	0.36875
3854	0.34625
3855	0.2675
3856	0.265
3857	0.27375
3858	0.29375
3859	0.24875
3860	0.22875
3861	0.235
3862	0.15875
3863	0.12875
3864	0.13125
3865	0.1575
3866	0.1475
3867	0.18625
3868	0.105
3869	0.0600000000000001
3870	0.0425000000000001
3871	0.05375
3872	0.0937500000000001
3873	0.0775
3874	0.0862500000000002
3875	0.0737500000000001
3876	0.0524999999999999
3877	0.0912500000000002
3878	0.055
3879	0.0712499999999999
3880	0.0637500000000001
3881	0.0500000000000002
3882	0.04875
3883	-0.03625
3884	-0.0675
3885	-0.0987499999999999
3886	-0.0675
3887	-0.00124999999999997
3888	0.0337499999999999
3889	-0.00624999999999987
3890	0.0524999999999999
3891	0.1075
3892	0.115
3893	0.0750000000000001
3894	0.14125
3895	0.21625
3896	0.25
3897	0.26125
3898	0.25875
3899	0.22875
3900	0.2425
3901	0.3125
3902	0.325
3903	0.295
3904	0.29875
3905	0.31875
3906	0.29875
3907	0.27125
3908	0.235
3909	0.13875
3910	0.16875
3911	0.1375
3912	0.165
3913	0.1525
3914	0.11
3915	0.15
3916	0.0499999999999999
3917	0.0450000000000002
3918	0.0225000000000003
3919	0.0112500000000002
3920	0.00374999999999992
3921	0
3922	-0.0949999999999998
3923	-0.11875
3924	-0.16875
3925	-0.10625
3926	-0.06375
3927	-0.06375
3928	-0.0712499999999998
3929	-0.0487499999999998
3930	-0.05
3931	-0.075
3932	-0.0887499999999999
3933	-0.27
3934	-0.29125
3935	-0.34125
3936	-0.35875
3937	-0.40375
3938	-0.43875
3939	-0.43875
3940	-0.39625
3941	-0.35875
3942	-0.385
3943	-0.3825
3944	-0.32125
3945	-0.29375
3946	-0.3225
3947	-0.36375
3948	-0.34875
3949	-0.325
3950	-0.335
3951	-0.295
3952	-0.30125
3953	-0.33
3954	-0.30625
3955	-0.325
3956	-0.31875
3957	-0.42125
3958	-0.41375
3959	-0.4975
3960	-0.64
3961	-0.79375
3962	-0.865
3963	-0.94625
3964	-0.99
3965	-0.86125
3966	-0.86625
3967	-0.82875
3968	-0.87375
3969	-0.81125
3970	-0.81
3971	-0.81875
3972	-0.83125
3973	-0.85875
3974	-0.85875
3975	-0.83375
3976	-0.8275
3977	-0.795
3978	-0.75875
3979	-0.75875
3980	-0.7625
3981	-0.83
3982	-0.8175
3983	-0.86375
3984	-0.83125
3985	-0.80125
3986	-0.7675
3987	-0.77
3988	-0.7425
3989	-0.65125
3990	-0.63125
3991	-0.55375
3992	-0.385
3993	-0.2575
3994	-0.2325
3995	-0.11375
3996	-0.06625
3997	-0.07625
3998	-0.0424999999999999
3999	-0.0575
4000	-0.10375
4001	-0.19125
4002	-0.195
4003	-0.19
4004	-0.195
4005	-0.2575
4006	-0.265
4007	-0.3175
4008	-0.32375
4009	-0.315
4010	-0.29125
4011	-0.2425
4012	-0.2325
4013	-0.235
4014	-0.21875
4015	-0.2075
4016	-0.25125
4017	-0.35
4018	-0.3725
4019	-0.38
4020	-0.4225
4021	-0.48625
4022	-0.52
4023	-0.4925
4024	-0.49125
4025	-0.4725
4026	-0.525
4027	-0.51125
4028	-0.5075
4029	-0.4675
4030	-0.44625
4031	-0.43875
4032	-0.34125
4033	-0.3325
4034	-0.295
4035	-0.2875
4036	-0.29875
4037	-0.23875
4038	-0.24125
4039	-0.19875
4040	-0.2075
4041	-0.185
4042	-0.20625
4043	-0.17875
4044	-0.1725
4045	-0.16125
4046	-0.16125
4047	-0.17125
4048	-0.135
4049	-0.10875
4050	-0.165
4051	-0.11
4052	-0.0699999999999998
4053	0.0525
4054	0.11125
4055	0.11375
4056	0.09375
4057	0.0187500000000003
4058	-0.0374999999999999
4059	-0.0337499999999999
4060	-0.0337499999999999
4061	-0.0700000000000001
4062	-0.0600000000000001
4063	-0.0187499999999998
4064	-0.0525
4065	0.0162500000000001
4066	-0.0412499999999998
4067	-0.0574999999999999
4068	-0.07375
4069	-0.09375
4070	-0.11875
4071	-0.13875
4072	-0.1875
4073	-0.195
4074	-0.2125
4075	-0.21875
4076	-0.28125
4077	-0.29625
4078	-0.345
4079	-0.39375
4080	-0.34875
4081	-0.37625
4082	-0.31375
4083	-0.325
4084	-0.38375
4085	-0.39
4086	-0.39375
4087	-0.40625
4088	-0.39625
4089	-0.38625
4090	-0.31625
4091	-0.3825
4092	-0.42625
4093	-0.42
4094	-0.38875
4095	-0.455
4096	-0.42875
4097	-0.4675
4098	-0.395
4099	-0.42375
4100	-0.41125
4101	-0.4875
4102	-0.44875
4103	-0.4325
4104	-0.38
4105	-0.3625
4106	-0.275
4107	-0.265
4108	-0.2425
4109	-0.20625
4110	-0.19
4111	-0.2025
4112	-0.24625
4113	-0.1875
4114	-0.1825
4115	-0.21125
4116	-0.1975
4117	-0.225
4118	-0.2825
4119	-0.25625
4120	-0.18625
4121	-0.2
4122	-0.20625
4123	-0.1675
4124	-0.12375
4125	-0.11
4126	-0.0874999999999999
4127	-0.07375
4128	-0.0625
4129	-0.0425
4130	-0.08375
4131	-0.0312499999999998
4132	-0.0374999999999999
4133	0.00375000000000014
4134	-0.0125
4135	0.00375000000000014
4136	0.00250000000000017
4137	0.0250000000000001
4138	0.00875000000000026
4139	0.00625000000000009
4140	0.0375000000000001
4141	0.0312500000000002
4142	-0.00374999999999992
4143	0.0150000000000001
4144	0.0462499999999999
4145	0.0325000000000002
4146	0.0512500000000002
4147	0.075
4148	0.12375
4149	0.10125
4150	0.1325
4151	0.11625
4152	0.10375
4153	0.0912500000000002
4154	0.0725000000000001
4155	0.0625
4156	0.04375
4157	0.0687500000000001
4158	0.01875
4159	0.0275000000000001
4160	0.06375
4161	0.0362500000000003
4162	0.0487500000000003
4163	0.0225
4164	-0.01875
4165	0.0275000000000001
4166	0.0349999999999999
4167	0.00625000000000009
4168	0.01
4169	0.0262500000000001
4170	0.0125
4171	-0.0349999999999999
4172	-0.01
4173	0.00875000000000026
4174	-0.0225
4175	0.0137500000000002
4176	-0.0162499999999999
4177	-0.00749999999999984
4178	-0.0112499999999998
4179	-0.0274999999999999
4180	-0.05375
4181	-0.0387499999999998
4182	-0.0637499999999998
4183	-0.0962499999999999
4184	-0.0824999999999998
4185	-0.135
4186	-0.15125
4187	-0.1425
4188	-0.145
4189	-0.125
4190	-0.1275
4191	-0.1725
4192	-0.1975
4193	-0.18125
4194	-0.1625
4195	-0.15625
4196	-0.1175
4197	-0.125
4198	-0.1425
4199	-0.13125
4200	-0.1775
4201	-0.16
4202	-0.1875
4203	-0.15125
4204	-0.15875
4205	-0.24375
4206	-0.22875
4207	-0.255
4208	-0.32375
4209	-0.34625
4210	-0.31375
4211	-0.31875
4212	-0.2775
4213	-0.25375
4214	-0.24
4215	-0.2325
4216	-0.2475
4217	-0.19125
4218	-0.1575
4219	-0.1075
4220	-0.1025
4221	-0.0812499999999998
4222	-0.0487499999999998
4223	0.0462499999999999
4224	0.04375
4225	0.0475000000000001
4226	0.0450000000000002
4227	-0.0137499999999999
4228	-0.0362499999999999
4229	-0.01
4230	0.0174999999999998
4231	-0.00249999999999995
4232	0.0337499999999999
4233	0.0237499999999999
4234	0.0262500000000001
4235	-0.0112499999999998
4236	-0.0112499999999998
4237	0.00750000000000006
4238	0.02125
4239	0.00124999999999997
4240	0.0850000000000001
4241	0.11375
4242	0.0912499999999999
4243	0.03
4244	0.05
4245	0.0362500000000003
4246	0.0287500000000001
4247	0.0374999999999999
4248	0.0225
4249	0.0487500000000003
4250	0.05375
4251	0.0925000000000002
4252	0.0800000000000001
4253	0.0562499999999999
4254	0.0487500000000001
4255	0.01
4256	-0.0125
4257	-0.0149999999999999
4258	-0.0112499999999998
4259	0.0262500000000001
4260	0.11125
4261	0.0149999999999999
4262	0.00375000000000014
4263	0.0399999999999998
4264	0.0649999999999999
4265	0.1125
4266	0.14
4267	0.165
4268	0.15625
4269	0.14625
4270	0.16
4271	0.20625
4272	0.2
4273	0.18125
4274	0.21625
4275	0.24375
4276	0.28375
4277	0.23875
4278	0.26875
4279	0.23875
4280	0.18875
4281	0.15625
4282	0.1525
4283	0.12875
4284	0.14
4285	0.13125
4286	0.09875
4287	0.0925000000000001
4288	0.09
4289	0.1175
4290	0.10625
4291	0.0599999999999999
4292	0.0412499999999999
4293	0.0712499999999999
4294	0.0612499999999999
4295	0.1025
4296	0.0525000000000001
4297	-0.025
4298	-0.0874999999999999
4299	-0.10125
4300	-0.13875
4301	-0.1775
4302	-0.19125
4303	-0.23625
4304	-0.24625
4305	-0.2225
4306	-0.22375
4307	-0.21875
4308	-0.235
4309	-0.18375
4310	-0.2225
4311	-0.20625
4312	-0.18375
4313	-0.14875
4314	-0.1625
4315	-0.11
4316	-0.11375
4317	-0.13
4318	-0.14875
4319	-0.14875
4320	-0.1525
4321	-0.1475
4322	-0.125
4323	-0.10875
4324	-0.0899999999999999
4325	-0.1325
4326	-0.13625
4327	-0.12875
4328	-0.13875
4329	-0.0425
4330	0.0275000000000002
4331	0.0125000000000001
4332	0.0125000000000001
4333	0
4334	0.0525000000000001
4335	0.0450000000000002
4336	0.0375
4337	0.0237499999999999
4338	0.07875
4339	0.09875
4340	0.1125
4341	0.145
4342	0.13
4343	0.17
4344	0.12875
4345	0.0975
4346	0.17
4347	0.14375
4348	0.13125
4349	0.175
4350	0.2025
4351	0.2525
4352	0.25
4353	0.2625
4354	0.30125
4355	0.3375
4356	0.2875
4357	0.32125
4358	0.2925
4359	0.25375
4360	0.26375
4361	0.29625
4362	0.25375
4363	0.23
4364	0.23625
4365	0.22125
4366	0.175
4367	0.20125
4368	0.215
4369	0.24
4370	0.1375
4371	0.1025
4372	0.0975
4373	0.0550000000000002
4374	0.0262500000000001
4375	0.0162500000000002
4376	0.0287500000000002
4377	-0.00749999999999962
4378	-0.00374999999999992
4379	-0.0587499999999999
4380	-0.145
4381	-0.18875
4382	-0.18
4383	-0.17125
4384	-0.18125
4385	-0.22125
4386	-0.24125
4387	-0.30125
4388	-0.28125
4389	-0.29125
4390	-0.34625
4391	-0.35625
4392	-0.37625
4393	-0.395
4394	-0.31625
4395	-0.2925
4396	-0.31875
4397	-0.2925
4398	-0.24
4399	-0.22125
4400	-0.245
4401	-0.18125
4402	-0.0925
4403	-0.115
4404	-0.13375
4405	-0.16875
4406	-0.14
4407	-0.18375
4408	-0.13125
4409	-0.1375
4410	-0.14
4411	-0.17125
4412	-0.0825
4413	-0.0987499999999999
4414	-0.10375
4415	-0.10375
4416	-0.0674999999999999
4417	0.00750000000000006
4418	-0.0137499999999999
4419	-0.00750000000000006
4420	0.0262500000000001
4421	0.04
4422	0.0775000000000002
4423	0.12
4424	0.1175
4425	0.0650000000000003
4426	0.0712500000000001
4427	0.0812499999999999
4428	0.11125
4429	0.0950000000000003
4430	0.0337500000000001
4431	0.06625
4432	0.10125
4433	0.0912499999999999
4434	0.0262500000000001
4435	0.0162500000000002
4436	0.00750000000000006
4437	-0.0162499999999999
4438	-0.045
4439	-0.00499999999999989
4440	0.0149999999999999
4441	0.00499999999999989
4442	0.0012500000000002
4443	0.10375
4444	0.0787500000000002
4445	0.10375
4446	0.055
4447	0.0837499999999999
4448	0.0187500000000002
4449	0.0200000000000002
4450	0.0237499999999999
4451	-0.00249999999999995
4452	-0.0712499999999998
4453	-0.0862499999999999
4454	-0.10375
4455	-0.11
4456	-0.0899999999999999
4457	-0.0875
4458	-0.14625
4459	-0.1775
4460	-0.1925
4461	-0.17
4462	-0.195
4463	-0.21875
4464	-0.20625
4465	-0.20875
4466	-0.1725
4467	-0.1525
4468	-0.29375
4469	-0.44
4470	-0.54875
4471	-0.60375
4472	-0.63
4473	-0.67375
4474	-0.685
4475	-0.7325
4476	-0.75625
4477	-0.7425
4478	-0.80125
4479	-0.75875
4480	-0.75125
4481	-0.7725
4482	-0.79
4483	-0.82875
4484	-0.76625
4485	-0.8075
4486	-0.835
4487	-0.83625
4488	-0.87375
4489	-0.84125
4490	-0.775
4491	-0.74875
4492	-0.72
4493	-0.80125
4494	-0.7225
4495	-0.71
4496	-0.7125
4497	-0.69875
4498	-0.71125
4499	-0.6925
4500	-0.57875
4501	-0.46875
4502	-0.4025
4503	-0.3275
4504	-0.22875
4505	-0.1325
4506	-0.05375
4507	-0.00124999999999975
4508	0.02
4509	0.03
4510	0.1
4511	0.1025
4512	0.1175
4513	0.13625
4514	0.12625
4515	0.135
4516	0.14125
4517	0.14625
4518	0.185
4519	0.19125
4520	0.225
4521	0.2625
4522	0.255
4523	0.14375
4524	0.1375
4525	0.145
4526	0.11125
4527	0.0862500000000002
4528	0.0925000000000002
4529	0.0674999999999999
4530	0.0774999999999999
4531	0.0700000000000001
4532	0.0325000000000002
4533	0.11375
4534	0.14125
4535	0.05
4536	-0.00624999999999987
4537	-0.0325
4538	-0.01
4539	-0.0387499999999998
4540	-0.0774999999999999
4541	-0.115
4542	-0.16375
4543	-0.18625
4544	-0.20125
4545	-0.255
4546	-0.255
4547	-0.3475
4548	-0.3575
4549	-0.38
4550	-0.35125
4551	-0.36625
4552	-0.38875
4553	-0.395
4554	-0.445
4555	-0.40375
4556	-0.3875
4557	-0.4025
4558	-0.3775
4559	-0.36
4560	-0.3675
4561	-0.35625
4562	-0.3625
4563	-0.34625
4564	-0.31
4565	-0.32375
4566	-0.37
4567	-0.30375
4568	-0.36
4569	-0.4075
4570	-0.4475
4571	-0.37
4572	-0.385
4573	-0.34375
4574	-0.34625
4575	-0.425
4576	-0.4475
4577	-0.42625
4578	-0.4075
4579	-0.3075
4580	-0.295
4581	-0.3075
4582	-0.3
4583	-0.25625
4584	-0.265
4585	-0.2425
4586	-0.235
4587	-0.24125
4588	-0.3025
4589	-0.29875
4590	-0.3575
4591	-0.31375
4592	-0.30125
4593	-0.30375
4594	-0.30375
4595	-0.35875
4596	-0.37125
4597	-0.33625
4598	-0.28375
4599	-0.29125
4600	-0.24625
4601	-0.24625
4602	-0.25375
4603	-0.285
4604	-0.255
4605	-0.25875
4606	-0.22625
4607	-0.22375
4608	-0.26125
4609	-0.23125
4610	-0.24
4611	-0.24125
4612	-0.2075
4613	-0.22125
4614	-0.19875
4615	-0.20875
4616	-0.165
4617	-0.18125
4618	-0.1625
4619	-0.15875
4620	-0.0887499999999999
4621	-0.0949999999999998
4622	-0.0712499999999998
4623	-0.0849999999999997
4624	-0.0949999999999998
4625	-0.0812499999999998
4626	-0.1075
4627	-0.0887499999999999
4628	-0.12125
4629	-0.1425
4630	-0.13875
4631	-0.12875
4632	-0.0837499999999998
4633	-0.0437499999999997
4634	-0.0562499999999999
4635	-0.0674999999999997
4636	-0.0612499999999998
4637	-0.0562500000000001
4638	-0.04125
4639	-0.04375
4640	-0.10375
4641	-0.1275
4642	-0.0949999999999998
4643	-0.12375
4644	-0.0974999999999997
4645	-0.0125
4646	-0.0824999999999998
4647	-0.0624999999999998
4648	-0.1325
4649	-0.12875
4650	-0.1275
4651	-0.11875
4652	-0.155
4653	-0.19
4654	-0.2275
4655	-0.21875
4656	-0.18875
4657	-0.2075
4658	-0.20625
4659	-0.19375
4660	-0.19625
4661	-0.11875
4662	-0.2025
4663	-0.21125
4664	-0.25375
4665	-0.34125
4666	-0.30875
4667	-0.33625
4668	-0.36125
4669	-0.38375
4670	-0.4475
4671	-0.43125
4672	-0.36125
4673	-0.3
4674	-0.2975
4675	-0.33625
4676	-0.37
4677	-0.36875
4678	-0.36
4679	-0.34375
4680	-0.28875
4681	-0.325
4682	-0.37875
4683	-0.39125
4684	-0.45375
4685	-0.40375
4686	-0.44
4687	-0.48875
4688	-0.45375
4689	-0.5075
4690	-0.50125
4691	-0.52
4692	-0.4875
4693	-0.50125
4694	-0.39625
4695	-0.435
4696	-0.42875
4697	-0.39375
4698	-0.37
4699	-0.295
4700	-0.25875
4701	-0.2625
4702	-0.18625
4703	-0.22625
4704	-0.20375
4705	-0.20125
4706	-0.23625
4707	-0.2125
4708	-0.2225
4709	-0.215
4710	-0.305
4711	-0.29875
4712	-0.26
4713	-0.30375
4714	-0.2975
4715	-0.4375
4716	-0.42375
4717	-0.43
4718	-0.39625
4719	-0.32125
4720	-0.315
4721	-0.22375
4722	-0.215
4723	-0.17125
4724	-0.21625
4725	-0.22875
4726	-0.2225
4727	-0.2
4728	-0.1825
4729	-0.17625
4730	-0.19625
4731	-0.1675
4732	-0.205
4733	-0.1925
4734	-0.19
4735	-0.2225
4736	-0.20375
4737	-0.17125
4738	-0.125
4739	-0.13875
4740	-0.12125
4741	-0.14125
4742	-0.0725
4743	-0.0787499999999999
4744	-0.12875
4745	-0.105
4746	0.0312500000000002
4747	0.13
4748	0.1425
4749	0.17125
4750	0.18
4751	0.14
4752	0.185
4753	0.18125
4754	0.1775
4755	0.17125
4756	0.15875
4757	0.1375
4758	0.1475
4759	0.1425
4760	0.2025
4761	0.2325
4762	0.22875
4763	0.2
4764	0.26375
4765	0.20375
4766	0.23
4767	0.265
4768	0.24375
4769	0.185
4770	0.20625
4771	0.265
4772	0.265
4773	0.24875
4774	0.195
4775	0.2025
4776	0.285
4777	0.25125
4778	0.20875
4779	0.23125
4780	0.15875
4781	0.14125
4782	0.0737500000000002
4783	0.0925
4784	0.10125
4785	0.10875
4786	0.1675
4787	0.1775
4788	0.14375
4789	0.15375
4790	0.12125
4791	0.17125
4792	0.15125
4793	0.145
4794	0.16
4795	0.16125
4796	0.0812500000000002
4797	0.11
4798	0.0837499999999999
4799	0.0862500000000002
4800	0.0612499999999999
4801	0.08125
4802	0.0649999999999999
4803	0.0325000000000003
4804	0.0525000000000001
4805	0.07875
4806	0.105
4807	0.0274999999999999
4808	0.0500000000000002
4809	0.0737500000000001
4810	0.11125
4811	0.0574999999999999
4812	0.12125
4813	0.17375
4814	0.2025
4815	0.23125
4816	0.22
4817	0.1475
4818	0.0912499999999999
4819	0.0637500000000001
4820	-0.00625000000000009
4821	-0.0787500000000001
4822	-0.08125
4823	-0.11
4824	-0.0837499999999998
4825	-0.0737499999999998
4826	-0.0749999999999997
4827	-0.1175
4828	-0.10375
4829	-0.0749999999999997
4830	-0.0787499999999999
4831	-0.0912499999999998
4832	0.00499999999999989
4833	0.00875000000000004
4834	0.0399999999999998
4835	-0.0125
4836	-0.1175
4837	-0.16375
4838	-0.24375
4839	-0.1925
4840	-0.18125
4841	-0.175
4842	-0.1925
4843	-0.1275
4844	-0.12
4845	-0.14375
4846	-0.14625
4847	-0.175
4848	-0.26125
4849	-0.27
4850	-0.275
4851	-0.28125
4852	-0.2425
4853	-0.1475
4854	-0.0999999999999999
4855	-0.0662499999999999
4856	-0.0487499999999998
4857	-0.02
4858	-0.0862499999999999
4859	-0.15375
4860	-0.1
4861	-0.1
4862	-0.07375
4863	-0.11375
4864	-0.12625
4865	-0.1675
4866	-0.1875
4867	-0.125
4868	-0.06375
4869	-0.0137499999999999
4870	0.02
4871	0.0487500000000001
4872	0.0412500000000002
4873	0.0674999999999999
4874	0.11
4875	0.15625
4876	0.1275
4877	0.1375
4878	0.1375
4879	0.14
4880	0.1775
4881	0.145
4882	0.16125
4883	0.1575
4884	0.1975
4885	0.145
4886	0.11375
4887	0.0750000000000002
4888	0.11625
4889	0.0475000000000001
4890	0.04
4891	0.0962499999999999
4892	0.00250000000000017
4893	-0.0462499999999999
4894	-0.0712499999999998
4895	0.01
4896	-0.0325
4897	-0.02
4898	-0.0174999999999998
4899	-0.0262499999999999
4900	-0.0462500000000001
4901	-0.0912500000000001
4902	-0.0162500000000001
4903	-0.035
4904	-0.0237499999999999
4905	-0.0399999999999998
4906	-0.0924999999999999
4907	-0.1225
4908	-0.12
4909	-0.11125
4910	-0.15125
4911	-0.1775
4912	-0.20375
4913	-0.1825
4914	-0.16625
4915	-0.13
4916	-0.0687500000000001
4917	-0.0162500000000001
4918	0.06125
4919	0.0550000000000002
4920	-0.00625000000000009
4921	-0.0924999999999998
4922	-0.0987499999999999
4923	-0.0999999999999999
4924	-0.12375
4925	-0.0562499999999999
4926	-0.0587499999999999
4927	-0.0174999999999998
4928	0.04375
4929	0.0462499999999999
4930	0.0387500000000003
4931	-0.0449999999999999
4932	-0.1025
4933	-0.12375
4934	-0.18875
4935	-0.19
4936	-0.1875
4937	-0.29
4938	-0.34875
4939	-0.35375
4940	-0.41875
4941	-0.47
4942	-0.455
4943	-0.4125
4944	-0.41875
4945	-0.4375
4946	-0.4325
4947	-0.465
4948	-0.545
4949	-0.56125
4950	-0.62375
4951	-0.62
4952	-0.68375
4953	-0.5825
4954	-0.66
4955	-0.6175
4956	-0.595
4957	-0.59625
4958	-0.605
4959	-0.6175
4960	-0.64375
4961	-0.67625
4962	-0.665
4963	-0.7275
4964	-0.7725
4965	-0.74625
4966	-0.67625
4967	-0.56625
4968	-0.525
4969	-0.38875
4970	-0.37875
4971	-0.31
4972	-0.29625
4973	-0.3775
4974	-0.3675
4975	-0.3725
4976	-0.37
4977	-0.30375
4978	-0.26125
4979	-0.2575
4980	-0.18375
4981	-0.16125
4982	-0.175
4983	-0.14
4984	-0.0887499999999997
4985	-0.13625
4986	-0.0887499999999997
4987	-0.11125
4988	-0.0662499999999997
4989	-0.0337499999999997
4990	-0.0675000000000001
4991	-0.115
4992	-0.0974999999999997
4993	-0.0700000000000001
4994	-0.0449999999999999
4995	-0.00374999999999992
4996	0.0150000000000001
4997	-0.0262499999999999
4998	-0.0312499999999998
4999	-0.0349999999999999
5000	-0.09375
5001	-0.1325
5002	-0.11
5003	-0.13625
5004	-0.13125
5005	0.0250000000000001
5006	-0.02
5007	-0.0374999999999999
5008	0.0125
5009	-0.00249999999999995
5010	-0.0349999999999999
5011	-0.0750000000000001
5012	-0.0687500000000001
5013	-0.15875
5014	-0.1675
5015	-0.1825
5016	-0.185
5017	-0.14
5018	-0.15375
5019	-0.1775
5020	-0.20125
5021	-0.24125
5022	-0.215
5023	-0.2375
5024	-0.26625
5025	-0.29875
5026	-0.32125
5027	-0.33625
5028	-0.3375
5029	-0.2875
5030	-0.34
5031	-0.35625
5032	-0.31375
5033	-0.25875
5034	-0.2075
5035	-0.28875
5036	-0.27
5037	-0.25875
5038	-0.3075
5039	-0.30375
5040	-0.325
5041	-0.37875
5042	-0.35125
5043	-0.33625
5044	-0.32625
5045	-0.27125
5046	-0.235
5047	-0.2175
5048	-0.20875
5049	-0.1975
5050	-0.16875
5051	-0.14375
5052	-0.11875
5053	-0.13625
5054	-0.1575
5055	-0.1575
5056	-0.13625
5057	-0.15
5058	-0.1275
5059	-0.10375
5060	-0.0762499999999999
5061	-0.0549999999999999
5062	-0.0174999999999998
5063	0.00625000000000009
5064	0.0375000000000001
5065	-0.0337499999999999
5066	-0.0512499999999998
5067	0.0250000000000001
5068	0.0162500000000001
5069	-0.0162499999999999
5070	-0.0487500000000001
5071	-0.0274999999999999
5072	-0.0124999999999997
5073	-0.01125
5074	0.0275000000000003
5075	0.0175000000000003
5076	-0.0449999999999997
5077	-0.0775000000000001
5078	-0.0912499999999998
5079	-0.0887499999999999
5080	-0.0849999999999997
5081	-0.0987499999999999
5082	-0.0624999999999998
5083	-0.0874999999999999
5084	-0.11625
5085	-0.0662500000000001
5086	-0.0425
5087	-0.0362500000000001
5088	-0.0562499999999999
5089	-0.0662500000000001
5090	-0.0824999999999998
5091	-0.0237500000000002
5092	0.0100000000000002
5093	0.0225000000000002
5094	0.0287500000000003
5095	-0.00750000000000006
5096	-0.0474999999999999
5097	0.04125
5098	-0.00624999999999987
5099	-0.0249999999999999
5100	-0.115
5101	-0.09375
5102	-0.0262499999999999
5103	-0.0187499999999998
5104	-0.0112499999999998
5105	-0.0312499999999998
5106	-0.0249999999999999
5107	-0.04
5108	-0.1075
5109	-0.0887499999999999
5110	-0.125
5111	-0.13375
5112	-0.0787499999999999
5113	-0.115
5114	-0.1575
5115	-0.11875
5116	-0.0449999999999999
5117	-0.0700000000000001
5118	-0.0474999999999999
5119	-0.0700000000000001
5120	-0.0774999999999999
5121	-0.12
5122	-0.0712499999999998
5123	-0.13625
5124	-0.145
5125	-0.18625
5126	-0.2475
5127	-0.35375
5128	-0.32
5129	-0.33
5130	-0.3275
5131	-0.385
5132	-0.3
5133	-0.355
5134	-0.385
5135	-0.36
5136	-0.33125
5137	-0.31875
5138	-0.3225
5139	-0.3525
5140	-0.335
5141	-0.37625
5142	-0.40125
5143	-0.395
5144	-0.39375
5145	-0.3625
5146	-0.33625
5147	-0.29875
5148	-0.33375
5149	-0.27375
5150	-0.2975
5151	-0.2975
5152	-0.3125
5153	-0.2125
5154	-0.2775
5155	-0.19
5156	-0.13125
5157	-0.08125
5158	0.0287500000000001
5159	0.135
5160	0.0999999999999999
5161	0.14
5162	0.205
5163	0.25375
5164	0.28875
5165	0.3025
5166	0.2825
5167	0.27875
5168	0.25875
5169	0.2425
5170	0.225
5171	0.23
5172	0.185
5173	0.20625
5174	0.2475
5175	0.275
5176	0.31625
5177	0.34
5178	0.34
5179	0.38375
5180	0.35875
5181	0.39375
5182	0.36625
5183	0.33125
5184	0.39375
5185	0.3375
5186	0.31
5187	0.29125
5188	0.31625
5189	0.31
5190	0.33
5191	0.31125
5192	0.36
5193	0.35625
5194	0.30625
5195	0.30375
5196	0.275
5197	0.21125
5198	0.19375
5199	0.1875
5200	0.18375
5201	0.215
5202	0.24625
5203	0.3525
5204	0.335
5205	0.40625
5206	0.4175
5207	0.4125
5208	0.42875
5209	0.39375
5210	0.3575
5211	0.30625
5212	0.2575
5213	0.22
5214	0.27125
5215	0.225
5216	0.16625
5217	0.1125
5218	0.13875
5219	0.105
5220	0.0287500000000001
5221	0.01875
5222	-0.0162499999999999
5223	0.0137500000000002
5224	-0.0724999999999998
5225	-0.0887499999999997
5226	-0.1275
5227	-0.14375
5228	-0.17625
5229	-0.1175
5230	-0.17125
5231	-0.15625
5232	-0.13
5233	-0.0974999999999999
5234	-0.0800000000000001
5235	-0.12375
5236	-0.0987499999999999
5237	-0.16625
5238	-0.18875
5239	-0.28
5240	-0.25625
5241	-0.2625
5242	-0.2225
5243	-0.24125
5244	-0.195
5245	-0.2075
5246	-0.24875
5247	-0.245
5248	-0.205
5249	-0.16375
5250	-0.0787499999999999
5251	-0.1125
5252	-0.0899999999999996
5253	-0.0687499999999999
5254	-0.0362499999999999
5255	-0.0724999999999998
5256	-0.00624999999999987
5257	0.00250000000000017
5258	0.0737500000000002
5259	0.0775000000000001
5260	0.0925000000000002
5261	0.0775000000000001
5262	0.10875
5263	0.0999999999999999
5264	0.0862500000000002
5265	0.0437500000000002
5266	-0.0574999999999997
5267	-0.0937499999999998
5268	-0.15
5269	-0.12875
5270	-0.1475
5271	-0.15625
5272	-0.13375
5273	-0.115
5274	-0.12
5275	-0.14625
5276	-0.1975
5277	-0.2675
5278	-0.33875
5279	-0.35
5280	-0.3475
5281	-0.35375
5282	-0.365
5283	-0.31875
5284	-0.28875
5285	-0.28125
5286	-0.31625
5287	-0.25125
5288	-0.215
5289	-0.2275
5290	-0.2125
5291	-0.2275
5292	-0.27375
5293	-0.285
5294	-0.3275
5295	-0.2625
5296	-0.23125
5297	-0.24
5298	-0.11875
5299	-0.0912499999999998
5300	-0.0999999999999999
5301	-0.19125
5302	-0.2
5303	-0.1475
5304	-0.14125
5305	-0.0612499999999998
5306	-0.0399999999999998
5307	-0.0174999999999998
5308	-0.12375
5309	-0.1575
5310	-0.0687499999999999
5311	-0.0187499999999998
5312	-0.0649999999999999
5313	0.00500000000000012
5314	0.0525000000000002
5315	0.01
5316	0.01
5317	-0.0675000000000001
5318	-0.10375
5319	-0.10625
5320	-0.1125
5321	-0.1225
5322	-0.0762500000000002
5323	-0.0687499999999999
5324	-0.0175000000000001
5325	0.0449999999999999
5326	0.0425
5327	0.04375
5328	0.0975000000000001
5329	0.0450000000000002
5330	0.0525
5331	0.0450000000000002
5332	0.0162500000000003
5333	0.0887500000000001
5334	0.12625
5335	0.105
5336	0.0800000000000003
5337	0.1175
5338	0.1375
5339	0.16375
5340	0.1475
5341	0.1225
5342	0.0425
5343	2.22044604925031e-16
5344	0.0412500000000002
5345	0.07375
5346	0.0374999999999999
5347	0.0562499999999999
5348	0.0699999999999998
5349	0.1225
5350	0.12875
5351	0.14875
5352	0.14125
5353	0.15625
5354	0.11125
5355	0.0337499999999999
5356	-0.0487500000000001
5357	-0.11
5358	-0.1875
5359	-0.27375
5360	-0.335
5361	-0.3175
5362	-0.28125
5363	-0.33375
5364	-0.35
5365	-0.4975
5366	-0.6075
5367	-0.60125
5368	-0.63
5369	-0.679999999999999
5370	-0.78125
5371	-0.77375
5372	-0.81
5373	-0.9375
5374	-1.00875
5375	-1.1125
5376	-1.1525
5377	-1.22375
5378	-1.2125
5379	-1.29125
5380	-1.3725
5381	-1.48875
5382	-1.58375
5383	-1.66125
5384	-1.75125
5385	-1.8
5386	-1.83
5387	-1.80625
5388	-1.76125
5389	-1.77875
5390	-1.75875
5391	-1.68875
5392	-1.69125
5393	-1.745
5394	-1.80375
5395	-1.8025
5396	-1.80125
5397	-1.72
5398	-1.685
5399	-1.72625
5400	-1.69625
5401	-1.7325
5402	-1.7075
5403	-1.7825
5404	-1.72125
5405	-1.64375
5406	-1.60625
5407	-1.57125
5408	-1.5575
5409	-1.53
5410	-1.54625
5411	-1.45
5412	-1.42625
5413	-1.38625
5414	-1.34875
5415	-1.36875
5416	-1.27875
5417	-1.28125
5418	-1.23125
5419	-1.255
5420	-1.29
5421	-1.22625
5422	-1.12625
5423	-1.18125
5424	-1.23125
5425	-1.1625
5426	-1.12125
5427	-1.0825
5428	-1.0675
5429	-1.0525
5430	-1.0675
5431	-1.06125
5432	-0.98375
5433	-0.88125
5434	-0.83
5435	-0.76625
5436	-0.74625
5437	-0.765
5438	-0.68375
5439	-0.64125
5440	-0.6925
5441	-0.65125
5442	-0.6175
5443	-0.58625
5444	-0.5575
5445	-0.48375
5446	-0.45
5447	-0.32
5448	-0.29625
5449	-0.2775
5450	-0.35875
5451	-0.34
5452	-0.2625
5453	-0.15625
5454	-0.18875
5455	-0.0774999999999999
5456	-0.0625
5457	-0.0262500000000001
5458	-0.06125
5459	-0.0887500000000001
5460	-0.0912499999999998
5461	-0.0974999999999999
5462	-0.1225
5463	-0.0824999999999998
5464	-0.1375
5465	-0.17875
5466	-0.20375
5467	-0.20125
5468	-0.265
5469	-0.30375
5470	-0.31875
5471	-0.285
5472	-0.31
5473	-0.33125
5474	-0.3625
5475	-0.455
5476	-0.51
5477	-0.57125
5478	-0.57875
5479	-0.62625
5480	-0.63125
5481	-0.69875
5482	-0.69875
5483	-0.79125
5484	-0.895
5485	-1.08625
5486	-1.23125
5487	-1.31625
5488	-1.36
5489	-1.44
5490	-1.4525
5491	-1.52875
5492	-1.5375
5493	-1.575
5494	-1.5975
5495	-1.66125
5496	-1.6675
5497	-1.715
5498	-1.74125
5499	-1.72
5500	-1.60875
5501	-1.4975
5502	-1.405
5503	-1.45625
5504	-1.395
5505	-1.38875
5506	-1.3775
5507	-1.38375
5508	-1.34
5509	-1.2725
5510	-1.22875
5511	-1.1825
5512	-1.1625
5513	-1.0475
5514	-0.96375
5515	-0.9
5516	-0.75625
5517	-0.6075
5518	-0.4475
5519	-0.355
5520	-0.34
5521	-0.29
5522	-0.22875
5523	-0.14
5524	-0.0887499999999999
5525	-0.04375
5526	0.0237500000000002
5527	0.0712500000000003
5528	0.10375
5529	0.0800000000000003
5530	0.0912500000000003
5531	0.0849999999999997
5532	0.0962500000000002
5533	0.0537500000000002
5534	0.0475000000000001
5535	0.11375
5536	0.11875
5537	0.17125
5538	0.0825
5539	0.0987500000000003
5540	0.0875000000000001
5541	0.0200000000000002
5542	0.01
5543	-0.0274999999999999
5544	0.0212500000000007
5545	-0.0212499999999998
5546	-0.0312499999999998
5547	-0.0587499999999996
5548	-0.0912499999999998
5549	-0.16625
5550	-0.23375
5551	-0.25
5552	-0.23875
5553	-0.2575
5554	-0.27
5555	-0.345
5556	-0.37875
5557	-0.425
5558	-0.52
5559	-0.52625
5560	-0.50375
5561	-0.43625
5562	-0.45875
5563	-0.3825
5564	-0.45
5565	-0.43875
5566	-0.4225
5567	-0.48375
5568	-0.45
5569	-0.515
5570	-0.45625
5571	-0.6075
5572	-0.645
5573	-0.76125
5574	-0.76125
5575	-0.81
5576	-0.919999999999999
5577	-0.9
5578	-0.895
5579	-0.84
5580	-0.905
5581	-0.82125
5582	-0.8125
5583	-0.855
5584	-0.83875
5585	-0.855
5586	-0.87875
5587	-0.87375
5588	-0.92625
5589	-0.919999999999999
5590	-0.91125
5591	-0.905
5592	-0.9075
5593	-0.94875
5594	-0.925
5595	-1.02125
5596	-1.13625
5597	-1.19875
5598	-1.22
5599	-1.24
5600	-1.32
5601	-1.2025
5602	-1.1875
5603	-1.11875
5604	-1.10875
5605	-0.98125
5606	-1.10375
5607	-1.05625
5608	-0.935
5609	-0.9575
5610	-1.02625
5611	-1.05375
5612	-1.0075
5613	-1.04125
5614	-1.0425
5615	-1.0625
5616	-1.0725
5617	-1.0375
5618	-1.03625
5619	-1.10625
5620	-1.25
5621	-1.36375
5622	-1.43625
5623	-1.475
5624	-1.50125
5625	-1.50125
5626	-1.47375
5627	-1.43375
5628	-1.3425
5629	-1.4025
5630	-1.445
5631	-1.365
5632	-1.31375
5633	-1.30375
5634	-1.27625
5635	-1.3575
5636	-1.43875
5637	-1.53625
5638	-1.53875
5639	-1.62
5640	-1.65875
5641	-1.7025
5642	-1.65125
5643	-1.69375
5644	-1.715
5645	-1.8
5646	-1.875
5647	-1.93625
5648	-1.97
5649	-2.0025
5650	-2.06625
5651	-2.12625
5652	-2.065
5653	-2.04625
5654	-2.03
5655	-2.03
5656	-2.01
5657	-2.04
5658	-2.11
5659	-2.1
5660	-2.11625
5661	-2.0325
5662	-2.01625
5663	-1.94625
5664	-1.86375
5665	-1.81375
5666	-1.78875
5667	-1.67625
5668	-1.58125
5669	-1.5075
5670	-1.4525
5671	-1.3925
5672	-1.3825
5673	-1.3475
5674	-1.31625
5675	-1.2975
5676	-1.39625
5677	-1.29875
5678	-1.26
5679	-1.1525
5680	-1.1725
5681	-1.075
5682	-1.03625
5683	-1.0275
5684	-1.22375
5685	-1.2275
5686	-1.22625
5687	-1.19875
5688	-1.18125
5689	-1.135
5690	-1.07875
5691	-1.09375
5692	-1.06875
5693	-0.97125
5694	-0.95875
5695	-0.93125
5696	-0.91
5697	-0.85
5698	-0.8575
5699	-0.9225
5700	-1.00375
5701	-1.065
5702	-1.1475
5703	-1.1425
5704	-1.16875
5705	-1.2225
5706	-1.2825
5707	-1.18875
5708	-1.11875
5709	-1.14875
5710	-1.15
5711	-1.19875
5712	-1.15375
5713	-1.2025
5714	-1.115
5715	-1.0575
5716	-0.80625
5717	-0.78875
5718	-0.76125
5719	-0.7675
5720	-0.795
5721	-0.845
5722	-0.916249999999999
5723	-0.9375
5724	-0.97125
5725	-0.984999999999999
5726	-0.93
5727	-0.95
5728	-0.93375
5729	-0.91375
5730	-0.89375
5731	-0.9025
5732	-0.9475
5733	-1.0225
5734	-0.95125
5735	-0.895
5736	-0.8575
5737	-0.795
5738	-0.735
5739	-0.7875
5740	-0.73375
5741	-0.7175
5742	-0.65375
5743	-0.58125
5744	-0.5775
5745	-0.57125
5746	-0.58625
5747	-0.52625
5748	-0.536249999999999
5749	-0.49
5750	-0.42875
5751	-0.385
5752	-0.30125
5753	-0.255
5754	-0.25375
5755	-0.2975
5756	-0.36125
5757	-0.35625
5758	-0.33875
5759	-0.27625
5760	-0.24875
5761	-0.26
5762	-0.3125
5763	-0.395
5764	-0.4775
5765	-0.4975
5766	-0.54125
5767	-0.55875
5768	-0.59125
5769	-0.63375
5770	-0.6725
5771	-0.5975
5772	-0.59625
5773	-0.62625
5774	-0.6575
5775	-0.7025
5776	-0.7275
5777	-0.7225
5778	-0.7025
5779	-0.71125
5780	-0.74375
5781	-0.76125
5782	-0.8175
5783	-0.83875
5784	-0.84875
5785	-0.825
5786	-0.805
5787	-0.77375
5788	-0.725
5789	-0.69875
5790	-0.71875
5791	-0.75375
5792	-0.7225
5793	-0.7275
5794	-0.71
5795	-0.595
5796	-0.46125
5797	-0.4275
5798	-0.31875
5799	-0.25
5800	-0.19375
5801	-0.14625
5802	-0.0774999999999997
5803	-0.14375
5804	-0.12
5805	-0.0912499999999996
5806	-0.0549999999999999
5807	-0.0662499999999999
5808	-0.1
5809	-0.0525
5810	-0.0587499999999996
5811	-0.0524999999999998
5812	-0.0337499999999999
5813	-0.0225
5814	-0.00874999999999981
5815	-0.0412499999999998
5816	0.01
5817	-0.0212499999999998
5818	0.0425000000000002
5819	0.07125
5820	0.03125
5821	0.00625000000000009
5822	-0.00874999999999981
5823	-0.0800000000000001
5824	-0.11625
5825	-0.11
5826	-0.0874999999999999
5827	-0.0612499999999998
5828	-0.0874999999999999
5829	-0.0574999999999999
5830	-0.0674999999999999
5831	-0.1025
5832	-0.0962499999999997
5833	-0.145
5834	-0.13625
5835	-0.0987499999999999
5836	-0.1275
5837	-0.095
5838	-0.13
5839	-0.12875
5840	-0.10375
5841	-0.15625
5842	-0.11625
5843	-0.1125
5844	-0.15375
5845	-0.1775
5846	-0.20625
5847	-0.18375
5848	-0.17125
5849	-0.165
5850	-0.21125
5851	-0.20625
5852	-0.14
5853	-0.0799999999999998
5854	-0.0825
5855	-0.0137499999999999
5856	0.0425000000000001
5857	-0.00750000000000006
5858	-0.0112499999999999
5859	-0.0512499999999999
5860	-0.0624999999999999
5861	-0.0749999999999998
5862	-0.1225
5863	-0.125
5864	-0.13
5865	-0.08
5866	-0.0862499999999998
5867	-0.0924999999999999
5868	-0.09
5869	-0.1225
5870	-0.12625
5871	-0.12875
5872	-0.12875
5873	-0.14
5874	-0.1925
5875	-0.18875
5876	-0.1225
5877	-0.105
5878	-0.13375
5879	-0.14
5880	-0.195
5881	-0.22375
5882	-0.18125
5883	-0.2375
5884	-0.23125
5885	-0.21875
5886	-0.16
5887	-0.15875
5888	-0.14625
5889	-0.12875
5890	-0.1425
5891	-0.12875
5892	-0.0875
5893	-0.05
5894	-0.03125
5895	-0.0224999999999999
5896	-0.0224999999999999
5897	0.00500000000000012
5898	-0.0250000000000001
5899	-0.0287500000000001
5900	-0.0325
5901	-0.0924999999999999
5902	-0.225
5903	-0.465
5904	-0.62375
5905	-0.6325
5906	-0.60875
5907	-0.61875
5908	-0.60375
5909	-0.54
5910	-0.505
5911	-0.48
5912	-0.43375
5913	-0.38625
5914	-0.42
5915	-0.31625
5916	-0.30375
5917	-0.24875
5918	-0.18
5919	-0.14875
5920	-0.155
5921	-0.19375
5922	-0.18125
5923	-0.18625
5924	-0.2575
5925	-0.2475
5926	-0.20625
5927	-0.19375
5928	-0.24
5929	-0.27875
5930	-0.22375
5931	-0.2
5932	-0.14625
5933	-0.13625
5934	0.0337500000000004
5935	0.25375
5936	0.4625
5937	0.52875
5938	0.58
5939	0.56375
5940	0.59625
5941	0.57125
5942	0.53125
5943	0.51
5944	0.51125
5945	0.5225
5946	0.58375
5947	0.59125
5948	0.54
5949	0.55
5950	0.5725
5951	0.6025
5952	0.6275
5953	0.6475
5954	0.59125
5955	0.56625
5956	0.6025
5957	0.6325
5958	0.66375
5959	0.68875
5960	0.7425
5961	0.70375
5962	0.68125
5963	0.64625
5964	0.67375
5965	0.70625
5966	0.73
5967	0.8
5968	0.7525
5969	0.76625
5970	0.73375
5971	0.755
5972	0.76125
5973	0.74375
5974	0.7275
5975	0.76125
5976	0.75625
5977	0.7675
5978	0.82875
5979	0.87375
5980	0.885
5981	0.88
5982	0.8125
5983	0.77375
5984	0.82
5985	0.81375
5986	0.7825
5987	0.7575
5988	0.76625
5989	0.83
5990	0.77
5991	0.75125
5992	0.82125
5993	0.825
5994	0.7875
5995	0.765
5996	0.75625
5997	0.74375
5998	0.685
5999	0.72625
6000	0.7475
6001	0.80625
6002	0.81
6003	0.825
6004	0.8375
6005	0.81625
6006	0.82375
6007	0.80625
6008	0.85375
6009	0.86125
6010	0.82
6011	0.8175
6012	0.795
6013	0.81875
6014	0.82
6015	0.81
6016	0.76
6017	0.7225
6018	0.7625
6019	0.72375
6020	0.675
6021	0.6625
6022	0.68125
6023	0.72125
6024	0.68875
6025	0.64375
6026	0.62625
6027	0.59625
6028	0.475
6029	0.4125
6030	0.4475
6031	0.41875
6032	0.3875
6033	0.35875
6034	0.34375
6035	0.275
6036	0.25
6037	0.21375
6038	0.16375
6039	0.12625
6040	0.0887500000000001
6041	0.07
6042	0.0487500000000001
6043	0.04625
6044	0.025
6045	0.0125
6046	0.0225
6047	0.01375
6048	0.04375
6049	0.02875
6050	0.04
6051	0.06375
6052	0.0575
6053	0.065
